START 0.193930334473 -12.4306950195 7.95114371338 250.129770992 -72.0687022901 16.0763358779 END
START 3.48356341553 -8.67179841309 8.60954916992 250.129770992 -79.0305343511 7.04580152672 END
START -0.646434448242 -5.11162054443 8.32942757568 250.129770992 -67.5419847328 6.19083969466 END
START -0.117315881348 -5.8346694458 9.05247647705 250.129770992 -72.7938931298 -0.656488549618 END
START -4.26886156006 -9.35175168457 6.34942280273 250.129770992 -67.3358778626 -1.90839694656 END
START -1.37427175293 -13.5990654297 3.44765039062 250.129770992 -63.465648855 0.419847328244 END
START 5.57370146484 -6.31111557617 11.6166664551 250.129770992 -66.9694656489 1.67175572519 END
START -5.17626398926 -3.58172568359 8.23605371094 250.129770992 -52.9618320611 17.1908396947 END
START 4.6088381958 -3.78762702637 8.6167317749 250.129770992 -48.6183206107 0.824427480916 END
START 2.15478149414 -12.624625354 12.490550061 250.129770992 -47.2366412214 4.11450381679 END
START 1.30005150146 -8.74123026123 0.0718260498047 250.129770992 -56.4198473282 -1.56488549618 END
START 4.30477458496 -8.15225665283 3.54820686035 250.129770992 -45.7938931298 3.53435114504 END
START 4.15393988037 -13.0531874512 10.2495773071 250.129770992 -26.7404580153 8.02290076336 END
START -4.65193382568 -15.5024557495 11.2120463745 250.129770992 -36.5267175573 2.03816793893 END
START 7.95832631836 -6.30632717285 5.34864650879 250.129770992 -31.4351145038 9.57251908397 END
START -3.18668240967 -13.7091987061 8.09719001465 250.129770992 -32.4122137405 6.31297709924 END
START -0.639251843262 -11.8943938477 4.75249029541 250.129770992 -40.0916030534 9.2213740458 END
START -5.41807835693 -10.0652237793 7.88650026855 250.129770992 -42.1984732824 6.61832061069 END
START -3.22498963623 -12.0332575439 8.88488236084 250.129770992 -25.4122137405 -3.03816793893 END
START -6.988674646 -11.1354319214 2.76530291748 250.129770992 -28.8244274809 5.38167938931 END
START -1.92254393311 -6.01184036865 6.67982263184 250.129770992 -33.7022900763 6.8320610687 END
START 6.14352145996 -13.5703350098 6.1411272583 250.129770992 -44.2595419847 6.86259541985 END
START 9.5001921875 -7.41723674316 8.41322463379 250.129770992 -67.1221374046 7.57251908397 END
START -1.81959326172 -5.05415970459 4.09647904053 250.129770992 -75.7786259542 -1.28244274809 END
START -4.30956298828 -2.36786544189 9.26077202148 250.129770992 -85.3129770992 1.6641221374 END
START -6.33984599609 0.244208569336 3.99831677246 250.129770992 -104.381679389 20.7480916031 END
START -1.54665427246 -6.78277330322 8.2025348877 250.129770992 -104.106870229 -3.45801526718 END
START -0.237025964355 -5.59046087646 7.13232674561 250.129770992 -104.900763359 5.5572519084 END
START 2.31758720703 -4.92247861328 5.64313331299 250.129770992 -104.335877863 12.0381679389 END
START -9.63905588379 1.17076461182 6.60799658203 250.129770992 -103.557251908 6.88549618321 END
START -9.44273134766 -7.18021077881 13.4242887085 250.129770992 -103.961832061 3.25190839695 END
START 2.87543619385 -9.34935748291 9.85932243652 250.129770992 -98.2061068702 -0.824427480916 END
START -1.45806881104 -2.87064779053 9.66299790039 250.129770992 -98.7480916031 0.404580152672 END
START -10.2232410889 -5.70538255615 19.5534449585 250.129770992 -96.9312977099 -3.12977099237 END
START 0.268150585937 -3.71101257324 5.74368978271 250.129770992 -80.6488549618 6.42748091603 END
START 6.41406624756 -9.73003554687 9.51455739746 250.129770992 -85.8625954198 8.51145038168 END
START 0.186747729492 -3.53623585205 13.9366478638 250.129770992 -73.1297709924 15.1374045802 END
START -5.08289012451 -6.48589229736 10.4459018433 250.129770992 -70.1221374046 3.80916030534 END
START 9.50258638916 -0.60573302002 9.01416925049 250.129770992 -83.8244274809 7.45038167939 END
START 5.00388146973 -11.3102086426 6.83305153809 250.129770992 -76.2061068702 10.2366412214 END
START 2.00634099121 -12.6030775391 7.31189187012 250.129770992 -72.358778626 1.99236641221 END
START 4.40054265137 -5.79157381592 10.4171714233 250.129770992 -73.3740458015 5.00763358779 END
START -2.02549460449 -1.68312376709 12.0643821655 250.129770992 -74.4198473282 -3.53435114504 END
START 0.830787976074 -11.2886608276 5.96156213379 250.129770992 -64.5648854962 4.02290076336 END
START -1.07020814209 0.960074865723 3.48116921387 250.129770992 -58.7709923664 2.84732824427 END
START 0.533906970215 -5.49469281006 14.463372229 250.129770992 -56.5572519084 8.00763358779 END
START 6.74686027832 -10.1226846191 11.3006318359 250.129770992 -54.6030534351 1.12213740458 END
START 4.51785853271 -10.0963484009 11.6980693115 250.129770992 -56.4732824427 19.5190839695 END
START -0.967257470703 -4.88895979004 12.6749035889 250.129770992 -53.8854961832 9.24427480916 END
START 0.217872351074 -12.4857616577 6.66066901855 250.129770992 -63.7328244275 10.6183206107 END
START -11.8010199829 -3.98634576416 5.43962617188 250.129770992 -69.6259541985 10.3435114504 END
START 2.63122762451 -5.67186373291 2.7102362793 250.129770992 -64.5038167939 -4.19847328244 END
START -10.8193973022 -10.6422263794 11.7770779663 250.129770992 -70.4351145038 1.49618320611 END
START 0.505176550293 -8.98065042725 2.52109434814 250.129770992 -67.9465648855 9.18320610687 END
START -6.59602557373 -6.11479104004 5.14513936768 250.129770992 -68.1450381679 2.9465648855 END
START -2.3798364502 -7.92480749512 9.63426748047 250.129770992 -63.6870229008 1.32824427481 END
START 1.05823713379 -12.1745154419 10.060435376 250.129770992 -69.9007633588 -2.60305343511 END
START 7.67820472412 -5.75805499268 0.31364041748 250.129770992 -61.0610687023 11.1221374046 END
START 3.6415807251 -10.8936175537 7.30470926514 250.129770992 -70.2290076336 -0.770992366412 END
START -0.0430956298828 -5.58088406982 14.0108681152 250.129770992 -71.3893129771 9.58778625954 END
START 2.87783039551 -5.57848986816 6.74925447998 250.129770992 -74.9847328244 -0.534351145038 END
START -4.02465299072 2.37025964355 6.66306322021 250.129770992 -67.893129771 7.65648854962 END
START 4.44363828125 -5.63834490967 9.62947907715 250.129770992 -85.1526717557 11.0992366412 END
START -3.83072265625 -11.7914431763 2.77727392578 250.129770992 -77.9618320611 4.08396946565 END
START -5.8466404541 -15.7873657471 0.577002600098 250.129770992 -78.6564885496 3.11450381679 END
START 0.481234533691 -7.33822808838 6.93839641113 250.129770992 -74.9465648855 12.2442748092 END
START -4.16591088867 -10.3812583984 9.17936916504 250.129770992 -83.641221374 11.2900763359 END
START 3.6655227417 -9.70848773193 16.0650931396 250.129770992 -87.6259541985 7.32824427481 END
START 2.05901342773 -16.1034003662 13.5847002197 250.129770992 -82.7709923664 -0.0763358778626 END
START 0.30166940918 -12.1122661987 1.84832368164 250.129770992 -91.2671755725 11.7938931298 END
START -4.88417138672 -7.99423934326 8.17859287109 250.129770992 -97.9007633588 7.86259541985 END
START 3.69904156494 -17.1017824585 2.21224233398 250.129770992 -96.4732824427 8.6106870229 END
START 3.50032282715 -12.1050835937 0.15801730957 250.129770992 -88.3816793893 7.91603053435 END
START -1.97042796631 -19.2781117676 6.97191523437 250.129770992 -98.4503816794 12.1526717557 END
START -6.35660540771 -3.13400997314 1.44849200439 250.129770992 -105.122137405 6.23664122137 END
START -1.67115275879 -4.46758029785 5.44202037354 250.129770992 -104.603053435 6.10687022901 END
START -7.90325968018 -7.90086547852 10.1969048706 250.129770992 -104.603053435 11.5496183206 END
START 5.12359155273 1.4844050293 8.36294639893 250.129770992 -104.404580153 11.6030534351 END
START 6.78516750488 -6.22013591309 11.039663855 250.129770992 -106.961832061 17.2671755725 END
START -0.366312854004 -6.37336481934 10.4578728516 250.129770992 -104.083969466 13.9007633588 END
START -4.3023803833 -4.44363828125 15.210363147 250.129770992 -103.992366412 -3.58778625954 END
START -3.87860668945 -7.24485422363 7.67102211914 250.129770992 -93.1297709924 12.9083969466 END
START -1.94409174805 5.01824667969 5.82988104248 250.129770992 -93.0763358779 10.4503816794 END
START -2.11886846924 -4.12760366211 9.60314285889 250.129770992 -93.9694656489 9.59541984733 END
START 11.8105967896 -1.61608612061 12.0452285522 250.129770992 -83.320610687 15.2061068702 END
START -2.19787712402 -7.75960758057 4.34308181152 250.129770992 -80.3893129771 11.3511450382 END
START 2.55221896973 -12.737152832 5.32231029053 250.129770992 -77.9770992366 2.29007633588 END
START 0.414196887207 -0.792480749512 11.3628810791 250.129770992 -72.7022900763 -1.8320610687 END
START -0.100556469727 -2.4875755249 8.64546219482 250.129770992 -66.7633587786 5.30534351145 END
START -2.47321031494 -10.8265799072 6.60081397705 250.129770992 -73.0229007634 1.89312977099 END