START -0.945709655762 -12.004527124 8.63588538818 250.129770992 -58.7404580153 5.37404580153 END
START -0.945709655762 -9.38527050781 7.47709178467 250.129770992 -80.3816793893 2.53435114504 END
START 1.40060797119 -11.5615998169 7.98226833496 250.129770992 -68.7022900763 6.64885496183 END
START -0.225054956055 -10.7427828491 6.26801994629 250.129770992 -76.9389312977 8.87786259542 END
START 5.60482608643 -6.53377633057 8.77474908447 250.129770992 -78.8091603053 1.50381679389 END
START 0.16041151123 -13.0603700562 4.9392380249 250.129770992 -88.7099236641 3.19083969466 END
START -0.289698400879 -3.55060106201 5.16429298096 250.129770992 -96.8625954198 -2.29007633588 END
START -2.73896669922 -10.2974613403 5.2097828125 250.129770992 -89.2900763359 11.8702290076 END
START 1.41736738281 -7.6255322876 -2.6862942627 250.129770992 -83.0687022901 -0.0152671755725 END
START -6.84502254639 -11.3126028442 10.0005803345 250.129770992 -89.0152671756 2.34351145038 END
START -2.1571756958 -13.3452800537 10.8026378906 250.129770992 -78.9312977099 -1.7786259542 END
START -3.95282694092 -6.95276162109 6.1890112915 250.129770992 -87.3740458015 6.81679389313 END
START -3.94085593262 -16.3595799438 9.08599530029 250.129770992 -104.41221374 13.0458015267 END
START -2.40617266846 -13.7810247559 9.17697496338 250.129770992 -104.549618321 5.58778625954 END
START -1.64481654053 -11.6693388916 7.43399615479 250.129770992 -107.13740458 -1.16030534351 END
START -1.8028338501 -18.1384717773 9.56962403564 250.129770992 -105.213740458 12.6183206107 END
START -9.00219824219 -16.189591626 5.65271011963 250.129770992 -97.9389312977 -3.8320610687 END
START 2.16196409912 -5.65989272461 5.86100566406 250.129770992 -96.9389312977 8.4427480916 END
START 1.95606275635 -13.103465686 5.61200869141 250.129770992 -104.0 5.62595419847 END
START -7.08204851074 -11.8153851929 6.50504591064 250.129770992 -106.122137405 -3.54198473282 END
START 1.54665427246 -14.7602532349 7.85776984863 250.129770992 -104.893129771 8.97709923664 END
START 7.24724842529 -8.12352623291 8.70292303467 250.129770992 -105.633587786 3.49618320611 END
START -1.59932670898 -14.5399866821 10.771513269 250.129770992 -92.9618320611 -1.08396946565 END
START 0.948103857422 -13.3357032471 9.09078370361 250.129770992 -88.4045801527 5.84732824427 END
START 5.57370146484 -10.0795889893 0.268150585937 250.129770992 -91.6488549618 12.0534351145 END
START -1.18752402344 -10.9391073853 12.5911065308 250.129770992 -89.0458015267 1.57251908397 END
START -1.69270057373 -12.3756283813 3.88818349609 250.129770992 -83.9770992366 4.98473282443 END
START -4.05817181396 -12.8592571167 8.78672009277 250.129770992 -101.0 -2.50381679389 END
START -5.09486113281 -5.37737692871 6.55292994385 250.129770992 -105.404580153 8.84732824427 END
START 2.27927998047 -15.9573540649 8.10676682129 250.129770992 -93.6641221374 2.42748091603 END
START -3.79002122803 -11.6262432617 6.92642540283 250.129770992 -100.664122137 0.435114503817 END
START -1.60172091064 -7.76679018555 6.29435616455 250.129770992 -103.839694656 -0.519083969466 END
START -0.679953271484 -3.35188232422 10.3525279785 250.129770992 -101.083969466 4.68702290076 END
START -0.835576379395 -4.99430466309 9.46188496094 250.129770992 -90.5419847328 11.7938931298 END
START 2.4636335083 -7.79073220215 10.7882726807 250.129770992 -96.6641221374 -0.824427480916 END
START 5.01585247803 -16.0004496948 12.2678893066 250.129770992 -84.8625954198 6.32061068702 END
START 5.8705824707 -8.92079538574 8.28872614746 250.129770992 -87.5954198473 -1.30534351145 END
START -2.07577283936 -12.9957266113 5.42286676025 250.129770992 -90.2900763359 13.6259541985 END
START 6.12676204834 -8.82502731934 6.93839641113 250.129770992 -87.5572519084 3.08396946565 END
START 5.27203205566 -10.8960117554 10.8720697388 250.129770992 -77.8396946565 4.37404580153 END
START 3.08133753662 -1.66875855713 9.23922420654 250.129770992 -78.7175572519 4.16030534351 END
START 5.17147558594 -9.61032546387 6.66785162354 250.129770992 -81.5114503817 1.3893129771 END
START -0.0598550415039 -9.96706151123 8.69334622803 250.129770992 -71.8854961832 11.641221374 END
START 4.91769020996 -10.9917798218 7.66862791748 250.129770992 -75.6870229008 -3.37404580153 END
START -0.402225878906 -15.3564094482 6.12915625 250.129770992 -76.3358778626 -2.45801526718 END
START 2.01352359619 -9.45949075928 8.82981572266 250.129770992 -84.9007633588 10.4809160305 END
START 5.85142885742 -12.3325327515 8.76996068115 250.129770992 -74.2748091603 4.9465648855 END
START 2.78445653076 -3.9839515625 7.14669195557 250.129770992 -65.3129770992 4.90839694656 END
START 2.06140762939 -8.05888278809 6.04296499023 250.129770992 -71.534351145 -1.15267175573 END
START 1.00077629395 -7.46272657471 7.84101043701 250.129770992 -77.2442748092 -1.67175572519 END
START 0.15322890625 -11.2407767944 7.83861623535 250.129770992 -64.4580152672 7.0 END
START -2.09971485596 -7.06528909912 3.68707055664 250.129770992 -57.4351145038 -1.42748091603 END
START 7.70214674072 -7.27837304687 10.165780249 250.129770992 -55.1984732824 5.64122137405 END
START 10.165780249 -10.6709567993 6.95036741943 250.129770992 -54.3511450382 8.43511450382 END
START -0.656011254883 -9.69412252197 8.84178673096 250.129770992 -55.2977099237 -0.36641221374 END
START 3.50511123047 -11.9997387207 8.54251152344 250.129770992 -57.8549618321 -2.83969465649 END
START 8.81305631104 -9.84016882324 5.92564910889 250.129770992 -48.7022900763 1.12977099237 END
START 3.57933148193 -7.57285985107 7.72369455566 250.129770992 -49.0992366412 -2.17557251908 END
START -0.253785375977 -9.05965908203 6.35899960937 250.129770992 -58.2900763359 6.50381679389 END
START -0.174776721191 -7.74763657227 6.4356140625 250.129770992 -52.6106870229 6.70229007634 END
START -1.51074124756 -9.96466730957 8.30309135742 250.129770992 -50.8396946565 5.29007633588 END
START 5.5760956665 -13.8289087891 4.73094248047 250.129770992 -44.4580152672 13.0839694656 END
START 2.56658417969 -12.3205617432 8.82263311768 250.129770992 -46.3664122137 8.58015267176 END
START 10.0412817627 -9.67975731201 4.39814844971 250.129770992 -41.5648854962 5.0 END
START -4.39575424805 -12.3971761963 8.00621035156 250.129770992 -46.9541984733 5.06106870229 END
START -1.65199914551 -14.836867688 5.03500609131 250.129770992 -48.3511450382 1.67175572519 END
START -2.53785375977 -5.84424625244 12.7203934204 250.129770992 -43.427480916 3.07633587786 END
START 3.94085593262 -10.3716815918 6.59602557373 250.129770992 -48.8549618321 3.63358778626 END
START -0.928950244141 -9.98621512451 4.93205541992 250.129770992 -41.3129770992 -3.56488549618 END
START -1.90578452148 -12.998120813 8.59039555664 250.129770992 -46.4809160305 7.19083969466 END
START -4.14196887207 -7.34541069336 7.48427438965 250.129770992 -48.0992366412 -1.25954198473 END
START -0.998382092285 -8.40125362549 4.36462962646 250.129770992 -46.3664122137 8.88549618321 END
START 4.08690223389 -6.66545742187 6.89530078125 250.129770992 -48.0534351145 12.9007633588 END
START -0.981622680664 -8.14028564453 5.87537087402 250.129770992 -54.641221374 11.3816793893 END
START -0.162805712891 -12.9239005615 3.54581265869 250.129770992 -49.1297709924 2.51145038168 END
START -2.27927998047 -17.8655327881 13.1441671143 250.129770992 -55.3435114504 9.49618320611 END
START -0.936132849121 -12.5911065308 2.79882174072 250.129770992 -53.679389313 1.03053435115 END
START 0.981622680664 -9.75397756348 13.230358374 250.129770992 -60.8473282443 4.16030534351 END
START -1.35032973633 -9.35654008789 9.09796630859 250.129770992 -59.8473282443 6.74809160305 END
START -0.60573302002 -5.07810172119 10.1059252075 250.129770992 -52.5801526718 3.54198473282 END
START -1.55383687744 -9.20091697998 11.0492406616 250.129770992 -60.5419847328 6.74045801527 END
START -4.01028778076 -8.00621035156 3.14358677979 250.129770992 -53.9694656489 -0.900763358779 END
START -2.45884510498 -9.1219083252 4.07493122559 250.129770992 -57.641221374 3.45801526718 END
START -1.12766898193 -5.64313331299 5.83227524414 250.129770992 -68.0534351145 10.6870229008 END
START 3.17710560303 -6.8019269165 7.3909005249 250.129770992 -53.2061068702 8.29007633588 END
START -5.60482608643 -11.9350952759 8.22887110596 250.129770992 -52.2442748092 12.9236641221 END
START 0.545877978516 -10.9630494019 5.4683565918 250.129770992 -60.2671755725 2.59541984733 END
START 4.12281525879 -10.4459018433 7.33822808838 250.129770992 -61.7633587786 8.41984732824 END
START 2.32476981201 -8.07803640137 10.898405957 250.129770992 -62.1679389313 9.41984732824 END
START -1.5203180542 -12.1793038452 12.2750719116 250.129770992 -68.7251908397 -3.06106870229 END
START -6.44279666748 -12.0476227539 7.21133540039 250.129770992 -79.9007633588 7.16030534351 END
START 0.318428820801 -6.27999095459 6.88332977295 250.129770992 -70.4961832061 -2.70229007634 END
START -9.37808790283 -10.9917798218 7.58004245605 250.129770992 -77.7404580153 3.99236641221 END
START 1.02950671387 -8.86572874756 11.159373938 250.129770992 -83.3358778626 6.75572519084 END
START -5.62876810303 -13.8241203857 6.33984599609 250.129770992 -87.3893129771 8.72519083969 END
START -2.22181914063 -3.48356341553 7.93677850342 250.129770992 -98.0610687023 -1.67175572519 END
START -4.16112248535 -7.75003077393 6.75643708496 250.129770992 -93.8473282443 -9.40458015267 END
START -2.3918074585 -6.85459935303 11.3509100708 250.129770992 -100.961832061 -1.23664122137 END
START -3.82114584961 -12.9167179565 6.01423457031 250.129770992 -94.6717557252 2.58015267176 END
START -0.751779321289 -11.9422778809 11.6741272949 250.129770992 -104.610687023 0.87786259542 END
START -10.8792523438 -10.0077629395 6.67742843018 250.129770992 -93.0839694656 3.45801526718 END
START 3.52187064209 -9.52892260742 7.84340463867 250.129770992 -102.549618321 9.5572519084 END
START -3.83311685791 -7.76200178223 7.1203557373 250.129770992 -97.2061068702 -1.3358778626 END
START -3.92649072266 -6.78037910156 6.35181700439 250.129770992 -97.1908396947 1.24427480916 END
START -0.0335188232422 -8.45153186035 12.1697270386 250.129770992 -101.916030534 5.81679389313 END
START 7.08923111572 -8.40843623047 14.1233955933 250.129770992 -103.251908397 3.64885496183 END
START -2.87064779053 -8.8633345459 13.0771294678 250.129770992 -94.4961832061 6.90076335878 END
START 0.624886633301 -9.14824454346 5.38934793701 250.129770992 -100.65648855 9.52671755725 END
START -0.407014282227 -10.7260234375 9.20091697998 250.129770992 -92.1984732824 4.51908396947 END
START -0.363918652344 -7.6494743042 8.68376942139 250.129770992 -95.0 16.0916030534 END
START 6.04057078857 -7.88410606689 7.76439598389 250.129770992 -99.1679389313 12.2213740458 END
START 1.40300217285 -11.1402203247 6.05014759521 250.129770992 -92.5267175573 4.87022900763 END
START 1.95606275635 -10.3429511719 4.73573088379 250.129770992 -94.4885496183 3.30534351145 END
START 0.258573779297 -8.3102739624 9.56962403564 250.129770992 -79.1832061069 17.7480916031 END
START 4.42927307129 -13.6924392944 6.8138979248 250.129770992 -76.213740458 7.26717557252 END
START -1.47961662598 -19.4888015137 4.61362659912 250.129770992 -84.4045801527 1.65648854962 END
START 4.50828172607 -8.32463917236 8.947131604 250.129770992 -76.5877862595 6.9465648855 END
START -2.11647426758 -6.56011254883 5.65271011963 250.129770992 -72.4732824427 10.4961832061 END
START 1.8028338501 -6.77319649658 7.83622203369 250.129770992 -63.427480916 4.25954198473 END
START 3.47877501221 -11.9829793091 7.60637867432 250.129770992 -61.0992366412 6.96946564885 END
START -5.1379567627 -17.1664259033 7.23527741699 250.129770992 -59.9541984733 -1.90076335878 END
START -0.593762011719 -10.8481277222 11.772289563 250.129770992 -57.1984732824 3.77099236641 END