START 1.8507178833 -15.0810762573 11.3102086426 250.129770992 -61.8549618321 14.3435114504 END
START 3.12682736816 -2.21942493896 7.65665690918 250.129770992 -59.9465648855 -2.6641221374 END
START -0.677559069824 -7.16823977051 7.71172354736 250.129770992 -65.4198473282 8.45038167939 END
START 1.05105452881 -15.1337486938 9.74440075684 250.129770992 -83.5801526718 11.9160305344 END
START -3.36145913086 -2.37265384521 7.0245876709 250.129770992 -77.9465648855 8.54961832061 END
START -3.88339509277 -7.42441934814 4.81234533691 250.129770992 -70.0839694656 5.53435114504 END
START -3.82593425293 -14.5663229004 8.36055219727 250.129770992 -66.7786259542 3.79389312977 END
START -0.543483776855 -8.5209637085 7.73805976562 250.129770992 -65.0916030534 -0.297709923664 END
START 7.41723674316 -9.28710823975 14.5543518921 250.129770992 -93.1603053435 10.641221374 END
START 2.82036955566 -5.31752188721 6.6822168335 250.129770992 -74.6335877863 9.90076335878 END
START -1.16837041016 -4.21140072021 8.05170018311 250.129770992 -72.0687022901 8.48091603053 END
START 2.32237561035 -9.64863269043 8.48744488525 250.129770992 -79.3053435115 5.41984732824 END
START -4.3622354248 -1.78607443848 9.49779798584 250.129770992 -79.7022900763 7.62595419847 END
START 0.964863269043 -13.5487871948 8.34858118896 250.129770992 -79.5114503817 9.69465648855 END
START 1.30723410645 -9.59596025391 10.7451770508 250.129770992 -60.5801526718 -7.11450381679 END
START -7.01501086426 -12.1409966187 5.27682045898 250.129770992 -72.8396946565 4.10687022901 END
START -7.25921943359 -3.59848509521 12.5144920776 250.129770992 -73.7251908397 15.3282442748 END
START -1.52750065918 -11.4323129272 10.0867715942 250.129770992 -78.3358778626 10.9236641221 END
START -9.23443580322 -6.90727178955 7.75003077393 250.129770992 -81.893129771 4.72519083969 END
START -9.79707319336 -9.73721815186 6.91924279785 250.129770992 -85.4885496183 11.1297709924 END
START 3.20823022461 -8.30069715576 12.5240688843 250.129770992 -99.9007633588 10.1145038168 END
START -2.03985981445 -12.3014081299 9.27513723145 250.129770992 -105.511450382 15.5496183206 END
START 5.68862314453 -7.58483085937 13.9438304687 250.129770992 -104.534351145 0.343511450382 END
START 1.11330377197 -4.33350500488 4.92008441162 250.129770992 -103.786259542 12.0152671756 END
START 6.51941112061 -12.2942255249 11.9039706543 250.129770992 -104.305343511 11.2977099237 END
START -4.92247861328 -5.99029255371 9.7587659668 250.129770992 -104.213740458 12.4885496183 END
START 4.79798012695 -8.214505896 8.04691177979 250.129770992 -101.908396947 10.3740458015 END
START -2.29603939209 -13.4195003052 10.4961800781 250.129770992 -104.20610687 1.28244274809 END
START -2.84909997559 -12.0069213257 12.7275760254 250.129770992 -104.305343511 8.96183206107 END
START -1.27850368652 -13.984531897 7.83861623535 250.129770992 -105.229007634 1.3358778626 END
START 0.378283862305 -12.9526309814 6.47392128906 250.129770992 -104.221374046 6.64885496183 END
START -2.62404501953 -10.5344873047 8.93276639404 250.129770992 -102.954198473 13.6564885496 END
START -6.92403120117 -11.9805851074 6.56250675049 250.129770992 -104.572519084 5.15267175573 END
START 3.96719215088 -15.1361428955 8.01818135986 250.129770992 -104.160305344 10.0992366412 END
START 1.77410343018 -10.0748005859 3.67509954834 250.129770992 -104.160305344 4.82442748092 END
START -7.47469758301 -9.560047229 12.6461731689 250.129770992 -104.114503817 8.64885496183 END
START 8.35815799561 -15.6485020508 8.88967076416 250.129770992 -104.603053435 9.46564885496 END
START 0.359130249023 -14.844050293 9.1578213501 250.129770992 -104.480916031 17.3358778626 END
START 2.4157494751 -6.12915625 11.9949503174 250.129770992 -102.595419847 13.0381679389 END
START 1.08217915039 -11.3389390625 1.7788918335 250.129770992 -104.488549618 2.34351145038 END
START 9.30386765137 -6.92642540283 -1.37187755127 250.129770992 -104.687022901 4.84732824427 END
START 3.9480385376 -10.1466266357 8.56405933838 250.129770992 -103.977099237 6.51145038168 END
START -2.90177241211 -9.44751975098 9.65102689209 250.129770992 -105.122137405 -2.79389312977 END
START 5.81312163086 -13.1417729126 11.7698953613 250.129770992 -103.755725191 11.2595419847 END
START 1.01753570557 -7.69017573242 7.09401951904 250.129770992 -104.458015267 0.534351145038 END
START 6.07408961182 -8.75559547119 6.1171852417 250.129770992 -97.0152671756 2.47328244275 END
START 0.888248815918 -17.535132959 4.06535441895 250.129770992 -101.664122137 18.0687022901 END
START -1.00556469727 -11.3269680542 10.9223479736 250.129770992 -92.2213740458 13.320610687 END
START 11.6932809082 -9.39005891113 7.57764825439 250.129770992 -85.5267175573 2.36641221374 END
START 0.519541760254 -6.4475850708 10.8792523438 250.129770992 -94.4961832061 3.45038167939 END
START 1.53947166748 -13.3811930786 5.63355650635 250.129770992 -91.7328244275 14.320610687 END
START 3.92649072266 -6.41646044922 8.99262143555 250.129770992 -83.6717557252 -1.51145038168 END
START 6.32069238281 -13.5104799683 10.0436759644 250.129770992 -80.1374045802 10.1145038168 END
START 3.95761534424 -13.843273999 8.92558378906 250.129770992 -72.5877862595 9.09160305344 END
START -0.169988317871 -15.322890625 8.16183345947 250.129770992 -63.8473282443 4.79389312977 END
START 4.49391651611 -8.92797799072 3.79480963135 250.129770992 -62.3053435115 6.87786259542 END
START 1.27132108154 -14.1401550049 9.73961235352 250.129770992 -55.0763358779 7.48091603053 END
START 4.01747038574 -9.70130512695 8.20014068604 250.129770992 -50.8320610687 17.1526717557 END
START 2.00394678955 -10.2663367187 6.6941878418 250.129770992 -45.4045801527 8.68702290076 END
START -5.35822331543 -13.3117612305 10.6374379761 250.129770992 -46.2442748092 4.63358778626 END
START -1.38384855957 -10.553640918 6.69179364014 250.129770992 -50.2290076336 12.0229007634 END
START 3.22977803955 -2.88022459717 8.14028564453 250.129770992 -52.3893129771 6.06870229008 END
START -1.38384855957 -14.0491753418 6.58884296875 250.129770992 -39.2061068702 2.70992366412 END
START 2.50194073486 -8.24084211426 -2.31998140869 250.129770992 -35.641221374 6.6106870229 END
START 2.50912333984 -0.294486804199 11.4107651123 250.129770992 -50.7786259542 13.5114503817 END
START 7.40047733154 -4.80516273193 9.03811126709 250.129770992 -45.2824427481 21.1984732824 END
START 2.69347686768 -6.55532414551 7.89128867187 250.129770992 -48.465648855 21.6564885496 END
START 6.86178195801 -6.38054742432 1.86508309326 250.129770992 -47.6259541985 6.32061068702 END
START 0.502782348633 -9.97184991455 11.384428894 250.129770992 -49.786259542 5.2213740458 END
START -2.4756045166 -11.5592056152 11.9734025024 250.129770992 -46.3358778626 8.29007633588 END
START 4.91769020996 -7.86734665527 8.81784471436 250.129770992 -49.6717557252 7.0 END
START 0.651222851562 -9.47146176758 8.8633345459 250.129770992 -48.8167938931 5.31297709924 END
START 4.54180054932 -10.8912233521 8.70771143799 250.129770992 -62.0763358779 8.53435114504 END
START 2.4756045166 -9.66299790039 9.80186159668 250.129770992 -57.1145038168 6.77099236641 END
START 9.65581529541 -10.158597644 9.36132849121 250.129770992 -41.6106870229 -1.63358778626 END
START 2.79163913574 -6.7061588501 6.90966599121 250.129770992 -54.7328244275 16.5954198473 END
START -1.52271225586 -9.62708487549 9.28710823975 250.129770992 -53.4351145038 10.0839694656 END
START -2.87783039551 -10.5680061279 8.25520732422 250.129770992 -58.358778626 12.4961832061 END
START 2.21224233398 -10.1083194092 0.694318481445 250.129770992 -52.9923664122 15.4885496183 END
START 5.83945784912 -8.41083043213 6.93600220947 250.129770992 -50.1908396947 4.73282442748 END
START -0.435744702148 -7.45554396973 4.66151063232 250.129770992 -45.9389312977 5.26717557252 END
START -8.05888278809 -10.5727945312 6.4356140625 250.129770992 -59.534351145 8.90076335878 END
START -6.81150372314 -12.1098719971 11.7483475464 250.129770992 -58.3358778626 8.84732824427 END
START 3.96240374756 -8.09240161133 7.16584556885 250.129770992 -56.2290076336 4.80152671756 END
START -3.90973131104 -8.8154505127 7.0126166626 250.129770992 -71.213740458 11.3816793893 END
START 3.03824190674 -10.666168396 8.30548555908 250.129770992 -58.9007633588 12.0305343511 END
START 0.325611425781 -6.0932432251 6.58405456543 250.129770992 -62.5648854962 7.0 END
START 2.61446821289 -3.54341845703 13.2926076172 250.129770992 -72.3282442748 11.7099236641 END
START -8.0038161499 -6.54814154053 8.60954916992 250.129770992 -58.7251908397 6.35114503817 END
START -2.01112939453 -6.56968935547 5.79636221924 250.129770992 -59.6717557252 4.54961832061 END
START -1.44609780273 -3.93127912598 7.27597884521 250.129770992 -58.6106870229 5.86259541985 END
START -1.94409174805 -7.07726010742 4.903325 250.129770992 -66.7709923664 3.19847328244 END
START -0.363918652344 -11.5496288086 8.8513635376 250.129770992 -67.9007633588 17.1526717557 END
START -5.94480272217 -7.04613548584 4.64235701904 250.129770992 -74.7709923664 11.4351145038 END
START -0.0861912597656 -11.7914431763 9.23443580322 250.129770992 -71.213740458 6.39694656489 END
START -0.682347473145 -5.8586114624 8.02536396484 250.129770992 -74.5038167939 9.87022900763 END
START -2.02788880615 -13.4530191284 7.34541069336 250.129770992 -91.9160305344 14.1221374046 END
START 0.835576379395 -8.24802471924 6.04535919189 250.129770992 -102.13740458 -0.221374045802 END
START -4.34068760986 -10.927136377 8.26717833252 250.129770992 -99.4503816794 7.87022900763 END
START 5.33667550049 -9.01177504883 3.85227047119 250.129770992 -93.6717557252 7.67175572519 END
START 0.502782348633 -6.66545742187 5.85382305908 250.129770992 -78.8473282443 8.07633587786 END
START -4.48194550781 -4.38857164307 5.22654222412 250.129770992 -93.8244274809 6.03816793893 END
START -7.73087716064 -10.8912233521 10.8122146973 250.129770992 -92.1832061069 2.72519083969 END
START -0.974440075684 -6.76840809326 8.28872614746 250.129770992 -92.1450381679 7.72519083969 END
START 8.24563051758 -6.07887801514 11.757924353 250.129770992 -105.06870229 11.572519084 END
START 0.732625708008 -7.9918451416 12.1577560303 250.129770992 -106.404580153 2.14503816794 END
START 0.3064578125 -14.4992852539 10.2400005005 250.129770992 -104.503816794 11.3816793893 END
START -3.14358677979 -10.0652237793 3.19147081299 250.129770992 -104.79389313 -4.71755725191 END
START 6.92642540283 -12.8592571167 4.02465299072 250.129770992 -104.633587786 7.70992366412 END
START -7.27597884521 -9.43554874268 5.65989272461 250.129770992 -102.297709924 8.97709923664 END
START 1.75016141357 -3.36864173584 3.25611425781 250.129770992 -93.9007633588 18.213740458 END
START 2.63601602783 -5.66707532959 11.9327010742 250.129770992 -81.0229007634 10.6335877863 END
START -1.07739074707 -12.1864864502 10.3932294067 250.129770992 -93.2213740458 8.76335877863 END
START 5.32470449219 -12.8616513184 12.4115414062 250.129770992 -86.2595419847 8.49618320611 END
START 1.00556469727 -5.95916793213 2.95923325195 250.129770992 -106.72519084 4.9465648855 END
START 5.03500609131 -10.5081510864 7.37174691162 250.129770992 -92.9236641221 4.86259541985 END
START -0.665588061523 -8.75080706787 3.40934316406 250.129770992 -94.0916030534 11.2900763359 END
START -0.701501086426 -5.32709869385 7.19936439209 250.129770992 -103.839694656 15.2824427481 END
START 0.861912597656 -3.97437475586 13.350068457 250.129770992 -88.8625954198 9.74809160305 END
START -5.67904633789 -8.95192000732 7.7093293457 250.129770992 -78.5114503817 4.39694656489 END
START -1.71424838867 -8.59757816162 8.2025348877 250.129770992 -62.7328244275 11.1984732824 END
START 2.55700737305 -10.3716815918 4.23773693848 250.129770992 -61.0610687023 -3.23664122137 END
START 2.40856687012 -1.19470662842 6.88811817627 250.129770992 -51.1450381679 12.4809160305 END
START 1.79804544678 -8.79869110107 8.11394942627 250.129770992 -61.4809160305 11.0229007634 END
START -0.191536132812 -9.93114848633 7.59440766602 250.129770992 -67.5114503817 12.1374045802 END
START -0.251391174316 0.77332713623 7.9918451416 250.129770992 -72.9541984733 10.465648855 END
START -0.61770402832 -5.7987564209 8.42040723877 250.129770992 -78.4809160305 9.68702290076 END
START 4.67827004395 1.43412679443 3.76129080811 250.129770992 -78.0229007634 3.51145038168 END
START 3.47398660889 -0.847547387695 9.51934580078 250.129770992 -78.8473282443 2.11450381679 END
START -0.256179577637 -1.81719906006 11.1641623413 250.129770992 -81.5038167939 0.190839694656 END
START 9.09557210693 -7.86974085693 6.63912120361 250.129770992 -63.679389313 12.9694656489 END
START -0.809240161133 -9.17936916504 4.28801517334 250.129770992 -66.9770992366 11.0687022901 END