START 10.0436759644 -11.7459533447 10.3381627686 250.129770992 -79.5190839695 12.3435114504 END
START 5.89691868896 -12.2798603149 6.82586893311 250.129770992 -65.3129770992 8.93129770992 END
START 2.89219560547 -10.2735193237 12.5623761108 250.129770992 -61.3893129771 6.7786259542 END
START -3.07894333496 -13.6493436646 8.95670841064 250.129770992 -62.6335877863 2.00763358779 END
START -4.0318355957 -4.43884987793 8.47068547363 250.129770992 -70.1526717557 7.25190839695 END
START 6.44040246582 -12.5168862793 5.82030423584 250.129770992 -67.9923664122 6.24427480916 END
START 4.19703551025 -9.49779798584 6.58884296875 250.129770992 -61.4198473282 4.51145038168 END
START -4.67827004395 -10.9750204102 8.52575211182 250.129770992 -60.4122137405 -2.07633587786 END
START 2.48518132324 -9.63905588379 6.82108052979 250.129770992 -57.3129770992 6.26717557252 END
START -3.65834013672 -8.02057556152 8.50659849854 250.129770992 -60.4427480916 2.89312977099 END
START -1.01514150391 -10.3668931885 7.51539901123 250.129770992 -63.358778626 8.70229007634 END
START -1.82438166504 -12.8424977051 9.7707369751 250.129770992 -65.1526717557 -3.65648854962 END
START 8.92797799072 -12.4737906494 6.27759675293 250.129770992 -68.4580152672 5.16030534351 END
START 5.13556256104 -16.1129771729 8.94952580566 250.129770992 -70.213740458 9.92366412214 END
START 7.79791480713 -15.0331922241 8.35336959229 250.129770992 -75.0458015267 9.04580152672 END
START -4.67348164062 -9.7827079834 5.47075079346 250.129770992 -73.9236641221 10.7786259542 END
START -0.665588061523 -10.919953772 9.29429084473 250.129770992 -74.3358778626 -2.32824427481 END
START 7.4148425415 -6.30632717285 8.62630858154 250.129770992 -85.3282442748 -0.198473282443 END
START -2.38701905518 -15.1624791138 1.61608612061 250.129770992 -80.0839694656 9.64122137405 END
START -0.409408483887 -15.7945483521 6.8138979248 250.129770992 -80.9541984733 -5.79389312977 END
START -2.88501300049 -9.59835445557 9.54328781738 250.129770992 -85.3969465649 10.320610687 END
START -1.97282216797 -17.0179854004 7.01979926758 250.129770992 -89.5801526718 18.5801526718 END
START 4.99430466309 -12.6940572021 6.43321986084 250.129770992 -99.1908396947 2.26717557252 END
START -2.47799871826 -10.6158901611 8.87291135254 250.129770992 -104.129770992 7.54198473282 END
START 4.68784685059 -13.8839754272 15.2534587769 250.129770992 -99.7557251908 2.93893129771 END
START 4.5489831543 -6.02381137695 7.43160195312 250.129770992 -104.0 6.31297709924 END
START -6.0573302002 -9.32541546631 4.38617744141 250.129770992 -100.106870229 10.893129771 END
START 9.50976899414 -2.4875755249 12.0548053589 250.129770992 -104.152671756 7.50381679389 END
START 2.67671745605 -12.6006833374 8.12352623291 250.129770992 -101.992366412 9.28244274809 END
START 7.85537564697 -0.543483776855 7.91762489014 250.129770992 -99.4427480916 -3.87786259542 END
START -3.70382996826 -5.24330163574 7.49863959961 250.129770992 -91.9541984733 -1.99236641221 END
START 5.65271011963 -8.72207664795 4.42448466797 250.129770992 -101.13740458 3.35114503817 END
START -2.43490308838 -10.067617981 3.60806190186 250.129770992 -90.0610687023 7.6641221374 END
START 1.37187755127 -5.08767852783 4.36462962646 250.129770992 -100.496183206 6.4427480916 END
START 6.34224019775 -7.64468590088 8.14267984619 250.129770992 -97.4809160305 3.32824427481 END
START 5.81791003418 -7.68059892578 8.19535228271 250.129770992 -97.5267175573 -2.79389312977 END
START 2.79163913574 -12.6725093872 9.11951412354 250.129770992 -100.053435115 5.74809160305 END
START 3.89536610107 -14.1473376099 5.98550415039 250.129770992 -103.770992366 10.0229007634 END
START -5.05894810791 -13.364433667 7.41963094482 250.129770992 -101.893129771 1.89312977099 END
START -1.71424838867 -7.26161363525 9.25837781982 250.129770992 -103.091603053 5.6641221374 END
START 4.55616575928 -9.47146176758 7.38611212158 250.129770992 -93.213740458 -4.91603053435 END
START 5.8945244873 -12.1816980469 12.1793038452 250.129770992 -103.885496183 9.14503816794 END
START 4.83389315186 -15.674838269 6.06690700684 250.129770992 -97.3664122137 12.6183206107 END
START 0.395043273926 -12.7395470337 6.03817658691 250.129770992 -104.297709924 3.31297709924 END
START 2.55940157471 -12.2247936768 10.5153336914 250.129770992 -92.9312977099 15.6030534351 END
START -2.55461317139 -6.94079061279 7.9080480835 250.129770992 -91.5572519084 1.58778625954 END
START 4.22097752686 -9.83777462158 15.0068560059 250.129770992 -101.900763359 -2.72519083969 END
START -1.98479317627 -6.33505759277 11.8584808228 250.129770992 -92.7786259542 10.4961832061 END
START -0.739808312988 -5.48990440674 5.2816088623 250.129770992 -95.4580152672 4.5572519084 END
START 1.64481654053 -10.3644989868 4.79079752197 250.129770992 -82.6717557252 5.0534351145 END
START -3.08612593994 -9.08838950195 12.3516863647 250.129770992 -72.1908396947 4.11450381679 END
START -0.981622680664 -7.51300480957 12.2463414917 250.129770992 -68.3969465649 1.41221374046 END
START 2.53306535645 -11.2264115845 6.85459935303 250.129770992 -60.0229007634 7.20610687023 END
START 4.39814844971 -9.1697923584 11.8393272095 250.129770992 -73.6030534351 -2.38167938931 END
START -0.30166940918 -11.0037508301 10.5273046997 250.129770992 -65.641221374 10.0534351145 END
START 2.34871182861 -11.1162783081 12.5504051025 250.129770992 -67.9007633588 2.04580152672 END
START 3.28245047607 -6.83544573975 7.37653531494 250.129770992 -67.5038167939 -0.923664122137 END
START 4.58729038086 -15.1744501221 7.87692346191 250.129770992 -63.3129770992 9.83969465649 END
START -2.02070620117 -11.772289563 7.43160195312 250.129770992 -53.9923664122 -1.8320610687 END
START 3.0885201416 -12.3732341797 7.81228001709 250.129770992 -46.2824427481 9.41221374046 END
START -0.244208569336 -11.1497971313 7.28076724854 250.129770992 -38.7022900763 4.61832061069 END
START 2.54743056641 -12.631807959 12.0715647705 250.129770992 -55.213740458 6.64122137405 END
START 9.80425579834 -5.88734188232 10.9175595703 250.129770992 -39.1526717557 3.60305343511 END
START 8.76517227783 -7.78354959717 7.26400783691 250.129770992 -47.8015267176 3.34351145038 END
START 6.51462271729 -14.8392618896 4.76924970703 250.129770992 -49.213740458 16.1297709924 END
START 4.45082088623 -12.3756283813 9.21288798828 250.129770992 -49.5190839695 3.9465648855 END
START 0.272938989258 -9.25598361816 11.7746837646 250.129770992 -55.6564885496 9.64885496183 END
START 6.59841977539 -12.8688339233 4.5250411377 250.129770992 -58.0381679389 4.56488549618 END
START 6.37336481934 -11.413159314 8.23365950928 250.129770992 -48.5954198473 4.48091603053 END
START 2.89458980713 -3.31357509766 7.02937607422 250.129770992 -53.427480916 0.435114503817 END
START 2.63362182617 -5.37258852539 7.72848295898 250.129770992 -53.4122137405 9.2213740458 END
START 1.97042796631 -15.8927106201 5.56651885986 250.129770992 -45.7099236641 3.9465648855 END
START -3.21541282959 -11.8153851929 8.58800135498 250.129770992 -50.9312977099 10.7328244275 END
START -0.519541760254 -7.45793817139 7.55849464111 250.129770992 -49.4809160305 3.09923664122 END
START 11.0564232666 -12.7874310669 5.39174213867 250.129770992 -59.2366412214 8.83969465649 END
START -1.57059628906 -7.71411774902 11.0851536865 250.129770992 -57.9389312977 3.67175572519 END
START -3.67988795166 -11.01811604 5.79157381592 250.129770992 -59.1832061069 -3.74809160305 END
START 7.43639035645 -10.4554786499 3.21780703125 250.129770992 -53.8549618321 5.3893129771 END
START 3.41413156738 -11.6884925049 6.7779848999 250.129770992 -66.4045801527 4.21374045802 END
START 6.65588061523 -8.8992475708 11.8345388062 250.129770992 -58.6106870229 8.04580152672 END
START -0.366312854004 -11.2575362061 5.64792171631 250.129770992 -68.6641221374 1.23664122137 END
START -1.8267758667 -7.58004245605 7.53934102783 250.129770992 -65.8091603053 4.63358778626 END
START 4.20661231689 -8.49223328857 4.13239206543 250.129770992 -54.4122137405 9.74045801527 END
START 5.20499440918 -8.10197841797 6.55532414551 250.129770992 -56.534351145 9.26717557252 END
START -0.476446130371 -7.42920775146 9.89044705811 250.129770992 -56.6259541985 -0.442748091603 END
START -3.15316358643 -10.7284176392 4.5250411377 250.129770992 -65.1603053435 -2.93129770992 END
START 0.682347473145 -9.29429084473 5.91128389893 250.129770992 -66.6030534351 0.664122137405 END
START -0.210689746094 -10.4315366333 8.64546219482 250.129770992 -73.3816793893 14.3893129771 END
START 3.99831677246 -13.1226192993 6.61278498535 250.129770992 -83.5267175573 3.79389312977 END
START -1.44609780273 -13.3165496338 5.24330163574 250.129770992 -73.6335877863 -2.7786259542 END
START 4.06774862061 -5.15232197266 8.41322463379 250.129770992 -75.6641221374 5.29007633588 END
START 1.34075292969 -16.7306812012 7.93917270508 250.129770992 -79.4427480916 4.45801526718 END
START -4.42448466797 -9.67257470703 8.67658681641 250.129770992 -74.3053435115 -5.8320610687 END
START 2.50672913818 -12.8472861084 7.89368287354 250.129770992 -87.7328244275 16.3511450382 END
START 2.61686241455 -5.56891306152 9.83538041992 250.129770992 -80.0 8.09923664122 END
START -0.471657727051 -8.68137521973 6.9767036377 250.129770992 -76.4045801527 -0.725190839695 END
START 9.94311949463 -3.69185895996 10.4602670532 250.129770992 -81.679389313 6.0 END
START 0.562637390137 -9.39245311279 7.49385119629 250.129770992 -82.0076335878 4.06870229008 END
START 5.18344659424 -9.68933411865 10.0748005859 250.129770992 -85.2290076336 4.58015267176 END
START -3.1244331665 -7.38371791992 12.0811415771 250.129770992 -83.2748091603 -3.67175572519 END
START -3.0166940918 -14.2550766846 5.41089575195 250.129770992 -89.0381679389 13.6259541985 END
START -2.93289703369 -10.2447889038 9.4762501709 250.129770992 -81.7480916031 15.4961832061 END
START -1.75734401855 -11.6860983032 7.35019909668 250.129770992 -91.9389312977 5.50381679389 END
START 3.9719805542 -11.525686792 9.1578213501 250.129770992 -79.3511450382 6.00763358779 END
START -0.907402429199 -2.76051451416 5.1978118042 250.129770992 -89.8778625954 8.81679389313 END
START -1.34314713135 -13.6876508911 5.149927771 250.129770992 -89.6106870229 11.3435114504 END
START -3.11006795654 -10.4818148682 9.54328781738 250.129770992 -79.4351145038 6.37404580153 END
START 5.31033928223 -7.6734163208 8.36294639893 250.129770992 -89.3358778626 -2.70229007634 END
START 5.35822331543 -7.22570061035 9.15063874512 250.129770992 -108.755725191 6.09160305344 END
START 4.49631071777 -10.2208468872 7.8960770752 250.129770992 -103.595419847 6.74809160305 END
START 7.97747993164 -6.15549246826 8.24563051758 250.129770992 -99.1374045802 5.63358778626 END
START 2.93289703369 -6.04775339355 13.0938888794 250.129770992 -91.3816793893 17.0687022901 END
START 1.70945998535 -3.45962139893 12.0452285522 250.129770992 -99.5190839695 4.20610687023 END
START 3.57214887695 -3.56975467529 7.60877287598 250.129770992 -96.8778625954 1.58015267176 END
START 2.25054956055 -13.2686656006 5.08767852783 250.129770992 -75.8244274809 -3.56488549618 END
START 7.93438430176 -9.31344445801 9.42597193604 250.129770992 -74.0458015267 8.15267175573 END
START -1.36469494629 -10.651803186 9.00698664551 250.129770992 -72.7022900763 13.8167938931 END
START 6.4475850708 -4.40533105469 7.72608875732 250.129770992 -76.3511450382 0.786259541985 END
START 8.30309135742 -11.1833159546 11.3221796509 250.129770992 -67.0534351145 10.0992366412 END
START -0.612915625 -6.55053574219 7.70454094238 250.129770992 -63.9160305344 20.4885496183 END
START 2.37025964355 -10.1466266357 9.45709655762 250.129770992 -64.2213740458 10.7709923664 END
START 3.15795198975 -8.14028564453 4.88177718506 250.129770992 -58.6870229008 7.12977099237 END
START 11.1234609131 -13.5607582031 7.01979926758 250.129770992 -55.8320610687 6.58778625954 END
START 7.29273825684 -12.3756283813 6.26562574463 250.129770992 -65.2213740458 11.0687022901 END
START -3.91930811768 -9.08838950195 6.25844313965 250.129770992 -69.6870229008 5.30534351145 END
START -1.88902510986 -9.36132849121 7.11556733398 250.129770992 -70.7404580153 11.9465648855 END
START 5.33428129883 -8.22168850098 7.07965430908 250.129770992 -67.8091603053 -0.946564885496 END
START 0.361524450684 -13.9821376953 5.4563855835 250.129770992 -75.3816793893 2.21374045802 END
START 1.44609780273 -7.99423934326 7.64468590088 250.129770992 -77.0763358779 -3.16030534351 END
START -0.0694318481445 -4.47236870117 3.71819517822 250.129770992 -90.3664122137 9.67175572519 END
START 6.70855305176 -10.046070166 11.4394955322 250.129770992 -83.3282442748 4.69465648855 END
START 3.47159240723 -8.5089927002 6.76122548828 250.129770992 -82.2824427481 -2.53435114504 END
START 10.8816465454 -10.5823713379 5.67425793457 250.129770992 -81.3129770992 3.45801526718 END
START -3.39976635742 -7.9559321167 4.60644399414 250.129770992 -90.3740458015 8.0534351145 END
START 1.25216746826 -7.39329472656 6.75164868164 250.129770992 -92.5648854962 5.99236641221 END