START -0.514753356934 -8.72686505127 10.8720697388 250.129770992 -50.7709923664 13.2748091603 END
START -3.68467635498 -15.33007323 1.13963999023 250.129770992 -42.0458015267 9.36641221374 END
START 0.663193859863 -15.4521775146 5.83706364746 250.129770992 -51.534351145 15.5877862595 END
START 1.68312376709 -9.7707369751 5.97832154541 250.129770992 -48.9083969466 14.0534351145 END
START -2.06619603271 -9.41639512939 4.83628735352 250.129770992 -61.7328244275 -3.69465648855 END
START -4.97036264648 -11.5472346069 3.52426484375 250.129770992 -62.2748091603 8.37404580153 END
START 4.60165559082 -15.2654297852 9.65581529541 250.129770992 -55.2061068702 -2.71755725191 END
START -4.82671054687 -10.8696755371 8.17141026611 250.129770992 -50.9160305344 1.45038167939 END
START -1.4604630127 -9.560047229 5.75805499268 250.129770992 -54.0076335878 5.00763358779 END
START 0.909796630859 -13.6948334961 13.2423293823 250.129770992 -60.8396946565 1.71755725191 END
START 4.86022937012 -9.03571706543 11.2910550293 250.129770992 -63.0076335878 9.00763358779 END
START 6.16985767822 -12.6294137573 11.2455651978 250.129770992 -60.534351145 5.48091603053 END
START -0.612915625 -14.575899707 6.67264002686 250.129770992 -60.6488549618 5.14503816794 END
START 5.27921466064 -11.518504187 5.32231029053 250.129770992 -65.1984732824 8.26717557252 END
START -4.31913979492 -5.10922634277 6.77080229492 250.129770992 -59.7557251908 11.0763358779 END
START -0.138863696289 -15.7777889404 12.2535240967 250.129770992 -61.7099236641 2.13740458015 END
START -2.02310040283 -8.84178673096 12.5982891357 250.129770992 -62.786259542 -2.48854961832 END
START 4.89374819336 -7.96311472168 5.35343491211 250.129770992 -72.0 4.80152671756 END
START 6.57926616211 -12.4043588013 7.02698187256 250.129770992 -67.4580152672 -2.01526717557 END
START -2.4037784668 -3.69185895996 10.1897222656 250.129770992 -67.106870229 14.5114503817 END
START -1.65199914551 -1.98000477295 3.48595761719 250.129770992 -72.8244274809 7.12977099237 END
START -4.5729251709 -13.8935522339 8.20492908936 250.129770992 -65.0152671756 12.8244274809 END
START 1.36469494629 -12.4690022461 7.57285985107 250.129770992 -64.4122137405 10.427480916 END
START 6.40209523926 -12.2271878784 4.78122071533 250.129770992 -72.9007633588 2.26717557252 END
START 2.31998140869 -4.99191046143 8.03015236816 250.129770992 -74.9389312977 -1.54961832061 END
START 2.03267720947 -7.27837304687 -0.627280834961 250.129770992 -86.1832061069 7.87022900763 END
START -3.60087929687 -11.271901416 6.68700523682 250.129770992 -84.641221374 4.68702290076 END
START -0.46208092041 -12.0141039307 8.06845959473 250.129770992 -97.5954198473 4.71755725191 END
START -0.203507141113 -11.6238490601 7.84101043701 250.129770992 -86.0687022901 5.32061068702 END
START -0.488417138672 -6.76361968994 5.79636221924 250.129770992 -93.3282442748 -2.78625954198 END
START -0.749385119629 -8.22887110596 8.38688841553 250.129770992 -105.419847328 8.32824427481 END
START -1.8267758667 -14.4250650024 4.55377155762 250.129770992 -104.557251908 3.80916030534 END
START 3.65594593506 -13.6684972778 10.6901104126 250.129770992 -102.526717557 5.0534351145 END
START 6.41885465088 -9.77791958008 7.13950935059 250.129770992 -104.145038168 13.3282442748 END
START -2.84670577393 -8.40604202881 7.53934102783 250.129770992 -105.526717557 0.847328244275 END
START 0.00478840332031 -9.50737479248 4.47955130615 250.129770992 -104.183206107 5.14503816794 END
START 1.94169754639 -13.4721727417 2.82515795898 250.129770992 -104.312977099 2.39694656489 END
START -2.89937821045 -8.947131604 8.74601866455 250.129770992 -104.938931298 -1.93129770992 END
START -0.323217224121 -8.42998404541 7.59440766602 250.129770992 -103.770992366 15.9694656489 END
START 5.26484945068 -9.33738647461 6.34942280273 250.129770992 -103.671755725 6.93893129771 END
START 6.93600220947 -9.33020386963 8.18338127441 250.129770992 -104.488549618 6.72519083969 END
START 1.8028338501 -10.314220752 4.64714542236 250.129770992 -104.061068702 5.64122137405 END
START -1.8507178833 -11.1186725098 9.8305920166 250.129770992 -104.625954198 -1.59541984733 END
START 4.40533105469 -14.3460563477 10.2447889038 250.129770992 -102.145038168 9.64885496183 END
START -2.17393510742 -9.56483563232 5.95677373047 250.129770992 -103.694656489 1.45038167939 END
START -3.3949779541 -3.73495458984 5.91128389893 250.129770992 -103.816793893 6.68702290076 END
START 0.0407014282227 -7.78115539551 7.32865128174 250.129770992 -103.175572519 3.06870229008 END
START -3.84269366455 -9.76116016846 6.8138979248 250.129770992 -104.351145038 4.1679389313 END
START -2.56658417969 0.229843359375 5.69819995117 250.129770992 -104.007633588 2.42748091603 END
START -1.04387192383 -10.0508585693 8.25760152588 250.129770992 -104.282442748 11.7022900763 END
START 1.60172091064 -5.52342322998 9.99100352783 250.129770992 -104.305343511 0.541984732824 END
START 0.366312854004 -13.2806366089 7.17542237549 250.129770992 -104.458015267 10.9160305344 END
START 11.3054202393 -12.1074777954 8.31985076904 250.129770992 -104.381679389 5.47328244275 END
START 2.35828863525 -11.4778027588 10.6398321777 250.129770992 -96.4732824427 8.93129770992 END
START 1.01274730225 -8.53772312012 11.65257948 250.129770992 -102.648854962 9.83969465649 END
START -2.29125098877 -3.38540114746 5.76763179932 250.129770992 -94.5267175573 3.01526717557 END
START 2.93050283203 1.53707746582 12.3349269531 250.129770992 -75.1603053435 7.64122137405 END
START -0.380678063965 -7.66383951416 8.99501563721 250.129770992 -80.9236641221 8.97709923664 END
START 3.37821854248 -14.9015111328 6.39251843262 250.129770992 -79.0076335878 8.35877862595 END
START 1.47003981934 -10.7164466309 8.46350286865 250.129770992 -67.3435114504 0.320610687023 END
START 1.69988317871 -10.8265799072 9.4283661377 250.129770992 -51.5267175573 10.4427480916 END
START 6.40209523926 -4.13478626709 9.65820949707 250.129770992 -65.9923664122 12.641221374 END
START -5.48751020508 -10.5225162964 7.42441934814 250.129770992 -49.8702290076 5.78625954198 END
START 3.11006795654 -10.1849338623 1.13245738525 250.129770992 -45.3435114504 -1.01526717557 END
START -0.902614025879 -7.40526573486 9.47385596924 250.129770992 -41.2519083969 6.39694656489 END
START 5.32231029053 -7.8960770752 11.2072579712 250.129770992 -45.5877862595 -3.1679389313 END
START 6.33026918945 -7.03895288086 5.43244356689 250.129770992 -42.4427480916 2.78625954198 END
START -0.809240161133 -12.6054717407 4.10126744385 250.129770992 -42.6717557252 7.53435114504 END
START -0.541089575195 -5.09007272949 6.27520255127 250.129770992 -48.3740458015 11.7022900763 END
START 0.596156213379 -10.187328064 4.46997449951 250.129770992 -45.465648855 3.80152671756 END
START 3.72058937988 -12.4402718262 2.81079274902 250.129770992 -33.4885496183 -2.07633587786 END
START 8.99980404053 -8.98783303223 8.82023891602 250.129770992 -39.0687022901 2.53435114504 END
START 1.73340200195 -3.79480963135 7.43399615479 250.129770992 -39.4045801527 13.2366412214 END
START 2.26730897217 -6.83783994141 8.25281312256 250.129770992 -47.7328244275 1.13740458015 END
START 1.43891519775 -10.1945106689 8.37731160889 250.129770992 -46.0534351145 10.6488549618 END
START 4.69263525391 -4.17309349365 4.67587584229 250.129770992 -41.9389312977 9.58015267176 END
START 1.472434021 -13.1369845093 7.02219346924 250.129770992 -48.4580152672 10.4045801527 END
START -0.91219083252 -14.0348101318 10.0317049561 250.129770992 -52.6946564885 4.0534351145 END
START -3.58172568359 -7.54891783447 6.49786330566 250.129770992 -54.9770992366 8.48091603053 END
START -1.18752402344 -9.06205328369 0.502782348633 250.129770992 -53.9770992366 10.6488549618 END
START 3.82593425293 -11.4658317505 9.93833109131 250.129770992 -57.8625954198 -0.931297709924 END
START 5.16429298096 -4.0078935791 8.00860455322 250.129770992 -67.4961832061 10.5572519084 END
START 0.46686932373 -6.0812722168 7.59680186768 250.129770992 -51.8854961832 12.6564885496 END
START -3.73495458984 -3.90015450439 2.23379014893 250.129770992 -71.6259541985 3.19847328244 END
START 0.117315881348 -4.37660063477 9.90720646973 250.129770992 -74.6259541985 6.59541984733 END
START -8.92558378906 -4.63038601074 8.69334622803 250.129770992 -83.5801526718 -1.29007633588 END
START -3.3231519043 -10.5656119263 6.43321986084 250.129770992 -83.6946564885 5.19083969466 END
START 1.54904847412 -10.3357685669 11.9183358643 250.129770992 -77.7099236641 -1.7786259542 END
START 8.827421521 -5.62397969971 10.0436759644 250.129770992 -89.0839694656 10.6946564885 END
START -4.81952794189 -7.68778153076 5.97113894043 250.129770992 -93.7404580153 14.2900763359 END
START 6.99585725098 -6.57687196045 3.54102425537 250.129770992 -88.6030534351 9.61832061069 END
START 2.7102362793 -2.817975354 11.5017447754 250.129770992 -97.534351145 4.00763358779 END
START -2.63841022949 -11.7842605713 10.165780249 250.129770992 -105.061068702 17.3511450382 END
START -2.92571442871 -9.03571706543 6.17464608154 250.129770992 -104.358778626 7.73282442748 END
START 3.33751711426 -10.4626612549 9.52652840576 250.129770992 -104.34351145 16.320610687 END
START 8.46829127197 -6.14352145996 6.86417615967 250.129770992 -103.809160305 -3.18320610687 END
START 1.81001645508 -9.99818613281 12.2223994751 250.129770992 -105.129770992 2.64122137405 END
START 0.639251843262 -14.5088620605 9.02374605713 250.129770992 -105.473282443 4.35114503817 END
START -7.53694682617 -7.80030900879 12.3995703979 250.129770992 -104.748091603 -1.0534351145 END
START 1.27850368652 -9.95748470459 10.8098204956 250.129770992 -85.4427480916 5.93129770992 END
START 3.52905324707 -7.6614453125 6.78277330322 250.129770992 -100.778625954 5.09923664122 END
START 4.71418306885 -10.5512467163 9.4642791626 250.129770992 -90.213740458 6.03053435115 END
START -4.08211383057 -7.601590271 6.40688364258 250.129770992 -99.3816793893 -0.969465648855 END
START -2.65756384277 -9.4642791626 5.14274516602 250.129770992 -95.427480916 12.7404580153 END
START 1.10612116699 2.20266552734 7.88650026855 250.129770992 -97.7938931298 0.175572519084 END
START 2.29125098877 -7.66862791748 0.0742202514648 250.129770992 -87.6717557252 7.34351145038 END
START 11.5999070435 -7.43160195312 5.91367810059 250.129770992 -83.358778626 3.41221374046 END
START 5.98789835205 -11.1761333496 6.71094725342 250.129770992 -84.4198473282 2.13740458015 END
START -4.2544963501 -8.11634362793 4.95360323486 250.129770992 -79.8015267176 5.59541984733 END
START 5.04458289795 -9.8784760498 6.98388624268 250.129770992 -78.4198473282 -2.93129770992 END
START 6.65827481689 -1.27850368652 3.85227047119 250.129770992 -78.8091603053 6.64122137405 END
START 8.03733497314 -2.27927998047 6.69179364014 250.129770992 -75.4885496183 5.84732824427 END
START 5.56891306152 -11.4921679687 6.27999095459 250.129770992 -79.1221374046 9.30534351145 END
START 9.59117185059 -7.2951324585 7.15387456055 250.129770992 -78.1450381679 2.25190839695 END
START 8.04451757812 -8.9591026123 5.8107274292 250.129770992 -72.3511450382 11.2213740458 END
START 1.1899182251 -6.65827481689 9.78989058838 250.129770992 -77.1526717557 4.97709923664 END
START 7.67581052246 -4.38378323975 7.45554396973 250.129770992 -69.9007633588 9.95419847328 END
START 3.4428619873 -11.2048637695 8.5329347168 250.129770992 -82.427480916 6.95419847328 END