START 5.39174213867 -6.68461103516 15.322890625 250.129770992 -51.4503816794 2.72519083969 END
START -2.98078106689 -4.18506450195 6.01902297363 250.129770992 -48.1145038168 2.74045801527 END
START 7.61595548096 -6.46913288574 7.43639035645 250.129770992 -58.6564885496 1.84732824427 END
START 1.24259066162 -11.9590372925 7.18978758545 250.129770992 -51.2519083969 12.3969465649 END
START -1.04626612549 -10.1011368042 8.60954916992 250.129770992 -43.4198473282 12.0534351145 END
START 0.366312854004 -11.2527478027 5.70298835449 250.129770992 -50.1526717557 9.82442748092 END
START 0.828393774414 -4.98233365479 5.15950457764 250.129770992 -55.5877862595 3.08396946565 END
START 1.31202250977 -14.0204449219 7.57525405273 250.129770992 -53.5190839695 15.3053435115 END
START 1.14921679688 -7.15626876221 5.5760956665 250.129770992 -60.8549618321 2.21374045802 END
START 4.38617744141 -10.1897222656 3.49792862549 250.129770992 -63.0992366412 11.9160305344 END
START 3.92170231934 -14.5543518921 8.70531723633 250.129770992 -54.9923664122 -1.90076335878 END
START 0.672770666504 -9.21528218994 10.7188408325 250.129770992 -59.2290076336 5.6641221374 END
START -1.90339031982 -12.6677209839 4.78840332031 250.129770992 -61.0687022901 7.12213740458 END
START 5.69819995117 -11.2527478027 8.10437261963 250.129770992 -60.893129771 -2.97709923664 END
START -1.35990654297 -11.9111532593 4.52025273438 250.129770992 -70.0763358779 1.88549618321 END
START 2.4636335083 -13.4578075317 8.78672009277 250.129770992 -68.8015267176 -0.946564885496 END
START -3.27047946777 -12.3947819946 5.07570751953 250.129770992 -79.786259542 6.64122137405 END
START -2.63362182617 -6.93121380615 8.42758984375 250.129770992 -85.7328244275 -1.75572519084 END
START 1.27850368652 -9.65820949707 6.47631549072 250.129770992 -79.4198473282 10.1603053435 END
START -1.89141931152 -10.4459018433 5.07570751953 250.129770992 -81.0916030534 6.35877862595 END
START 3.29442148437 -5.7987564209 4.62320340576 250.129770992 -93.9694656489 12.6335877863 END
START 7.51539901123 -5.48751020508 5.26724365234 250.129770992 -87.2900763359 -3.87022900763 END
START 1.45806881104 -12.1050835937 7.0485296875 250.129770992 -77.1908396947 4.09923664122 END
START -2.23857855225 -8.72925925293 4.71657727051 250.129770992 -93.2900763359 12.7099236641 END
START -1.87705410156 -15.2390935669 5.72214196777 250.129770992 -90.7175572519 7.06106870229 END
START 1.86029468994 -10.9582609985 7.57046564941 250.129770992 -84.0458015267 7.21374045802 END
START -1.92733233643 -11.9111532593 8.5568767334 250.129770992 -94.6488549618 11.7709923664 END
START -0.29927520752 -10.5680061279 4.60165559082 250.129770992 -98.6717557252 13.5267175573 END
START 9.90241806641 -9.64623848877 9.98142672119 250.129770992 -104.541984733 2.29770992366 END
START 7.16105716553 -8.92079538574 5.28400306396 250.129770992 -100.374045802 6.0 END
START -2.07816704102 -12.5504051025 13.2878192139 250.129770992 -104.534351145 2.03053435115 END
START 3.59369669189 -7.86255825195 5.98071574707 250.129770992 -98.1374045802 12.7022900763 END
START -1.80043964844 -10.4961800781 4.15633408203 250.129770992 -92.1679389313 10.679389313 END
START 1.03908352051 -5.08289012451 7.1203557373 250.129770992 -97.7557251908 9.80916030534 END
START -1.04626612549 -13.2638771973 7.93917270508 250.129770992 -96.2213740458 3.73282442748 END
START -0.270544787598 -8.5329347168 5.67425793457 250.129770992 -98.1450381679 6.11450381679 END
START 4.85783516846 -14.7003981934 6.10042583008 250.129770992 -103.709923664 2.75572519084 END
START -2.92571442871 -8.49941589355 5.37737692871 250.129770992 -102.526717557 15.3893129771 END
START 7.47230338135 -14.2598650879 6.32787498779 250.129770992 -99.1984732824 7.68702290076 END
START -2.86585938721 -11.1761333496 7.49385119629 250.129770992 -104.015267176 9.32061068702 END
START 4.88895979004 -12.9598135864 13.4961147583 250.129770992 -104.320610687 4.87022900763 END
START 4.83389315186 -12.5743471191 7.12274993896 250.129770992 -104.977099237 -1.95419847328 END
START 1.63284553223 -8.2384479126 7.55370623779 250.129770992 -104.93129771 8.72519083969 END
START -5.46596239014 -10.3237975586 7.5896192627 250.129770992 -102.083969466 4.90839694656 END
START 5.45159718018 -6.2009822998 4.98233365479 250.129770992 -94.572519084 4.90076335878 END
START 2.4277204834 -8.67419261475 13.3189438354 250.129770992 -98.8854961832 -2.45038167939 END
START -8.11873782959 -8.37252320557 7.81946262207 250.129770992 -102.763358779 5.25190839695 END
START 8.54729992676 -7.11077893066 10.6565915894 250.129770992 -89.2671755725 -0.312977099237 END
START -1.19470662842 -8.89445916748 6.87135876465 250.129770992 -79.0916030534 -0.351145038168 END
START -0.727837304687 -7.38132371826 11.7124345215 250.129770992 -81.7480916031 1.57251908397 END
START 6.75643708496 -6.29675036621 11.1713449463 250.129770992 -54.7709923664 5.45038167939 END
START -2.17632930908 -4.60644399414 9.86889924316 250.129770992 -63.8549618321 5.64122137405 END
START 6.81868632812 -12.8424977051 8.16183345947 250.129770992 -65.1984732824 -0.0458015267176 END
START 4.41251365967 -9.33499227295 3.50032282715 250.129770992 -54.3664122137 -2.96183206107 END
START 0.430956298828 -10.7978494873 7.25682523193 250.129770992 -63.4580152672 -2.36641221374 END
START 6.33745179443 -7.56567724609 7.91762489014 250.129770992 -52.8091603053 -3.29007633588 END
START -3.98155736084 -9.78749638672 5.68622894287 250.129770992 -60.4732824427 5.36641221374 END
START 8.12592043457 -8.26478413086 7.77876119385 250.129770992 -39.4427480916 -2.2213740458 END
START 3.25132585449 -6.1770402832 7.29273825684 250.129770992 -49.5038167939 5.46564885496 END
START 0.636857641602 -10.6637741943 6.94079061279 250.129770992 -47.7709923664 11.7328244275 END
START 0.9193734375 -12.2295820801 7.28794985352 250.129770992 -44.9083969466 0.839694656489 END
START 2.18351191406 -8.83220992432 6.1650692749 250.129770992 -42.358778626 8.93129770992 END
START 1.472434021 -8.77474908447 8.96867941895 250.129770992 -43.1450381679 -3.29770992366 END
START 0.14604630127 -9.58638344727 13.0124860229 250.129770992 -41.2519083969 1.70229007634 END
START 3.62721551514 -13.2782424072 5.93522591553 250.129770992 -46.4198473282 8.14503816794 END
START 5.14274516602 -11.4801969604 9.03571706543 250.129770992 -43.1984732824 8.0 END
START 4.26407315674 -6.96712683105 9.98382092285 250.129770992 -46.5954198473 2.32824427481 END
START 0.122104284668 -6.21534750977 10.0197339478 250.129770992 -47.4045801527 1.03053435115 END
START 3.95522114258 -3.10527955322 8.86812294922 250.129770992 -33.3740458015 9.69465648855 END
START 6.05014759521 -8.95192000732 4.57053096924 250.129770992 -33.4045801527 4.87786259542 END
START 6.13873305664 -11.3413332642 6.70137044678 250.129770992 -35.8320610687 11.9465648855 END
START -3.20104761963 -8.35576379395 8.90643017578 250.129770992 -40.3282442748 6.75572519084 END
START 5.06613071289 -8.73883605957 11.2527478027 250.129770992 -49.9312977099 -1.57251908397 END
START 2.10450325928 -4.32392819824 4.79558592529 250.129770992 -44.6717557252 4.73282442748 END
START -1.91296712646 -10.4674496582 8.14986245117 250.129770992 -43.7633587786 6.89312977099 END
START 4.80516273193 -11.3054202393 8.8393925293 250.129770992 -49.8396946565 3.34351145038 END
START -8.00860455322 -8.24323631592 7.43878455811 250.129770992 -54.0305343511 9.03053435115 END
START 1.64960494385 -10.898405957 10.2471831055 250.129770992 -50.0305343511 10.7404580153 END
START 8.91600698242 -12.6461731689 5.94480272217 250.129770992 -54.427480916 -3.38167938931 END
START -4.24491954346 -7.68778153076 6.91445439453 250.129770992 -59.5954198473 7.82442748092 END
START 1.90339031982 -14.1617028198 10.2280294922 250.129770992 -63.8091603053 9.41221374046 END
START -3.52665904541 -6.86896456299 2.14041628418 250.129770992 -62.320610687 14.8396946565 END
START 7.19457598877 -9.88087025146 6.61039078369 250.129770992 -74.1908396947 -2.3893129771 END
START 1.08696755371 -10.5560351196 13.984531897 250.129770992 -71.0229007634 12.9847328244 END
START -0.76135612793 -13.3548568604 8.22168850098 250.129770992 -72.3435114504 18.1526717557 END
START -4.53461794434 -7.57046564941 6.67264002686 250.129770992 -80.320610687 -0.129770992366 END
START -5.36540592041 -8.6406737915 6.44997927246 250.129770992 -79.1297709924 5.02290076336 END
START -0.945709655762 -13.3021844238 8.334215979 250.129770992 -83.8778625954 6.77099236641 END
START -1.52750065918 -4.47236870117 5.2337248291 250.129770992 -80.9083969466 4.16030534351 END
START -5.26724365234 -10.9869914185 7.66623371582 250.129770992 -89.7786259542 1.51145038168 END
START -4.75727869873 -10.5608235229 10.9965682251 250.129770992 -95.106870229 3.78625954198 END
START -1.31681091309 -4.71418306885 4.71897147217 250.129770992 -94.1984732824 2.45038167939 END
START -0.521935961914 -16.0866409546 10.3908352051 250.129770992 -99.213740458 -1.17557251908 END
START 5.74608398437 -9.39724151611 5.88494768066 250.129770992 -94.5114503817 -1.51145038168 END
START -4.81952794189 -7.32625708008 7.38132371826 250.129770992 -97.0305343511 0.160305343511 END
START 3.06936652832 -7.69975253906 5.17147558594 250.129770992 -97.0305343511 -2.41221374046 END
START 3.90254870605 -11.4586491455 7.53215842285 250.129770992 -95.0534351145 1.35877862595 END
START -1.96803376465 -10.8792523438 10.1298672241 250.129770992 -97.8854961832 5.74045801527 END
START 3.51468803711 -9.15542714844 7.01501086426 250.129770992 -98.4809160305 14.1908396947 END
START 1.16837041016 -10.8217915039 6.78516750488 250.129770992 -101.923664122 0.0381679389313 END
START -0.833182177734 -15.6724440674 5.29118566895 250.129770992 -99.7938931298 6.9465648855 END
START -0.718260498047 -8.91361278076 4.69502945557 250.129770992 -101.404580153 1.67938931298 END
START -2.70065947266 -7.45793817139 9.19612857666 250.129770992 -87.3816793893 6.30534351145 END
START -1.10133276367 -6.60320817871 8.54011732178 250.129770992 -105.503816794 3.5572519084 END
START -1.68791217041 -1.93690914307 8.71249984131 250.129770992 -102.106870229 7.68702290076 END
START 0.447715710449 -3.45722719727 6.74686027832 250.129770992 -93.6106870229 5.58778625954 END
START 0.0119710083008 0.718260498047 6.57926616211 250.129770992 -99.5801526718 7.77099236641 END
START -2.57855518799 -9.94551369629 13.2997902222 250.129770992 -86.786259542 5.23664122137 END
START -2.66235224609 -8.67179841309 4.77164390869 250.129770992 -79.0229007634 4.78625954198 END
START 3.3590649292 -10.9031943604 9.36611689453 250.129770992 -74.7251908397 3.19847328244 END
START -1.51313544922 -8.97586202393 7.3789295166 250.129770992 -74.9160305344 6.89312977099 END
START 9.63905588379 -12.2918313232 8.51856950684 250.129770992 -77.6030534351 9.62595419847 END
START -3.09330854492 -7.71890615234 7.03895288086 250.129770992 -62.6106870229 4.12213740458 END