START -2.11886846924 -8.43477244873 8.12592043457 250.129770992 -47.3664122137 3.73282442748 END
START 2.72699569092 -10.5656119263 6.96712683105 250.129770992 -46.5648854962 7.36641221374 END
START -3.38061274414 -10.6853220093 7.51300480957 250.129770992 -53.9160305344 2.22900763359 END
START -0.730231506348 -10.5919481445 7.38611212158 250.129770992 -46.5648854962 10.5877862595 END
START -3.58172568359 -1.99915838623 9.26077202148 250.129770992 -52.8549618321 10.572519084 END
START -0.600944616699 -10.3908352051 9.82819781494 250.129770992 -62.465648855 7.70992366412 END
START 3.03584770508 -13.2495119873 9.09796630859 250.129770992 -67.0381679389 4.13740458015 END
START 2.90177241211 -8.21929429932 12.7539122437 250.129770992 -74.1908396947 14.4809160305 END
START -5.41089575195 -8.15225665283 13.4673843384 250.129770992 -69.0305343511 16.7633587786 END
START 5.21696541748 -8.18338127441 12.7826426636 250.129770992 -76.2748091603 14.5954198473 END
START 4.22816013184 -6.52180532227 5.73650717773 250.129770992 -68.5954198473 10.3969465649 END
START -2.45645090332 -2.90416661377 10.553640918 250.129770992 -78.893129771 8.85496183206 END
START -2.03028300781 -9.70609353027 8.00142194824 250.129770992 -87.3053435115 8.06870229008 END
START 2.33195241699 -8.53532891846 6.64390960693 250.129770992 -100.916030534 8.87786259542 END
START 2.90895501709 -13.0795236694 5.68383474121 250.129770992 -90.2595419847 2.6641221374 END
START -0.215478149414 -6.09803162842 12.9933324097 250.129770992 -105.839694656 7.3893129771 END
START -2.1092916626 -5.06373651123 7.56328304443 250.129770992 -102.977099237 3.26717557252 END
START 0.0239420166016 -9.8425630249 5.57848986816 250.129770992 -104.839694656 3.93129770992 END
START 1.43652099609 -4.08450803223 12.1290256104 250.129770992 -105.305343511 3.41984732824 END
START 0.0957680664062 -16.0938235596 7.42441934814 250.129770992 -104.58778626 2.75572519084 END
START -0.332794030762 -15.0571342407 9.36132849121 250.129770992 -105.221374046 6.74809160305 END
START 2.49236392822 -14.8129256714 7.38132371826 250.129770992 -104.93129771 7.42748091603 END
START -1.47961662598 -3.59848509521 8.48026228027 250.129770992 -104.458015267 4.97709923664 END
START 5.67186373291 -9.64145008545 2.39659586182 250.129770992 -109.816793893 -1.87786259542 END
START 7.96072052002 -6.45237347412 9.57441243896 250.129770992 -109.145038168 7.31297709924 END
START -10.2950671387 -11.1402203247 8.21211169434 250.129770992 -110.916030534 10.9160305344 END
START 4.47715710449 -8.03015236816 8.89445916748 250.129770992 -104.473282443 3.70229007634 END
START 3.45243879395 -9.97424411621 9.03332286377 250.129770992 -103.877862595 12.1145038168 END
START 4.59447298584 -3.63918652344 13.6780740845 250.129770992 -104.0 -3.13740458015 END
START -1.84353527832 -9.85932243652 8.02536396484 250.129770992 -103.366412214 12.7786259542 END
START 5.44680877686 -10.8553103271 7.13711514893 250.129770992 -104.427480916 -2.63358778626 END
START 2.8060043457 -0.627280834961 8.03733497314 250.129770992 -103.801526718 1.78625954198 END
START 5.43723197021 -7.80270321045 8.04930598145 250.129770992 -104.122137405 -3.13740458015 END
START 5.61679709473 -8.3461869873 9.58638344727 250.129770992 -104.709923664 6.87022900763 END
START -4.79079752197 -2.42053787842 6.04775339355 250.129770992 -104.641221374 19.4198473282 END
START 8.51378110352 -13.5439987915 4.46518609619 250.129770992 -103.961832061 9.42748091603 END
START 2.86825358887 -8.01339295654 9.89044705811 250.129770992 -104.603053435 -2.42748091603 END
START 1.22343704834 -5.14035096436 1.37906015625 250.129770992 -103.824427481 7.20610687023 END
START 4.0557776123 -12.9143237549 9.29429084473 250.129770992 -104.564885496 9.64122137405 END
START 6.70376464844 -9.72764134521 6.375759021 250.129770992 -104.129770992 10.5190839695 END
START 10.4099888184 -7.69256993408 8.04212337646 250.129770992 -104.419847328 4.29007633588 END
START 4.23773693848 -8.80587370605 3.96958635254 250.129770992 -104.236641221 13.0152671756 END
START 1.90099611816 -9.30386765137 10.9486841919 250.129770992 -105.427480916 4.02290076336 END
START 1.27610948486 -7.07007750244 8.31266816406 250.129770992 -105.030534351 11.0305343511 END
START 2.92571442871 -15.8496149902 10.2232410889 250.129770992 -104.809160305 11.213740458 END
START 5.04697709961 -5.7748144043 6.29435616455 250.129770992 -103.809160305 12.1755725191 END
START 5.37258852539 -4.58250197754 0.61052142334 250.129770992 -104.923664122 3.06870229008 END
START 3.16274039307 -5.11880314941 12.0452285522 250.129770992 -103.885496183 7.0534351145 END
START 4.9152960083 -12.2391588867 6.11000263672 250.129770992 -104.480916031 9.0534351145 END
START -0.507570751953 -5.47314499512 4.52025273438 250.129770992 -94.4885496183 5.58015267176 END
START 3.57214887695 -5.45159718018 6.12197364502 250.129770992 -92.0381679389 0.81679389313 END
START -3.51468803711 -9.26316622314 12.3014081299 250.129770992 -75.4122137405 13.5496183206 END
START -1.18034141846 -4.5729251709 13.0579758545 250.129770992 -90.427480916 12.9312977099 END
START 2.74375510254 -13.6373726562 8.57603034668 250.129770992 -78.4809160305 6.93129770992 END
START 7.44117875977 -8.25520732422 6.90727178955 250.129770992 -88.3358778626 5.80916030534 END
START 9.98860932617 -19.4888015137 11.1354319214 250.129770992 -89.4580152672 6.00763358779 END
START -0.653617053223 -13.4314713135 7.20654699707 250.129770992 -92.9083969466 21.2366412214 END
START -2.36547124023 -11.2623246094 6.27520255127 250.129770992 -81.2442748092 9.03053435115 END
START 8.47068547363 -11.4227361206 13.371616272 250.129770992 -77.2748091603 8.23664122137 END
START 6.31350977783 -13.8193319824 10.1131078125 250.129770992 -73.8625954198 2.87022900763 END
START 5.69819995117 -7.78354959717 8.98304462891 250.129770992 -70.9847328244 6.00763358779 END
START 8.07564219971 -8.94234320068 12.4283008179 250.129770992 -70.7557251908 6.48091603053 END
START 4.69024105225 -10.4794206665 10.0843773926 250.129770992 -51.3358778626 20.7022900763 END
START 0.667982263184 -14.4130939941 7.77157858887 250.129770992 -70.1832061069 12.4809160305 END
START 0.371101257324 -8.80347950439 10.2687309204 250.129770992 -56.0839694656 12.5954198473 END
START 6.87614716797 -10.5368815063 4.16591088867 250.129770992 -60.6030534351 10.4580152672 END
START 1.80043964844 -5.91607230225 5.71495936279 250.129770992 -53.4580152672 13.8473282443 END
START 1.34554133301 -6.70137044678 6.44279666748 250.129770992 -53.0839694656 17.2519083969 END
START 1.30723410645 -8.31266816406 9.7827079834 250.129770992 -51.7251908397 15.320610687 END
START 0.30166940918 -9.10275471191 15.4306296997 250.129770992 -50.4961832061 10.7480916031 END
START 8.23126530762 -7.65905111084 6.03099398193 250.129770992 -39.0 7.24427480916 END
START 5.10204373779 -11.3126028442 6.06211860352 250.129770992 -48.8091603053 2.13740458015 END
START 1.41257897949 -11.5376578003 8.68376942139 250.129770992 -57.320610687 9.70992366412 END
START -4.5609541626 -7.37174691162 10.6996872192 250.129770992 -52.3129770992 5.34351145038 END
START 6.9767036377 -12.1745154419 4.44842668457 250.129770992 -50.0076335878 16.6946564885 END
START 6.11239683838 -3.09809694824 5.87297667236 250.129770992 -48.5954198473 4.25190839695 END
START 1.43412679443 -15.3683804565 8.5927897583 250.129770992 -55.0 8.96946564885 END
START 6.09084902344 -13.9462246704 5.14274516602 250.129770992 -41.2824427481 1.02290076336 END
START 9.04529387207 -8.33661018066 9.13627353516 250.129770992 -40.213740458 9.60305343511 END
START -1.45088620605 -15.7753947388 7.10599052734 250.129770992 -48.1297709924 4.08396946565 END
START 1.08936175537 -8.62391437988 12.5144920776 250.129770992 -39.8320610687 13.6641221374 END
START -1.27610948486 -8.71249984131 6.28717355957 250.129770992 -55.2442748092 7.11450381679 END
START 3.59369669189 -10.1945106689 8.10916102295 250.129770992 -39.1755725191 5.9465648855 END
START 0.328005627441 -10.0867715942 4.51785853271 250.129770992 -47.8702290076 13.0992366412 END
START -3.73974299316 -18.9477119385 3.34469971924 250.129770992 -47.7709923664 8.41984732824 END
START -4.75249029541 -10.4387192383 9.01656345215 250.129770992 -49.2061068702 2.76335877863 END
START -9.22725319824 -10.0987426025 4.79798012695 250.129770992 -42.0534351145 7.38167938931 END
START 3.95282694092 -19.4911957153 9.43794294434 250.129770992 -36.893129771 3.98473282443 END
START 4.31195718994 -11.3317564575 4.93444962158 250.129770992 -45.2213740458 9.10687022901 END
START 0.653617053223 -8.61194337158 13.5487871948 250.129770992 -43.7786259542 1.60305343511 END
START 0.833182177734 -4.9272670166 7.97269152832 250.129770992 -35.3053435115 7.29770992366 END
START 5.02782348633 -8.45153186035 5.5521536499 250.129770992 -32.9770992366 -1.63358778626 END
START 5.79636221924 -10.6757452026 1.71664259033 250.129770992 -54.5114503817 11.7251908397 END
START 7.83622203369 -8.37012900391 7.56328304443 250.129770992 -55.4198473282 5.58015267176 END
START 1.03668931885 -9.16739815674 12.9143237549 250.129770992 -56.5648854962 8.27480916031 END
START -4.41251365967 -11.384428894 7.45314976807 250.129770992 -55.8320610687 1.65648854962 END
START 0.395043273926 -7.81467421875 8.2863319458 250.129770992 -44.1221374046 4.14503816794 END
START -0.277727392578 -6.46434448242 7.64708010254 250.129770992 -50.2442748092 4.0 END
START -5.75326658936 -8.73165345459 13.4266829102 250.129770992 -51.3129770992 10.1297709924 END
START 0.287304199219 -8.53054051514 7.79791480713 250.129770992 -64.0076335878 4.89312977099 END
START -6.13155045166 -7.23048901367 8.10437261963 250.129770992 -72.7251908397 3.67175572519 END
START -3.43328518066 -10.5129394897 5.67186373291 250.129770992 -78.2671755725 15.9694656489 END
START -7.6494743042 1.15639940186 6.21055910645 250.129770992 -96.3435114504 17.3511450382 END
START 5.15950457764 -5.1618987793 9.17936916504 250.129770992 -98.213740458 15.4503816794 END
START 1.4963760376 -6.9767036377 6.58644876709 250.129770992 -104.366412214 10.5954198473 END
START -3.96240374756 -8.76756647949 13.1944453491 250.129770992 -104.86259542 8.11450381679 END
START -4.14675727539 -9.39484731445 7.6255322876 250.129770992 -104.366412214 11.0229007634 END
START -4.19224710693 2.05422502441 9.64384428711 250.129770992 -106.015267176 14.9465648855 END
START 5.34146390381 -10.4746322632 5.62158549805 250.129770992 -103.41221374 14.9160305344 END
START -1.11090957031 -3.08373173828 11.1928927612 250.129770992 -96.106870229 11.8015267176 END
START 4.537012146 -3.96479794922 7.50582220459 250.129770992 -95.7709923664 7.77099236641 END
START 4.6208092041 -9.98382092285 11.7100403198 250.129770992 -104.679389313 4.88549618321 END
START -2.48518132324 -18.8998279053 9.54328781738 250.129770992 -104.221374046 4.70992366412 END
START 3.10288535156 -6.67982263184 2.92810863037 250.129770992 -104.801526718 0.236641221374 END
START 5.12598575439 -2.40617266846 5.70059415283 250.129770992 -104.167938931 8.58778625954 END
START 3.21301862793 -10.0484643677 6.0693012085 250.129770992 -112.129770992 9.0534351145 END
START 11.1785275513 -11.01811604 9.35414588623 250.129770992 -101.65648855 -1.58778625954 END
START 11.286266626 -8.96867941895 7.51779321289 250.129770992 -112.312977099 10.6564885496 END
START 1.23540805664 -7.74763657227 6.1530982666 250.129770992 -103.435114504 4.69465648855 END
START 0.696712683105 -10.7092640259 8.8393925293 250.129770992 -105.198473282 4.99236641221 END
START 0.282515795898 -9.14345614014 9.51695159912 250.129770992 -97.2213740458 0.404580152672 END
START 14.6812445801 -5.96395633545 6.21055910645 250.129770992 -64.3664122137 10.0076335878 END
START 7.65426270752 -14.69560979 8.56645354004 250.129770992 -60.8015267176 11.1145038168 END
START 4.97036264648 -7.71890615234 6.39491263428 250.129770992 -72.2290076336 2.78625954198 END
START 4.14436307373 -10.9008001587 7.89847127686 250.129770992 -74.7404580153 7.02290076336 END