START -2.03985981445 -9.45709655762 6.51941112061 250.129770992 -62.6717557252 6.28244274809 END
START -1.82917006836 -16.1991684326 9.20809958496 250.129770992 -74.0076335878 -3.38167938931 END
START 0.840364782715 -4.84586416016 8.06845959473 250.129770992 -73.2900763359 15.0916030534 END
START 2.89219560547 -14.575899707 5.18344659424 250.129770992 -75.4427480916 10.7938931298 END
START 6.01184036865 -9.58398924561 11.8728460327 250.129770992 -75.2290076336 4.45801526718 END
START 0.0718260498047 -8.80347950439 6.1650692749 250.129770992 -71.9541984733 10.0916030534 END
START -2.33434661865 -10.9965682251 3.73016618652 250.129770992 -72.0763358779 5.51145038168 END
START 0.823605371094 -6.09803162842 7.50821640625 250.129770992 -74.2671755725 5.65648854962 END
START -1.15879360352 -7.98466253662 8.74362446289 250.129770992 -86.5267175573 0.511450381679 END
START 2.1212626709 -11.0995188965 5.21696541748 250.129770992 -80.5572519084 -3.72519083969 END
START -4.27364996338 -11.8082025879 6.50983431396 250.129770992 -77.6335877863 3.90839694656 END
START -10.7236292358 -1.42454998779 7.14908615723 250.129770992 -81.213740458 3.84732824427 END
START 2.04704241943 -5.74847818604 9.44512554932 250.129770992 -84.6030534351 4.06106870229 END
START -3.71580097656 -7.66623371582 2.68150585937 250.129770992 -86.0229007634 4.57251908397 END
START 1.34554133301 -9.19134017334 8.11394942627 250.129770992 -104.045801527 8.2213740458 END
START -5.7748144043 -10.5440641113 8.01818135986 250.129770992 -87.6946564885 12.7022900763 END
START -1.80522805176 -7.3789295166 8.26957253418 250.129770992 -103.748091603 9.50381679389 END
START 0.75896192627 -9.63187327881 8.78193168945 250.129770992 -103.93129771 9.67938931298 END
START -4.08450803223 -3.87860668945 9.2655604248 250.129770992 -104.496183206 5.83969465649 END
START 3.16992299805 -5.4563855835 3.3231519043 250.129770992 -106.290076336 1.24427480916 END
START 10.771513269 -10.7882726807 6.64151540527 250.129770992 -103.893129771 10.9694656489 END
START -4.67587584229 -9.35175168457 7.53694682617 250.129770992 -104.801526718 1.92366412214 END
START 0.0 -10.0580411743 7.66623371582 250.129770992 -105.244274809 8.32824427481 END
START 3.80917484131 -4.48194550781 13.3620394653 250.129770992 -104.259541985 13.6564885496 END
START -7.91044228516 -7.82903942871 7.56567724609 250.129770992 -104.167938931 3.5572519084 END
START 1.87705410156 -8.26478413086 5.69819995117 250.129770992 -103.809160305 5.71755725191 END
START -0.282515795898 -12.3445037598 7.03895288086 250.129770992 -104.526717557 -2.90839694656 END
START -0.644040246582 -3.40455476074 6.4834980957 250.129770992 -104.213740458 6.36641221374 END
START 6.67982263184 -8.54251152344 6.80432111816 250.129770992 -105.007633588 3.45801526718 END
START 4.37420643311 -10.5967365479 5.95916793213 250.129770992 -104.282442748 9.75572519084 END
START 6.92642540283 -8.18577547607 6.61517918701 250.129770992 -104.167938931 -1.23664122137 END
START -0.0119710083008 -7.07726010742 7.721300354 250.129770992 -103.664122137 8.84732824427 END
START 4.26167895508 -9.94072529297 5.33188709717 250.129770992 -111.847328244 9.39694656489 END
START 1.67594116211 -9.39963571777 11.1857101562 250.129770992 -107.442748092 -2.19847328244 END
START 6.07887801514 -2.06619603271 6.04775339355 250.129770992 -104.610687023 7.21374045802 END
START 4.11563265381 -7.47948598633 11.2120463745 250.129770992 -103.969465649 -3.35114503817 END
START 9.55286462402 -11.2311999878 12.6677209839 250.129770992 -104.374045802 10.8625954198 END
START 0.407014282227 -10.8074262939 12.0093155273 250.129770992 -103.847328244 5.52671755725 END
START -5.92325490723 -6.73488927002 11.9303068726 250.129770992 -104.641221374 7.74045801527 END
START 8.70771143799 -9.56244143066 7.22809481201 250.129770992 -96.4809160305 3.62595419847 END
START -1.72143099365 -12.1505734253 12.5312514893 250.129770992 -83.1755725191 0.557251908397 END
START 2.72460148926 -8.65743320312 11.2742956177 250.129770992 -75.0305343511 2.80916030534 END
START 2.04704241943 -3.69664736328 9.50737479248 250.129770992 -81.9847328244 12.2213740458 END
START 6.34702860107 -8.99262143555 12.3492921631 250.129770992 -66.0992366412 7.26717557252 END
START 1.2976572998 -5.68622894287 8.58321295166 250.129770992 -59.2671755725 14.9007633588 END
START 11.0755768799 -9.32780966797 10.7332060425 250.129770992 -49.9007633588 7.48091603053 END
START 5.29597407227 -13.8336971924 9.85213983154 250.129770992 -56.9389312977 10.2213740458 END
START -3.39258375244 -6.46673868408 7.3549875 250.129770992 -46.0916030534 6.18320610687 END
START 3.4069489624 -8.10916102295 7.45554396973 250.129770992 -42.1832061069 -2.69465648855 END
START 1.01753570557 -9.39724151611 9.34217487793 250.129770992 -52.427480916 9.31297709924 END
START -4.6686932373 -6.09084902344 6.72291826172 250.129770992 -47.0763358779 2.78625954198 END
START 6.72770666504 -10.6422263794 8.71968244629 250.129770992 -40.7175572519 6.25954198473 END
START 7.4268135498 -4.92008441162 5.2816088623 250.129770992 -38.2061068702 9.30534351145 END
START -5.93283171387 -6.95994422607 12.5958949341 250.129770992 -48.3740458015 11.4809160305 END
START 4.38138903809 -13.0483990479 6.74446607666 250.129770992 -47.786259542 5.17557251908 END
START -1.60890351563 -9.30865605469 9.44512554932 250.129770992 -44.3816793893 8.77099236641 END
START 13.1393787109 -7.73805976562 8.76756647949 250.129770992 -46.5190839695 4.45801526718 END
START -0.186747729492 -8.03015236816 9.59835445557 250.129770992 -40.8549618321 -3.64122137405 END
START 0.469263525391 -9.06205328369 9.95987890625 250.129770992 -49.6946564885 13.6488549618 END
START -3.80199223633 -12.1936690552 3.07894333496 250.129770992 -50.3282442748 3.56488549618 END
START 3.95043273926 -9.26316622314 8.51378110352 250.129770992 -45.1297709924 9.3893129771 END
START -0.660799658203 -18.1049529541 5.46596239014 250.129770992 -49.0763358779 9.58778625954 END
START -2.1212626709 -6.70137044678 3.6056677002 250.129770992 -55.8473282443 5.48854961832 END
START 6.16746347656 -12.131419812 3.13400997314 250.129770992 -58.2824427481 -3.4427480916 END
START 1.60890351563 -5.13316835937 14.5663229004 250.129770992 -54.4427480916 3.61832061069 END
START -5.42286676025 -10.3214033569 3.14119257812 250.129770992 -63.0152671756 -1.8320610687 END
START 2.77487972412 -10.3166149536 2.80839854736 250.129770992 -71.4732824427 0.870229007634 END
START 0.866701000977 -13.6134306396 7.67581052246 250.129770992 -58.7404580153 5.75572519084 END
START -1.55862528076 -15.8424323853 9.46188496094 250.129770992 -67.9618320611 8.88549618321 END
START -0.110133276367 -14.0683289551 10.3692873901 250.129770992 -66.3893129771 3.64122137405 END
START 5.89931289062 -8.18816967773 6.26083734131 250.129770992 -70.213740458 4.47328244275 END
START 1.90817872314 -10.3573163818 10.6996872192 250.129770992 -63.0610687023 6.01526717557 END
START -1.88902510986 -9.08120689697 0.703895288086 250.129770992 -82.3893129771 9.68702290076 END
START 0.0359130249023 -10.5943423462 12.7706716553 250.129770992 -82.5114503817 -0.0763358778626 END
START 0.284909997559 -14.3484505493 4.5848961792 250.129770992 -89.9007633588 9.80152671756 END
START 3.54820686035 -9.99100352783 6.04057078857 250.129770992 -98.534351145 -1.83969465649 END
START 4.3382934082 -5.21935961914 9.29429084473 250.129770992 -97.7786259542 5.21374045802 END
START 4.85783516846 -5.2576668457 8.55448253174 250.129770992 -102.083969466 18.6488549618 END
START -6.74925447998 -8.97825622559 5.43962617188 250.129770992 -104.732824427 4.49618320611 END
START -1.76931502686 -3.72058937988 5.42286676025 250.129770992 -104.778625954 11.9770992366 END
START -5.43483776855 -7.24964262695 12.6868745972 250.129770992 -102.091603053 9.00763358779 END
START -2.29125098877 -9.13866773682 5.19541760254 250.129770992 -105.885496183 4.68702290076 END
START -3.10527955322 -9.05726488037 9.09317790527 250.129770992 -104.702290076 12.2748091603 END
START 2.36068283691 -8.27914934082 8.25281312256 250.129770992 -105.106870229 11.0992366412 END
START 1.74297880859 -6.18422288818 8.46350286865 250.129770992 -105.465648855 5.28244274809 END
START -1.53707746582 -9.47864437256 11.0612116699 250.129770992 -104.969465649 13.0 END
START 3.63679232178 -9.20809958496 13.6804682861 250.129770992 -104.770992366 6.08396946565 END
START 4.90093079834 -10.9774146118 11.7675011597 250.129770992 -109.427480916 10.8549618321 END
START 2.33913502197 -11.0851536865 8.48983908691 250.129770992 -104.34351145 -0.152671755725 END
START 2.01831199951 -10.7571480591 7.49624539795 250.129770992 -104.152671756 0.770992366412 END
START 0.940921252441 -13.2854250122 5.84185205078 250.129770992 -104.221374046 -0.297709923664 END
START 0.644040246582 -4.9512090332 13.9414362671 250.129770992 -104.175572519 18.6106870229 END
START 3.03345350342 -8.72686505127 7.52018741455 250.129770992 -96.4351145038 4.51908396947 END
START 6.44519086914 -7.89847127686 4.51307012939 250.129770992 -104.503816794 6.40458015267 END
START 9.94551369629 -10.8026378906 6.64390960693 250.129770992 -95.8167938931 9.01526717557 END
START 7.07965430908 -6.02141717529 10.7619364624 250.129770992 -87.4351145038 7.12977099237 END
START 5.01585247803 -10.419565625 9.70848773193 250.129770992 -74.2519083969 3.49618320611 END
START 0.883460412598 -15.2247283569 4.86980617676 250.129770992 -65.2442748092 7.6106870229 END
START 9.01895765381 -8.93037219238 9.83538041992 250.129770992 -62.7633587786 7.74809160305 END
START 3.9719805542 -9.02374605713 14.1617028198 250.129770992 -63.2519083969 -1.57251908397 END
START -0.411802685547 -4.8554409668 9.00459244385 250.129770992 -48.6030534351 5.67938931298 END
START -0.521935961914 -10.2016932739 4.33350500488 250.129770992 -53.9923664122 8.96183206107 END
START 8.60236656494 -7.80030900879 6.68461103516 250.129770992 -56.4961832061 5.98473282443 END
START 3.6176387085 -10.2352120972 9.49300958252 250.129770992 -54.8244274809 12.320610687 END
START -3.08373173828 -8.88248815918 7.44117875977 250.129770992 -64.1526717557 9.28244274809 END
START 2.78445653076 -6.12676204834 5.31991608887 250.129770992 -62.4580152672 8.71755725191 END
START 5.08049592285 -7.20175859375 6.60320817871 250.129770992 -61.6641221374 6.38167938931 END