START -1.87226569824 -13.2662713989 7.49863959961 250.129770992 -66.2290076336 16.6183206107 END
START 3.56975467529 -9.32541546631 14.4992852539 250.129770992 -54.9236641221 -0.412213740458 END
START 7.82903942871 -3.69664736328 4.47476290283 250.129770992 -49.1526717557 11.213740458 END
START -0.60812722168 -7.69017573242 6.47631549072 250.129770992 -47.9541984733 2.45801526718 END
START -1.03668931885 -11.4801969604 4.70939466553 250.129770992 -34.5190839695 10.1603053435 END
START -3.72298358154 -8.80347950439 8.36534060059 250.129770992 -34.0916030534 8.20610687023 END
START -3.82114584961 -4.39814844971 6.44997927246 250.129770992 -40.4732824427 -2.09923664122 END
START -0.493205541992 -8.44434925537 7.97508572998 250.129770992 -46.3053435115 14.9083969466 END
START -2.33913502197 -9.91678327637 5.44202037354 250.129770992 -50.5496183206 1.46564885496 END
START -5.2217538208 -13.8384855957 8.44674345703 250.129770992 -54.3511450382 2.60305343511 END
START -0.991199487305 -12.0739589722 12.7682774536 250.129770992 -61.427480916 18.5419847328 END
START 2.87783039551 -11.8656634277 11.1258551147 250.129770992 -69.1297709924 9.4427480916 END
START -2.82036955566 -12.0524111572 9.15542714844 250.129770992 -55.3053435115 1.03053435115 END
START -5.05415970459 -12.5240688843 6.95036741943 250.129770992 -57.9083969466 4.32824427481 END
START 5.98310994873 -11.5807534302 12.3014081299 250.129770992 -71.4503816794 8.28244274809 END
START -0.105344873047 -8.86094034424 6.94318481445 250.129770992 -63.0381679389 2.67938931298 END
START 0.0861912597656 -13.3021844238 10.8361567139 250.129770992 -74.9083969466 9.31297709924 END
START 7.6853873291 -16.0459395264 14.8560213013 250.129770992 -94.3511450382 17.5419847328 END
START -4.08211383057 -11.8728460327 8.85615194092 250.129770992 -90.1297709924 13.1374045802 END
START -0.897825622559 -10.0843773926 9.24401260986 250.129770992 -100.045801527 7.87786259542 END
START 4.6447512207 -4.73094248047 4.44603248291 250.129770992 -104.580152672 14.5419847328 END
START -5.35822331543 -13.0460048462 8.70531723633 250.129770992 -104.083969466 7.19083969466 END
START 2.09971485596 -15.7418759155 13.8097551758 250.129770992 -104.396946565 1.04580152672 END
START 2.31519300537 -8.54251152344 8.82981572266 250.129770992 -104.145038168 0.81679389313 END
START -2.20745393066 -11.2144405762 7.55610043945 250.129770992 -104.427480916 9.70229007634 END
START 2.7940333374 -12.7610948486 7.19218178711 250.129770992 -98.9389312977 17.5877862595 END
START -2.59052619629 -10.6948988159 5.8466404541 250.129770992 -95.5267175573 3.07633587786 END
START 3.42610257568 -12.1769096436 4.22816013184 250.129770992 -92.0763358779 4.51145038168 END
START 4.68066424561 -8.65982740479 7.05571229248 250.129770992 -77.7786259542 2.96946564885 END
START 1.15161099854 -6.3637880127 8.84418093262 250.129770992 -81.1832061069 5.11450381679 END
START 3.35188232422 -6.32069238281 7.18978758545 250.129770992 -96.6641221374 -1.64885496183 END
START 2.41096107178 -6.39491263428 5.80115062256 250.129770992 -99.2061068702 8.16030534351 END
START -2.0733786377 -17.7099096802 4.98951625977 250.129770992 -98.4503816794 -0.885496183206 END
START 9.53371101074 -12.5671645142 10.0269165527 250.129770992 -98.679389313 2.11450381679 END
START 3.7373487915 -14.7267344116 7.54891783447 250.129770992 -104.625954198 0.595419847328 END
START 6.24647213135 -14.9326357544 5.67665213623 250.129770992 -96.2595419847 4.64122137405 END
START -0.289698400879 -7.62313808594 12.6485673706 250.129770992 -86.2671755725 2.73282442748 END
START 5.34146390381 -9.4762501709 6.81150372314 250.129770992 -87.5496183206 9.43511450382 END
START 7.38371791992 -7.79312640381 10.6948988159 250.129770992 -87.9618320611 -1.98473282443 END
START 1.55383687744 -9.74440075684 10.3956236084 250.129770992 -99.3358778626 16.9770992366 END
START 1.47003981934 -9.8305920166 8.2623899292 250.129770992 -104.091603053 11.1755725191 END
START -1.33117612305 -3.01190568848 12.5240688843 250.129770992 -106.541984733 -1.4427480916 END
START 10.2711251221 -5.58327827148 4.59447298584 250.129770992 -102.984732824 11.0687022901 END
START 0.907402429199 -11.518504187 5.51863482666 250.129770992 -104.671755725 2.58778625954 END
START 3.54102425537 -6.40688364258 8.56405933838 250.129770992 -103.770992366 -1.73282442748 END
START 6.64869801025 -12.2487356934 6.63193859863 250.129770992 -103.916030534 5.95419847328 END
START -1.8148048584 -1.29286889648 7.26400783691 250.129770992 -103.854961832 3.74809160305 END
START 7.25921943359 -12.4163298096 9.02374605713 250.129770992 -104.442748092 10.8778625954 END
START -1.34554133301 -11.5041389771 5.17626398926 250.129770992 -104.717557252 12.6488549618 END
START 0.754173522949 -9.67975731201 10.6637741943 250.129770992 -104.27480916 3.27480916031 END
START -0.239420166016 -5.73411297607 10.793061084 250.129770992 -104.335877863 10.5190839695 END
START 2.5234885498 -6.4475850708 9.33020386963 250.129770992 -96.2671755725 18.3740458015 END
START 4.99909306641 -6.34702860107 8.55927093506 250.129770992 -94.3664122137 3.65648854962 END
START 2.05901342773 -4.49391651611 7.62313808594 250.129770992 -92.3816793893 -2.70992366412 END
START 2.22900174561 -10.2328178955 10.6877162109 250.129770992 -88.4351145038 7.67938931298 END
START 2.77966812744 -4.98233365479 4.35984122314 250.129770992 -70.5267175573 -0.977099236641 END
START 5.74608398437 -7.52737001953 14.0563579468 250.129770992 -65.1374045802 18.2290076336 END
START 12.2678893066 -5.8586114624 6.6822168335 250.129770992 -69.7938931298 3.07633587786 END
START -3.71819517822 -11.8752402344 7.91044228516 250.129770992 -60.9465648855 8.13740458015 END
START 5.33667550049 -9.71806453857 10.2184526855 250.129770992 -51.9770992366 5.67175572519 END
START 3.69185895996 -11.6166664551 8.42998404541 250.129770992 -55.8778625954 8.64122137405 END
START 0.031124621582 -6.92881960449 6.46434448242 250.129770992 -64.2366412214 3.96946564885 END
START -1.24019645996 -4.08211383057 13.1872627441 250.129770992 -61.9465648855 8.95419847328 END
START 2.15478149414 -8.2504189209 6.75643708496 250.129770992 -49.8396946565 7.25954198473 END
START 0.890643017578 -9.65820949707 2.57616098633 250.129770992 -59.2366412214 4.87786259542 END
START 2.36068283691 -3.53863005371 4.09169063721 250.129770992 -45.9694656489 15.7480916031 END
START 0.418985290527 -6.9767036377 7.86016405029 250.129770992 -54.641221374 8.86259541985 END
START -0.713472094727 -13.48414375 8.34379278564 250.129770992 -46.8396946565 5.59541984733 END
START 0.627280834961 -8.09000740967 8.98304462891 250.129770992 -45.8778625954 10.465648855 END
START 5.83706364746 -9.31583865967 7.55370623779 250.129770992 -46.2900763359 -0.0152671755725 END
START -1.63045133057 -11.9470662842 8.75320126953 250.129770992 -47.2061068702 7.35114503817 END
START -4.27125576172 -8.67658681641 6.42124885254 250.129770992 -46.427480916 5.18320610687 END
START 8.91840118408 -8.75798967285 6.38294162598 250.129770992 -38.4809160305 9.01526717557 END
START 6.31590397949 -9.34217487793 7.73566556396 250.129770992 -32.9236641221 6.38167938931 END
START 1.85311208496 -10.2256352905 7.02219346924 250.129770992 -37.4045801527 11.3893129771 END
START 5.20260020752 -11.145008728 9.12669672852 250.129770992 -34.9618320611 3.92366412214 END
START 2.56658417969 -11.0109334351 6.01662877197 250.129770992 -36.8167938931 10.7251908397 END
START 1.87944830322 -8.51856950684 7.15387456055 250.129770992 -25.6564885496 4.54961832061 END
START -6.22013591309 -2.46602770996 5.55454785156 250.129770992 -25.9694656489 4.70229007634 END
START 4.68784685059 -9.46667336426 11.4801969604 250.129770992 -26.3740458015 3.88549618321 END
START 9.36851109619 -15.4976673462 12.8736223267 250.129770992 -25.6183206107 12.534351145 END
START 5.54257684326 -5.22893642578 5.64073911133 250.129770992 -16.7557251908 11.1374045802 END
START 3.68467635498 -12.5671645142 7.02698187256 250.129770992 -28.679389313 14.5877862595 END
START -1.58735570068 1.8626888916 5.22654222412 250.129770992 -6.31297709924 1.47328244275 END
START -0.356736047363 -7.22091220703 0.778115539551 250.129770992 -21.6946564885 12.0610687023 END
START -0.730231506348 -14.5040736572 11.0731826782 250.129770992 -35.1679389313 13.5801526718 END
START -2.16435830078 -5.47314499512 4.37899483643 250.129770992 -42.9083969466 13.0229007634 END
START -2.50912333984 -6.03099398193 8.69334622803 250.129770992 -50.0458015267 2.02290076336 END
START -0.91458503418 -7.09880792236 6.78277330322 250.129770992 -52.8625954198 3.04580152672 END
START 4.55855996094 -13.5799118164 11.8632692261 250.129770992 -45.5648854962 7.89312977099 END
START -0.948103857422 -4.75488449707 9.58638344727 250.129770992 -51.9389312977 8.78625954198 END
START -1.39342536621 -7.65186850586 0.816422766113 250.129770992 -72.7175572519 0.190839694656 END
START 1.5682020874 -7.3430164917 4.87698878174 250.129770992 -80.5267175573 14.9465648855 END
START -3.72058937988 -9.50737479248 12.3588689697 250.129770992 -73.7938931298 13.213740458 END
START -3.45722719727 -10.5273046997 11.5879360352 250.129770992 -71.3053435115 9.62595419847 END
START 2.59770880127 -4.41251365967 10.7691190674 250.129770992 -84.5648854962 8.09160305344 END
START 2.06380183105 -8.48026228027 9.61032546387 250.129770992 -81.0305343511 8.80152671756 END
START 3.84029946289 -3.39258375244 12.3325327515 250.129770992 -85.6717557252 8.71755725191 END
START -0.955286462402 -4.5489831543 6.19858809814 250.129770992 -102.366412214 0.916030534351 END
START 0.509964953613 -9.56722983398 7.80749161377 250.129770992 -105.076335878 10.6946564885 END
START -1.84592947998 -2.29843359375 8.49941589355 250.129770992 -104.938931298 -1.22900763359 END
START 3.6176387085 -8.35097539062 9.97424411621 250.129770992 -105.435114504 0.0763358778626 END
START -2.85149417725 -12.3014081299 6.36139381104 250.129770992 -103.938931298 -3.07633587786 END
START -0.885854614258 -12.3564747681 9.55525882568 250.129770992 -109.015267176 10.1908396947 END
START 5.63595070801 -3.84748206787 9.7587659668 250.129770992 -102.732824427 15.3435114504 END
START 0.0814028564453 -2.56658417969 15.5742817993 250.129770992 -111.969465649 11.8473282443 END
START 1.2856862915 1.84592947998 4.98233365479 250.129770992 -104.007633588 6.17557251908 END
START 4.17069929199 -15.8472207886 4.50109912109 250.129770992 -104.381679389 11.9083969466 END
START -6.02141717529 -1.98479317627 10.9989624268 250.129770992 -104.86259542 5.53435114504 END
START -7.92241329346 -7.05331809082 10.4219598267 250.129770992 -102.541984733 3.22900763359 END
START -7.59201346436 -17.1233302734 8.24802471924 250.129770992 -104.465648855 2.14503816794 END
START -3.72058937988 -7.81467421875 10.3932294067 250.129770992 -111.839694656 15.465648855 END
START 1.38624276123 -3.02627089844 6.13394465332 250.129770992 -107.389312977 17.465648855 END
START 3.7373487915 -9.65342109375 5.19302340088 250.129770992 -104.832061069 10.7404580153 END
START 2.03507141113 -10.5009684814 6.70137044678 250.129770992 -112.946564885 4.28244274809 END
START 8.46829127197 -9.44991395264 13.1872627441 250.129770992 -113.992366412 4.91603053435 END
START -2.03507141113 -6.32069238281 4.5848961792 250.129770992 -109.854961832 2.06106870229 END
START -2.62404501953 -6.7301008667 6.90008918457 250.129770992 -114.557251908 3.3358778626 END
START -0.943315454102 -14.8799633179 9.39245311279 250.129770992 -113.091603053 16.3893129771 END
START 4.91769020996 -4.0557776123 6.09084902344 250.129770992 -101.877862595 8.88549618321 END
START 2.36068283691 -7.53934102783 8.99262143555 250.129770992 -103.335877863 15.4809160305 END
START 9.85692823486 -6.00705196533 12.3277443481 250.129770992 -104.41221374 3.89312977099 END
START 6.7061588501 -6.94797321777 15.6724440674 250.129770992 -103.221374046 11.5572519084 END
START 1.87705410156 -10.5751887329 2.80839854736 250.129770992 -92.7404580153 18.3664122137 END
START 2.71263048096 -12.6629325806 6.12915625 250.129770992 -79.106870229 9.93893129771 END
START -2.72699569092 -3.96719215088 10.0029745361 250.129770992 -80.3740458015 7.10687022901 END
START 0.821211169434 -9.81383260498 8.17380446777 250.129770992 -77.1755725191 16.9847328244 END
START 5.24330163574 -11.5352635986 5.24090743408 250.129770992 -60.3511450382 3.13740458015 END
START 3.3470939209 -10.7379944458 8.41322463379 250.129770992 -65.4961832061 -0.114503816794 END
START 11.0300870483 -7.84579884033 9.93833109131 250.129770992 -81.4961832061 2.81679389313 END
START -5.56651885986 -6.65109221191 2.73896669922 250.129770992 -74.6106870229 2.68702290076 END
START 4.07253702393 -4.39814844971 8.63827958984 250.129770992 -68.1450381679 13.6641221374 END
START 6.49786330566 -16.0196033081 5.00148726807 250.129770992 -70.106870229 11.5267175573 END
START 0.0191536132812 -7.06528909912 10.2400005005 250.129770992 -70.641221374 2.87786259542 END
START 6.57447775879 -9.41400092773 7.41963094482 250.129770992 -59.1221374046 8.79389312977 END
START 1.35032973633 -11.3054202393 3.48595761719 250.129770992 -68.1755725191 22.3969465649 END
START 5.27442625732 -3.22020123291 8.09240161133 250.129770992 -65.0152671756 15.5267175573 END
START 8.04212337646 -7.60637867432 4.65432802734 250.129770992 -62.5267175573 14.1755725191 END
START 1.2138602417 -12.8065846802 8.70292303467 250.129770992 -64.8854961832 17.4885496183 END