START -6.82826313477 -12.0548053589 7.9918451416 250.129770992 -69.2061068702 3.9465648855 END
START 1.49158763428 -7.16823977051 9.69651672363 250.129770992 -61.3816793893 2.22900763359 END
START -0.282515795898 -8.72686505127 8.16422766113 250.129770992 -63.9236641221 -0.213740458015 END
START -6.742071875 -13.2064163574 7.77636699219 250.129770992 -61.9007633588 9.76335877863 END
START -1.65918175049 -15.7849715454 6.31350977783 250.129770992 -62.0763358779 5.99236641221 END
START -3.24893165283 -13.9941087036 7.49385119629 250.129770992 -63.5419847328 0.458015267176 END
START -1.40060797119 -15.1289602905 8.8154505127 250.129770992 -67.106870229 7.29007633588 END
START -2.37504804687 -11.6980693115 3.04303031006 250.129770992 -80.8473282443 9.69465648855 END
START -4.34547601318 -9.35654008789 4.3143513916 250.129770992 -65.5572519084 5.07633587786 END
START 0.289698400879 -11.5520230103 14.2646534912 250.129770992 -80.0992366412 9.97709923664 END
START -2.90177241211 -13.8624276123 1.8626888916 250.129770992 -84.0229007634 6.20610687023 END
START 5.29357987061 -6.08606062012 5.58327827148 250.129770992 -78.7251908397 8.49618320611 END
START -3.48356341553 -4.19464130859 8.47547387695 250.129770992 -91.1984732824 0.969465648855 END
START -2.35828863525 -13.7187755127 8.19295808105 250.129770992 -95.3893129771 13.3358778626 END
START -1.76452662354 -14.9805197876 8.77235488281 250.129770992 -88.4045801527 7.12977099237 END
START -3.14598098145 -8.2264769043 9.02374605713 250.129770992 -80.1679389313 4.35877862595 END
START -2.73657249756 -1.12766898193 6.96952103271 250.129770992 -88.6488549618 1.69465648855 END
START 2.84909997559 -10.6087075562 5.63595070801 250.129770992 -94.572519084 12.4427480916 END
START -3.01190568848 -9.36372269287 4.33589920654 250.129770992 -103.580152672 7.29007633588 END
START -0.131681091309 -10.7451770508 7.721300354 250.129770992 -103.625954198 5.51145038168 END
START 5.03261188965 -11.9542488892 7.62074388428 250.129770992 -90.3664122137 10.6488549618 END
START 3.88818349609 -11.8249619995 3.9360675293 250.129770992 -89.3053435115 7.19847328244 END
START -3.65594593506 -10.6158901611 5.22654222412 250.129770992 -95.8549618321 0.824427480916 END
START 1.35272393799 -15.2366993652 10.0843773926 250.129770992 -91.4961832061 12.5877862595 END
START 1.38145435791 -10.2016932739 3.77326181641 250.129770992 -91.9236641221 5.73282442748 END
START -1.45806881104 -9.36851109619 7.6973583374 250.129770992 -86.3282442748 7.57251908397 END
START 3.69904156494 -3.31596929932 5.90410129395 250.129770992 -90.5648854962 11.0152671756 END
START 2.18830031738 -13.9366478638 3.83551105957 250.129770992 -100.702290076 7.56488549618 END
START 3.59369669189 -13.850456604 9.04529387207 250.129770992 -105.465648855 -3.09160305344 END
START -0.45250411377 -10.42674823 9.48103857422 250.129770992 -94.6488549618 9.45801526718 END
START 0.0167594116211 -2.7940333374 6.32069238281 250.129770992 -93.2977099237 -0.656488549618 END
START 4.0078935791 -10.3549221802 7.22570061035 250.129770992 -91.9847328244 5.3893129771 END
START 5.36301171875 -6.79474431152 9.24640681152 250.129770992 -90.6488549618 9.87786259542 END
START 0.60573302002 -8.70771143799 6.40209523926 250.129770992 -77.5190839695 -3.27480916031 END
START 5.46117398682 -12.512097876 7.0724717041 250.129770992 -75.2977099237 9.54961832061 END
START -7.41005413818 -19.3044479858 7.92241329346 250.129770992 -72.0916030534 7.0534351145 END
START -0.404620080566 -11.1761333496 9.10754311523 250.129770992 -73.0229007634 15.9465648855 END
START 0.124498486328 -13.3309148437 9.560047229 250.129770992 -66.4961832061 -3.31297709924 END
START 0.409408483887 -8.63109698486 9.04768807373 250.129770992 -64.4885496183 2.90839694656 END
START 11.4466781372 -13.223175769 13.1920511475 250.129770992 -74.2366412214 5.63358778626 END
START -3.3590649292 -12.0595937622 6.18182868652 250.129770992 -76.2519083969 5.84732824427 END
START -0.823605371094 1.63763393555 5.61440289307 250.129770992 -80.4351145038 13.2442748092 END
START -0.260967980957 -12.737152832 7.53934102783 250.129770992 -71.0992366412 3.83969465649 END
START -0.706289489746 -11.4035825073 8.41801303711 250.129770992 -76.6106870229 10.6488549618 END
START 8.40364782715 -8.17380446777 10.4602670532 250.129770992 -75.8625954198 -0.526717557252 END
START 3.68707055664 -13.364433667 12.6964514038 250.129770992 -75.6641221374 2.70229007634 END
START -4.44603248291 -12.5025210693 11.7962315796 250.129770992 -76.0534351145 3.64885496183 END
START 9.14824454346 -0.296881005859 8.75320126953 250.129770992 -90.3435114504 9.7786259542 END
START 3.41413156738 -8.76517227783 11.3245738525 250.129770992 -80.3511450382 18.6488549618 END
START 5.11640894775 -5.53060583496 11.0037508301 250.129770992 -73.8473282443 1.67175572519 END
START -6.97430943604 -6.81868632812 9.16260975342 250.129770992 -67.8702290076 1.6641221374 END
START -1.85550628662 -8.27196673584 16.4936552368 250.129770992 -81.1984732824 12.6030534351 END
START 9.96706151123 -10.9941740234 7.26400783691 250.129770992 -82.427480916 10.8702290076 END
START -5.74129558105 -7.3071034668 9.45709655762 250.129770992 -83.4045801527 7.10687022901 END
START 3.3830069458 -13.1489555176 5.84424625244 250.129770992 -68.6870229008 -2.80152671756 END
START 3.58651408691 -1.36230074463 7.69975253906 250.129770992 -73.9007633588 0.786259541985 END
START -0.31124621582 -10.8146088989 8.91600698242 250.129770992 -78.7404580153 -3.48854961832 END
START 2.01831199951 -9.1578213501 6.08845482178 250.129770992 -71.3358778626 2.23664122137 END
START -1.07260234375 -7.05571229248 12.7084224121 250.129770992 -67.1145038168 4.9465648855 END
START -0.814028564453 -5.24809003906 9.46906756592 250.129770992 -68.4427480916 11.786259542 END
START -2.53785375977 -6.46673868408 8.06127698975 250.129770992 -68.3358778626 11.1374045802 END
START -2.84670577393 -9.94790789795 6.87135876465 250.129770992 -60.1832061069 2.41221374046 END
START 2.11168586426 -13.2016279541 7.20175859375 250.129770992 -60.2213740458 1.31297709924 END
START -1.75734401855 -7.49624539795 3.31836350098 250.129770992 -63.6946564885 -2.49618320611 END
START 1.41497318115 -4.40293685303 5.84424625244 250.129770992 -55.572519084 7.56488549618 END
START 7.04374128418 -11.0492406616 6.36139381104 250.129770992 -58.7251908397 1.98473282443 END
START 2.36547124023 -15.1050182739 12.6988456055 250.129770992 -52.8854961832 8.78625954198 END
START -0.210689746094 -9.75637176514 1.20667763672 250.129770992 -47.0 -2.45038167939 END
START -0.92176763916 -8.39407102051 4.91050760498 250.129770992 -47.6717557252 8.92366412214 END
START 0.792480749512 -13.2926076172 4.25210214844 250.129770992 -45.679389313 3.56488549618 END
START -2.37744224854 -4.97754525146 3.6535517334 250.129770992 -46.1297709924 13.0610687023 END
START 4.90811340332 -10.3740757935 3.09809694824 250.129770992 -46.6030534351 2.69465648855 END
START 1.87705410156 -16.2231104492 3.82354005127 250.129770992 -32.1679389313 -2.23664122137 END
START -2.1571756958 -10.5656119263 2.16675250244 250.129770992 -46.8549618321 6.3893129771 END
START -4.6686932373 -7.70454094238 5.27921466064 250.129770992 -44.8244274809 10.6030534351 END
START -1.11569797363 -8.94473740234 7.00543405762 250.129770992 -38.4732824427 9.4427480916 END
START 0.488417138672 -11.4514665405 6.20337650146 250.129770992 -43.0458015267 2.12977099237 END
START 1.35990654297 -5.88015927734 7.75003077393 250.129770992 -32.1679389313 2.63358778626 END
START -2.52827695312 -13.0627642578 2.91613762207 250.129770992 -48.106870229 8.82442748092 END
START -2.04225401611 -12.6820861938 5.42286676025 250.129770992 -40.8320610687 0.335877862595 END
START 0.0742202514648 -8.48265648193 4.85065256348 250.129770992 -43.6717557252 -1.5572519084 END
START -2.11647426758 -10.4650554565 4.21379492187 250.129770992 -41.4961832061 3.04580152672 END
START -4.47476290283 -10.285490332 4.46039769287 250.129770992 -41.3969465649 2.71755725191 END
START 0.545877978516 -15.7299049072 8.37970581055 250.129770992 -47.1221374046 6.80916030534 END
START 2.35589443359 -12.1122661987 6.03338818359 250.129770992 -45.2900763359 0.557251908397 END
START -4.70700046387 -11.9662198975 9.09796630859 250.129770992 -52.106870229 3.00763358779 END
START -3.66312854004 -6.85938775635 6.54574733887 250.129770992 -54.0916030534 12.9618320611 END
START 0.701501086426 -10.1202904175 9.97663831787 250.129770992 -58.3435114504 3.23664122137 END
START 1.54904847412 -11.2958434326 3.53144744873 250.129770992 -44.572519084 1.97709923664 END
START -1.57538469238 -13.2830308105 6.29914456787 250.129770992 -54.358778626 1.23664122137 END
START -2.7341782959 -9.58877764893 6.83065733643 250.129770992 -63.9389312977 13.7022900763 END
START 2.96402165527 -10.9343189819 9.59356605225 250.129770992 -53.3893129771 9.04580152672 END
START 3.05021291504 -6.64151540527 10.9941740234 250.129770992 -66.1526717557 3.4427480916 END
START -3.08612593994 -8.5089927002 2.4875755249 250.129770992 -69.3740458015 -0.328244274809 END
START -7.84579884033 -7.89128867187 7.61595548096 250.129770992 -68.3129770992 6.74809160305 END
START -4.50828172607 -12.2942255249 13.8313029907 250.129770992 -76.786259542 11.1145038168 END
START 0.421379492187 -7.16105716553 8.17380446777 250.129770992 -72.7404580153 -1.15267175573 END
START -2.69347686768 -4.5489831543 5.80833322754 250.129770992 -85.572519084 4.58015267176 END
START 2.0733786377 -10.1202904175 3.24414324951 250.129770992 -81.0839694656 13.6259541985 END
START -0.984016882324 -7.46751497803 2.80361014404 250.129770992 -82.3053435115 6.64885496183 END
START -4.29759197998 -3.35188232422 5.62397969971 250.129770992 -93.3053435115 10.9618320611 END
START -0.404620080566 -4.17548769531 5.1858407959 250.129770992 -103.282442748 11.0839694656 END
START -2.99993468018 -10.919953772 5.74129558105 250.129770992 -91.5038167939 5.47328244275 END
START -2.7820623291 -11.6430026733 6.74686027832 250.129770992 -95.7251908397 2.89312977099 END
START -5.06852491455 -16.9461593506 0.541089575195 250.129770992 -97.786259542 -0.0152671755725 END
START 0.387860668945 -13.2135989624 7.14669195557 250.129770992 -105.175572519 0.129770992366 END
START -3.83072265625 -6.22731851807 8.20971749268 250.129770992 -105.13740458 -1.95419847328 END
START 4.35505281982 -8.77474908447 14.8057430664 250.129770992 -99.5419847328 1.52671755725 END
START 0.14844050293 -10.2807019287 10.6278611694 250.129770992 -104.389312977 13.4732824427 END
START -4.20421811523 -7.90086547852 4.26407315674 250.129770992 -103.083969466 11.1374045802 END
START 0.778115539551 -8.17141026611 5.83706364746 250.129770992 -104.335877863 -5.35877862595 END
START -0.715866296387 -13.9198884521 8.31266816406 250.129770992 -106.519083969 -3.70229007634 END
START 1.20667763672 -11.5711766235 11.7962315796 250.129770992 -104.748091603 2.50381679389 END
START 3.09330854492 -14.709975 10.778695874 250.129770992 -100.900763359 12.8854961832 END
START -0.335188232422 -10.2016932739 8.13070883789 250.129770992 -91.7786259542 10.1679389313 END
START -1.1899182251 -5.06134230957 5.7867854126 250.129770992 -87.9847328244 16.2748091603 END
START 2.93050283203 -10.4219598267 7.72608875732 250.129770992 -93.4351145038 3.00763358779 END
START 2.07577283936 -14.5735055054 10.771513269 250.129770992 -92.6564885496 5.75572519084 END
START 4.87220037842 -10.919953772 6.4116720459 250.129770992 -83.4503816794 15.9160305344 END
START -8.44674345703 -5.5641246582 9.45949075928 250.129770992 -77.2061068702 9.23664122137 END
START 1.99197578125 -10.2471831055 8.96867941895 250.129770992 -74.5572519084 4.74809160305 END
START 6.26323154297 -11.4825911621 9.40921252441 250.129770992 -77.0381679389 7.51145038168 END
START 4.93205541992 -9.43794294434 6.9767036377 250.129770992 -76.5801526718 10.9618320611 END
START 3.23935484619 -3.17949980469 6.39491263428 250.129770992 -64.0687022901 14.0534351145 END
START 4.39096584473 -5.68383474121 7.12753834229 250.129770992 -69.4198473282 5.67938931298 END
START 0.478840332031 -13.0292454346 7.3549875 250.129770992 -55.9694656489 5.46564885496 END
START 2.27209737549 -8.53772312012 4.20661231689 250.129770992 -59.0229007634 3.3893129771 END
START 3.09091434326 -6.35421120605 13.3333090454 250.129770992 -50.1908396947 7.11450381679 END
START -2.96641585693 -6.86178195801 14.9589719727 250.129770992 -56.679389313 11.1603053435 END
START -7.54173522949 -9.76594857178 9.02853446045 250.129770992 -54.9923664122 12.8702290076 END
START -0.91458503418 -13.0579758545 8.12831463623 250.129770992 -57.3893129771 11.4503816794 END