START 4.52264693604 -11.8536924194 9.02135185547 250.129770992 -71.8473282443 5.6106870229 END
START -5.50905802002 -10.4578728516 5.86818826904 250.129770992 -62.2748091603 20.679389313 END
START 1.60890351563 -6.55771834717 8.07564219971 250.129770992 -72.0839694656 -3.09160305344 END
START -2.92092602539 -10.8529161255 14.5663229004 250.129770992 -63.6946564885 11.7175572519 END
START -0.497993945312 -10.7475712524 5.23611903076 250.129770992 -64.0839694656 1.96183206107 END
START -3.20583602295 -11.0444522583 6.90727178955 250.129770992 -65.213740458 7.09160305344 END
START 2.70305367432 -5.37019432373 10.1969048706 250.129770992 -63.3664122137 -1.75572519084 END
START -2.25533796387 -5.68622894287 12.6581441772 250.129770992 -63.5038167939 2.0 END
START 8.29351455078 -11.0037508301 8.04212337646 250.129770992 -72.1908396947 -1.31297709924 END
START 2.085349646 -8.29112034912 5.03500609131 250.129770992 -69.320610687 5.87022900763 END
START 2.27449157715 -6.86657036133 7.25203682861 250.129770992 -62.8625954198 7.64885496183 END
START -1.8028338501 -13.8193319824 12.5432224976 250.129770992 -62.1603053435 11.5267175573 END
START -3.60087929687 -4.09647904053 5.43004936523 250.129770992 -69.8320610687 12.213740458 END
START -7.90565388184 -6.31111557617 4.94881483154 250.129770992 -68.213740458 -1.51145038168 END
START 3.40934316406 -9.20809958496 12.3947819946 250.129770992 -68.2824427481 10.3969465649 END
START -1.04387192383 -12.0141039307 8.43956085205 250.129770992 -66.8091603053 7.5572519084 END
START 0.241814367676 -7.73805976562 11.6166664551 250.129770992 -75.786259542 -0.480916030534 END
START -1.62805712891 -6.26323154297 3.78762702637 250.129770992 -69.4122137405 15.9770992366 END
START -0.505176550293 -7.84101043701 5.89691868896 250.129770992 -71.9312977099 0.114503816794 END
START -1.00317049561 -10.3788641968 7.67820472412 250.129770992 -82.427480916 12.7786259542 END
START -0.878672009277 -8.10197841797 5.26724365234 250.129770992 -77.9465648855 7.32061068702 END
START -0.775721337891 -9.97184991455 8.43956085205 250.129770992 -71.8320610687 5.61832061069 END
START 1.18034141846 -9.86411083984 11.2072579712 250.129770992 -69.7480916031 7.45038167939 END
START 3.35667072754 -11.3030260376 7.47948598633 250.129770992 -71.1526717557 8.65648854962 END
START -5.2816088623 -5.05894810791 6.57926616211 250.129770992 -72.6335877863 6.16030534351 END
START -3.13879837646 -8.27914934082 3.6535517334 250.129770992 -77.7404580153 11.8244274809 END
START 1.41497318115 -10.1274730225 1.75973822021 250.129770992 -72.2213740458 -5.28244274809 END
START -4.44124407959 -16.8886985107 11.0683942749 250.129770992 -72.4351145038 13.7633587786 END
START 4.33111080322 -4.0078935791 6.10042583008 250.129770992 -73.6030534351 -2.4427480916 END
START 1.71424838867 -9.60553706055 3.98634576416 250.129770992 -87.2519083969 2.57251908397 END
START 1.8626888916 -4.67827004395 4.19464130859 250.129770992 -80.3969465649 3.30534351145 END
START 1.73819040527 -5.41089575195 5.90888969727 250.129770992 -82.6106870229 4.98473282443 END
START -0.30166940918 -5.4444145752 11.6573678833 250.129770992 -96.4351145038 6.90839694656 END
START -1.76931502686 -12.4426660278 7.86016405029 250.129770992 -100.664122137 4.81679389313 END
START 0.213083947754 -10.8744639404 8.26717833252 250.129770992 -95.2213740458 -0.679389312977 END
START -2.26252056885 -10.8672813354 10.4698438599 250.129770992 -105.183206107 4.63358778626 END
START 0.818816967773 -4.903325 7.69017573242 250.129770992 -103.671755725 10.0763358779 END
START 3.59369669189 -7.37653531494 6.45716187744 250.129770992 -102.335877863 11.0381679389 END
START -1.19710083008 -5.90649549561 6.07169541016 250.129770992 -104.236641221 8.72519083969 END
START 0.0526724365234 -8.78911429443 10.3094323486 250.129770992 -103.946564885 2.01526717557 END
START 9.82819781494 -14.9254531494 6.33266339111 250.129770992 -104.801526718 5.76335877863 END
START 8.55927093506 -7.69496413574 6.21055910645 250.129770992 -104.091603053 4.10687022901 END
START -1.24498486328 -7.51300480957 5.92804331055 250.129770992 -104.389312977 0.847328244275 END
START 1.61129771729 -9.53371101074 5.99986936035 250.129770992 -114.916030534 0.511450381679 END
START -1.7788918335 -4.41251365967 4.903325 250.129770992 -104.030534351 10.6641221374 END
START 5.17865819092 -8.94234320068 9.30147344971 250.129770992 -104.053435115 10.8396946565 END
START 0.418985290527 -11.6573678833 7.57764825439 250.129770992 -104.580152672 7.86259541985 END
START 3.33033450928 -13.4290771118 9.5720182373 250.129770992 -114.946564885 11.4885496183 END
START 1.45806881104 -14.5184388672 5.26484945068 250.129770992 -116.198473282 10.8091603053 END
START -2.30322199707 -9.22725319824 5.90649549561 250.129770992 -107.167938931 9.68702290076 END
START -3.29202728271 -13.5320277832 3.2992098877 250.129770992 -109.786259542 -0.236641221374 END
START 3.9600095459 -11.6501852783 12.2056400635 250.129770992 -112.305343511 2.80916030534 END
START 3.22738383789 -10.898405957 8.67658681641 250.129770992 -110.595419847 -3.31297709924 END
START 8.24323631592 -9.02135185547 6.05014759521 250.129770992 -106.145038168 6.38167938931 END
START 4.45321508789 -11.2838724243 9.5361052124 250.129770992 -104.396946565 3.96183206107 END
START 2.27688577881 -9.80425579834 8.89445916748 250.129770992 -105.335877863 -2.51908396947 END
START 0.993593688965 -5.58088406982 6.80671531982 250.129770992 -105.061068702 0.809160305344 END
START 6.16028087158 -10.6398321777 9.60793126221 250.129770992 -88.0534351145 2.61832061069 END
START 4.84107575684 -8.12113203125 12.4091472046 250.129770992 -103.244274809 14.2900763359 END
START 3.78762702637 -13.3093670288 9.51695159912 250.129770992 -93.4885496183 0.862595419847 END
START 6.29675036621 -4.06535441895 5.73890137939 250.129770992 -81.6641221374 6.0 END
START 2.20266552734 -12.5695587158 6.23689532471 250.129770992 -83.6335877863 2.03053435115 END
START -2.73657249756 -8.12592043457 8.01818135986 250.129770992 -64.9160305344 11.6183206107 END
START -0.986411083984 -10.5512467163 12.8520745117 250.129770992 -60.320610687 -0.335877862595 END
START 1.12288057861 -8.214505896 8.76277807617 250.129770992 -57.5954198473 -0.343511450382 END
START 0.486022937012 -7.62074388428 6.72052406006 250.129770992 -57.7938931298 -0.312977099237 END
START 1.73340200195 -9.16021555176 10.6901104126 250.129770992 -61.3358778626 2.50381679389 END
START 0.541089575195 -13.1824743408 7.95832631836 250.129770992 -60.6717557252 2.93129770992 END
START 0.75896192627 -10.6853220093 9.53131680908 250.129770992 -54.9083969466 -2.3358778626 END
START 2.97599266357 -6.96233842773 5.86100566406 250.129770992 -60.2595419847 1.59541984733 END
START 2.72938989258 -9.88087025146 5.19302340088 250.129770992 -56.8244274809 7.51908396947 END
START 3.28245047607 -12.2678893066 7.32386287842 250.129770992 -45.9007633588 3.22900763359 END
START -2.60728560791 -16.661249353 10.0628295776 250.129770992 -47.9770992366 5.63358778626 END
START -0.45968671875 -10.800243689 7.88650026855 250.129770992 -44.9923664122 -5.48854961832 END
START 3.430890979 -11.7028577148 7.62313808594 250.129770992 -45.1450381679 3.8320610687 END
START 0.14604630127 -5.15711037598 6.67742843018 250.129770992 -48.6106870229 6.87786259542 END
START 2.4037784668 -6.09084902344 9.10275471191 250.129770992 -51.6717557252 2.24427480916 END
START -0.574608398438 -11.5017447754 1.72382519531 250.129770992 -47.1450381679 8.82442748092 END
START 3.10288535156 -4.05817181396 12.7922194702 250.129770992 -52.9236641221 0.221374045802 END
START 8.07564219971 -1.99676418457 6.28238515625 250.129770992 -49.7938931298 9.12213740458 END
START 0.203507141113 -11.2168347778 9.93114848633 250.129770992 -52.5801526718 3.7786259542 END
START -3.28963308105 -5.5641246582 6.25126053467 250.129770992 -45.4809160305 7.29007633588 END
START 5.28879146729 -5.85382305908 7.59919606934 250.129770992 -54.2519083969 -1.81679389313 END
START 10.9295305786 -6.13394465332 12.2535240967 250.129770992 -49.893129771 0.450381679389 END
START 2.82755216064 -9.4523081543 6.89769498291 250.129770992 -50.9312977099 5.84732824427 END
START 2.42532628174 -7.71172354736 7.37414111328 250.129770992 -54.9160305344 6.47328244275 END
START -2.82036955566 -16.7067391846 12.6342021606 250.129770992 -60.4503816794 -0.00763358778626 END
START -6.37815322266 -10.7427828491 7.28555565186 250.129770992 -54.6488549618 4.58015267176 END
START -3.07176072998 -6.04775339355 5.95198532715 250.129770992 -51.5038167939 2.18320610687 END
START 1.5083470459 -3.65834013672 6.21534750977 250.129770992 -68.9923664122 9.37404580153 END
START -2.15956989746 -8.62152017822 5.87537087402 250.129770992 -56.9312977099 2.59541984733 END
START -1.78846864014 -8.8154505127 5.8466404541 250.129770992 -61.641221374 4.73282442748 END
START 2.02788880615 -9.63187327881 8.30787976074 250.129770992 -64.6030534351 6.42748091603 END
START -0.00478840332031 -8.8992475708 8.37731160889 250.129770992 -67.7786259542 17.213740458 END
START 5.04218869629 -12.124237207 0.981622680664 250.129770992 -64.4503816794 17.4503816794 END
START 1.12766898193 -7.41723674316 12.6126543457 250.129770992 -67.9847328244 7.9465648855 END
START -0.682347473145 -10.2352120972 6.4236430542 250.129770992 -73.6259541985 11.5419847328 END
START -1.74537301025 -8.38449421387 7.14429775391 250.129770992 -76.4580152672 -1.06870229008 END
START 0.61770402832 -5.89931289062 6.27999095459 250.129770992 -75.6717557252 1.09923664122 END
START 4.17309349365 -6.32069238281 5.40371314697 250.129770992 -84.9847328244 6.88549618321 END
START 3.39737215576 -8.2983029541 2.48996972656 250.129770992 -89.9312977099 12.6106870229 END
START -5.30315667725 -9.09317790527 3.6535517334 250.129770992 -81.1984732824 10.9083969466 END
START -1.33117612305 -11.3413332642 12.2822545166 250.129770992 -83.2900763359 7.92366412214 END
START 0.476446130371 -10.053252771 5.32949289551 250.129770992 -81.9847328244 12.7786259542 END
START -1.29286889648 -7.30949766846 8.02536396484 250.129770992 -94.4045801527 -1.19847328244 END
START -0.0742202514648 -13.7259581177 4.61362659912 250.129770992 -104.572519084 -5.02290076336 END
START -2.76769711914 -6.41406624756 10.1849338623 250.129770992 -92.1603053435 -5.26717557252 END
START 0.624886633301 -9.13148513184 12.2008516602 250.129770992 -102.290076336 -4.67175572519 END
START 4.8913539917 -8.72925925293 8.24084211426 250.129770992 -104.946564885 10.534351145 END
START 0.46447512207 -15.5742817993 10.4602670532 250.129770992 -103.687022901 -0.687022900763 END
START 0.928950244141 -4.62799180908 8.73165345459 250.129770992 -104.244274809 3.24427480916 END
START 3.14119257812 -4.71657727051 7.53694682617 250.129770992 -105.13740458 4.53435114504 END
START -3.6655227417 -3.13879837646 9.90481226807 250.129770992 -104.0 -0.229007633588 END
START 2.61686241455 -5.97832154541 5.68383474121 250.129770992 -104.061068702 9.42748091603 END
START -3.36624753418 -7.86016405029 3.79002122803 250.129770992 -104.946564885 -5.69465648855 END
START 3.63918652344 -9.8186210083 11.4323129272 250.129770992 -104.290076336 9.21374045802 END
START 7.49145699463 -4.13957467041 5.23133062744 250.129770992 -104.007633588 6.41221374046 END
START -2.63841022949 -2.88740720215 10.778695874 250.129770992 -102.213740458 -0.0152671755725 END
START -2.4756045166 -11.4227361206 3.47159240723 250.129770992 -103.847328244 6.75572519084 END
START 2.62165081787 -3.14119257812 11.4801969604 250.129770992 -104.450381679 -1.10687022901 END
START -0.337582434082 -13.6158248413 1.36469494629 250.129770992 -105.450381679 0.274809160305 END
START 2.01591779785 -5.50905802002 7.58243665771 250.129770992 -91.8320610687 8.3358778626 END
START 2.76051451416 -10.8744639404 6.55532414551 250.129770992 -92.0839694656 2.29007633588 END
START 1.50595284424 -5.5282116333 6.23210692139 250.129770992 -94.3053435115 3.15267175573 END
START -1.98239897461 -10.2615483154 5.63355650635 250.129770992 -103.86259542 11.3282442748 END
START -0.995987890625 -11.6932809082 7.21851800537 250.129770992 -105.328244275 12.7709923664 END
START -1.57538469238 -9.91438907471 5.45877978516 250.129770992 -103.946564885 5.07633587786 END
START -1.40539637451 -8.99022723389 5.86818826904 250.129770992 -96.3053435115 0.480916030534 END
START 8.78672009277 -7.69256993408 7.6973583374 250.129770992 -92.0839694656 11.106870229 END
START 7.12514414062 -13.0507932495 7.25443103027 250.129770992 -88.320610687 8.40458015267 END
START 6.74686027832 -9.70369932861 8.75320126953 250.129770992 -70.786259542 2.35114503817 END
START 6.46434448242 -14.3245085327 13.7211697144 250.129770992 -65.7404580153 2.69465648855 END
START 5.44202037354 -8.66222160645 5.5760956665 250.129770992 -65.1984732824 2.02290076336 END
START 3.18428820801 -10.7451770508 7.62313808594 250.129770992 -58.5648854962 15.0381679389 END
START 3.09091434326 -12.8185556885 9.13866773682 250.129770992 -57.3358778626 2.8320610687 END
START 3.20823022461 -9.75397756348 9.95030209961 250.129770992 -45.3816793893 0.847328244275 END
START 6.03817658691 -5.38695373535 10.5512467163 250.129770992 -54.4732824427 -2.96946564885 END
START -1.39581956787 -8.59039555664 3.13161577148 250.129770992 -53.1297709924 4.91603053435 END
START 4.96557424316 -6.72770666504 7.45554396973 250.129770992 -52.9312977099 9.0 END
START 5.60243188477 -6.03338818359 6.66066901855 250.129770992 -49.8244274809 7.06106870229 END
START -2.55221896973 -6.86896456299 7.03895288086 250.129770992 -55.3816793893 6.25190839695 END
START 4.81713374023 -6.47631549072 7.91523068848 250.129770992 -45.6183206107 4.88549618321 END