START -1.07978494873 -8.90164177246 5.1618987793 250.129770992 -49.7404580153 12.0152671756 END
START 2.67911165771 -17.1305128784 8.97586202393 250.129770992 -46.9541984733 -0.221374045802 END
START 0.179565124512 -9.68933411865 5.64073911133 250.129770992 -45.3816793893 0.0152671755725 END
START -5.83706364746 -8.30787976074 9.71567033691 250.129770992 -44.8778625954 2.64122137405 END
START 2.17632930908 -12.2128226685 7.95114371338 250.129770992 -39.0687022901 3.87022900763 END
START 3.95761534424 -13.9462246704 10.4099888184 250.129770992 -49.5114503817 6.09160305344 END
START 0.536301171875 -4.3143513916 8.97586202393 250.129770992 -48.3435114504 10.0610687023 END
START 4.53222374268 -12.5767413208 8.36534060059 250.129770992 -50.9465648855 7.13740458015 END
START 6.51701691895 -8.56166513672 1.6041151123 250.129770992 -47.1984732824 12.6488549618 END
START 1.04147772217 -4.58968458252 9.64623848877 250.129770992 -60.7404580153 7.57251908397 END
START -5.46117398682 -8.8154505127 9.2176763916 250.129770992 -56.0305343511 3.91603053435 END
START -5.51863482666 -9.82580361328 4.96078583984 250.129770992 -61.572519084 11.465648855 END
START -6.58405456543 -6.40688364258 2.72938989258 250.129770992 -65.1984732824 -3.90839694656 END
START -1.69030637207 -10.5057568848 5.73171877441 250.129770992 -69.2977099237 -3.12977099237 END
START -4.34308181152 -9.2535894165 9.01895765381 250.129770992 -64.5496183206 -2.48854961832 END
START -2.84191737061 -11.4538607422 8.43237824707 250.129770992 -75.7404580153 12.7938931298 END
START -0.593762011719 -10.9415015869 6.38294162598 250.129770992 -71.8167938931 2.62595419847 END
START -0.15083470459 -8.48265648193 6.12915625 250.129770992 -79.4351145038 6.43511450382 END
START -2.36068283691 -10.6948988159 11.7459533447 250.129770992 -98.9770992366 6.02290076336 END
START 1.45567460937 -15.0810762573 1.92254393311 250.129770992 -100.938931298 7.51908396947 END
START -9.04529387207 -7.87931766357 7.18021077881 250.129770992 -100.72519084 4.21374045802 END
START -0.521935961914 -11.4778027588 10.6446205811 250.129770992 -96.0992366412 13.8702290076 END
START 1.90578452148 -3.39258375244 6.95036741943 250.129770992 -96.9007633588 18.9312977099 END
START -3.06218392334 -4.99191046143 10.3812583984 250.129770992 -104.816793893 5.51145038168 END
START -0.229843359375 -14.2670476929 13.378798877 250.129770992 -104.091603053 12.7328244275 END
START 3.4069489624 -14.3843635742 4.49870491943 250.129770992 -104.572519084 9.60305343511 END
START -1.25216746826 -9.84495722656 8.32703337402 250.129770992 -99.641221374 6.0534351145 END
START -2.61925661621 -4.79798012695 11.0061450317 250.129770992 -105.0 6.46564885496 END
START 1.34793553467 -4.97275684814 4.81713374023 250.129770992 -101.519083969 6.50381679389 END
START -1.19949503174 -2.31040460205 2.75572611084 250.129770992 -96.3053435115 5.45801526718 END
START 6.67742843018 -15.6485020508 6.98149204102 250.129770992 -99.4427480916 11.0916030534 END
START -3.26569106445 -13.3309148437 4.22097752686 250.129770992 -102.618320611 0.93893129771 END
START 5.14513936768 -10.8433393188 6.22253011475 250.129770992 -97.7175572519 10.7175572519 END
START -3.25372005615 -11.9805851074 11.2671130127 250.129770992 -102.86259542 10.2595419847 END
START 2.26012636719 -8.3222449707 7.45314976807 250.129770992 -105.167938931 0.427480916031 END
START -2.47799871826 -13.2710598022 6.9767036377 250.129770992 -98.7938931298 2.76335877863 END
START 4.73094248047 -11.6070896484 8.334215979 250.129770992 -98.1221374046 15.8167938931 END
START 7.45554396973 -11.2000753662 3.57214887695 250.129770992 -95.1908396947 3.13740458015 END
START 1.16837041016 -10.1681744507 7.07007750244 250.129770992 -107.312977099 1.12977099237 END
START -5.80354482422 -8.97586202393 7.14190355225 250.129770992 -97.3816793893 0.977099236641 END
START -7.25443103027 -11.2311999878 7.34541069336 250.129770992 -97.213740458 -0.488549618321 END
START 0.442927307129 -6.38294162598 10.3956236084 250.129770992 -97.8549618321 -2.7786259542 END
START -0.237025964355 -0.61530982666 6.05972440186 250.129770992 -104.755725191 1.17557251908 END
START -6.1530982666 -10.2400005005 5.4803276001 250.129770992 -104.442748092 3.69465648855 END
START -1.2018892334 -11.3269680542 6.7779848999 250.129770992 -104.740458015 7.45801526718 END
START -2.27688577881 -10.1514150391 7.24724842529 250.129770992 -104.213740458 4.78625954198 END
START -2.11408006592 -7.52976422119 6.98388624268 250.129770992 -104.763358779 3.49618320611 END
START 4.90093079834 -5.98310994873 10.2974613403 250.129770992 -104.0 1.96946564885 END
START -0.00478840332031 -10.9462899902 4.84107575684 250.129770992 -104.167938931 -2.65648854962 END
START -0.804451757813 -12.856862915 7.78594379883 250.129770992 -104.053435115 0.748091603053 END
START -2.47799871826 -11.8034141846 8.13549724121 250.129770992 -102.702290076 1.58778625954 END
START -2.01591779785 -12.3732341797 6.7540428833 250.129770992 -104.335877863 -0.801526717557 END
START 2.45645090332 -9.09078370361 9.44991395264 250.129770992 -97.465648855 9.10687022901 END
START 4.5609541626 -9.67257470703 8.58800135498 250.129770992 -104.20610687 -5.35114503817 END
START -7.53694682617 -8.20732329102 10.4530844482 250.129770992 -97.5038167939 6.35114503817 END
START 5.39892474365 -9.17218656006 6.35660540771 250.129770992 -93.8167938931 4.28244274809 END
START 5.7508723877 -14.5519576904 11.2527478027 250.129770992 -87.7175572519 4.60305343511 END
START 0.77093293457 -10.5081510864 6.82108052979 250.129770992 -93.4198473282 4.03816793893 END
START 0.828393774414 -8.94473740234 11.9614314941 250.129770992 -84.2366412214 21.8320610687 END
START 4.33111080322 -8.17380446777 8.28154354248 250.129770992 -92.6488549618 13.213740458 END
START 1.13963999023 -6.25365473633 7.22570061035 250.129770992 -89.641221374 0.862595419847 END
START -0.955286462402 -10.4913916748 9.22007059326 250.129770992 -73.5496183206 -1.69465648855 END
START 0.251391174316 -9.23683000488 10.2208468872 250.129770992 -72.9236641221 13.0916030534 END
START 0.280121594238 -16.8599680908 5.5282116333 250.129770992 -80.0229007634 0.221374045802 END
START -2.92571442871 -14.2622592896 6.85938775635 250.129770992 -60.8167938931 0.36641221374 END
START 2.28406838379 -11.3054202393 6.7181298584 250.129770992 -73.9694656489 2.08396946565 END
START 1.72621939697 -10.6877162109 6.00465776367 250.129770992 -54.4351145038 9.67938931298 END
START -0.0478840332031 -16.9701013672 8.36534060059 250.129770992 -61.4809160305 8.67175572519 END
START 0.483628735352 -14.1832506348 6.24407792969 250.129770992 -57.3893129771 5.07633587786 END
START 4.41251365967 -9.09078370361 12.7922194702 250.129770992 -56.2824427481 14.9083969466 END
START 0.0837970581055 -6.70376464844 6.49307490234 250.129770992 -57.5190839695 0.0534351145038 END
START 8.37970581055 -6.53856473389 7.95832631836 250.129770992 -63.1603053435 -2.49618320611 END
START 6.78277330322 -10.6063133545 12.7467296387 250.129770992 -55.9694656489 10.5572519084 END
START 5.84903465576 -10.7571480591 6.78756170654 250.129770992 -63.5114503817 5.51908396947 END
START 0.562637390137 -16.8982753174 5.40371314697 250.129770992 -51.641221374 -2.13740458015 END
START 0.91458503418 -3.07176072998 10.0436759644 250.129770992 -46.9618320611 4.74809160305 END
START -1.46525141602 -9.69651672363 11.6334258667 250.129770992 -52.893129771 1.51908396947 END
START 2.05422502441 -5.62637390137 5.29597407227 250.129770992 -48.5267175573 5.77099236641 END
START 6.46434448242 -11.1258551147 12.1553618286 250.129770992 -50.6717557252 14.4580152672 END
START 2.71741888428 -7.03895288086 7.16584556885 250.129770992 -49.8854961832 5.81679389313 END
START -1.71664259033 -9.37569370117 8.05409438477 250.129770992 -40.1145038168 -1.09160305344 END
START 0.792480749512 -8.97346782227 12.5480109009 250.129770992 -41.534351145 0.381679389313 END
START -1.00077629395 -5.64073911133 12.3492921631 250.129770992 -49.4580152672 -0.702290076336 END
START 0.210689746094 0.241814367676 7.108384729 250.129770992 -45.3893129771 16.358778626 END
START -7.14669195557 -10.0077629395 6.35660540771 250.129770992 -57.2671755725 3.62595419847 END
START 3.79959803467 -10.8720697388 8.6287027832 250.129770992 -51.2977099237 6.87022900763 END
START -4.88177718506 -8.60715496826 1.87705410156 250.129770992 -54.0458015267 17.5572519084 END
START 9.10754311523 -7.79312640381 12.4115414062 250.129770992 -52.9236641221 11.4198473282 END
START -3.62721551514 -10.9079827637 6.43082565918 250.129770992 -53.5877862595 15.213740458 END
START -0.77093293457 -8.57363614502 11.0444522583 250.129770992 -58.9083969466 7.13740458015 END
START 1.25456166992 -8.40843623047 3.65594593506 250.129770992 -48.5038167939 6.32824427481 END
START -1.29286889648 -6.79953271484 12.1098719971 250.129770992 -46.8778625954 2.74045801527 END
START 3.05739552002 -10.2759135254 7.73805976562 250.129770992 -46.4885496183 8.41221374046 END
START -4.41969626465 -7.77397279053 2.57137258301 250.129770992 -54.0534351145 11.9236641221 END
START 0.507570751953 -8.19535228271 7.37174691162 250.129770992 -77.2748091603 5.28244274809 END
START -0.213083947754 -4.19464130859 11.4179477173 250.129770992 -70.2748091603 -5.72519083969 END
START -3.52665904541 -5.36780012207 5.99029255371 250.129770992 -61.8778625954 -2.83969465649 END
START 4.09408483887 -6.01184036865 1.8148048584 250.129770992 -71.0152671756 -3.29770992366 END
START 2.36307703857 -8.05648858643 9.60553706055 250.129770992 -68.5419847328 -1.39694656489 END
START -4.38617744141 -7.0126166626 9.56962403564 250.129770992 -68.0076335878 8.70992366412 END
START -0.799663354492 -9.4283661377 7.11796153564 250.129770992 -73.7175572519 17.0916030534 END
START -0.217872351074 -6.91924279785 10.2974613403 250.129770992 -71.8778625954 -0.709923664122 END
START -1.72382519531 -6.44279666748 9.27753143311 250.129770992 -79.0458015267 4.70992366412 END
START -7.88650026855 -11.03248125 7.06528909912 250.129770992 -76.5954198473 16.5190839695 END
START -3.76129080811 -7.16823977051 6.62236179199 250.129770992 -78.641221374 -2.70229007634 END
START -4.43166727295 -5.149927771 7.98226833496 250.129770992 -77.2519083969 9.08396946565 END
START -1.63045133057 -7.9918451416 10.8720697388 250.129770992 -74.2977099237 0.0458015267176 END
START 1.45328040771 -16.3452147339 2.94007963867 250.129770992 -85.4503816794 -0.75572519084 END
START 0.165199914551 -8.29112034912 4.75009609375 250.129770992 -87.5114503817 -0.213740458015 END
START -5.98550415039 -2.17872351074 6.53377633057 250.129770992 -94.106870229 3.96946564885 END
START 1.8028338501 -9.43794294434 6.11957944336 250.129770992 -96.0229007634 3.25190839695 END
START -5.94480272217 -12.0428343506 5.78199700928 250.129770992 -100.160305344 7.48091603053 END
START 1.15161099854 -13.745111731 15.061922644 250.129770992 -93.3740458015 4.96183206107 END
START -7.3669585083 -6.22731851807 3.72777198486 250.129770992 -90.5419847328 -4.51908396947 END
START 0.739808312988 -8.12592043457 7.02698187256 250.129770992 -89.9618320611 -7.26717557252 END
START -6.20816490479 -13.4410481201 8.81305631104 250.129770992 -105.129770992 6.1679389313 END
START -1.5801730957 -11.6860983032 9.21528218994 250.129770992 -103.79389313 3.58778625954 END
START -4.84825836182 -10.4363250366 5.85142885742 250.129770992 -104.435114504 0.610687022901 END
START 0.280121594238 -14.5399866821 7.27597884521 250.129770992 -103.809160305 2.22900763359 END
START -1.45567460937 -6.74686027832 7.92480749512 250.129770992 -95.8320610687 3.98473282443 END
START -3.88818349609 -10.1609918457 5.74368978271 250.129770992 -96.0076335878 -2.56488549618 END
START -2.97359846191 -5.61440289307 14.2862013062 250.129770992 -105.167938931 5.59541984733 END
START -2.60728560791 -10.9367131836 12.8113730835 250.129770992 -95.8778625954 8.82442748092 END
START -4.02944139404 -9.55047042236 11.997344519 250.129770992 -101.122137405 4.6106870229 END
START 1.73819040527 -11.8010199829 -0.00478840332031 250.129770992 -94.2290076336 14.465648855 END
START 0.972045874023 -10.6398321777 11.2455651978 250.129770992 -92.641221374 7.48091603053 END
START -3.36864173584 -9.27513723145 6.87854136963 250.129770992 -104.007633588 0.87786259542 END
START -3.01190568848 -8.98543883057 7.44836136475 250.129770992 -103.755725191 12.5267175573 END
START -1.22343704834 -4.33350500488 10.5656119263 250.129770992 -97.0763358779 7.10687022901 END
START -3.9959225708 -10.3405569702 7.16823977051 250.129770992 -98.7404580153 3.6106870229 END
START 6.17225187988 -6.50983431396 10.2208468872 250.129770992 -100.045801527 7.90839694656 END
START 12.2942255249 -9.1458503418 9.84735142822 250.129770992 -85.2671755725 7.09160305344 END
START -2.03267720947 -7.57285985107 5.58327827148 250.129770992 -99.0992366412 11.7633587786 END
START 0.900219824219 -19.5438681519 6.98388624268 250.129770992 -95.1832061069 8.8320610687 END
START 4.52025273438 -14.0683289551 13.1728975342 250.129770992 -90.6564885496 10.1679389313 END
START 0.835576379395 -12.5144920776 2.99035787354 250.129770992 -105.328244275 4.78625954198 END
START -5.13316835937 -9.43076033936 8.73644185791 250.129770992 -80.0381679389 7.16030534351 END
START 2.62165081787 -11.4562549438 5.26724365234 250.129770992 -76.4885496183 5.0534351145 END
START 1.64242233887 -12.5887123291 7.51061060791 250.129770992 -76.9847328244 -4.03816793893 END
START 5.49708701172 -8.57124194336 6.80432111816 250.129770992 -64.4732824427 6.28244274809 END
START -2.79642753906 -9.87129344482 10.5847655396 250.129770992 -72.8167938931 15.5648854962 END
START -1.41976158447 -11.3221796509 7.34541069336 250.129770992 -69.4503816794 -1.53435114504 END