START 1.04387192383 -8.33661018066 5.75805499268 250.129770992 -56.0687022901 16.3358778626 END
START 5.77242020264 -11.7603185547 7.79073220215 250.129770992 -55.0687022901 9.14503816794 END
START -1.5801730957 -8.47547387695 8.19295808105 250.129770992 -60.1221374046 6.64122137405 END
START -4.52982954102 -10.1059252075 7.96550892334 250.129770992 -62.465648855 3.98473282443 END
START 0.665588061523 -7.79312640381 4.2185833252 250.129770992 -58.6259541985 11.2824427481 END
START 0.782903942871 -13.843273999 7.38132371826 250.129770992 -64.3511450382 -0.793893129771 END
START -2.1212626709 -7.48427438965 6.69897624512 250.129770992 -72.0229007634 13.1984732824 END
START -1.6041151123 -13.6421610596 7.45314976807 250.129770992 -59.358778626 8.79389312977 END
START -2.91374342041 -10.8074262939 5.60482608643 250.129770992 -67.1679389313 2.88549618321 END
START -2.04943662109 -12.3804167847 5.86339986572 250.129770992 -73.1832061069 4.90076335878 END
START 0.265756384277 -9.58159504395 11.03248125 250.129770992 -75.3511450382 5.63358778626 END
START -1.56101948242 -10.2471831055 6.97191523437 250.129770992 -76.8473282443 5.45801526718 END
START -1.8866309082 -4.39814844971 8.57842454834 250.129770992 -79.9160305344 7.26717557252 END
START -0.045489831543 -8.48744488525 6.7181298584 250.129770992 -83.0839694656 -0.870229007634 END
START 4.16351668701 -6.46434448242 10.8074262939 250.129770992 -107.290076336 12.7099236641 END
START -3.20823022461 -16.1057945679 11.1330377197 250.129770992 -102.984732824 5.32061068702 END
START 5.18105239258 -9.27753143311 5.05894810791 250.129770992 -98.3740458015 7.93129770992 END
START -1.48679923096 -8.07324799805 5.72214196777 250.129770992 -104.511450382 6.35877862595 END
START -6.28717355957 -13.6277958496 5.10204373779 250.129770992 -103.122137405 -2.07633587786 END
START -0.725443103027 -10.3237975586 11.9183358643 250.129770992 -104.450381679 9.75572519084 END
START 0.708683691406 -10.7810900757 7.45554396973 250.129770992 -104.442748092 5.19847328244 END
START -0.177170922852 -9.91917747803 4.01747038574 250.129770992 -105.053435115 3.20610687023 END
START -3.66312854004 -7.85537564697 6.43800826416 250.129770992 -103.847328244 10.7175572519 END
START -4.3263223999 -12.1146604004 4.69024105225 250.129770992 -103.93129771 -0.893129770992 END
START 0.380678063965 -8.80826790771 6.25604893799 250.129770992 -109.740458015 7.6106870229 END
START 0.0646434448242 -7.6255322876 4.81473953857 250.129770992 -104.236641221 8.89312977099 END
START 1.38624276123 -9.64145008545 9.88326445312 250.129770992 -104.351145038 -0.885496183206 END
START 2.35589443359 -7.15626876221 9.53131680908 250.129770992 -104.480916031 20.9847328244 END
START -1.42215578613 -8.93994899902 8.40843623047 250.129770992 -105.114503817 2.09923664122 END
START 2.89698400879 -3.1004911499 15.7155396973 250.129770992 -103.595419847 -0.534351145038 END
START -3.78044442139 -8.36294639893 6.56490095215 250.129770992 -106.213740458 9.36641221374 END
START 3.91451971436 -9.09317790527 4.66390483398 250.129770992 -101.732824427 11.0229007634 END
START 0.363918652344 -10.0724063843 6.53377633057 250.129770992 -104.748091603 11.1908396947 END
START 8.59518395996 -6.15070406494 1.90817872314 250.129770992 -104.396946565 4.48091603053 END
START 6.17943448486 -7.0245876709 11.4442839355 250.129770992 -104.732824427 0.587786259542 END
START 3.67509954834 -13.7187755127 8.32703337402 250.129770992 -104.847328244 14.1984732824 END
START 3.55060106201 -9.31823286133 8.08521900635 250.129770992 -101.839694656 11.572519084 END
START 4.07014282227 -10.3740757935 9.10275471191 250.129770992 -104.916030534 11.3893129771 END
START 2.4157494751 -12.0883241821 6.35421120605 250.129770992 -104.396946565 -2.01526717557 END
START 9.30386765137 -9.10514891357 14.9757313843 250.129770992 -104.099236641 3.67175572519 END
START 2.08774384766 -8.98783303223 5.90888969727 250.129770992 -102.404580153 3.84732824427 END
START 4.01268198242 -7.26161363525 5.69580574951 250.129770992 -74.9007633588 4.52671755725 END
START 3.95761534424 -8.90643017578 5.09486113281 250.129770992 -85.4427480916 15.1526717557 END
START 4.67108743896 -4.43884987793 7.32386287842 250.129770992 -66.2595419847 14.4122137405 END
START 6.54095893555 -11.1881043579 3.51468803711 250.129770992 -49.7328244275 9.91603053435 END
START -2.32716401367 -6.46434448242 6.1052142334 250.129770992 -52.2748091603 9.48854961832 END
START -1.82438166504 -12.9574193848 9.01656345215 250.129770992 -41.5954198473 1.14503816794 END
START -1.592144104 -5.36540592041 11.159373938 250.129770992 -44.3816793893 8.17557251908 END
START 0.395043273926 -6.1890112915 6.44519086914 250.129770992 -34.5572519084 1.97709923664 END
START 8.0397291748 -8.71728824463 7.0006456543 250.129770992 -32.3893129771 0.984732824427 END
START 0.586579406738 -8.83220992432 11.2216231812 250.129770992 -35.3511450382 5.59541984733 END
START 4.05098920898 -10.5967365479 12.6030775391 250.129770992 -36.2748091603 0.335877862595 END
START 8.33182177734 -13.3692220703 6.7061588501 250.129770992 -29.6488549618 6.99236641221 END
START -2.82036955566 -14.7554648315 9.68454571533 250.129770992 -28.4961832061 2.10687022901 END
START 5.26245524902 -9.73721815186 3.88100089111 250.129770992 -22.8778625954 3.24427480916 END
START -0.141257897949 -7.98226833496 7.46033237305 250.129770992 -31.5114503817 -4.64122137405 END
START 5.51145222168 -9.81143840332 5.91367810059 250.129770992 -33.1450381679 15.3664122137 END
START 1.97521636963 -11.5376578003 8.25999572754 250.129770992 -41.2290076336 -0.0381679389313 END
START -1.69988317871 -10.5368815063 8.62152017822 250.129770992 -26.9694656489 2.19083969466 END
START 1.89620771484 -8.5927897583 4.8434699585 250.129770992 -31.1755725191 -3.03816793893 END
START -2.58334359131 -8.36055219727 8.25760152588 250.129770992 -33.0152671756 6.77099236641 END
START -2.74375510254 -12.4354834229 6.05972440186 250.129770992 -35.7480916031 0.503816793893 END
START 2.74375510254 -4.04620080566 5.27442625732 250.129770992 -34.7328244275 3.83969465649 END
START -1.23301385498 -5.60482608643 4.56574256592 250.129770992 -37.6946564885 -0.0839694656489 END
START -1.29047469482 -8.30069715576 6.54095893555 250.129770992 -42.320610687 -0.534351145038 END
START -2.5115175415 -10.1250788208 7.80509741211 250.129770992 -47.9007633588 8.70229007634 END
START 3.1244331665 -9.70369932861 6.78277330322 250.129770992 -43.8625954198 11.9618320611 END
START 4.76924970703 -9.84974562988 8.05170018311 250.129770992 -48.0687022901 4.38167938931 END
START -4.9392380249 -11.6884925049 6.68939943848 250.129770992 -57.8702290076 12.679389313 END
START -1.9105729248 -11.7531359497 6.20816490479 250.129770992 -54.3816793893 9.62595419847 END
START -4.21379492187 -12.6653267822 3.87142408447 250.129770992 -63.4580152672 5.35114503817 END
START -6.50265170898 -9.19134017334 6.18182868652 250.129770992 -67.6183206107 2.7786259542 END
START -3.47877501221 -9.80186159668 6.54095893555 250.129770992 -78.6641221374 3.47328244275 END
START -10.5201220947 -5.98310994873 7.03177027588 250.129770992 -75.5648854962 2.45038167939 END
START -8.0397291748 -4.77164390869 6.19140549316 250.129770992 -73.4732824427 10.1374045802 END
START -8.11155522461 -10.9965682251 6.988674646 250.129770992 -96.3893129771 9.2213740458 END
START -0.0981622680664 -3.84987626953 8.59997236328 250.129770992 -101.122137405 -2.39694656489 END
START -3.79720383301 -13.8265145874 10.1466266357 250.129770992 -106.877862595 7.0534351145 END
START -2.35828863525 -8.20014068604 5.92564910889 250.129770992 -104.908396947 5.39694656489 END
START -3.21780703125 -11.6573678833 4.88177718506 250.129770992 -105.007633588 6.32824427481 END
START -1.56580788574 -4.2185833252 4.30956298828 250.129770992 -104.198473282 -0.534351145038 END
START 5.33188709717 -4.80516273193 7.44596716309 250.129770992 -104.335877863 -1.91603053435 END
START 4.84586416016 -10.5368815063 13.8217261841 250.129770992 -104.152671756 11.4809160305 END
START 0.744596716309 -7.92720169678 10.4506902466 250.129770992 -104.20610687 -0.778625954198 END
START -6.53617053223 -6.69897624512 7.07007750244 250.129770992 -104.229007634 5.45038167939 END
START -0.0215478149414 -2.21224233398 12.2391588867 250.129770992 -103.900763359 12.9847328244 END
START 0.0287304199219 -9.95030209961 5.07810172119 250.129770992 -104.557251908 4.26717557252 END
START -2.44208569336 -2.67671745605 14.5735055054 250.129770992 -104.374045802 -1.19083969466 END
START 1.02232410889 -10.5344873047 6.09563742676 250.129770992 -104.595419847 8.37404580153 END
START -0.794874951172 -11.1354319214 6.21295330811 250.129770992 -104.816793893 9.3358778626 END
START 4.50588752441 -9.30865605469 12.1601502319 250.129770992 -104.083969466 -2.78625954198 END
START 4.70460626221 -10.0819831909 7.01979926758 250.129770992 -104.709923664 -0.511450381679 END
START 7.63510909424 -9.63187327881 9.80665 250.129770992 -104.152671756 6.08396946565 END
START 8.68137521973 -8.46829127197 11.2000753662 250.129770992 -104.236641221 5.70229007634 END
START 2.43729729004 -3.7134067749 4.8674119751 250.129770992 -104.984732824 17.1221374046 END
START -1.18034141846 -0.780509741211 7.23767161865 250.129770992 -93.4961832061 5.19083969466 END
START 2.71502468262 -12.4306950195 5.55454785156 250.129770992 -82.2977099237 14.465648855 END
START 1.40779057617 -9.05247647705 8.01339295654 250.129770992 -76.3664122137 3.00763358779 END
START 7.54891783447 -7.90325968018 12.1338140137 250.129770992 -76.0458015267 6.11450381679 END
START -0.986411083984 -12.4690022461 4.67587584229 250.129770992 -69.8473282443 4.99236641221 END
START 3.76129080811 -13.6828624878 1.65439334717 250.129770992 -60.3969465649 3.73282442748 END
START 5.11640894775 -11.906364856 6.58644876709 250.129770992 -53.5496183206 12.3664122137 END
START -1.73579620361 -1.71424838867 6.5074401123 250.129770992 -50.6564885496 -2.54198473282 END
START 10.3333743652 -9.36132849121 8.93276639404 250.129770992 -42.6106870229 7.10687022901 END
START 5.95437952881 -2.08774384766 7.67820472412 250.129770992 -55.4198473282 -1.69465648855 END
START 1.14442839355 -9.10993731689 11.8584808228 250.129770992 -57.5419847328 2.70229007634 END
START 3.53384165039 -10.307038147 10.0293107544 250.129770992 -53.1145038168 8.02290076336 END
START 5.2337248291 -9.61032546387 6.10760843506 250.129770992 -60.9389312977 0.496183206107 END
START -6.74925447998 -11.5759650269 7.40047733154 250.129770992 -54.3358778626 5.57251908397 END
START 1.73819040527 -10.4530844482 10.9989624268 250.129770992 -63.9770992366 6.03053435115 END