START -5.90649549561 -8.09479581299 13.2997902222 250.129770992 -42.7938931298 9.7786259542 END
START -0.141257897949 -5.68383474121 2.93529123535 250.129770992 -50.1450381679 8.34351145038 END
START -3.7014357666 -14.9805197876 6.23928952637 250.129770992 -53.9847328244 -1.96183206107 END
START -0.531512768555 -8.92797799072 4.74530769043 250.129770992 -54.3435114504 5.96946564885 END
START 4.76206710205 -8.6526447998 9.12909093018 250.129770992 -50.8549618321 6.54198473282 END
START -3.36145913086 -10.9486841919 7.44596716309 250.129770992 -54.5954198473 2.45038167939 END
START 3.58651408691 -10.4243540283 7.32865128174 250.129770992 -49.6183206107 2.41984732824 END
START 12.0021329224 -12.3756283813 10.0221281494 250.129770992 -46.7938931298 12.8167938931 END
START 0.596156213379 -11.0061450317 7.26640203857 250.129770992 -47.3358778626 9.22900763359 END
START -0.931344445801 -5.91367810059 6.81150372314 250.129770992 -41.7175572519 -1.52671755725 END
START -2.4516625 -16.9940433838 6.21774171143 250.129770992 -54.0916030534 -3.8320610687 END
START 1.18273562012 -13.7929957642 8.38449421387 250.129770992 -66.8625954198 -1.86259541985 END
START -6.61996759033 -10.5967365479 3.46919820557 250.129770992 -68.9236641221 -0.274809160305 END
START -4.10366164551 -7.37174691162 8.45392606201 250.129770992 -65.0458015267 1.64885496183 END
START -4.93684382324 -5.92325490723 7.34541069336 250.129770992 -67.8091603053 5.85496183206 END
START -3.22738383789 -8.83460412598 4.14436307373 250.129770992 -77.8473282443 11.106870229 END
START -4.82431634521 -10.673351001 9.12909093018 250.129770992 -76.2290076336 3.29770992366 END
START -0.253785375977 -14.829685083 6.43800826416 250.129770992 -75.0458015267 10.641221374 END
START 0.588973608398 -8.47307967529 8.18098707275 250.129770992 -79.8091603053 -1.93893129771 END
START -1.34793553467 -10.7164466309 11.5568114136 250.129770992 -89.0992366412 7.00763358779 END
START -1.62566292725 -19.6013289917 7.39808312988 250.129770992 -87.8854961832 7.52671755725 END
START 3.14119257812 -13.4386539185 4.02944139404 250.129770992 -96.1832061069 1.52671755725 END
START 6.32548078613 -10.8936175537 6.18182868652 250.129770992 -100.557251908 8.39694656489 END
START 7.73087716064 -5.10204373779 6.95515582275 250.129770992 -105.992366412 7.99236641221 END
START -2.67671745605 -14.0012913086 6.6941878418 250.129770992 -104.519083969 1.99236641221 END
START 6.57208355713 -7.32386287842 5.76763179932 250.129770992 -104.198473282 3.90839694656 END
START 12.3756283813 -6.25604893799 6.76840809326 250.129770992 -103.885496183 4.4427480916 END
START 3.17471140137 -8.41322463379 8.28154354248 250.129770992 -104.671755725 5.74809160305 END
START 2.05901342773 -9.31583865967 6.32548078613 250.129770992 -104.13740458 4.45801526718 END
START 3.57454307861 -14.970942981 8.44674345703 250.129770992 -104.572519084 3.51145038168 END
START 6.66785162354 -10.8289741089 6.58405456543 250.129770992 -103.687022901 3.51908396947 END
START 6.96233842773 -11.1043072998 9.98142672119 250.129770992 -104.06870229 7.75572519084 END
START -1.91536132812 -8.75559547119 9.2296473999 250.129770992 -113.954198473 0.931297709924 END
START 9.65581529541 -10.6182843628 10.1777512573 250.129770992 -132.06870229 3.51145038168 END
START -4.05817181396 -1.37187755127 10.9774146118 250.129770992 -122.79389313 0.374045801527 END
START -0.191536132812 -9.45949075928 10.3477395752 250.129770992 -111.198473282 9.40458015267 END
START 1.21864864502 -13.3668278687 10.5919481445 250.129770992 -102.190839695 4.7786259542 END
START 2.08295544434 -9.97184991455 6.42603725586 250.129770992 -102.809160305 6.4427480916 END
START 7.86974085693 -9.97184991455 8.24802471924 250.129770992 -113.122137405 8.93893129771 END
START 6.54814154053 -4.51785853271 2.06859023437 250.129770992 -112.770992366 6.62595419847 END
START 7.46033237305 -3.51947644043 9.93833109131 250.129770992 -124.984732824 10.4732824427 END
START -0.555454785156 -11.2671130127 7.20175859375 250.129770992 -112.595419847 -2.92366412214 END
START 12.5360398926 -12.6677209839 7.90325968018 250.129770992 -104.27480916 1.54961832061 END
START 4.86501777344 -6.72531246338 10.2112700806 250.129770992 -104.122137405 -3.56488549618 END
START 6.26323154297 -4.13718046875 7.22809481201 250.129770992 -92.9541984733 12.8015267176 END
START 5.09486113281 -14.2191636597 12.0859299805 250.129770992 -81.6259541985 0.793893129771 END
START 1.69988317871 -10.7403886475 7.70214674072 250.129770992 -68.679389313 5.67938931298 END
START -0.371101257324 -15.5455513794 8.53054051514 250.129770992 -64.6488549618 -4.61832061069 END
START 10.7571480591 -7.98226833496 8.55448253174 250.129770992 -64.4045801527 13.9236641221 END
START -2.04704241943 -4.01268198242 9.4523081543 250.129770992 -54.6488549618 -0.870229007634 END
START 5.37019432373 -10.4746322632 8.09479581299 250.129770992 -55.7022900763 0.213740458015 END
START 3.56017786865 -3.87860668945 5.60961448975 250.129770992 -49.8625954198 0.465648854962 END
START 2.54982476807 -4.18745870361 12.4330892212 250.129770992 -50.8625954198 5.28244274809 END
START 2.41335527344 -8.83220992432 4.47715710449 250.129770992 -45.2748091603 5.35114503817 END
START 0.797269152832 -10.3429511719 8.18816967773 250.129770992 -41.6717557252 7.61832061069 END
START 4.84825836182 -6.81868632812 14.6381489502 250.129770992 -41.1221374046 4.79389312977 END
START 6.45716187744 -6.82826313477 13.2782424072 250.129770992 -43.4580152672 12.8625954198 END
START 1.30962830811 -9.53849941406 6.50504591064 250.129770992 -44.7557251908 13.3358778626 END
START 2.48278712158 -9.33259807129 8.72207664795 250.129770992 -47.2290076336 11.5496183206 END
START 13.2183873657 -10.5775829346 7.20894119873 250.129770992 -40.4045801527 5.74809160305 END
START 1.90817872314 -13.1681091309 4.26407315674 250.129770992 -56.5496183206 13.1603053435 END
START -1.8148048584 -8.37970581055 4.49391651611 250.129770992 -51.5801526718 15.6259541985 END
START -3.21541282959 -13.3093670288 7.601590271 250.129770992 -43.9770992366 0.587786259542 END
START 2.63362182617 -11.6286374634 7.79073220215 250.129770992 -54.9007633588 2.0534351145 END
START -0.282515795898 -11.2359883911 6.38054742432 250.129770992 -45.9389312977 4.0 END
START 0.567425793457 -6.99346304932 6.71334145508 250.129770992 -50.2824427481 -2.35114503817 END
START 8.92558378906 -11.7603185547 3.30878669434 250.129770992 -51.3740458015 13.106870229 END
START -1.838746875 -10.0700121826 7.54173522949 250.129770992 -40.5801526718 4.69465648855 END
START -3.43807358398 -11.5687824219 10.8505219238 250.129770992 -37.6183206107 11.2900763359 END
START -1.15879360352 -11.0013566284 12.2247936768 250.129770992 -53.3893129771 2.17557251908 END
START 1.40300217285 -6.95755002441 6.85938775635 250.129770992 -50.1526717557 2.43511450382 END
START 4.3143513916 -11.779472168 12.4019645996 250.129770992 -53.7709923664 5.3893129771 END
START 1.64242233887 -12.3349269531 6.06451280518 250.129770992 -67.2442748092 -1.23664122137 END
START 3.82114584961 -13.0436106445 9.49061538086 250.129770992 -67.5801526718 10.8854961832 END
START -1.70227738037 -13.8959464355 12.6988456055 250.129770992 -72.2061068702 -2.29007633588 END
START 1.91296712646 -10.0317049561 3.39258375244 250.129770992 -80.8854961832 3.17557251908 END
START -0.397437475586 -5.25287844238 7.9918451416 250.129770992 -78.786259542 8.25954198473 END
START 3.39258375244 -7.30470926514 5.15471617432 250.129770992 -74.8473282443 0.404580152672 END
START -2.205059729 -4.55137735596 6.25604893799 250.129770992 -77.106870229 2.31297709924 END
START 1.01992990723 -4.99669886475 8.75559547119 250.129770992 -79.8778625954 12.6946564885 END
START 1.49877023926 -11.7339823364 8.37731160889 250.129770992 -76.4961832061 -0.351145038168 END
START 3.28245047607 -9.35175168457 11.8177793945 250.129770992 -82.1297709924 6.42748091603 END
START -3.54341845703 -11.0157218384 7.89847127686 250.129770992 -101.480916031 4.72519083969 END
START -0.0478840332031 -8.55927093506 12.5743471191 250.129770992 -100.870229008 3.38167938931 END
START 9.49779798584 -9.04768807373 8.46589707031 250.129770992 -104.496183206 10.1755725191 END
START 9.93354268799 -10.9367131836 9.26316622314 250.129770992 -87.9618320611 0.793893129771 END
START 0.581791003418 -10.4578728516 7.49863959961 250.129770992 -104.198473282 12.6106870229 END
START 5.56651885986 -9.49779798584 4.290409375 250.129770992 -103.320610687 10.7786259542 END
START -2.13802208252 -8.81784471436 6.47870969238 250.129770992 -95.4885496183 -0.664122137405 END
START -1.70227738037 -10.2783077271 10.7356002441 250.129770992 -99.213740458 2.81679389313 END
START -6.94557901611 -9.79707319336 7.86734665527 250.129770992 -95.8473282443 6.84732824427 END
START 4.47476290283 -9.35414588623 8.42040723877 250.129770992 -99.7175572519 4.20610687023 END
START -0.92655604248 -7.55370623779 13.0507932495 250.129770992 -105.641221374 12.1984732824 END
START -0.933738647461 -13.7834189575 8.3222449707 250.129770992 -104.870229008 1.46564885496 END
START -0.775721337891 -14.0922709717 4.58250197754 250.129770992 -102.893129771 9.46564885496 END
START -1.06302553711 -5.13316835937 12.9071411499 250.129770992 -97.572519084 7.96183206107 END
START -3.67749375 -6.63193859863 6.2009822998 250.129770992 -104.58778626 7.75572519084 END
START -3.57933148193 -11.0492406616 7.41723674316 250.129770992 -104.541984733 2.47328244275 END
START -1.43412679443 -4.35505281982 10.1777512573 250.129770992 -107.320610687 2.45038167939 END
START -9.22007059326 -5.94001431885 11.04684646 250.129770992 -104.259541985 0.190839694656 END
START 1.62087452393 -4.98951625977 10.7451770508 250.129770992 -104.061068702 4.74809160305 END
START -3.88339509277 -13.8815812256 7.19457598877 250.129770992 -104.297709924 8.50381679389 END
START -3.24653745117 -11.5855418335 8.78911429443 250.129770992 -104.190839695 13.641221374 END
START 2.59770880127 -16.6636435547 2.95923325195 250.129770992 -103.122137405 1.20610687023 END
START 4.33111080322 -9.2176763916 10.5560351196 250.129770992 -105.167938931 9.16030534351 END
START 0.663193859863 -9.98860932617 3.21780703125 250.129770992 -95.9236641221 2.20610687023 END
START 4.903325 -7.79312640381 13.6852566895 250.129770992 -95.8473282443 7.9465648855 END
START 6.46195028076 -13.3907698853 6.62954439697 250.129770992 -101.969465649 1.54198473282 END
START 4.00310517578 -8.56405933838 8.98065042725 250.129770992 -103.20610687 4.87786259542 END
START 5.2097828125 -15.682020874 8.13070883789 250.129770992 -94.6183206107 -3.78625954198 END
START 5.69580574951 -6.64869801025 4.48912811279 250.129770992 -96.427480916 3.29007633588 END
START 8.07085379639 -8.69334622803 8.87291135254 250.129770992 -90.1297709924 7.50381679389 END
START 4.94642062988 -4.21618912354 7.44596716309 250.129770992 -93.7938931298 7.80152671756 END
START 2.84909997559 -5.2576668457 10.7810900757 250.129770992 -92.6717557252 9.79389312977 END
START 5.51384642334 -4.34787021484 16.0196033081 250.129770992 -95.0916030534 -3.40458015267 END
START -2.56658417969 -7.39808312988 6.61039078369 250.129770992 -96.2671755725 8.50381679389 END
START -2.09013804932 -7.13950935059 7.29273825684 250.129770992 -93.5267175573 4.60305343511 END
START 4.49152231445 -6.45716187744 2.27449157715 250.129770992 -82.7099236641 1.4427480916 END
START 1.12766898193 -7.49863959961 14.0683289551 250.129770992 -87.0381679389 10.2213740458 END
START 2.24097275391 -10.2184526855 9.19134017334 250.129770992 -86.0534351145 5.93893129771 END
START 1.32159931641 -12.983755603 6.11479104004 250.129770992 -89.1145038168 5.68702290076 END
START 3.52905324707 -8.68855782471 3.02627089844 250.129770992 -78.8167938931 8.80152671756 END
START 7.51779321289 -9.01177504883 8.92079538574 250.129770992 -86.213740458 8.96946564885 END
START 3.36385333252 -13.2734540039 6.3637880127 250.129770992 -85.8702290076 7.90839694656 END
START 4.62320340576 -6.3997010376 6.69658204346 250.129770992 -73.4122137405 6.96946564885 END
START 0.533906970215 -10.0005803345 4.12042105713 250.129770992 -74.0229007634 7.93893129771 END
START 3.75171400146 -0.92416184082 1.28329208984 250.129770992 -69.0 7.96183206107 END
START 0.258573779297 -14.7458880249 9.11472572021 250.129770992 -63.3740458015 2.75572519084 END
START 10.6901104126 -2.10450325928 8.73644185791 250.129770992 -75.4198473282 11.6488549618 END
START -2.93289703369 -9.25598361816 5.54257684326 250.129770992 -69.3816793893 10.1374045802 END
START 5.75566079102 -8.3222449707 10.6254669678 250.129770992 -68.6183206107 3.14503816794 END