START 1.28329208984 -8.8753055542 4.41969626465 250.129770992 -42.2519083969 4.4427480916 END
START 0.447715710449 -13.6445552612 9.1338793335 250.129770992 -46.1297709924 5.80916030534 END
START 0.14844050293 -3.42610257568 12.7227876221 250.129770992 -41.2213740458 -1.06870229008 END
START -2.5234885498 -4.02944139404 11.0612116699 250.129770992 -43.9541984733 3.84732824427 END
START -2.92092602539 -11.1809217529 12.0715647705 250.129770992 -54.3129770992 13.358778626 END
START 0.502782348633 -11.391611499 5.79636221924 250.129770992 -44.8167938931 9.93129770992 END
START -1.50355864258 -14.1904332397 5.88734188232 250.129770992 -38.9847328244 3.43511450382 END
START -5.10683214111 -12.7036340088 7.601590271 250.129770992 -45.3129770992 10.4580152672 END
START -3.91451971436 -13.2686656006 7.14190355225 250.129770992 -60.4809160305 11.2366412214 END
START -4.67587584229 -12.8281324951 6.5074401123 250.129770992 -57.9541984733 2.92366412214 END
START 7.70454094238 -10.5799771362 7.60877287598 250.129770992 -59.7709923664 5.21374045802 END
START -4.93684382324 -14.6142069336 5.45399138184 250.129770992 -52.8625954198 0.824427480916 END
START -1.99676418457 -10.2280294922 7.55849464111 250.129770992 -64.7480916031 6.15267175573 END
START -0.746990917969 -8.93755479736 4.93684382324 250.129770992 -66.9923664122 -3.02290076336 END
START 3.17949980469 -15.4761195312 13.0029092163 250.129770992 -81.3969465649 9.99236641221 END
START -4.32392819824 -12.4618196411 10.3237975586 250.129770992 -80.0076335878 2.06870229008 END
START -0.691924279785 -16.2805712891 1.27850368652 250.129770992 -89.893129771 5.87786259542 END
START 1.41497318115 -4.70221206055 5.60243188477 250.129770992 -93.9465648855 7.90839694656 END
START -1.56580788574 -14.0707231567 7.11077893066 250.129770992 -79.3664122137 5.70992366412 END
START 2.87304199219 -10.2878845337 2.68150585937 250.129770992 -99.0381679389 -0.320610687023 END
START -6.6941878418 -12.519280481 9.79228479004 250.129770992 -106.41221374 16.2442748092 END
START -1.30244570312 -12.7634890503 5.39174213867 250.129770992 -97.3282442748 1.31297709924 END
START 2.11647426758 -12.5073094727 9.65581529541 250.129770992 -107.419847328 16.0381679389 END
START -3.14837518311 -9.72524714355 5.93043751221 250.129770992 -104.625954198 8.85496183206 END
START -2.92571442871 -11.7531359497 8.76038387451 250.129770992 -105.374045802 -1.5572519084 END
START 0.596156213379 -11.4825911621 4.11323845215 250.129770992 -104.427480916 -2.60305343511 END
START 0.433350500488 -9.63905588379 7.26879624023 250.129770992 -105.358778626 1.09923664122 END
START 3.81396324463 -15.3611978516 9.35893428955 250.129770992 -103.801526718 8.45801526718 END
START -1.29047469482 -9.84974562988 11.2024695679 250.129770992 -110.671755725 -3.60305343511 END
START 5.83227524414 -6.93121380615 5.93522591553 250.129770992 -108.190839695 12.0458015267 END
START -2.31279880371 -11.5376578003 3.23935484619 250.129770992 -105.41221374 2.8320610687 END
START -2.08774384766 -11.63821427 9.26077202148 250.129770992 -103.923664122 9.27480916031 END
START -1.64721074219 -14.6501199585 4.5848961792 250.129770992 -102.34351145 8.8320610687 END
START -6.65827481689 -6.7181298584 10.4889974731 250.129770992 -104.770992366 3.11450381679 END
START -1.40300217285 -4.96796844482 2.67911165771 250.129770992 -105.053435115 6.04580152672 END
START 4.42448466797 -8.60954916992 5.90888969727 250.129770992 -102.022900763 8.25190839695 END
START 5.97113894043 -6.05972440186 5.65989272461 250.129770992 -96.9541984733 4.56488549618 END
START -4.10126744385 -11.9207300659 9.94311949463 250.129770992 -104.160305344 -0.839694656489 END
START -3.73016618652 -12.6892687988 11.6142722534 250.129770992 -105.41221374 14.358778626 END
START -1.29047469482 -11.8105967896 6.50025750732 250.129770992 -104.610687023 3.41984732824 END
START -1.92254393311 -7.6375032959 10.7140524292 250.129770992 -96.2977099237 11.2366412214 END
START -3.17231719971 -10.4291424316 6.63193859863 250.129770992 -84.4122137405 0.0687022900763 END
START -1.80043964844 -16.9653129639 6.1530982666 250.129770992 -96.7175572519 3.19083969466 END
START 0.641646044922 -3.311180896 7.95832631836 250.129770992 -97.4198473282 5.32061068702 END
START -0.567425793457 -13.1705033325 2.3918074585 250.129770992 -96.7938931298 -0.129770992366 END
START -0.517147558594 -10.0963484009 7.17542237549 250.129770992 -82.2977099237 -1.93893129771 END
START 8.66222160645 -9.13866773682 8.94234320068 250.129770992 -87.0763358779 -1.41984732824 END
START -1.72143099365 -6.71334145508 10.2064816772 250.129770992 -79.2824427481 3.81679389313 END
START -5.32709869385 -9.33020386963 7.12274993896 250.129770992 -83.7633587786 11.8473282443 END
START 7.30231506348 -9.96466730957 11.6023012451 250.129770992 -93.0458015267 6.3893129771 END
START 1.4604630127 -6.43082565918 10.6374379761 250.129770992 -80.5572519084 9.00763358779 END
START -1.98958157959 -13.0555816528 8.05170018311 250.129770992 -68.1221374046 2.01526717557 END
START -2.81558115234 -17.2214925415 9.70609353027 250.129770992 -74.6564885496 7.64885496183 END
START 2.20745393066 -7.00303985596 15.0020676025 250.129770992 -71.0076335878 -3.90839694656 END
START -3.25611425781 -9.94072529297 11.7770779663 250.129770992 -65.5038167939 5.06106870229 END
START 1.00795889893 -6.30393297119 7.02937607422 250.129770992 -64.6717557252 5.45801526718 END
START 3.45243879395 -8.60715496826 6.92163699951 250.129770992 -61.3893129771 4.8320610687 END
START 4.50109912109 1.00795889893 6.99585725098 250.129770992 -60.8244274809 11.0916030534 END
START 4.98233365479 -12.8448919067 10.3333743652 250.129770992 -65.786259542 9.00763358779 END
START 5.98550415039 -10.0819831909 12.7850368652 250.129770992 -53.2595419847 -2.25954198473 END
START 2.45405670166 -13.244723584 8.947131604 250.129770992 -55.0381679389 5.70992366412 END
START 4.41490786133 -5.08767852783 8.24323631592 250.129770992 -51.3358778626 18.0229007634 END
START 10.3094323486 -11.398794104 6.07887801514 250.129770992 -53.9160305344 4.96183206107 END
START 7.94874951172 -5.90170709229 8.8513635376 250.129770992 -61.4503816794 8.85496183206 END
START 2.65756384277 -7.52737001953 5.31273348389 250.129770992 -53.6946564885 8.06106870229 END
START 11.2623246094 -11.04684646 3.64876333008 250.129770992 -46.2442748092 4.16030534351 END
START 7.57285985107 -3.33272871094 6.1890112915 250.129770992 -45.9847328244 2.03816793893 END
START 4.74770189209 -9.04529387207 10.0652237793 250.129770992 -42.6717557252 -3.1679389313 END
START -4.99669886475 -7.88171186523 5.89213028564 250.129770992 -41.2748091603 15.3664122137 END
START 7.26879624023 -7.26879624023 10.1849338623 250.129770992 -33.3893129771 8.06870229008 END
START 8.60954916992 -7.60398447266 4.35505281982 250.129770992 -33.465648855 -3.26717557252 END
START -2.35110603027 -13.2183873657 7.35019909668 250.129770992 -45.1679389313 8.5572519084 END
START -0.0646434448242 -6.22971271973 5.84185205078 250.129770992 -25.0610687023 5.71755725191 END
START -2.50433493652 -14.829685083 13.3021844238 250.129770992 -46.1145038168 8.24427480916 END
START 7.06768330078 -8.42040723877 5.5641246582 250.129770992 -36.4961832061 11.427480916 END
START -4.60404979248 -10.1538092407 6.82108052979 250.129770992 -49.6717557252 4.13740458015 END
START 4.61602080078 -2.88980140381 2.36786544189 250.129770992 -42.0305343511 13.5877862595 END
START 0.0933738647461 -7.01501086426 6.88093557129 250.129770992 -40.4809160305 5.24427480916 END
START 2.20745393066 1.72382519531 -0.981622680664 250.129770992 -44.213740458 2.39694656489 END
START -2.53067115479 -8.57124194336 8.39407102051 250.129770992 -45.6030534351 9.17557251908 END
START -2.29843359375 -8.87769975586 2.28646258545 250.129770992 -50.8854961832 3.57251908397 END
START -3.41173736572 -8.98543883057 9.63426748047 250.129770992 -52.8167938931 -2.63358778626 END
START -5.53539423828 -10.7140524292 4.08929643555 250.129770992 -55.3969465649 3.80916030534 END
START 0.682347473145 -2.12605107422 8.31745656738 250.129770992 -55.6030534351 6.19847328244 END
START -4.66629903564 -15.0212212158 -0.296881005859 250.129770992 -60.427480916 1.54198473282 END
START -2.65516964111 -12.392387793 5.10922634277 250.129770992 -66.5038167939 2.25190839695 END
START 0.277727392578 -14.4154881958 7.0126166626 250.129770992 -68.4809160305 5.79389312977 END
START -2.4277204834 -10.1609918457 6.00226356201 250.129770992 -64.5496183206 10.0610687023 END
START -0.00718260498047 -14.5447750854 5.19062919922 250.129770992 -78.2061068702 13.0381679389 END
START 2.10450325928 -5.01585247803 7.66383951416 250.129770992 -80.2824427481 6.19083969466 END
START 0.342370837402 -9.60553706055 7.62313808594 250.129770992 -79.358778626 -3.62595419847 END
START -2.19069451904 -6.03338818359 9.26077202148 250.129770992 -96.8396946565 2.15267175573 END
START -5.85382305908 -14.5950533203 9.2655604248 250.129770992 -96.106870229 -0.18320610687 END
START 2.14281048584 -7.04613548584 6.47870969238 250.129770992 -102.572519084 7.35877862595 END
START -8.08521900635 -12.4809732544 8.86572874756 250.129770992 -103.427480916 11.358778626 END
START 7.03177027588 -9.90002386475 9.42118353271 250.129770992 -104.083969466 -2.52671755725 END
START 1.61608612061 -8.54251152344 10.4147772217 250.129770992 -106.076335878 4.52671755725 END
START 4.73333668213 -9.89523546143 8.65982740479 250.129770992 -104.229007634 9.5572519084 END
START 1.30005150146 -10.2304236938 6.41646044922 250.129770992 -104.572519084 -0.748091603053 END
START -4.59447298584 -7.94874951172 9.93354268799 250.129770992 -103.916030534 6.43511450382 END
START 3.08133753662 -12.87841073 11.1114899048 250.129770992 -104.541984733 7.6106870229 END
START 9.5480762207 -4.46518609619 10.0173397461 250.129770992 -105.488549618 -1.96946564885 END
START 2.73896669922 -7.28555565186 7.11556733398 250.129770992 -97.0076335878 5.19847328244 END
START -0.0598550415039 -8.24323631592 8.2384479126 250.129770992 -107.900763359 1.19847328244 END
START 12.6533557739 -9.76116016846 5.00148726807 250.129770992 -87.7251908397 -1.1679389313 END
START 7.6255322876 -14.0060797119 13.7187755127 250.129770992 -85.6717557252 9.16030534351 END
START 9.80665 -11.63821427 11.9015764526 250.129770992 -99.1984732824 3.37404580153 END
START 2.16435830078 -13.9797434937 8.52575211182 250.129770992 -82.2061068702 -1.57251908397 END
START 7.3430164917 -8.2623899292 7.51061060791 250.129770992 -73.1526717557 -3.57251908397 END
START 3.35667072754 -5.80115062256 4.9272670166 250.129770992 -76.4198473282 0.893129770992 END
START 2.74375510254 -12.2200052734 6.82108052979 250.129770992 -73.3816793893 -2.25190839695 END
START 5.51863482666 -9.25598361816 7.43160195312 250.129770992 -72.6335877863 -0.343511450382 END
START 7.25682523193 -8.30787976074 5.66946953125 250.129770992 -61.1374045802 1.87022900763 END
START 4.74291348877 -9.24640681152 4.00310517578 250.129770992 -59.1908396947 -2.93129770992 END
START 0.91697923584 -3.6056677002 4.89614239502 250.129770992 -43.572519084 5.39694656489 END
START -1.56101948242 -12.976572998 9.7946789917 250.129770992 -51.9160305344 0.595419847328 END
START 6.59363137207 -8.94473740234 6.86657036133 250.129770992 -41.1221374046 -1.02290076336 END