START -5.15232197266 -6.49068070068 8.26957253418 250.129770992 -58.4351145038 9.29770992366 END
START 1.58256729736 -8.40364782715 6.01662877197 250.129770992 -50.3053435115 11.9236641221 END
START -2.53067115479 -9.51695159912 10.2495773071 250.129770992 -50.7786259542 4.01526717557 END
START 6.91684859619 -15.4210528931 8.947131604 250.129770992 -57.9083969466 0.0534351145038 END
START 9.09317790527 -14.9805197876 7.05571229248 250.129770992 -59.4198473282 8.58778625954 END
START 3.15316358643 -6.86896456299 13.4530191284 250.129770992 -53.9465648855 2.51908396947 END
START 3.53863005371 -5.84424625244 7.91044228516 250.129770992 -51.6641221374 0.427480916031 END
START -4.93205541992 -6.89530078125 7.69256993408 250.129770992 -51.0534351145 9.59541984733 END
START 1.06063133545 -3.51229383545 12.1122661987 250.129770992 -49.1297709924 17.6335877863 END
START 2.14281048584 -10.8433393188 6.57447775879 250.129770992 -54.1832061069 17.7099236641 END
START -1.27132108154 -8.10676682129 8.73883605957 250.129770992 -54.893129771 6.81679389313 END
START -3.02627089844 -12.026074939 10.1538092407 250.129770992 -49.2748091603 4.0 END
START -3.17231719971 -11.398794104 12.4259066162 250.129770992 -56.5648854962 2.96946564885 END
START -3.28245047607 -9.69651672363 2.83473476562 250.129770992 -49.6183206107 -5.37404580153 END
START -0.404620080566 -10.3333743652 3.67749375 250.129770992 -53.9236641221 4.87786259542 END
START 8.98304462891 -5.46117398682 10.4506902466 250.129770992 -53.2824427481 6.04580152672 END
START -0.45729251709 -8.33182177734 2.20027132568 250.129770992 -61.7480916031 7.56488549618 END
START 4.04141240234 -9.93833109131 6.12915625 250.129770992 -54.4503816794 7.56488549618 END
START 3.80199223633 -6.91684859619 7.81706842041 250.129770992 -58.1297709924 17.0305343511 END
START 1.89620771484 -9.45949075928 11.2264115845 250.129770992 -74.6717557252 1.89312977099 END
START 5.07810172119 -7.1203557373 10.0700121826 250.129770992 -71.1145038168 -0.770992366412 END
START -1.89620771484 -11.4275245239 6.30872137451 250.129770992 -80.7938931298 15.9541984733 END
START -0.335188232422 -13.0172744263 5.03740029297 250.129770992 -73.0763358779 4.93893129771 END
START 2.76530291748 -9.1338793335 9.39245311279 250.129770992 -84.1297709924 5.82442748092 END
START 7.84101043701 -16.5535102783 6.38294162598 250.129770992 -72.7938931298 1.1679389313 END
START -0.00957680664062 -15.5240035645 2.26491477051 250.129770992 -84.2671755725 1.47328244275 END
START 6.67264002686 -8.63588538818 4.10126744385 250.129770992 -84.1526717557 2.38167938931 END
START 5.44920297852 -4.24731374512 3.23217224121 250.129770992 -93.4732824427 9.49618320611 END
START 3.83311685791 -2.04943662109 12.3468979614 250.129770992 -92.3358778626 8.0534351145 END
START 2.4756045166 -7.88889447021 4.52025273438 250.129770992 -93.9312977099 19.4580152672 END
START -2.80839854736 -7.04134708252 12.0284691406 250.129770992 -96.5648854962 2.22900763359 END
START -1.43412679443 -3.01908829346 9.06684168701 250.129770992 -96.8396946565 1.46564885496 END
START 1.02950671387 -12.5671645142 5.37737692871 250.129770992 -103.908396947 17.1603053435 END
START 11.6190606567 -11.0779710815 7.93677850342 250.129770992 -103.221374046 5.29770992366 END
START 4.86501777344 -4.75009609375 4.9512090332 250.129770992 -104.717557252 8.98473282443 END
START 2.94007963867 -6.86417615967 2.61925661621 250.129770992 -103.847328244 12.9389312977 END
START -1.05105452881 -6.24407792969 8.44674345703 250.129770992 -104.396946565 15.1221374046 END
START 0.545877978516 -9.90241806641 6.44040246582 250.129770992 -103.992366412 5.14503816794 END
START -6.48828649902 -11.9662198975 5.94480272217 250.129770992 -104.427480916 7.25954198473 END
START -0.292092602539 -15.5455513794 6.89290657959 250.129770992 -104.351145038 1.51908396947 END
START 0.656011254883 -17.8918690063 9.27274302979 250.129770992 -104.534351145 7.62595419847 END
START 4.70700046387 -8.69095202637 4.75249029541 250.129770992 -103.702290076 14.9389312977 END
START 9.43554874268 -8.44195505371 4.32153399658 250.129770992 -104.244274809 7.24427480916 END
START -0.679953271484 -6.74686027832 10.3357685669 250.129770992 -103.885496183 -3.25190839695 END
START -1.91775552979 -7.79552060547 5.47553919678 250.129770992 -104.79389313 -3.80916030534 END
START 4.52982954102 0.191536132812 5.71974776611 250.129770992 -103.977099237 3.85496183206 END
START 0.742202514648 -15.5263977661 6.742071875 250.129770992 -103.297709924 -3.52671755725 END
START 0.852335791016 -7.6614453125 1.80043964844 250.129770992 -104.916030534 9.78625954198 END
START 5.00148726807 -7.98226833496 0.706289489746 250.129770992 -104.595419847 1.95419847328 END
START -8.27914934082 -5.45877978516 6.86178195801 250.129770992 -102.564885496 18.4885496183 END
START 4.40533105469 -10.9031943604 13.2830308105 250.129770992 -104.236641221 -3.59541984733 END
START -5.13316835937 -14.3963345825 12.1936690552 250.129770992 -101.671755725 9.84732824427 END
START 4.96796844482 -11.631031665 11.2982376343 250.129770992 -106.091603053 1.50381679389 END
START 6.7301008667 -2.4037784668 8.33182177734 250.129770992 -91.6641221374 14.2824427481 END
START 4.28801517334 -12.3492921631 5.5641246582 250.129770992 -82.4427480916 11.0687022901 END
START 7.2831614502 -6.05254179687 8.52575211182 250.129770992 -78.2519083969 6.61832061069 END
START 7.24964262695 -13.9725608887 11.1474029297 250.129770992 -80.2671755725 0.358778625954 END
START -1.5682020874 -9.49540378418 5.96156213379 250.129770992 -66.0381679389 0.541984732824 END
START 11.6741272949 -11.4275245239 12.3828109863 250.129770992 -76.641221374 13.1297709924 END
START 3.67270534668 -6.18422288818 11.65257948 250.129770992 -70.213740458 2.21374045802 END
START 5.78199700928 -6.68939943848 8.11873782959 250.129770992 -71.679389313 13.1145038168 END
START 12.2798603149 -11.5232925903 9.26316622314 250.129770992 -64.2977099237 6.06870229008 END
START 1.13963999023 -10.3884410034 5.31512768555 250.129770992 -55.1679389313 3.11450381679 END
START 7.44836136475 -9.91678327637 13.0483990479 250.129770992 -42.8396946565 3.3893129771 END
START -0.92655604248 -2.79882174072 10.9510783936 250.129770992 -42.8854961832 5.48091603053 END
START 1.49877023926 -12.8760165283 10.6278611694 250.129770992 -57.6106870229 3.09160305344 END
START -0.825999572754 -10.7212350342 6.42603725586 250.129770992 -42.4122137405 0.351145038168 END
START 3.71101257324 -8.00621035156 6.4475850708 250.129770992 -55.641221374 8.96946564885 END
START 1.28329208984 -13.1058598877 7.16345136719 250.129770992 -46.0992366412 -3.90076335878 END
START 6.71334145508 -11.1857101562 3.72058937988 250.129770992 -51.5572519084 9.17557251908 END
START 2.33674082031 -9.95269630127 6.65827481689 250.129770992 -55.2290076336 4.38167938931 END
START 1.90578452148 -3.54102425537 5.1738697876 250.129770992 -47.1755725191 2.52671755725 END
START -1.30005150146 -13.7714479492 7.39568892822 250.129770992 -56.6641221374 16.4503816794 END
START 1.39581956787 -4.32871660156 6.32548078613 250.129770992 -56.2519083969 13.6488549618 END
START -2.17632930908 -10.3908352051 8.45153186035 250.129770992 -64.0916030534 20.8244274809 END
START 4.36941802979 -4.20661231689 5.22654222412 250.129770992 -62.8244274809 0.442748091603 END
START -4.09647904053 -10.0700121826 4.49152231445 250.129770992 -67.4961832061 3.54198473282 END
START 3.09091434326 -9.99100352783 6.69179364014 250.129770992 -66.1526717557 8.06870229008 END
START 7.50821640625 -10.3381627686 9.13866773682 250.129770992 -73.1450381679 4.31297709924 END
START -0.560243188477 -3.16034619141 2.44926829834 250.129770992 -64.3511450382 1.15267175573 END
START -0.720654699707 -12.004527124 7.62792648926 250.129770992 -79.358778626 -0.69465648855 END
START 2.56897838135 -7.03895288086 8.04451757812 250.129770992 -77.1755725191 4.03053435115 END
START -1.05105452881 -3.75171400146 6.21055910645 250.129770992 -75.2290076336 5.5572519084 END
START 7.18739338379 -7.03177027588 6.59363137207 250.129770992 -70.9236641221 12.6183206107 END
START 6.30632717285 -8.58081875 1.7788918335 250.129770992 -75.7022900763 2.71755725191 END
START -7.51061060791 -9.50976899414 4.53461794434 250.129770992 -93.0152671756 4.0534351145 END
START -3.46201560059 -11.2240173828 5.26484945068 250.129770992 -85.2213740458 6.32824427481 END
START -2.23379014893 -6.27999095459 5.93522591553 250.129770992 -91.2748091603 3.32061068702 END
START -7.77636699219 -8.06367119141 5.55454785156 250.129770992 -106.27480916 -4.25954198473 END
START 2.04464821777 -7.99423934326 5.38455953369 250.129770992 -95.0610687023 9.15267175573 END
START -0.696712683105 -7.32386287842 7.28076724854 250.129770992 -102.732824427 11.320610687 END
START -7.15387456055 -11.5903302368 6.84502254639 250.129770992 -105.183206107 19.5190839695 END
START -2.14999309082 -11.9422778809 8.80826790771 250.129770992 -102.961832061 2.42748091603 END
START -0.438138903809 -5.69580574951 5.40610734863 250.129770992 -103.832061069 6.22900763359 END
START -4.3023803833 -4.07971962891 4.08690223389 250.129770992 -96.2748091603 15.8702290076 END
START 7.14429775391 -8.49941589355 10.6470147827 250.129770992 -96.4351145038 4.10687022901 END
START 7.13232674561 -9.72764134521 3.17231719971 250.129770992 -104.259541985 3.29770992366 END
START -0.596156213379 -10.7044756226 10.4099888184 250.129770992 -104.083969466 2.79389312977 END
START 3.89536610107 -7.59919606934 8.57842454834 250.129770992 -102.679389313 4.35114503817 END
START -2.31519300537 -6.43082565918 6.27041414795 250.129770992 -101.603053435 12.0076335878 END
START -1.37906015625 -9.47146176758 7.08683691406 250.129770992 -96.4580152672 -3.73282442748 END
START 1.81719906006 -9.71088193359 11.0636058716 250.129770992 -104.877862595 3.54961832061 END
START 4.01747038574 -8.84418093262 8.48744488525 250.129770992 -97.4809160305 4.17557251908 END
START -1.48679923096 -10.4004120117 7.63510909424 250.129770992 -97.0839694656 2.0534351145 END
START -5.72453616943 -10.9295305786 9.01895765381 250.129770992 -90.1603053435 10.1450381679 END
START 2.06859023437 -7.9559321167 8.25520732422 250.129770992 -89.1450381679 3.07633587786 END
START 4.66390483398 -10.8289741089 4.98233365479 250.129770992 -92.1526717557 9.32824427481 END
START 5.99029255371 -9.08838950195 4.78600911865 250.129770992 -97.641221374 7.09160305344 END
START -4.5848961792 -14.709975 4.92966121826 250.129770992 -81.2748091603 1.69465648855 END
START 6.50983431396 -7.08683691406 9.17697496338 250.129770992 -77.320610687 -1.85496183206 END
START -0.969651672363 -2.65995804443 8.22408270264 250.129770992 -68.7404580153 0.00763358778626 END
START 7.82185682373 -3.50032282715 9.24880101318 250.129770992 -72.3435114504 4.19847328244 END
START -0.878672009277 -10.1849338623 8.67658681641 250.129770992 -79.2900763359 12.0458015267 END
START 4.67348164062 -2.44447989502 5.66468112793 250.129770992 -73.2442748092 13.4122137405 END
START 7.92959589844 -12.4091472046 6.54814154053 250.129770992 -72.1755725191 9.38167938931 END
START 7.92241329346 -2.93529123535 8.44434925537 250.129770992 -65.213740458 8.42748091603 END