START 3.51708223877 -11.9422778809 10.8193973022 250.129770992 -61.2366412214 1.73282442748 END
START 7.19457598877 -15.9573540649 7.46751497803 250.129770992 -66.0 11.4503816794 END
START 5.09486113281 -12.7203934204 8.56166513672 250.129770992 -75.2213740458 11.3129770992 END
START -5.09964953613 -12.4785790527 7.80749161377 250.129770992 -64.4580152672 15.1603053435 END
START 2.41096107178 -9.53131680908 5.81551583252 250.129770992 -49.0992366412 6.3358778626 END
START 5.06373651123 -8.56405933838 9.17697496338 250.129770992 -47.2366412214 4.47328244275 END
START -1.27132108154 -10.3980178101 3.89057769775 250.129770992 -51.0076335878 1.0 END
START 7.52976422119 -11.7220113281 3.68467635498 250.129770992 -60.6717557252 8.96946564885 END
START 2.52827695312 -15.5287919678 3.89536610107 250.129770992 -62.7099236641 1.84732824427 END
START -2.58573779297 -14.1880390381 11.2359883911 250.129770992 -66.4809160305 5.98473282443 END
START 6.03817658691 -11.4347071289 9.77313117676 250.129770992 -67.7480916031 11.0610687023 END
START 3.75410820312 -6.1890112915 4.01507618408 250.129770992 -71.7404580153 0.87786259542 END
START -3.430890979 -9.24401260986 8.27675513916 250.129770992 -68.7938931298 19.2442748092 END
START -2.15238729248 -6.22013591309 5.81791003418 250.129770992 -60.893129771 2.56488549618 END
START -4.46997449951 -12.5168862793 5.762843396 250.129770992 -60.3282442748 6.49618320611 END
START 6.41646044922 -11.7866547729 4.87459458008 250.129770992 -64.0229007634 3.52671755725 END
START 0.952892260742 -10.5488525146 4.5848961792 250.129770992 -74.8396946565 6.2213740458 END
START -2.26730897217 -4.39814844971 6.77559069824 250.129770992 -66.5114503817 11.5114503817 END
START 2.52109434814 0.280121594238 12.7299702271 250.129770992 -76.8396946565 3.0534351145 END
START -5.67665213623 -6.63193859863 7.10359632568 250.129770992 -76.3740458015 1.53435114504 END
START -5.35104071045 -10.8720697388 10.8433393188 250.129770992 -79.9694656489 -1.49618320611 END
START -0.196324536133 -10.4650554565 12.0428343506 250.129770992 -94.1145038168 11.1145038168 END
START 1.36469494629 -7.09162531738 5.79636221924 250.129770992 -89.0687022901 7.47328244275 END
START -3.3231519043 -6.88332977295 6.90966599121 250.129770992 -88.7480916031 -0.442748091603 END
START -2.3798364502 -10.9103769653 12.3612631714 250.129770992 -100.022900763 4.04580152672 END
START 0.117315881348 -14.0563579468 8.20014068604 250.129770992 -96.2977099237 3.6106870229 END
START 0.450109912109 -11.0037508301 9.09317790527 250.129770992 -86.3358778626 1.65648854962 END
START -2.13562788086 -10.0005803345 8.92558378906 250.129770992 -92.572519084 4.45801526718 END
START 4.53222374268 -9.38048210449 11.0109334351 250.129770992 -93.1374045802 11.3129770992 END
START 10.666168396 -9.4762501709 5.37737692871 250.129770992 -97.9618320611 11.2748091603 END
START 0.584185205078 -5.99747515869 11.7387707397 250.129770992 -96.1755725191 13.8778625954 END
START 5.17147558594 -9.41639512939 6.47631549072 250.129770992 -98.9541984733 12.0610687023 END
START 0.342370837402 2.56658417969 2.08056124268 250.129770992 -97.9007633588 4.30534351145 END
START 1.18752402344 -7.83143363037 7.88889447021 250.129770992 -93.8320610687 1.34351145038 END
START 1.64242233887 -11.8297504028 3.924096521 250.129770992 -92.1603053435 6.46564885496 END
START -2.21463653564 -1.69270057373 11.6980693115 250.129770992 -97.3129770992 3.0 END
START 8.92797799072 0.0694318481445 4.24970794678 250.129770992 -104.618320611 1.32061068702 END
START -1.66157595215 -7.35019909668 5.98310994873 250.129770992 -95.8244274809 1.97709923664 END
START -1.19949503174 -11.0683942749 8.82263311768 250.129770992 -102.885496183 7.82442748092 END
START -2.89219560547 -8.14507404785 10.2687309204 250.129770992 -104.511450382 16.8320610687 END
START -4.15154567871 -7.0006456543 15.696386084 250.129770992 -97.0610687023 2.85496183206 END
START 2.28406838379 -6.4595560791 7.75960758057 250.129770992 -99.5267175573 9.53435114504 END
START 0.0287304199219 -2.43011468506 9.67257470703 250.129770992 -98.9465648855 7.46564885496 END
START 3.3231519043 -12.131419812 8.87291135254 250.129770992 -100.801526718 13.7022900763 END
START 5.15232197266 -7.45075556641 8.25999572754 250.129770992 -104.366412214 -0.328244274809 END
START -0.167594116211 -10.8792523438 8.11155522461 250.129770992 -106.175572519 6.73282442748 END
START -1.8986019165 -10.1633860474 5.48272180176 250.129770992 -104.717557252 0.671755725191 END
START -0.509964953613 -2.817975354 9.27034882812 250.129770992 -104.480916031 4.22900763359 END
START 0.509964953613 -5.74129558105 9.82101520996 250.129770992 -104.297709924 13.2824427481 END
START 0.694318481445 -2.82036955566 4.77403811035 250.129770992 -104.65648855 4.25190839695 END
START 3.27047946777 -17.760187915 2.03267720947 250.129770992 -104.41221374 7.6641221374 END
START 5.20499440918 -4.8913539917 8.0277581665 250.129770992 -104.702290076 4.18320610687 END
START 0.715866296387 -14.8727807129 6.94318481445 250.129770992 -103.633587786 3.04580152672 END
START 3.03105930176 -12.5073094727 9.85932243652 250.129770992 -104.0 4.10687022901 END
START 4.94642062988 -8.20971749268 3.02148249512 250.129770992 -104.442748092 5.51145038168 END
START 3.28005627441 -4.8314989502 7.30231506348 250.129770992 -104.984732824 4.0 END
START 2.54503636475 -12.5025210693 6.99106884766 250.129770992 -103.916030534 2.22900763359 END
START 2.817975354 -13.0483990479 6.28956776123 250.129770992 -104.41221374 11.2595419847 END
START -4.41969626465 -14.456189624 8.00860455322 250.129770992 -104.038167939 8.37404580153 END
START 2.98317526855 -12.1218430054 8.19535228271 250.129770992 -104.603053435 10.2519083969 END
START -1.96324536133 -10.1633860474 8.5089927002 250.129770992 -95.9465648855 4.64885496183 END
START -0.964863269043 -10.6158901611 6.53617053223 250.129770992 -104.534351145 -0.564885496183 END
START -1.13245738525 0.91219083252 8.38449421387 250.129770992 -105.145038168 11.1145038168 END
START 0.603338818359 -5.98071574707 11.0803652832 250.129770992 -96.8473282443 6.00763358779 END
START 1.38384855957 -10.5656119263 5.63355650635 250.129770992 -104.717557252 16.0687022901 END
START -3.90733710937 -8.43477244873 9.95748470459 250.129770992 -104.885496183 8.0 END
START -1.67594116211 -8.56405933838 5.11401474609 250.129770992 -97.5419847328 7.48854961832 END
START 4.62799180908 -2.89219560547 8.62630858154 250.129770992 -104.946564885 20.3893129771 END
START 2.58334359131 -10.5081510864 6.46434448242 250.129770992 -91.0687022901 3.00763358779 END
START 1.1899182251 -6.09084902344 11.6501852783 250.129770992 -86.7404580153 7.31297709924 END
START 1.91775552979 -3.84269366455 6.78037910156 250.129770992 -94.0458015267 0.961832061069 END
START 3.68467635498 -7.52976422119 14.5806881104 250.129770992 -91.3282442748 13.679389313 END
START 6.06451280518 -6.37097061768 8.82023891602 250.129770992 -72.6106870229 15.1450381679 END
START 0.634463439941 -1.95606275635 7.75003077393 250.129770992 -64.6183206107 17.5114503817 END
START 7.14190355225 -4.42448466797 6.82826313477 250.129770992 -71.2061068702 12.5419847328 END
START 1.47003981934 -6.67742843018 8.21690009766 250.129770992 -66.213740458 9.03053435115 END
START 2.1092916626 -4.83868155518 8.8992475708 250.129770992 -63.3511450382 8.35114503817 END
START 12.9310831665 -10.307038147 7.54412943115 250.129770992 -63.1297709924 -2.3893129771 END
START 1.13485158691 -15.6125890259 4.42927307129 250.129770992 -56.0 2.40458015267 END
START 2.64319863281 -14.3867577759 4.45082088623 250.129770992 -53.3358778626 2.20610687023 END
START -5.74129558105 -9.23443580322 8.54251152344 250.129770992 -56.893129771 5.77099236641 END
START 2.11168586426 -9.54089361572 7.36217010498 250.129770992 -51.2061068702 13.3129770992 END
START 11.8584808228 -8.23605371094 7.54891783447 250.129770992 -48.8854961832 2.09923664122 END
START 0.383072265625 -9.15063874512 2.7102362793 250.129770992 -47.0076335878 1.52671755725 END
START 3.73495458984 -6.41646044922 4.49631071777 250.129770992 -43.3969465649 9.06106870229 END
START 5.59046087646 -7.24964262695 8.01099875488 250.129770992 -53.9465648855 -3.25190839695 END
START 6.89530078125 -10.4315366333 8.39646522217 250.129770992 -47.2519083969 13.7404580153 END
START 4.14196887207 -10.299855542 6.20337650146 250.129770992 -46.2061068702 -2.90076335878 END
START 4.55855996094 -11.4203419189 5.99986936035 250.129770992 -48.4580152672 4.83969465649 END
START 5.58088406982 -11.8608750244 4.51546433105 250.129770992 -47.1679389313 12.2671755725 END
START 2.67432325439 -9.82819781494 10.2974613403 250.129770992 -45.9847328244 1.81679389313 END
START -0.550666381836 -8.27914934082 5.7987564209 250.129770992 -41.2748091603 4.26717557252 END
START -1.64960494385 -8.95431420898 11.7914431763 250.129770992 -44.0916030534 3.77099236641 END
START 4.903325 -7.63032069092 15.801730957 250.129770992 -49.5954198473 10.2366412214 END
START 7.16105716553 -8.91600698242 6.35660540771 250.129770992 -49.2366412214 4.00763358779 END
START 6.07887801514 -9.34935748291 12.018892334 250.129770992 -47.2366412214 6.82442748092 END
START 7.88889447021 -9.49300958252 9.65820949707 250.129770992 -41.320610687 8.78625954198 END
START -1.96085115967 -2.85149417725 8.15225665283 250.129770992 -45.8702290076 9.8320610687 END
START -2.57616098633 -11.0707884766 6.03099398193 250.129770992 -55.9160305344 3.34351145038 END
START -0.888248815918 -10.2639425171 5.69580574951 250.129770992 -67.9389312977 -4.12213740458 END
START -1.49877023926 -9.16500395508 3.35427652588 250.129770992 -56.106870229 9.0534351145 END
START 0.404620080566 -9.46667336426 8.01099875488 250.129770992 -61.5954198473 2.80916030534 END
START -1.61369191895 -10.7116582275 11.8321446045 250.129770992 -57.8625954198 5.04580152672 END
START -2.31279880371 -15.8663744019 7.3789295166 250.129770992 -64.1755725191 5.25190839695 END
START 4.47476290283 -13.6828624878 9.01895765381 250.129770992 -62.3969465649 13.8625954198 END
START -8.04212337646 -14.4944968506 6.1052142334 250.129770992 -72.0534351145 2.27480916031 END
START 2.35828863525 -12.0308633423 9.43554874268 250.129770992 -67.6259541985 7.89312977099 END
START 3.87860668945 -7.3310454834 5.36540592041 250.129770992 -72.2061068702 -1.41221374046 END
START 1.67354696045 -5.72214196777 9.32780966797 250.129770992 -88.358778626 9.03816793893 END
START 3.3351229126 -4.55855996094 4.37181223145 250.129770992 -72.0839694656 -0.961832061069 END
START -1.17076461182 -3.17231719971 7.88889447021 250.129770992 -76.3282442748 2.25190839695 END
START -1.88423670654 -8.52575211182 5.7867854126 250.129770992 -92.786259542 1.09923664122 END
START 2.58094938965 -4.66390483398 9.5720182373 250.129770992 -95.2595419847 16.5496183206 END
START -6.98628044434 -11.3604868774 7.09401951904 250.129770992 -88.1526717557 8.68702290076 END
START -0.775721337891 -6.61278498535 6.56011254883 250.129770992 -95.358778626 0.847328244275 END
START -3.79720383301 -3.87860668945 2.75333190918 250.129770992 -91.2213740458 5.17557251908 END
START -0.61052142334 -6.55771834717 2.99035787354 250.129770992 -92.1908396947 10.3511450382 END
START 2.34871182861 -11.1689507446 6.70855305176 250.129770992 -90.786259542 1.93893129771 END
START 4.41011945801 -11.0851536865 6.24886633301 250.129770992 -83.427480916 7.77099236641 END
START -0.213083947754 -9.55286462402 4.87698878174 250.129770992 -103.870229008 8.28244274809 END
START 0.174776721191 -4.11323845215 10.1298672241 250.129770992 -97.320610687 -2.6106870229 END
START 4.46518609619 -7.74524237061 5.09486113281 250.129770992 -101.839694656 9.3358778626 END
START -0.411802685547 -6.09803162842 12.2846487183 250.129770992 -94.2519083969 6.15267175573 END
START -0.560243188477 -5.13077415771 6.4116720459 250.129770992 -102.190839695 5.69465648855 END
START 1.08217915039 -4.6208092041 8.51617530518 250.129770992 -95.7251908397 7.45801526718 END
START -6.52419952393 -19.3643030273 9.4523081543 250.129770992 -106.816793893 10.6717557252 END
START 2.71981308594 -4.84825836182 9.90241806641 250.129770992 -95.7175572519 4.34351145038 END
START 7.38850632324 -4.51067592773 13.6684972778 250.129770992 -94.1221374046 -1.64885496183 END
START 3.36145913086 -2.98317526855 5.52581743164 250.129770992 -98.6488549618 4.45038167939 END
START 2.54982476807 -2.77248552246 5.68622894287 250.129770992 -99.1526717557 4.70992366412 END
START -2.04943662109 -9.45470235596 10.8600987305 250.129770992 -94.0763358779 4.31297709924 END
START 6.00944616699 -12.0069213257 8.71968244629 250.129770992 -95.1984732824 6.63358778626 END
START 2.98317526855 -3.55538946533 5.83945784912 250.129770992 -97.5114503817 5.79389312977 END
START -2.58334359131 -10.41238302 9.51455739746 250.129770992 -97.5190839695 7.30534351145 END
START 3.56736047363 -9.78749638672 5.33906970215 250.129770992 -104.580152672 21.3969465649 END
START -0.818816967773 -8.15225665283 10.1945106689 250.129770992 -104.557251908 -2.67175572519 END
START 3.1244331665 -8.76756647949 5.21696541748 250.129770992 -105.770992366 10.8396946565 END
START 6.49068070068 -11.8249619995 7.54652363281 250.129770992 -91.1755725191 -2.40458015267 END
START 5.65749852295 -8.98543883057 11.2216231812 250.129770992 -94.5190839695 10.4427480916 END
START 4.02225878906 -7.1203557373 5.86579406738 250.129770992 -78.8396946565 -2.27480916031 END
START 4.69981785889 -8.76038387451 1.30483990479 250.129770992 -86.6259541985 6.09160305344 END
START 3.34948812256 -1.48919343262 13.0388222412 250.129770992 -77.8549618321 7.4427480916 END
START 6.51222851562 -7.88410606689 5.18105239258 250.129770992 -72.1755725191 9.82442748092 END
START 2.04464821777 -8.16662186279 5.96395633545 250.129770992 -70.0076335878 10.2442748092 END
START 7.21612380371 -8.5209637085 10.4387192383 250.129770992 -65.6106870229 7.52671755725 END
START 5.00388146973 -8.23365950928 10.673351001 250.129770992 -71.2519083969 3.4427480916 END
START -1.2138602417 -13.4482307251 1.39342536621 250.129770992 -76.0916030534 7.26717557252 END