START 6.59602557373 -12.7946136719 6.44519086914 250.129770992 -63.1984732824 15.6106870229 END
START 7.15148035889 -8.30548555908 6.988674646 250.129770992 -65.2595419847 9.4427480916 END
START 5.17626398926 -9.90481226807 6.56968935547 250.129770992 -67.358778626 -3.77099236641 END
START -2.33913502197 -9.20809958496 7.25443103027 250.129770992 -62.8167938931 8.49618320611 END
START 3.86424147949 -10.2687309204 4.92008441162 250.129770992 -57.1145038168 -2.15267175573 END
START 5.74368978271 -6.24168372803 6.54814154053 250.129770992 -50.9007633588 11.2671755725 END
START -2.59292039795 -8.42519564209 7.18499918213 250.129770992 -65.1679389313 3.90076335878 END
START 6.57687196045 -11.8896054443 7.73805976562 250.129770992 -57.213740458 12.9923664122 END
START 2.7940333374 -12.5384340942 6.85938775635 250.129770992 -62.5114503817 -3.51145038168 END
START -1.97282216797 -6.17943448486 14.3388737427 250.129770992 -57.4732824427 5.68702290076 END
START -3.18668240967 -10.6422263794 9.63905588379 250.129770992 -66.2748091603 4.22900763359 END
START -1.00556469727 -19.3403610107 6.17464608154 250.129770992 -62.6641221374 6.93129770992 END
START -0.177170922852 -1.64721074219 7.74763657227 250.129770992 -58.1603053435 4.15267175573 END
START -0.909796630859 -13.2782424072 5.98310994873 250.129770992 -64.0839694656 4.72519083969 END
START -0.407014282227 -9.21528218994 9.06205328369 250.129770992 -56.106870229 14.7099236641 END
START 1.2138602417 -10.7906668823 14.9182705444 250.129770992 -61.0687022901 13.3816793893 END
START -7.81706842041 -9.04050546875 5.36540592041 250.129770992 -65.8702290076 9.84732824427 END
START 4.39575424805 -8.92079538574 8.37252320557 250.129770992 -72.641221374 4.00763358779 END
START 3.7493197998 -11.3030260376 6.66785162354 250.129770992 -67.7328244275 12.0839694656 END
START -3.86424147949 -11.4083709106 7.28555565186 250.129770992 -77.6106870229 6.47328244275 END
START -1.4963760376 -10.0700121826 8.67419261475 250.129770992 -65.0992366412 14.8244274809 END
START -1.70945998535 -10.9151653687 8.48744488525 250.129770992 -71.9770992366 7.9465648855 END
START -7.49145699463 -3.91930811768 6.28956776123 250.129770992 -73.893129771 13.6946564885 END
START -1.50595284424 -13.2590887939 4.73573088379 250.129770992 -73.3053435115 9.67938931298 END
START 0.550666381836 -8.37012900391 7.48188018799 250.129770992 -74.4885496183 6.58778625954 END
START 3.04303031006 -4.40054265137 7.23288321533 250.129770992 -77.2748091603 8.86259541985 END
START 2.52588275146 -13.3620394653 12.2487356934 250.129770992 -85.6335877863 6.11450381679 END
START 0.847547387695 -12.4881558594 6.87854136963 250.129770992 -91.2366412214 15.2213740458 END
START 2.4875755249 -9.87368764648 6.94079061279 250.129770992 -86.8778625954 4.70992366412 END
START 0.596156213379 -5.43723197021 10.1274730225 250.129770992 -93.8396946565 6.19847328244 END
START 0.00718260498047 -9.27513723145 6.52180532227 250.129770992 -79.1984732824 8.17557251908 END
START -4.47715710449 -10.1250788208 7.92241329346 250.129770992 -98.465648855 7.39694656489 END
START 0.847547387695 -6.96473262939 7.6614453125 250.129770992 -93.9160305344 14.7480916031 END
START -0.76375032959 -3.80917484131 7.91044228516 250.129770992 -95.2900763359 -0.290076335878 END
START 6.55532414551 -8.94234320068 5.86579406738 250.129770992 -99.4732824427 19.2900763359 END
START 5.52102902832 -6.85220515137 5.39653054199 250.129770992 -104.618320611 3.84732824427 END
START -8.59518395996 -10.0963484009 4.81952794189 250.129770992 -105.099236641 0.923664122137 END
START 3.25372005615 -10.8792523438 5.8945244873 250.129770992 -107.435114504 6.03053435115 END
START -3.02627089844 -11.6956751099 9.82101520996 250.129770992 -102.755725191 7.06106870229 END
START 4.45082088623 -4.48194550781 5.62876810303 250.129770992 -104.473282443 10.0916030534 END
START 0.45968671875 -9.55047042236 6.0693012085 250.129770992 -104.374045802 0.343511450382 END
START 3.68228215332 -5.96874473877 7.15866296387 250.129770992 -104.083969466 7.70992366412 END
START -1.13724578857 -4.46518609619 11.7220113281 250.129770992 -104.152671756 -2.59541984733 END
START -1.12288057861 -1.75973822021 8.00621035156 250.129770992 -114.175572519 6.70992366412 END
START 4.52025273438 -13.8720044189 11.9901619141 250.129770992 -125.251908397 6.80916030534 END
START -0.591367810059 -6.98149204102 5.20738861084 250.129770992 -118.908396947 8.71755725191 END
START 2.0973206543 -7.56807144775 8.49941589355 250.129770992 -112.381679389 28.2748091603 END
START 1.90339031982 -11.7363765381 8.07564219971 250.129770992 -109.854961832 4.6106870229 END
START 1.52510645752 -9.72524714355 1.67833536377 250.129770992 -111.86259542 11.6717557252 END
START -1.48201082764 -11.884817041 4.32392819824 250.129770992 -112.65648855 2.78625954198 END
START 0.0478840332031 -11.1737391479 4.76685550537 250.129770992 -114.381679389 0.992366412214 END
START 1.72143099365 -15.7251165039 7.63989749756 250.129770992 -112.526717557 7.01526717557 END
START 0.0359130249023 -7.88889447021 13.5607582031 250.129770992 -104.717557252 16.320610687 END
START 12.3157733398 -3.23935484619 12.9957266113 250.129770992 -104.458015267 5.5572519084 END
START 6.07408961182 -10.0293107544 16.3930987671 250.129770992 -97.1145038168 8.41221374046 END
START 4.8314989502 -6.70855305176 10.0364933594 250.129770992 -89.893129771 2.64885496183 END
START 6.62715019531 -1.66636435547 10.7092640259 250.129770992 -82.1603053435 0.870229007634 END
START 3.99113416748 -6.55292994385 7.51300480957 250.129770992 -62.4045801527 2.91603053435 END
START 10.7379944458 -5.8705824707 7.59201346436 250.129770992 -54.6335877863 8.54198473282 END
START 6.02141717529 -8.47068547363 8.49702169189 250.129770992 -44.9160305344 7.99236641221 END
START 3.51468803711 -4.6447512207 6.43082565918 250.129770992 -53.0 9.41221374046 END
START 3.82354005127 -6.50025750732 12.0571995605 250.129770992 -52.5572519084 11.6870229008 END
START 5.1738697876 -5.93762011719 6.20337650146 250.129770992 -48.6564885496 -1.9465648855 END
START -1.01753570557 -13.1226192993 8.16662186279 250.129770992 -48.6946564885 -1.24427480916 END
START 6.90248338623 -11.3509100708 9.89044705811 250.129770992 -59.679389313 10.8473282443 END
START -3.04781871338 -11.9231242676 9.15542714844 250.129770992 -47.7709923664 8.40458015267 END
START -1.22822545166 -11.891999646 7.28555565186 250.129770992 -59.4198473282 13.6030534351 END
START -5.12598575439 -5.28639726562 9.50737479248 250.129770992 -58.2519083969 12.7099236641 END
START 5.41568415527 -3.86424147949 8.15465085449 250.129770992 -61.6183206107 8.20610687023 END
START 2.85149417725 -6.43800826416 13.0699468628 250.129770992 -57.9160305344 11.4427480916 END
START 6.42603725586 -18.7250511841 5.61440289307 250.129770992 -71.9770992366 11.0229007634 END
START -1.17076461182 -10.8074262939 8.06845959473 250.129770992 -67.679389313 0.351145038168 END
START 5.57370146484 -12.638990564 10.3429511719 250.129770992 -66.2595419847 8.60305343511 END
START -7.3669585083 -12.9598135864 5.63355650635 250.129770992 -59.4198473282 2.31297709924 END
START -1.58496149902 -4.45800349121 4.60165559082 250.129770992 -61.9007633588 19.465648855 END
START 2.28646258545 -9.68454571533 10.6326495728 250.129770992 -68.1145038168 8.78625954198 END
START -0.15801730957 2.27927998047 6.11239683838 250.129770992 -73.8549618321 5.35877862595 END
START 1.2617442749 -9.49300958252 10.0939541992 250.129770992 -55.2900763359 11.8625954198 END
START -3.1364041748 -10.778695874 7.6255322876 250.129770992 -77.9847328244 6.58778625954 END
START 7.99902774658 -3.9360675293 9.36611689453 250.129770992 -67.1374045802 7.4427480916 END
START -0.124498486328 -8.89445916748 7.87931766357 250.129770992 -71.7022900763 9.67938931298 END
START 1.34075292969 -9.34456907959 7.86974085693 250.129770992 -78.4198473282 10.1297709924 END
START -1.36230074463 -10.7260234375 9.72524714355 250.129770992 -79.4885496183 6.41984732824 END
START 0.507570751953 -7.97747993164 3.93367332764 250.129770992 -77.8778625954 -0.297709923664 END
START 2.33674082031 -9.90481226807 5.99268675537 250.129770992 -82.0305343511 8.16030534351 END
START -1.73340200195 -8.48983908691 10.2208468872 250.129770992 -74.0534351145 2.32061068702 END
START 2.85388837891 -17.3986634644 11.5783592285 250.129770992 -73.1145038168 12.4198473282 END
START 6.04775339355 -10.5416699097 12.1074777954 250.129770992 -85.0076335878 7.92366412214 END
START -4.34547601318 -8.2504189209 7.27837304687 250.129770992 -81.2824427481 17.5572519084 END
START -3.4428619873 -10.2400005005 6.90966599121 250.129770992 -87.0916030534 2.26717557252 END
START -5.72453616943 -4.91290180664 4.88895979004 250.129770992 -80.8854961832 5.7786259542 END
START 3.50271702881 -9.5361052124 5.65031591797 250.129770992 -83.5114503817 7.64885496183 END
START -2.25773216553 -2.24336695557 11.3437274658 250.129770992 -88.5877862595 4.47328244275 END
START -2.05422502441 -11.9279126709 7.16105716553 250.129770992 -80.9007633588 2.57251908397 END
START -2.25533796387 -9.90481226807 7.45554396973 250.129770992 -89.1221374046 2.37404580153 END
START 0.507570751953 -12.6581441772 6.4715270874 250.129770992 -90.7557251908 3.32824427481 END
START -3.04781871338 -7.18739338379 5.71017095947 250.129770992 -97.9541984733 3.48091603053 END
START 0.861912597656 -9.30147344971 3.81156904297 250.129770992 -99.9236641221 -1.62595419847 END
START 0.203507141113 -9.2655604248 6.00944616699 250.129770992 -94.6106870229 13.3129770992 END
START -2.73896669922 -10.2016932739 11.0061450317 250.129770992 -91.1984732824 4.50381679389 END
START 6.77080229492 -9.53849941406 7.81228001709 250.129770992 -96.8778625954 -0.320610687023 END
START -2.60489140625 -12.8424977051 11.8249619995 250.129770992 -81.9160305344 1.98473282443 END
START -5.35343491211 -5.75566079102 6.83544573975 250.129770992 -84.3511450382 3.38167938931 END
START 3.96240374756 -10.5153336914 9.39245311279 250.129770992 -96.641221374 -0.458015267176 END
START -1.84114107666 -10.0436759644 5.98789835205 250.129770992 -94.3358778626 6.06870229008 END
START -1.59693250732 -8.42998404541 11.5855418335 250.129770992 -87.2213740458 3.14503816794 END
START -2.08774384766 -12.2750719116 6.14352145996 250.129770992 -89.3969465649 -3.71755725191 END
START 1.76931502686 -10.038887561 7.24006582031 250.129770992 -83.4809160305 3.35114503817 END
START 7.55849464111 -7.85058724365 1.5083470459 250.129770992 -93.4427480916 -1.06870229008 END
START -0.644040246582 -5.20499440918 5.52581743164 250.129770992 -86.1526717557 8.54198473282 END
START -1.03668931885 -11.9877677124 4.70460626221 250.129770992 -79.534351145 2.93129770992 END
START 6.3877300293 -15.0547400391 8.14028564453 250.129770992 -92.3053435115 -2.77099236641 END
START 4.99430466309 -12.8041904785 5.31752188721 250.129770992 -80.4885496183 2.16030534351 END
START 4.06296021729 -12.610260144 11.1330377197 250.129770992 -74.8778625954 8.38167938931 END
START -3.00951148682 -5.08767852783 11.4418897339 250.129770992 -67.1832061069 2.58015267176 END
START 9.95269630127 -12.6725093872 7.38371791992 250.129770992 -63.2213740458 -4.25190839695 END
START 9.93593688965 -12.8472861084 5.31033928223 250.129770992 -63.4427480916 8.84732824427 END
START -1.37906015625 -7.15866296387 4.45321508789 250.129770992 -47.2671755725 2.63358778626 END
START 5.20020600586 -5.24090743408 9.40202991943 250.129770992 -57.1603053435 13.3435114504 END
START 8.61194337158 -14.9278473511 5.71735356445 250.129770992 -63.6641221374 8.26717557252 END