START 0.711077893066 -10.7882726807 6.68461103516 250.129770992 -56.7175572519 7.34351145038 END
START -2.15238729248 -11.0995188965 9.34456907959 250.129770992 -77.6259541985 -2.59541984733 END
START -0.972045874023 -10.1131078125 9.30147344971 250.129770992 -78.1679389313 3.86259541985 END
START 1.94169754639 -4.38857164307 6.52659372559 250.129770992 -98.7480916031 7.5572519084 END
START 8.02536396484 -7.90565388184 8.33661018066 250.129770992 -80.5419847328 5.96183206107 END
START 4.0318355957 -5.54497104492 10.7523596558 250.129770992 -66.4045801527 4.22900763359 END
START 6.00226356201 -8.71249984131 5.8107274292 250.129770992 -75.0763358779 10.2213740458 END
START 4.50109912109 -14.0180507202 5.20738861084 250.129770992 -61.6946564885 0.534351145038 END
START -0.644040246582 -10.9582609985 9.92875428467 250.129770992 -70.3893129771 -5.29770992366 END
START -2.99035787354 -14.9613661743 4.8913539917 250.129770992 -83.3053435115 7.81679389313 END
START 2.55700737305 -5.1618987793 7.01740506592 250.129770992 -90.4122137405 10.7557251908 END
START 8.63109698486 -9.99818613281 9.44751975098 250.129770992 -96.6183206107 14.9923664122 END
START 6.4356140625 -11.3461216675 5.98071574707 250.129770992 -104.564885496 4.86259541985 END
START -4.27364996338 -10.4578728516 7.3190744751 250.129770992 -97.7022900763 6.63358778626 END
START -0.339976635742 -11.6166664551 3.9600095459 250.129770992 -93.8015267176 4.69465648855 END
START -2.82276375732 -10.8481277222 4.56813676758 250.129770992 -90.7786259542 11.427480916 END
START -0.263362182617 -4.06296021729 4.22816013184 250.129770992 -95.2671755725 9.70229007634 END
START 1.9105729248 -8.76277807617 3.13161577148 250.129770992 -104.328244275 9.45801526718 END
START 2.75093770752 -8.40364782715 6.83544573975 250.129770992 -104.419847328 1.51145038168 END
START 3.69425316162 -5.21217701416 7.01022246094 250.129770992 -108.671755725 11.4580152672 END
START -2.29125098877 -9.84735142822 4.32871660156 250.129770992 -104.160305344 10.6335877863 END
START -4.69742365723 -9.53849941406 7.85537564697 250.129770992 -107.603053435 11.0763358779 END
START -4.79319172363 -6.89769498291 6.60081397705 250.129770992 -104.740458015 5.62595419847 END
START 4.93205541992 -12.5767413208 5.32709869385 250.129770992 -104.557251908 11.8473282443 END
START 7.18499918213 -5.16908138428 5.42765516357 250.129770992 -99.5877862595 8.0 END
START -1.75494981689 -12.4785790527 4.5609541626 250.129770992 -87.9312977099 13.572519084 END
START -1.62805712891 -3.7493197998 11.5448404053 250.129770992 -72.0 1.20610687023 END
START -1.84592947998 -3.12922156982 14.343662146 250.129770992 -70.8854961832 10.6946564885 END
START 4.99669886475 -13.6756798828 7.15148035889 250.129770992 -95.7251908397 9.0534351145 END
START 4.18506450195 -5.91367810059 7.45075556641 250.129770992 -103.93129771 4.98473282443 END
START 1.65918175049 -2.90416661377 4.91290180664 250.129770992 -105.305343511 8.54961832061 END
START 0.00478840332031 -11.3365448608 8.53532891846 250.129770992 -104.381679389 1.19847328244 END
START 5.4803276001 -12.8975643433 5.04218869629 250.129770992 -103.58778626 5.78625954198 END
START 8.96389101563 -12.5863181274 6.85220515137 250.129770992 -94.5190839695 2.13740458015 END
START 9.90002386475 -14.1952216431 5.20020600586 250.129770992 -84.8244274809 9.48091603053 END
START 1.25695587158 -8.39407102051 11.9231242676 250.129770992 -78.3282442748 9.97709923664 END
START -1.74058460693 -2.93529123535 10.1562034424 250.129770992 -78.8625954198 16.8015267176 END
START 5.08767852783 -5.96156213379 4.95839163818 250.129770992 -89.9007633588 11.1679389313 END
START 0.356736047363 -11.4083709106 9.33499227295 250.129770992 -96.0152671756 8.1679389313 END
START 3.08373173828 -5.95437952881 3.01190568848 250.129770992 -102.824427481 7.78625954198 END
START -2.87064779053 -4.58968458252 9.94311949463 250.129770992 -105.366412214 2.46564885496 END
START 6.36139381104 -10.9630494019 11.9805851074 250.129770992 -98.9618320611 4.51908396947 END
START 1.48679923096 -13.6301900513 2.67432325439 250.129770992 -101.320610687 8.12977099237 END
START 17.2167041382 -9.2416184082 7.32865128174 250.129770992 -92.2595419847 13.6259541985 END
START -4.43166727295 -14.4849200439 8.19774648437 250.129770992 -94.0992366412 6.00763358779 END
START 7.65665690918 -11.4538607422 5.20499440918 250.129770992 -103.534351145 12.1832061069 END
START 1.51792385254 -7.45075556641 8.76517227783 250.129770992 -104.427480916 10.8625954198 END
START 11.4227361206 -10.2352120972 8.81784471436 250.129770992 -104.641221374 7.43511450382 END
START 5.22654222412 -13.2495119873 5.93283171387 250.129770992 -100.167938931 17.9541984733 END
START 1.21864864502 -8.16901606445 9.77552537842 250.129770992 -97.2519083969 11.5877862595 END
START 7.1203557373 -6.53856473389 6.95276162109 250.129770992 -84.106870229 -0.832061068702 END
START 3.79959803467 -4.60404979248 11.1881043579 250.129770992 -73.5496183206 -3.62595419847 END
START 0.962469067383 -8.08761320801 9.85932243652 250.129770992 -77.7786259542 9.96946564885 END
START 3.69904156494 -15.7945483521 6.00705196533 250.129770992 -59.893129771 1.53435114504 END
START 1.43891519775 -8.30309135742 8.99262143555 250.129770992 -60.2061068702 -3.74809160305 END
START -0.509964953613 -8.2983029541 10.2663367187 250.129770992 -60.5114503817 9.98473282443 END
START 1.50355864258 -16.6229421265 6.0932432251 250.129770992 -62.9923664122 8.47328244275 END
START 4.61602080078 -11.8321446045 11.5639940186 250.129770992 -53.786259542 2.95419847328 END
START 5.89931289062 -8.51856950684 2.51630594482 250.129770992 -48.5572519084 10.0152671756 END
START -0.248996972656 -12.9071411499 8.41083043213 250.129770992 -33.5267175573 -2.32824427481 END
START 5.43483776855 -6.76122548828 8.33661018066 250.129770992 -38.2519083969 4.70992366412 END
START 1.37427175293 -8.55208833008 7.32146867676 250.129770992 -36.1526717557 11.3053435115 END
START 10.6494089844 -7.85537564697 8.06606539307 250.129770992 -46.4809160305 4.58015267176 END
START 2.32716401367 -8.14986245117 11.2024695679 250.129770992 -42.7709923664 7.22900763359 END
START -2.04464821777 -13.4649901367 9.8665050415 250.129770992 -44.2671755725 -2.18320610687 END
START 4.76924970703 -15.5575223877 3.06218392334 250.129770992 -47.4122137405 -0.36641221374 END
START 4.45082088623 -9.16500395508 5.67904633789 250.129770992 -46.0076335878 6.70229007634 END
START 8.65503900146 -9.52892260742 11.0971246948 250.129770992 -50.2595419847 8.19847328244 END
START 5.73411297607 -7.79073220215 4.82910474854 250.129770992 -56.4732824427 -1.61832061069 END
START 2.085349646 -12.3253501465 6.01423457031 250.129770992 -55.8625954198 9.30534351145 END
START 6.11479104004 -14.6692735718 0.505176550293 250.129770992 -56.5419847328 9.25954198473 END
START 8.70292303467 -14.1210013916 5.5880666748 250.129770992 -23.9312977099 -4.67175572519 END
START 2.59770880127 -10.2064816772 6.44279666748 250.129770992 -31.465648855 13.7709923664 END
START -0.598550415039 -13.1537439209 5.66707532959 250.129770992 -32.6946564885 7.73282442748 END
START 5.56173045654 -12.6557499756 3.7493197998 250.129770992 -33.9694656489 4.45801526718 END
START 3.60806190186 -11.0037508301 5.41568415527 250.129770992 -38.9389312977 8.52671755725 END
START -3.48356341553 -5.69819995117 3.79959803467 250.129770992 -45.9465648855 1.95419847328 END
START 2.04704241943 -5.45877978516 6.26083734131 250.129770992 -41.8167938931 6.96946564885 END
START 0.60812722168 -10.4075946167 5.90410129395 250.129770992 -49.8015267176 4.80916030534 END
START 1.70706578369 -8.65025059814 7.14908615723 250.129770992 -40.2595419847 7.32824427481 END
START -1.49877023926 -8.23365950928 3.38061274414 250.129770992 -29.8549618321 8.98473282443 END
START 2.32476981201 -13.8121493774 8.44674345703 250.129770992 -53.9465648855 6.42748091603 END
START 5.30555087891 -10.5105452881 7.91283648682 250.129770992 -48.6335877863 10.4732824427 END
START 3.89776030273 -7.85058724365 7.95114371338 250.129770992 -71.8320610687 14.2519083969 END
START -1.70706578369 -13.0962830811 8.19774648437 250.129770992 -84.9236641221 12.2366412214 END
START 3.4069489624 -12.0236807373 10.7619364624 250.129770992 -93.8702290076 12.679389313 END
START 2.24097275391 -11.6837041016 11.765106958 250.129770992 -92.0610687023 5.14503816794 END
START -0.440533105469 -13.1561381226 6.49068070068 250.129770992 -87.4961832061 -2.62595419847 END
START -2.43490308838 -8.0157871582 7.01501086426 250.129770992 -92.4045801527 3.06106870229 END
START 4.92008441162 -7.84819304199 5.99268675537 250.129770992 -89.0916030534 3.1679389313 END
START 7.3789295166 -8.2623899292 4.43645567627 250.129770992 -99.5419847328 7.3893129771 END
START -5.10204373779 -5.91846650391 8.11155522461 250.129770992 -106.511450382 7.57251908397 END
START 2.76530291748 -3.77086761475 6.36857641602 250.129770992 -104.610687023 7.06106870229 END
START 2.04464821777 -10.8074262939 6.27280834961 250.129770992 -103.603053435 6.68702290076 END
START 6.72531246338 -8.54729992676 9.78749638672 250.129770992 -104.114503817 7.83969465649 END
START 7.31668027344 -8.44434925537 8.04691177979 250.129770992 -104.183206107 7.9465648855 END
START 2.33913502197 -7.08204851074 5.74129558105 250.129770992 -103.923664122 6.73282442748 END
START -0.277727392578 -9.64623848877 7.74045396729 250.129770992 -104.335877863 6.81679389313 END
START 1.46525141602 -11.4466781372 5.882553479 250.129770992 -104.381679389 4.35114503817 END
START -2.32476981201 -13.8313029907 7.16584556885 250.129770992 -104.076335878 11.6030534351 END
START -3.43567938232 -8.44913765869 6.01902297363 250.129770992 -104.198473282 3.20610687023 END
START 6.06211860352 -3.19625921631 11.2742956177 250.129770992 -104.488549618 14.8396946565 END
START -4.3023803833 -11.264718811 7.18499918213 250.129770992 -104.618320611 7.49618320611 END
START 0.0550666381836 -13.0124860229 7.0605006958 250.129770992 -104.06870229 -0.732824427481 END
START 14.1090303833 -8.85615194092 9.00219824219 250.129770992 -88.1603053435 18.2748091603 END
START 3.92170231934 -15.5335803711 6.09803162842 250.129770992 -86.213740458 5.35114503817 END
START 7.601590271 -11.5831476318 5.43723197021 250.129770992 -81.0076335878 19.6106870229 END
START 4.54419475098 -10.2878845337 7.16345136719 250.129770992 -83.8091603053 4.3893129771 END
START 0.392649072266 -0.948103857422 3.73495458984 250.129770992 -100.801526718 -2.62595419847 END
START 6.96712683105 -11.8512982178 7.05571229248 250.129770992 -92.0 0.534351145038 END
START 5.45159718018 -8.83220992432 7.57525405273 250.129770992 -93.5648854962 6.76335877863 END
START 0.713472094727 -16.1584670044 9.1697923584 250.129770992 -83.2595419847 3.75572519084 END
START 1.34314713135 -6.95036741943 5.54736524658 250.129770992 -103.488549618 25.1603053435 END
START 6.33745179443 -7.18021077881 6.94557901611 250.129770992 -74.7328244275 10.0305343511 END
START -4.35744702148 -9.33020386963 4.41251365967 250.129770992 -74.9541984733 13.4122137405 END
START 9.90481226807 -9.98621512451 4.42209046631 250.129770992 -81.7557251908 4.67175572519 END
START 6.60560238037 -19.5271087402 3.03345350342 250.129770992 -70.3893129771 3.96946564885 END
START 0.430956298828 -9.80665 6.59363137207 250.129770992 -68.786259542 10.4045801527 END
START 2.10210905762 -10.433930835 7.32386287842 250.129770992 -78.5419847328 6.6106870229 END
START 0.330399829102 -11.9638256958 8.72447084961 250.129770992 -69.0381679389 6.06870229008 END