START 0.00239420166016 -15.0714994507 11.2910550293 250.129770992 -53.5267175573 8.35114503817 END
START -4.72854827881 -14.583082312 3.94325013428 250.129770992 -63.3053435115 5.04580152672 END
START -1.5682020874 -4.84107575684 7.25682523193 250.129770992 -48.2977099237 -3.74809160305 END
START -2.23379014893 -17.0778404419 9.20809958496 250.129770992 -53.427480916 2.74045801527 END
START 2.07816704102 -16.2614176758 11.0683942749 250.129770992 -50.0229007634 11.5572519084 END
START -2.08774384766 -5.91128389893 5.63355650635 250.129770992 -45.0076335878 11.1679389313 END
START 1.42454998779 -11.532869397 4.61123239746 250.129770992 -54.7099236641 6.13740458015 END
START 0.411802685547 -8.22887110596 12.1553618286 250.129770992 -51.5496183206 1.58015267176 END
START -6.1770402832 -11.1785275513 7.40526573486 250.129770992 -57.5267175573 16.5190839695 END
START -1.41736738281 -13.9127058472 7.90565388184 250.129770992 -54.2900763359 7.53435114504 END
START -4.86980617676 -7.71651195068 7.59440766602 250.129770992 -55.0152671756 5.10687022901 END
START -4.70939466553 -13.0723410645 2.56897838135 250.129770992 -61.7480916031 -3.81679389313 END
START 2.36547124023 -10.793061084 5.86579406738 250.129770992 -56.9923664122 13.3893129771 END
START -6.71573565674 -11.1162783081 7.62792648926 250.129770992 -70.6183206107 5.13740458015 END
START 4.87220037842 -5.61919129639 12.6437789673 250.129770992 -71.4122137405 -0.0763358778626 END
START -4.90093079834 -10.4913916748 7.15626876221 250.129770992 -66.1145038168 5.80916030534 END
START -11.1617681396 -7.83622203369 12.5791355225 250.129770992 -67.6106870229 9.67175572519 END
START -1.62326872559 -12.5480109009 10.771513269 250.129770992 -68.6946564885 -0.358778625954 END
START -5.97353314209 -18.4664774048 8.03015236816 250.129770992 -76.1908396947 6.81679389313 END
START -0.708683691406 -13.7331407227 9.39245311279 250.129770992 -78.0381679389 -2.86259541985 END
START 0.665588061523 -6.03338818359 6.32069238281 250.129770992 -80.572519084 5.47328244275 END
START 4.15154567871 -8.57363614502 9.56722983398 250.129770992 -75.1679389313 6.34351145038 END
START 3.26808526611 -11.9710083008 8.57363614502 250.129770992 -76.1984732824 -0.427480916031 END
START 0.292092602539 -8.87769975586 1.75973822021 250.129770992 -76.0076335878 3.12213740458 END
START -3.84508786621 -11.3796404907 6.65348641357 250.129770992 -75.2213740458 9.75572519084 END
START 7.0605006958 -14.4466128174 4.0318355957 250.129770992 -83.7328244275 2.71755725191 END
START 5.69341154785 -11.5065331787 5.26724365234 250.129770992 -86.6488549618 5.21374045802 END
START 4.68545264893 -13.7570827393 7.35977590332 250.129770992 -94.358778626 -0.900763358779 END
START 0.418985290527 -11.4682259521 7.14908615723 250.129770992 -93.320610687 -1.70992366412 END
START 6.46195028076 -9.20809958496 11.0444522583 250.129770992 -97.4122137405 8.03053435115 END
START 1.90099611816 -10.6470147827 11.3940057007 250.129770992 -85.8854961832 -1.12213740458 END
START 5.59046087646 -6.66785162354 5.98550415039 250.129770992 -92.7404580153 -2.67938931298 END
START 5.1618987793 -13.2926076172 7.51539901123 250.129770992 -93.358778626 10.1832061069 END
START 2.23379014893 -7.11077893066 4.69981785889 250.129770992 -79.3053435115 5.2213740458 END
START -1.1779472168 -5.27921466064 6.68700523682 250.129770992 -82.6946564885 0.93893129771 END
START 6.89769498291 -11.3006318359 7.36456430664 250.129770992 -89.2900763359 14.9541984733 END
START 1.47482822266 -11.5711766235 9.8784760498 250.129770992 -82.2671755725 5.04580152672 END
START 0.0694318481445 -10.2376062988 8.214505896 250.129770992 -84.0763358779 3.6641221374 END
START -6.74446607666 -9.7827079834 12.5168862793 250.129770992 -88.427480916 3.63358778626 END
START 0.428562097168 -9.01895765381 2.24576115723 250.129770992 -84.786259542 6.07633587786 END
START 6.65109221191 -6.69179364014 5.74608398437 250.129770992 -99.0229007634 14.5267175573 END
START -1.82917006836 -7.59201346436 7.92720169678 250.129770992 -81.1832061069 0.832061068702 END
START 4.73333668213 -8.06127698975 8.24084211426 250.129770992 -82.2900763359 8.36641221374 END
START 3.07894333496 -11.7411649414 10.4387192383 250.129770992 -82.8549618321 5.51145038168 END
START 3.29681568604 -10.1992990723 5.09964953613 250.129770992 -93.0076335878 6.63358778626 END
START 3.25611425781 -7.0126166626 13.4602017334 250.129770992 -78.6183206107 -3.9465648855 END
START 1.21146604004 -11.7435591431 5.67904633789 250.129770992 -70.7709923664 -3.37404580153 END
START -2.47081611328 -9.22246479492 9.23922420654 250.129770992 -78.0610687023 12.3129770992 END
START 3.32075770264 -3.07415493164 14.8201082764 250.129770992 -73.641221374 -3.29007633588 END
START -3.90015450439 -9.43554874268 5.73890137939 250.129770992 -74.0610687023 2.03816793893 END
START -3.34469971924 -8.07085379639 11.5232925903 250.129770992 -78.8396946565 6.17557251908 END
START 3.25372005615 -10.0915599976 12.5958949341 250.129770992 -71.4580152672 6.54961832061 END
START -3.67988795166 -6.02859978027 6.63433280029 250.129770992 -68.8091603053 9.53435114504 END
START 0.380678063965 -15.4737253296 10.4770264648 250.129770992 -68.7633587786 9.80916030534 END
START 11.4993505737 -6.5074401123 10.4554786499 250.129770992 -72.2290076336 2.19083969466 END
START 3.11964476318 -8.5089927002 7.23527741699 250.129770992 -63.5496183206 6.47328244275 END
START -1.6041151123 -6.0812722168 7.4268135498 250.129770992 -62.4961832061 2.09160305344 END
START 3.52905324707 -10.9917798218 12.9334773682 250.129770992 -49.3511450382 11.4885496183 END
START 0.45250411377 -6.36857641602 5.8586114624 250.129770992 -53.2977099237 10.6870229008 END
START 5.47075079346 -9.92396588135 9.17458076172 250.129770992 -41.2290076336 -2.89312977099 END
START -0.526724365234 -10.1155020142 8.88488236084 250.129770992 -44.4580152672 -0.824427480916 END
START 0.407014282227 -10.5991307495 10.1107136108 250.129770992 -45.3664122137 9.40458015267 END
START -2.06619603271 -11.039663855 4.78361491699 250.129770992 -31.2824427481 -3.64122137405 END
START 3.24893165283 -15.8520091919 7.601590271 250.129770992 -25.1526717557 10.7251908397 END
START -2.16435830078 -15.9142584351 5.50187541504 250.129770992 -32.4732824427 9.46564885496 END
START 4.16112248535 -16.2829654907 8.5209637085 250.129770992 -27.5114503817 7.67938931298 END
START 3.07415493164 -10.532093103 9.17697496338 250.129770992 -21.8167938931 5.83969465649 END
START 3.4428619873 -12.5240688843 5.71495936279 250.129770992 -32.9847328244 6.4427480916 END
START -2.15956989746 -11.4466781372 4.63517441406 250.129770992 -31.9770992366 6.17557251908 END
START -2.52588275146 -10.5344873047 5.22654222412 250.129770992 -28.6183206107 -1.83969465649 END
START -1.50116444092 -10.3549221802 7.03895288086 250.129770992 -22.3664122137 -2.59541984733 END
START -3.54581265869 -9.2296473999 0.237025964355 250.129770992 -26.4198473282 1.0 END
START -2.61207401123 -10.785878479 7.11556733398 250.129770992 -32.4580152672 7.70229007634 END
START -3.91451971436 -11.0372696533 4.6686932373 250.129770992 -31.5038167939 5.03816793893 END
START -0.545877978516 -13.1417729126 9.22725319824 250.129770992 -29.4198473282 7.88549618321 END
START -6.91206019287 -6.50504591064 4.39096584473 250.129770992 -42.6641221374 4.71755725191 END
START 0.555454785156 -12.0356517456 6.90008918457 250.129770992 -37.3893129771 0.916030534351 END
START -0.529118566895 -4.61123239746 3.56496627197 250.129770992 -43.3816793893 8.09923664122 END
START -1.40060797119 -10.2735193237 5.63116230469 250.129770992 -56.6564885496 10.2442748092 END
START -4.97993945312 -5.11162054443 7.56328304443 250.129770992 -55.213740458 -0.809160305344 END
START -1.09175595703 -5.91607230225 7.92480749512 250.129770992 -54.2213740458 5.70229007634 END
START 6.63433280029 -7.41244833984 4.81473953857 250.129770992 -54.7786259542 5.5572519084 END
START 2.57137258301 -8.30787976074 6.16028087158 250.129770992 -55.9083969466 -1.56488549618 END
START -5.82030423584 -13.7738421509 8.06367119141 250.129770992 -56.4351145038 4.53435114504 END
START -4.2664673584 -10.314220752 7.51300480957 250.129770992 -53.0839694656 9.1679389313 END
START -3.41413156738 -9.89762966309 5.80593902588 250.129770992 -71.1374045802 3.14503816794 END
START -4.51307012939 -7.98705673828 10.1777512573 250.129770992 -75.9083969466 3.03053435115 END
START 2.48039291992 -3.75650240479 6.50025750732 250.129770992 -80.9236641221 6.70229007634 END
START -3.28245047607 -11.5568114136 7.99663354492 250.129770992 -102.519083969 -0.106870229008 END
START -0.294486804199 -9.193734375 15.5335803711 250.129770992 -103.404580153 3.29007633588 END
START -1.34554133301 -4.29519777832 9.36132849121 250.129770992 -104.86259542 -0.328244274809 END
START -5.8107274292 -7.57285985107 4.75727869873 250.129770992 -97.2290076336 6.8320610687 END
START -1.77649763184 -6.52419952393 8.51378110352 250.129770992 -104.702290076 -0.664122137405 END
START 5.94959112549 -7.99663354492 6.39491263428 250.129770992 -97.1755725191 7.99236641221 END
START -0.900219824219 -6.63433280029 7.76679018555 250.129770992 -103.366412214 0.343511450382 END
START -4.31195718994 -8.82263311768 9.8425630249 250.129770992 -105.213740458 8.35114503817 END
START -8.24084211426 -10.3908352051 5.83706364746 250.129770992 -104.305343511 2.51145038168 END
START 0.217872351074 -6.22731851807 6.99106884766 250.129770992 -104.473282443 4.87786259542 END
START -4.5489831543 -6.63912120361 11.2192289795 250.129770992 -104.854961832 6.27480916031 END
START -4.58968458252 -4.97993945312 8.53772312012 250.129770992 -88.7786259542 4.64885496183 END
START 5.27442625732 -5.85621726074 12.0883241821 250.129770992 -97.9236641221 4.72519083969 END
START 7.16823977051 -6.93121380615 7.04613548584 250.129770992 -78.0076335878 -3.3893129771 END