START -3.06936652832 -11.4155535156 6.56490095215 250.129770992 -40.0763358779 10.3511450382 END
START -1.60650931396 -10.4985742798 6.01662877197 250.129770992 -58.427480916 -2.29007633588 END
START 4.78361491699 -11.5041389771 7.70693514404 250.129770992 -59.7404580153 9.40458015267 END
START 0.581791003418 -8.827421521 9.39724151611 250.129770992 -81.3129770992 1.3893129771 END
START -0.691924279785 -4.57771357422 5.63355650635 250.129770992 -66.7099236641 -3.59541984733 END
START -5.2217538208 -11.04684646 10.7236292358 250.129770992 -74.5572519084 -5.54961832061 END
START -3.46919820557 -5.98789835205 6.1770402832 250.129770992 -74.5038167939 2.09923664122 END
START 3.63679232178 -6.56968935547 8.44674345703 250.129770992 -77.0687022901 9.30534351145 END
START 4.89374819336 -15.5670991943 6.11957944336 250.129770992 -67.6564885496 9.0 END
START -1.69509477539 -10.9893856201 10.0700121826 250.129770992 -64.7022900763 16.2595419847 END
START 4.46758029785 -7.65905111084 8.42519564209 250.129770992 -68.0076335878 8.16030534351 END
START 0.433350500488 -9.47385596924 5.71735356445 250.129770992 -78.1297709924 12.0534351145 END
START -0.428562097168 -7.80988581543 7.37174691162 250.129770992 -81.8473282443 3.23664122137 END
START 2.14759888916 -8.99740983887 6.48828649902 250.129770992 -92.5572519084 -0.0992366412214 END
START 1.95606275635 -6.76840809326 4.3023803833 250.129770992 -99.5572519084 4.86259541985 END
START -1.63045133057 -11.9829793091 6.66545742187 250.129770992 -90.7175572519 -3.63358778626 END
START -0.933738647461 -12.3732341797 11.9590372925 250.129770992 -80.5419847328 10.8396946565 END
START -0.215478149414 -9.1458503418 7.03895288086 250.129770992 -81.5038167939 3.03816793893 END
START 0.260967980957 -11.0516348633 6.74446607666 250.129770992 -87.0534351145 3.80916030534 END
START 4.52025273438 -2.79163913574 4.95599743652 250.129770992 -93.9847328244 2.61832061069 END
START 1.50116444092 -6.07408961182 5.75805499268 250.129770992 -90.3740458015 1.60305343511 END
START -1.65918175049 -12.2750719116 12.27267771 250.129770992 -92.2442748092 10.106870229 END
START 4.20900651855 -9.40681832275 9.77552537842 250.129770992 -89.4885496183 6.82442748092 END
START 2.46123930664 -11.0851536865 6.94797321777 250.129770992 -99.5419847328 -2.6641221374 END
START 1.28808049316 -9.65342109375 5.79636221924 250.129770992 -105.824427481 0.854961832061 END
START 1.41497318115 -9.49061538086 5.97832154541 250.129770992 -95.7786259542 -2.80152671756 END
START -0.0143652099609 -10.4075946167 6.3637880127 250.129770992 -104.389312977 -0.664122137405 END
START -6.27041414795 -9.67736311035 7.15626876221 250.129770992 -92.893129771 -0.687022900763 END
START 1.24737906494 -4.25210214844 5.45877978516 250.129770992 -102.106870229 -4.86259541985 END
START -0.196324536133 -12.3804167847 7.20894119873 250.129770992 -104.755725191 12.3282442748 END
START 4.12281525879 -12.3157733398 9.35175168457 250.129770992 -109.65648855 3.68702290076 END
START 7.48427438965 -10.5057568848 6.54095893555 250.129770992 -104.717557252 0.351145038168 END
START 11.6693388916 -14.8129256714 7.41963094482 250.129770992 -104.93129771 8.12977099237 END
START -0.60573302002 -8.77953748779 8.6406737915 250.129770992 -103.877862595 0.404580152672 END
START 3.48356341553 -10.6709567993 6.46673868408 250.129770992 -102.106870229 2.68702290076 END
START 4.93684382324 -1.13245738525 8.66222160645 250.129770992 -109.877862595 2.96946564885 END
START 3.14119257812 -8.78193168945 9.21528218994 250.129770992 -108.595419847 4.29007633588 END
START 8.32703337402 -5.07091911621 7.55370623779 250.129770992 -103.839694656 -0.534351145038 END
START 2.61446821289 -10.4866032715 6.88811817627 250.129770992 -114.824427481 4.95419847328 END
START 3.35667072754 -5.39892474365 10.9750204102 250.129770992 -114.381679389 -3.59541984733 END
START -2.00394678955 -7.52497581787 13.6421610596 250.129770992 -102.824427481 0.916030534351 END
START 1.30005150146 -10.5991307495 7.99902774658 250.129770992 -94.4580152672 3.49618320611 END
START 2.06619603271 -9.85692823486 7.67581052246 250.129770992 -86.8320610687 5.68702290076 END
START 4.81952794189 -8.6047607666 6.98388624268 250.129770992 -88.6946564885 -1.84732824427 END
START -0.907402429199 -13.6828624878 9.47864437256 250.129770992 -76.8702290076 9.12977099237 END
START 7.57046564941 -15.3037370117 10.1226846191 250.129770992 -81.8244274809 -2.29770992366 END
START 1.05823713379 -13.0771294678 5.68144053955 250.129770992 -60.6335877863 7.77099236641 END
START 6.48589229736 -14.829685083 8.07085379639 250.129770992 -67.5648854962 15.572519084 END
START -0.134075292969 -12.9167179565 3.33751711426 250.129770992 -62.4732824427 0.587786259542 END
START 7.93677850342 -15.682020874 6.00944616699 250.129770992 -65.7557251908 11.5801526718 END
START -6.12197364502 -9.61511386719 8.48505068359 250.129770992 -58.9236641221 4.84732824427 END
START -3.22259543457 -5.40131894531 3.96240374756 250.129770992 -55.1984732824 -0.129770992366 END
START 0.00718260498047 -7.61116707764 13.3835872803 250.129770992 -45.0916030534 9.51145038168 END
START -3.79002122803 -8.07324799805 12.1218430054 250.129770992 -45.2213740458 -0.748091603053 END
START -0.936132849121 -9.09796630859 12.4642138428 250.129770992 -43.7251908397 2.80152671756 END
START 1.58735570068 -0.222660754395 9.43554874268 250.129770992 -45.0305343511 9.08396946565 END
START 4.2425253418 -2.39420166016 5.91846650391 250.129770992 -43.6183206107 -0.129770992366 END
START 6.7061588501 -5.69341154785 11.7124345215 250.129770992 -39.8320610687 9.5572519084 END
START -2.2170307373 -6.25126053467 8.71249984131 250.129770992 -46.0992366412 3.50381679389 END
START 5.15471617432 -9.83298621826 6.4116720459 250.129770992 -44.320610687 9.35114503817 END
START 2.24576115723 -12.1050835937 6.96473262939 250.129770992 -49.3664122137 12.2442748092 END
START 1.35032973633 -8.43956085205 6.98388624268 250.129770992 -47.6335877863 -0.763358778626 END
START 2.01112939453 -3.79959803467 4.68066424561 250.129770992 -51.2442748092 4.79389312977 END
START -1.5442600708 -6.71334145508 8.71249984131 250.129770992 -54.572519084 7.98473282443 END
START 2.26012636719 -10.4219598267 7.39808312988 250.129770992 -45.5954198473 4.41984732824 END
START 2.70065947266 -16.7929304443 6.14352145996 250.129770992 -52.7709923664 10.7328244275 END
START -0.727837304687 -7.86974085693 6.57687196045 250.129770992 -48.8702290076 3.27480916031 END
START 4.11323845215 -7.71172354736 12.4235124146 250.129770992 -55.4122137405 13.6030534351 END
START 1.7788918335 -9.91438907471 6.54574733887 250.129770992 -60.2213740458 3.48854961832 END
START -1.74776721191 -11.1426145264 7.52737001953 250.129770992 -58.213740458 7.40458015267 END
START -1.62326872559 -13.0603700562 4.12281525879 250.129770992 -58.7175572519 0.12213740458 END
START -3.60087929687 -9.67496890869 5.69341154785 250.129770992 -67.9618320611 -2.21374045802 END
START -0.873883605957 -11.166556543 7.13232674561 250.129770992 -58.4885496183 0.793893129771 END
START 2.27209737549 -11.4849853638 12.6078659424 250.129770992 -61.0610687023 5.32824427481 END
START -5.94001431885 -6.65827481689 5.50187541504 250.129770992 -63.1374045802 3.98473282443 END
START -2.61446821289 -12.3253501465 9.54568201904 250.129770992 -79.0839694656 1.70992366412 END
START -6.44040246582 -10.2567599121 7.44357296143 250.129770992 -71.2213740458 12.0458015267 END
START -0.76135612793 -9.1817633667 14.1257897949 250.129770992 -66.5877862595 -1.13740458015 END
START -2.06140762939 -8.54011732178 8.77474908447 250.129770992 -75.5801526718 1.69465648855 END
START 0.268150585937 -9.47146176758 6.3877300293 250.129770992 -76.7099236641 4.28244274809 END
START -0.902614025879 -3.84029946289 5.8945244873 250.129770992 -81.9541984733 8.19847328244 END
START -1.37666595459 -10.2184526855 6.76840809326 250.129770992 -81.9847328244 10.0381679389 END
START -1.4963760376 -11.4945621704 8.09240161133 250.129770992 -89.7709923664 -2.2213740458 END
START -1.43652099609 -12.4067530029 10.1035310059 250.129770992 -91.427480916 -0.251908396947 END
START -7.30470926514 -5.58088406982 7.74763657227 250.129770992 -85.893129771 -3.51908396947 END
START 0.169988317871 -11.2982376343 7.42202514648 250.129770992 -87.2595419847 -0.0229007633588 END
START -1.838746875 -10.2352120972 4.81473953857 250.129770992 -86.1679389313 4.03816793893 END
START 3.32075770264 -15.3827456665 3.57933148193 250.129770992 -87.4809160305 3.57251908397 END
START 0.76853873291 -9.34456907959 11.4538607422 250.129770992 -78.465648855 -0.610687022901 END
START 1.32878192139 -10.2902787354 11.8704518311 250.129770992 -81.3358778626 -5.18320610687 END
START -2.38941325684 -10.0197339478 6.7899559082 250.129770992 -80.6946564885 8.1679389313 END
START -2.73178409424 -2.18351191406 6.3637880127 250.129770992 -85.2824427481 3.10687022901 END
START -1.08217915039 -3.24174904785 11.4107651123 250.129770992 -87.8320610687 9.87022900763 END
START -1.19949503174 -8.88248815918 6.57447775879 250.129770992 -85.3435114504 3.09923664122 END
START -3.00951148682 -5.2576668457 6.68939943848 250.129770992 -75.3740458015 4.41984732824 END
START 3.02387669678 -6.21534750977 7.04613548584 250.129770992 -79.2824427481 10.9694656489 END
START 1.42215578613 -7.87692346191 6.86178195801 250.129770992 -81.3893129771 8.46564885496 END
START -1.22104284668 -11.757924353 8.49223328857 250.129770992 -78.7633587786 6.80916030534 END
START 3.6296097168 -8.95670841064 11.0133276367 250.129770992 -83.358778626 3.89312977099 END
START 11.3820346924 -2.39659586182 6.35421120605 250.129770992 -91.3358778626 3.85496183206 END
START 4.86501777344 -12.2583125 7.30949766846 250.129770992 -85.7480916031 4.67938931298 END
START 5.70059415283 -4.36941802979 9.10993731689 250.129770992 -85.5496183206 10.8167938931 END
START 0.847547387695 -13.9079174438 6.51222851562 250.129770992 -84.9236641221 8.56488549618 END
START 2.43490308838 -12.8305266968 5.41089575195 250.129770992 -86.7633587786 5.75572519084 END
START 0.550666381836 -19.1751610962 8.51856950684 250.129770992 -73.106870229 6.51145038168 END
START 0.833182177734 -8.74362446289 9.66539210205 250.129770992 -80.1374045802 6.43511450382 END
START -1.52271225586 -9.56722983398 8.76277807617 250.129770992 -62.4122137405 -1.16030534351 END
START 6.56729515381 -14.3269027344 6.76840809326 250.129770992 -65.0610687023 9.17557251908 END
START 0.502782348633 -16.3691567505 8.49702169189 250.129770992 -75.0610687023 2.60305343511 END
START 0.428562097168 -5.2816088623 10.7643306641 250.129770992 -69.0687022901 8.08396946565 END
START 0.622492431641 -17.3627504395 12.3828109863 250.129770992 -74.3664122137 5.1679389313 END
START 2.75333190918 -10.905588562 10.5009684814 250.129770992 -76.1450381679 0.69465648855 END
START 6.17225187988 -9.68454571533 12.3038023315 250.129770992 -79.8473282443 9.83969465649 END
START 0.0598550415039 -5.86579406738 10.0364933594 250.129770992 -80.358778626 4.25954198473 END