START 2.04464821777 -13.3165496338 8.58800135498 250.129770992 -69.3129770992 8.21374045802 END
START 7.63989749756 -8.2384479126 9.96466730957 250.129770992 -69.2595419847 -3.15267175573 END
START 2.30801040039 -19.6037231934 3.82354005127 250.129770992 -64.786259542 5.54198473282 END
START -5.99268675537 -8.40604202881 2.94726224365 250.129770992 -60.3129770992 3.51145038168 END
START -10.4722380615 -9.02853446045 8.09240161133 250.129770992 -64.641221374 6.87022900763 END
START 2.71741888428 -14.2598650879 11.6501852783 250.129770992 -64.7938931298 15.1221374046 END
START 4.70460626221 -3.88100089111 5.65031591797 250.129770992 -61.3893129771 4.74045801527 END
START -8.33661018066 -2.8060043457 7.80509741211 250.129770992 -70.465648855 0.435114503817 END
START 10.3429511719 -16.7019507812 9.04050546875 250.129770992 -69.5648854962 4.35877862595 END
START -1.97042796631 -8.81305631104 12.3875993896 250.129770992 -67.8167938931 3.31297709924 END
START -2.54743056641 -0.45489831543 7.12753834229 250.129770992 -74.7938931298 12.1221374046 END
START -2.17872351074 -16.0746699463 8.15704505615 250.129770992 -83.8396946565 -0.351145038168 END
START -6.72531246338 -12.004527124 8.77714328613 250.129770992 -80.1908396947 3.28244274809 END
START -7.67581052246 -11.9279126709 6.04057078857 250.129770992 -87.320610687 3.29770992366 END
START -9.66778630371 -5.17626398926 8.90164177246 250.129770992 -81.2213740458 5.74045801527 END
START -0.567425793457 -2.94486804199 7.88410606689 250.129770992 -79.2977099237 3.5572519084 END
START 4.58729038086 -17.1855795166 8.45871446533 250.129770992 -78.2519083969 2.0 END
START -1.00795889893 -13.7283523193 8.15704505615 250.129770992 -101.572519084 1.46564885496 END
START -2.75333190918 0.735019909668 11.7483475464 250.129770992 -103.687022901 8.65648854962 END
START 5.37019432373 -1.01274730225 3.62003291016 250.129770992 -104.236641221 5.86259541985 END
START -3.30639249268 -2.23857855225 8.18577547607 250.129770992 -105.083969466 0.93893129771 END
START -3.95522114258 -12.6796919922 9.43794294434 250.129770992 -103.13740458 5.50381679389 END
START 2.33434661865 -6.4356140625 9.5241342041 250.129770992 -97.9389312977 3.15267175573 END
START 7.36456430664 -7.38611212158 0.720654699707 250.129770992 -92.2977099237 0.923664122137 END
START -0.225054956055 -8.51378110352 2.47799871826 250.129770992 -82.6717557252 4.01526717557 END
START -5.58088406982 -14.0084739136 7.55610043945 250.129770992 -92.1832061069 -1.43511450382 END
START 2.38941325684 -7.88410606689 15.7179338989 250.129770992 -98.7709923664 -1.54961832061 END
START 8.53054051514 -12.0548053589 6.40688364258 250.129770992 -100.13740458 17.4045801527 END
START 0.974440075684 -7.82664522705 14.9996734009 250.129770992 -105.045801527 0.893129770992 END
START -0.955286462402 -11.9207300659 7.721300354 250.129770992 -89.213740458 11.4351145038 END
START 0.423773693848 -6.0932432251 3.42610257568 250.129770992 -65.534351145 11.3816793893 END
START 6.43800826416 -2.96402165527 6.7899559082 250.129770992 -34.4580152672 0.213740458015 END
START 1.8626888916 -9.60074865723 8.07803640137 250.129770992 -31.1526717557 3.36641221374 END
START 2.1691467041 -2.5115175415 8.39885942383 250.129770992 -29.6259541985 5.08396946565 END
START -7.06768330078 -11.0229044434 11.7363765381 250.129770992 -40.9541984733 7.74809160305 END
START -7.88410606689 2.41096107178 -3.19386501465 250.129770992 -56.4351145038 10.6946564885 END
START -1.47003981934 -4.26167895508 8.87291135254 250.129770992 -62.4809160305 7.41221374046 END
START 0.653617053223 -10.1849338623 10.3597105835 250.129770992 -68.0534351145 1.21374045802 END
START -2.79642753906 -1.57777889404 6.32069238281 250.129770992 -58.3664122137 11.6030534351 END
START -7.68778153076 -6.62954439697 10.2471831055 250.129770992 -39.5954198473 1.95419847328 END
START 4.07493122559 -6.30872137451 8.06367119141 250.129770992 -35.8702290076 14.1374045802 END
START -0.837970581055 -8.73883605957 7.68299312744 250.129770992 -38.5648854962 3.32061068702 END
START -6.93600220947 4.98472785645 7.12753834229 250.129770992 -42.5038167939 7.58778625954 END
START -4.07014282227 -3.33991131592 9.560047229 250.129770992 -50.2595419847 3.99236641221 END
START 0.735019909668 -7.64708010254 15.5383687744 250.129770992 -58.8549618321 4.59541984733 END
START -8.54969412842 -12.8424977051 8.80108530273 250.129770992 -62.4198473282 2.36641221374 END
START -2.1092916626 -3.82354005127 11.4658317505 250.129770992 -65.9694656489 7.74809160305 END
START -9.38287630615 -14.8584155029 9.92875428467 250.129770992 -68.5190839695 -0.480916030534 END
START -3.68467635498 -3.55778366699 11.5544172119 250.129770992 -66.6335877863 4.8320610687 END
START -2.17154090576 -9.70848773193 12.519280481 250.129770992 -59.3740458015 -1.07633587786 END
START 4.01268198242 -9.59356605225 7.23767161865 250.129770992 -45.5038167939 1.87022900763 END
START -3.90254870605 -6.01902297363 3.63200391846 250.129770992 -44.5648854962 12.2366412214 END
START 0.29927520752 -8.05409438477 13.3931640869 250.129770992 -43.2366412214 13.4198473282 END
START -6.80910952148 -4.85783516846 18.866309082 250.129770992 -50.679389313 4.64122137405 END
START 1.54904847412 -13.7570827393 9.83538041992 250.129770992 -64.1526717557 4.81679389313 END
START -0.588973608398 -13.2662713989 11.6837041016 250.129770992 -79.4045801527 1.72519083969 END
START 5.5042696167 -6.69658204346 8.73165345459 250.129770992 -78.9007633588 13.2213740458 END
START -2.63362182617 -11.4011883057 0.3064578125 250.129770992 -82.0458015267 4.54961832061 END
START 2.09971485596 -9.19134017334 7.40526573486 250.129770992 -90.3893129771 5.73282442748 END
START -2.10689746094 -7.7332713623 10.5296989014 250.129770992 -78.9389312977 3.11450381679 END
START -0.0957680664062 -11.6477910767 6.30153876953 250.129770992 -65.3740458015 -1.64885496183 END
START 3.43807358398 -4.58968458252 13.7068045044 250.129770992 -55.2748091603 -2.48854961832 END
START -6.60560238037 -5.77242020264 9.68215151367 250.129770992 -55.9236641221 -1.58015267176 END
START -6.51462271729 -11.2886608276 13.0172744263 250.129770992 -67.5954198473 4.52671755725 END
START -5.77242020264 -3.30878669434 1.36230074463 250.129770992 -71.6335877863 9.25190839695 END
START 0.76614453125 6.35660540771 9.28950244141 250.129770992 -81.5114503817 5.40458015267 END
START 4.94881483154 -8.66461580811 2.88740720215 250.129770992 -80.0992366412 3.89312977099 END
START -6.89051237793 -1.54904847412 7.65186850586 250.129770992 -86.1221374046 10.8167938931 END
START -6.22253011475 -8.2384479126 3.66073433838 250.129770992 -81.1908396947 6.79389312977 END
START -7.13232674561 -13.1800801392 8.04930598145 250.129770992 -79.358778626 10.7099236641 END
START 1.01035310059 -10.3190091553 6.47631549072 250.129770992 -80.0916030534 3.52671755725 END
START -6.56968935547 -14.2478940796 9.03092866211 250.129770992 -75.0839694656 8.83969465649 END
START -1.8507178833 -12.8329208984 12.5216746826 250.129770992 -79.7328244275 7.81679389313 END
START -3.74453139648 -8.75320126953 6.22731851807 250.129770992 -81.6870229008 6.81679389313 END
START 5.80593902588 -1.21864864502 4.90811340332 250.129770992 -87.9541984733 5.38167938931 END
START -5.22414802246 -13.7139871094 11.039663855 250.129770992 -92.9847328244 5.39694656489 END
START -1.47482822266 -9.40202991943 14.1808564331 250.129770992 -84.2595419847 4.87786259542 END
START 10.5177278931 -8.06845959473 5.75326658936 250.129770992 -79.5267175573 5.64122137405 END
START 13.5679408081 -13.9198884521 4.89374819336 250.129770992 -75.0534351145 6.83969465649 END
START -2.55461317139 -7.40047733154 13.6517378662 250.129770992 -76.1221374046 7.70229007634 END
START 4.06296021729 -13.1369845093 15.9884786865 250.129770992 -81.1603053435 9.70229007634 END
START -6.45237347412 0.91458503418 12.6557499756 250.129770992 -96.8167938931 10.3358778626 END
START -6.742071875 -6.39491263428 5.29357987061 250.129770992 -90.2519083969 11.1908396947 END
START 1.82438166504 -8.15943925781 9.67257470703 250.129770992 -93.5190839695 11.1984732824 END
START 5.21696541748 -10.8050320923 12.7706716553 250.129770992 -85.3282442748 14.1832061069 END
START 5.37019432373 1.2497732666 9.66299790039 250.129770992 -75.7404580153 1.21374045802 END
START 2.55461317139 -7.96072052002 11.2048637695 250.129770992 -77.7938931298 8.45038167939 END
START -3.06218392334 -17.0251680054 6.8019269165 250.129770992 -83.2290076336 1.14503816794 END
START 2.57137258301 -2.74375510254 8.85854614258 250.129770992 -85.1603053435 0.00763358778626 END
START 4.86980617676 -2.60010300293 8.51138690186 250.129770992 -85.1450381679 6.57251908397 END
START -2.50194073486 2.41335527344 2.43011468506 250.129770992 -75.8702290076 -1.88549618321 END
START 1.56101948242 -11.3317564575 12.3181675415 250.129770992 -69.427480916 16.8320610687 END
START -1.41497318115 -9.21288798828 10.5775829346 250.129770992 -55.2824427481 2.58778625954 END
START 2.98556947021 -5.28639726562 7.33343968506 250.129770992 -47.2900763359 4.56488549618 END
START 2.40617266846 -11.8249619995 13.3428858521 250.129770992 -35.8244274809 5.49618320611 END
START 6.56968935547 -13.2351467773 13.603853833 250.129770992 -37.7251908397 6.88549618321 END
START 2.16675250244 -12.6437789673 8.65982740479 250.129770992 -43.9694656489 12.1679389313 END
START -0.60573302002 -14.3125375244 4.77164390869 250.129770992 -30.8549618321 4.3893129771 END
START -2.31279880371 -8.14028564453 11.8489040161 250.129770992 -40.4809160305 6.35877862595 END
START 8.62391437988 -7.71890615234 6.65827481689 250.129770992 -40.0076335878 7.12213740458 END
START 2.25533796387 -7.88171186523 9.1697923584 250.129770992 -42.2519083969 -2.45801526718 END
START 9.54568201904 -19.5151377319 4.21379492187 250.129770992 -51.5877862595 -0.335877862595 END
START 1.94169754639 -7.73566556396 8.66940421143 250.129770992 -46.6641221374 10.5419847328 END
START 13.1082540894 -7.58004245605 12.5575877075 250.129770992 -49.9541984733 10.5267175573 END
START 7.66862791748 -1.94888015137 7.22091220703 250.129770992 -44.2213740458 0.740458015267 END
START -15.3803514648 -9.43076033936 13.2064163574 250.129770992 -51.6488549618 -0.69465648855 END
START -6.14830986328 -1.72861359863 8.68616362305 250.129770992 -59.7786259542 12.786259542 END
START -3.9600095459 -9.48343277588 7.64708010254 250.129770992 -57.7938931298 8.61832061069 END
START -0.181959326172 -12.9646019897 -2.02549460449 250.129770992 -58.320610687 8.23664122137 END
START 4.13478626709 -4.63517441406 5.21696541748 250.129770992 -67.5877862595 5.97709923664 END
START -5.48751020508 -11.5065331787 4.27125576172 250.129770992 -89.5190839695 12.9465648855 END
START -9.29189664307 -8.96389101563 7.74045396729 250.129770992 -78.358778626 4.79389312977 END
START 1.53707746582 -3.81396324463 6.36618221436 250.129770992 -80.1374045802 5.91603053435 END
START 4.54658895264 -6.85459935303 10.4387192383 250.129770992 -79.4122137405 -4.04580152672 END
START -1.31441671143 0.804451757813 10.2950671387 250.129770992 -68.5267175573 13.5267175573 END
START 4.99909306641 -13.2351467773 10.8481277222 250.129770992 -74.4732824427 10.8015267176 END
START -5.34864650879 -1.63045133057 8.13549724121 250.129770992 -69.6106870229 6.87786259542 END
START -0.519541760254 -7.27358464355 5.19541760254 250.129770992 -71.8625954198 6.93129770992 END
START 0.672770666504 -5.90170709229 16.9317941406 250.129770992 -65.8549618321 7.3358778626 END
START -5.20020600586 -8.04930598145 9.88805285645 250.129770992 -61.3129770992 6.8320610687 END
START -3.90494290771 -14.4466128174 5.29597407227 250.129770992 -70.5419847328 18.9236641221 END
START 4.03422979736 -2.4037784668 16.8384202759 250.129770992 -65.9160305344 1.03816793893 END
START -2.11886846924 -7.37414111328 4.63038601074 250.129770992 -73.5190839695 1.32824427481 END
START -2.4157494751 -3.50032282715 12.3109849365 250.129770992 -75.0763358779 4.56488549618 END
START 0.940921252441 -12.8808049316 10.1921164673 250.129770992 -74.5419847328 11.8854961832 END
START 2.60489140625 -5.29597407227 8.41801303711 250.129770992 -80.2290076336 9.67938931298 END
START 10.4099888184 -6.33984599609 7.02698187256 250.129770992 -79.5496183206 5.31297709924 END
START 3.4069489624 -6.69897624512 8.27196673584 250.129770992 -79.7938931298 0.931297709924 END
START 1.17555301514 -19.0961524414 3.49314022217 250.129770992 -77.0381679389 -0.396946564885 END
START 7.45075556641 -10.046070166 2.84191737061 250.129770992 -81.1603053435 -0.274809160305 END