START -1.32878192139 -8.76038387451 5.32949289551 250.129770992 -73.6030534351 6.98473282443 END
START -9.76594857178 -13.0771294678 7.28794985352 250.129770992 -77.9160305344 2.19847328244 END
START -2.09971485596 -14.5711113037 3.25132585449 250.129770992 -78.1221374046 11.1832061069 END
START -2.10689746094 -6.31111557617 -1.33835872803 250.129770992 -65.0839694656 8.35114503817 END
START 4.34068760986 -8.32463917236 9.28231983643 250.129770992 -63.572519084 11.1832061069 END
START 0.232237561035 -0.792480749512 11.1306435181 250.129770992 -64.2519083969 6.16030534351 END
START 6.04775339355 -9.28471403809 7.4268135498 250.129770992 -64.1984732824 5.64885496183 END
START -0.0837970581055 -0.00957680664062 6.60560238037 250.129770992 -64.5954198473 8.93893129771 END
START -7.99663354492 -9.80904420166 6.01423457031 250.129770992 -65.9465648855 10.7022900763 END
START 2.70065947266 -7.9080480835 5.09246693115 250.129770992 -69.4351145038 13.2671755725 END
START -6.27520255127 -5.16668718262 8.78911429443 250.129770992 -70.3435114504 15.5267175573 END
START 0.545877978516 -6.10282003174 7.22330640869 250.129770992 -65.213740458 14.8625954198 END
START 0.399831677246 -7.50342800293 4.15154567871 250.129770992 -63.2519083969 -0.832061068702 END
START 4.35984122314 -10.8768581421 8.88488236084 250.129770992 -70.4198473282 0.00763358778626 END
START 0.878672009277 -5.83706364746 2.78685073242 250.129770992 -69.7480916031 9.17557251908 END
START 4.10605584717 -16.7187101929 8.09479581299 250.129770992 -78.6641221374 10.0687022901 END
START 1.22583125 -10.3788641968 6.61278498535 250.129770992 -69.8854961832 14.8320610687 END
START 0.344765039063 -5.25527264404 1.94169754639 250.129770992 -73.0610687023 10.9236641221 END
START 0.802057556152 -11.765106958 9.21049378662 250.129770992 -75.0305343511 11.106870229 END
START -0.220266552734 -12.3971761963 3.36864173584 250.129770992 -80.7404580153 -0.862595419847 END
START -4.13478626709 -10.5895539429 3.99352836914 250.129770992 -90.6870229008 11.3969465649 END
START 8.71728824463 -9.95748470459 11.7124345215 250.129770992 -82.1374045802 15.1297709924 END
START 1.13963999023 -12.8975643433 5.22414802246 250.129770992 -85.3053435115 11.7633587786 END
START -0.416591088867 -7.42920775146 7.55370623779 250.129770992 -81.9236641221 1.83969465649 END
START -2.93529123535 -11.2264115845 5.882553479 250.129770992 -99.0229007634 17.7709923664 END
START 6.44040246582 -8.25281312256 6.48110389404 250.129770992 -91.4198473282 4.56488549618 END
START 2.66235224609 -12.4498486328 6.35660540771 250.129770992 -104.595419847 2.46564885496 END
START 1.67594116211 -5.516240625 7.94156690674 250.129770992 -101.374045802 13.641221374 END
START -3.89297189941 -9.06444748535 11.1689507446 250.129770992 -104.015267176 6.29770992366 END
START 0.799663354492 -8.96867941895 5.50187541504 250.129770992 -105.160305344 16.6564885496 END
START -6.00944616699 -6.89290657959 -0.205901342773 250.129770992 -93.4045801527 9.85496183206 END
START 0.205901342773 -7.75960758057 2.698265271 250.129770992 -94.3129770992 8.62595419847 END
START 1.55383687744 -7.98945093994 6.26562574463 250.129770992 -102.435114504 1.58778625954 END
START 0.76375032959 -15.1481139038 7.3071034668 250.129770992 -98.5267175573 10.3893129771 END
START -2.72938989258 -14.6237837402 14.6788503784 250.129770992 -85.1603053435 7.48854961832 END
START 0.244208569336 -9.70609353027 0.0287304199219 250.129770992 -90.8091603053 13.9389312977 END
START 4.06296021729 -0.902614025879 9.45949075928 250.129770992 -91.9618320611 9.1679389313 END
START -3.60087929687 -6.35421120605 5.44202037354 250.129770992 -78.1603053435 0.152671755725 END
START -0.0598550415039 -10.1178962158 7.97269152832 250.129770992 -92.0763358779 17.106870229 END
START -8.99262143555 -14.7937720581 8.17859287109 250.129770992 -93.2213740458 11.4885496183 END
START 2.97359846191 -6.44519086914 7.56088884277 250.129770992 -87.5496183206 10.9007633588 END
START 1.63763393555 -6.27999095459 14.6381489502 250.129770992 -76.2977099237 6.39694656489 END
START -2.14759888916 -8.54969412842 11.7866547729 250.129770992 -62.7022900763 9.32061068702 END
START -1.10372696533 -10.8720697388 9.80665 250.129770992 -59.4122137405 11.4122137405 END
START -1.85311208496 -11.7818663696 10.5943423462 250.129770992 -61.3053435115 4.90076335878 END
START 1.69988317871 -5.2456958374 12.8209498901 250.129770992 -61.1450381679 2.78625954198 END
START -2.4875755249 -14.4346418091 6.60560238037 250.129770992 -65.0152671756 13.1832061069 END
START 4.15633408203 -3.90015450439 10.8648871338 250.129770992 -61.5190839695 8.54961832061 END
START 3.89776030273 -13.2902134155 3.3590649292 250.129770992 -68.0839694656 8.12977099237 END
START -2.22660754395 -19.0482684082 9.70848773193 250.129770992 -59.5496183206 7.43511450382 END
START 0.507570751953 -9.46667336426 9.76116016846 250.129770992 -58.2519083969 10.0763358779 END
START -0.368707055664 -9.76116016846 14.4346418091 250.129770992 -58.4427480916 3.52671755725 END
START -3.81396324463 -17.4657011108 11.3820346924 250.129770992 -60.7251908397 5.75572519084 END
START 4.41969626465 -7.66623371582 5.95198532715 250.129770992 -65.5419847328 4.11450381679 END
START -5.96874473877 -6.99346304932 8.16183345947 250.129770992 -58.9236641221 5.26717557252 END
START 5.00388146973 -7.4268135498 12.885593335 250.129770992 -62.8091603053 13.8702290076 END
START -7.48666859131 -12.7706716553 6.02859978027 250.129770992 -64.7251908397 10.0 END
START -6.17464608154 -2.45645090332 11.6573678833 250.129770992 -62.2748091603 7.45801526718 END
START -2.26012636719 -8.65982740479 6.94079061279 250.129770992 -67.9847328244 11.1755725191 END
START 1.47722242432 -11.6908867065 5.44202037354 250.129770992 -75.2061068702 9.86259541985 END
START -4.14675727539 -12.0332575439 9.25119521484 250.129770992 -76.3664122137 3.59541984733 END
START -4.18985290527 -6.85938775635 7.60877287598 250.129770992 -76.534351145 -2.4427480916 END
START -0.883460412598 -4.50349332275 6.80432111816 250.129770992 -87.9923664122 9.62595419847 END
START -1.53947166748 -12.4666080444 6.24168372803 250.129770992 -91.2366412214 14.5877862595 END
START 4.69981785889 -10.3908352051 7.11077893066 250.129770992 -84.9389312977 9.46564885496 END
START 1.80522805176 -14.6980039917 8.61912597656 250.129770992 -93.3129770992 1.34351145038 END
START -4.18745870361 -9.40921252441 9.58159504395 250.129770992 -87.106870229 7.90839694656 END
START -3.19386501465 -10.7212350342 4.57531937256 250.129770992 -89.4122137405 9.84732824427 END
START -1.29526309814 -8.14507404785 5.59046087646 250.129770992 -90.0839694656 15.1297709924 END
START -1.72861359863 -7.47948598633 10.0748005859 250.129770992 -83.7709923664 15.3740458015 END
START 2.22660754395 -8.86572874756 7.35259329834 250.129770992 -104.72519084 15.2595419847 END
START -1.1899182251 -12.2056400635 9.79946739502 250.129770992 -106.282442748 10.8015267176 END
START -3.1244331665 -11.532869397 4.46039769287 250.129770992 -101.763358779 6.53435114504 END
START 1.36230074463 -17.5949880005 1.00317049561 250.129770992 -103.786259542 2.24427480916 END
START -1.28808049316 -7.44596716309 5.08289012451 250.129770992 -104.778625954 11.5877862595 END
START 0.0646434448242 -16.4409828003 5.47793339844 250.129770992 -103.748091603 8.13740458015 END
START 2.41335527344 -11.0995188965 8.28393774414 250.129770992 -103.732824427 8.19083969466 END
START -5.82748684082 -6.30632717285 5.97832154541 250.129770992 -103.328244275 1.19083969466 END
START -0.29927520752 -9.47146176758 7.11317313232 250.129770992 -95.2748091603 18.7557251908 END
START 6.93121380615 -6.38294162598 6.05254179687 250.129770992 -88.893129771 -0.206106870229 END
START 4.46279189453 -4.29759197998 4.02944139404 250.129770992 -79.9312977099 8.8320610687 END
START 11.3006318359 -5.31991608887 6.00465776367 250.129770992 -92.9847328244 7.63358778626 END
START 6.66306322021 -8.38449421387 7.46751497803 250.129770992 -82.9465648855 16.213740458 END
START -0.720654699707 -12.7467296387 7.9559321167 250.129770992 -87.6183206107 4.41984732824 END
START 3.26090266113 -11.2575362061 8.64785639648 250.129770992 -75.1832061069 3.02290076336 END
START 5.87297667236 -11.7938373779 10.7739074707 250.129770992 -83.4427480916 2.7786259542 END
START 4.80516273193 -8.19295808105 8.17141026611 250.129770992 -83.4198473282 16.4809160305 END
START 5.4803276001 -5.03261188965 7.24485422363 250.129770992 -64.6641221374 1.3358778626 END
START 3.82114584961 -11.2407767944 9.36611689453 250.129770992 -67.6030534351 13.5954198473 END
START 2.8299463623 -9.10993731689 5.20499440918 250.129770992 -66.0992366412 -2.03816793893 END
START -0.318428820801 -5.14274516602 11.7531359497 250.129770992 -65.4961832061 2.46564885496 END
START 0.775721337891 -5.01585247803 5.76044919434 250.129770992 -54.3893129771 5.46564885496 END
START -0.00239420166016 -2.00155258789 6.63433280029 250.129770992 -50.1755725191 1.21374045802 END
START 10.3118265503 -4.03662399902 6.7779848999 250.129770992 -57.7786259542 -2.87022900763 END
START -3.56496627197 -6.26562574463 12.251129895 250.129770992 -43.3969465649 6.04580152672 END
START 2.58573779297 -6.74925447998 7.73805976562 250.129770992 -53.4961832061 1.10687022901 END
START 3.73495458984 -10.5943423462 5.21457121582 250.129770992 -45.5496183206 0.36641221374 END
START -0.0885854614258 -12.7467296387 7.97508572998 250.129770992 -30.1450381679 11.8702290076 END
START 3.54581265869 -9.61271966553 5.98071574707 250.129770992 -47.7022900763 9.53435114504 END
START -5.30555087891 -6.98628044434 9.48582697754 250.129770992 -38.9770992366 7.70229007634 END
START 5.18105239258 -9.10514891357 8.10676682129 250.129770992 -42.7404580153 3.10687022901 END
START -2.92332022705 -15.0403748291 17.4273938843 250.129770992 -27.5877862595 9.35114503817 END
START -3.30160408936 -15.1217776855 4.29280357666 250.129770992 -46.9083969466 7.36641221374 END
START 1.11809217529 -10.8912233521 10.2232410889 250.129770992 -46.6870229008 4.62595419847 END
START -4.74291348877 -9.32302126465 7.34541069336 250.129770992 -32.7557251908 9.0534351145 END
START 8.82023891602 -12.2056400635 10.3860468018 250.129770992 -34.2595419847 2.3893129771 END
START -0.100556469727 -5.74847818604 8.66940421143 250.129770992 -46.3816793893 4.0 END
START 3.99113416748 -10.9726262085 7.83861623535 250.129770992 -45.6641221374 11.6870229008 END
START 8.39407102051 -10.8648871338 7.93917270508 250.129770992 -39.4351145038 13.3816793893 END
START 0.715866296387 -8.59518395996 8.19774648437 250.129770992 -45.6870229008 8.81679389313 END
START -1.17076461182 -2.86346518555 9.06444748535 250.129770992 -52.2061068702 9.20610687023 END
START 3.53623585205 -8.2983029541 4.16591088867 250.129770992 -55.8015267176 12.1450381679 END
START -0.239420166016 -4.98233365479 6.22971271973 250.129770992 -58.2671755725 8.93893129771 END
START -4.43406147461 -11.4083709106 6.70855305176 250.129770992 -48.8625954198 -2.02290076336 END
START 0.191536132812 -11.884817041 8.6287027832 250.129770992 -64.4961832061 -3.4427480916 END
START 0.598550415039 -9.29189664307 8.3102739624 250.129770992 -51.213740458 0.236641221374 END
START -3.41173736572 -5.12598575439 6.60799658203 250.129770992 -68.1755725191 9.09160305344 END
START -3.56017786865 -5.75805499268 7.71411774902 250.129770992 -74.1145038168 6.04580152672 END
START -7.66383951416 -6.28717355957 7.50821640625 250.129770992 -69.6946564885 12.2900763359 END
START 1.63763393555 -12.5336456909 6.375759021 250.129770992 -74.6488549618 4.54961832061 END
START 5.30794508057 -3.924096521 7.73805976562 250.129770992 -75.4580152672 -1.41984732824 END
START 3.99113416748 -10.9702320068 4.54180054932 250.129770992 -78.1221374046 16.9312977099 END
START 0.356736047363 -8.54729992676 5.50905802002 250.129770992 -81.5496183206 11.2519083969 END
START 1.33835872803 -6.75164868164 8.16662186279 250.129770992 -75.4809160305 8.18320610687 END
START 3.26569106445 -3.40216055908 8.78911429443 250.129770992 -74.7633587786 17.3664122137 END
START -0.679953271484 -5.18823499756 6.97909783936 250.129770992 -67.1603053435 3.47328244275 END
START 8.3222449707 -8.73165345459 9.97903251953 250.129770992 -68.7022900763 10.6259541985 END
START -3.6894647583 -8.25281312256 7.48666859131 250.129770992 -72.1221374046 11.3358778626 END
START -0.993593688965 -9.80904420166 3.80199223633 250.129770992 -80.1450381679 10.3053435115 END
START -6.07887801514 -12.6150485474 3.93127912598 250.129770992 -79.9465648855 7.82442748092 END
START -0.521935961914 -11.9398836792 7.00782825928 250.129770992 -74.5801526718 5.6106870229 END
START 3.86424147949 -10.9079827637 10.9223479736 250.129770992 -67.0458015267 4.45801526718 END
START 3.14119257812 -8.21690009766 12.2008516602 250.129770992 -73.0839694656 4.29770992366 END