START -2.85149417725 -11.8082025879 4.72136567383 250.129770992 -24.4427480916 3.12977099237 END
START 1.1540052002 -11.5137157837 5.60003768311 250.129770992 -41.4732824427 3.14503816794 END
START 2.27927998047 -12.5480109009 8.66701000977 250.129770992 -32.1908396947 4.93129770992 END
START 1.74058460693 -11.1019130981 5.40131894531 250.129770992 -31.6717557252 0.923664122137 END
START -6.1052142334 -8.44674345703 8.71968244629 250.129770992 -44.2519083969 0.69465648855 END
START -0.29927520752 -11.4107651123 6.76361968994 250.129770992 -49.4198473282 12.8015267176 END
START -6.40688364258 -3.76847341309 5.92325490723 250.129770992 -54.6106870229 4.52671755725 END
START -0.277727392578 -9.57680664062 6.52419952393 250.129770992 -58.9160305344 4.4427480916 END
START -1.06302553711 -10.7332060425 -1.16837041016 250.129770992 -69.4961832061 8.48091603053 END
START -5.23133062744 -5.65510432129 7.90565388184 250.129770992 -53.8167938931 -0.137404580153 END
START -3.81635744629 -10.8960117554 12.1002951904 250.129770992 -70.8625954198 -4.49618320611 END
START 0.0837970581055 -14.1329723999 8.03733497314 250.129770992 -70.5954198473 9.3358778626 END
START -4.78122071533 -19.4744363037 8.58321295166 250.129770992 -75.2213740458 -3.11450381679 END
START -6.97909783936 -6.03578238525 13.0412164429 250.129770992 -75.427480916 0.900763358779 END
START 4.95599743652 -7.51061060791 5.43004936523 250.129770992 -89.3358778626 4.0 END
START -0.495599743652 -11.6549736816 5.70777675781 250.129770992 -76.4580152672 3.96183206107 END
START 2.04464821777 -9.17458076172 9.12430252686 250.129770992 -85.7938931298 4.2213740458 END
START -3.53863005371 -12.0021329224 12.3660515747 250.129770992 -93.0305343511 12.106870229 END
START 0.481234533691 -5.40850155029 8.3222449707 250.129770992 -83.5572519084 9.1679389313 END
START 0.969651672363 -5.16429298096 9.94072529297 250.129770992 -84.8854961832 0.442748091603 END
START -1.94888015137 -11.6980693115 3.57933148193 250.129770992 -93.1374045802 0.343511450382 END
START 0.380678063965 -15.5958296143 7.18021077881 250.129770992 -90.358778626 4.24427480916 END
START 3.39018955078 -2.83473476562 6.66785162354 250.129770992 -102.06870229 9.67938931298 END
START -1.43173259277 -6.495469104 3.30639249268 250.129770992 -94.8167938931 7.78625954198 END
START 2.8060043457 -5.69101734619 8.75080706787 250.129770992 -97.9694656489 4.29007633588 END
START 1.37666595459 -11.7291939331 7.82425102539 250.129770992 -98.5267175573 17.3511450382 END
START -1.81719906006 -12.3349269531 6.95515582275 250.129770992 -103.801526718 3.41984732824 END
START 4.67827004395 -11.3748520874 7.11796153564 250.129770992 -100.145038168 -0.557251908397 END
START 4.99909306641 -7.74045396729 6.02620557861 250.129770992 -104.083969466 7.50381679389 END
START -1.72861359863 -9.2655604248 6.89769498291 250.129770992 -102.580152672 4.52671755725 END
START -1.82438166504 -10.5009684814 6.2009822998 250.129770992 -106.442748092 8.90076335878 END
START 1.30962830811 -13.1848685425 9.38048210449 250.129770992 -98.6030534351 8.68702290076 END
START 0.969651672363 -7.80030900879 11.0947304932 250.129770992 -97.5648854962 3.06870229008 END
START -3.26329686279 -11.6621562866 7.45554396973 250.129770992 -103.893129771 6.19847328244 END
START 0.840364782715 -10.4219598267 4.6686932373 250.129770992 -96.4351145038 -2.31297709924 END
START 1.39342536621 -3.83790526123 10.7834842773 250.129770992 -100.381679389 7.58778625954 END
START 4.39575424805 -3.73974299316 11.0109334351 250.129770992 -106.030534351 7.12977099237 END
START -2.1811177124 -9.79228479004 9.4283661377 250.129770992 -91.9847328244 0.0152671755725 END
START 4.66390483398 -9.05247647705 6.62236179199 250.129770992 -93.572519084 10.5267175573 END
START 1.28329208984 -9.13148513184 7.18260498047 250.129770992 -82.106870229 10.8473282443 END
START 4.49391651611 -7.56567724609 12.7634890503 250.129770992 -84.572519084 10.9007633588 END
START 2.04704241943 -10.8433393188 7.15387456055 250.129770992 -72.7099236641 4.32824427481 END
START -6.35421120605 -9.94790789795 4.02704719238 250.129770992 -68.8778625954 -5.0 END
START 3.73016618652 -12.1793038452 7.98226833496 250.129770992 -69.7938931298 6.54961832061 END
START 4.59207878418 -10.2447889038 6.91206019287 250.129770992 -75.3358778626 6.95419847328 END
START -2.15956989746 -12.7946136719 4.88417138672 250.129770992 -68.534351145 8.79389312977 END
START 0.189141931152 -12.8831991333 4.95360323486 250.129770992 -78.2900763359 4.69465648855 END
START -2.4396914917 -8.48026228027 5.2097828125 250.129770992 -75.8854961832 7.41984732824 END
START 2.30082779541 -7.80988581543 9.82101520996 250.129770992 -79.9389312977 3.06106870229 END
START 2.4636335083 -12.2080342651 8.827421521 250.129770992 -79.5877862595 -3.77099236641 END
START 8.25520732422 -11.7483475464 6.20577070312 250.129770992 -96.9694656489 7.09923664122 END
START -2.63841022949 -10.7834842773 3.48595761719 250.129770992 -96.9236641221 -3.61832061069 END
START 8.74362446289 -7.03416447754 7.56807144775 250.129770992 -87.2824427481 11.1832061069 END
START -4.78840332031 -12.9574193848 5.82030423584 250.129770992 -89.1450381679 12.3816793893 END
START 6.10282003174 -11.8728460327 4.80276853027 250.129770992 -89.8396946565 1.28244274809 END
START 3.27287366943 -11.7052519165 10.2160584839 250.129770992 -95.8778625954 6.41221374046 END
START 0.883460412598 -14.7722242432 6.91206019287 250.129770992 -104.595419847 0.137404580153 END
START 2.8299463623 -5.15232197266 12.6796919922 250.129770992 -103.34351145 11.3893129771 END
START 4.34308181152 -12.6198369507 9.1578213501 250.129770992 -103.946564885 2.77099236641 END
START 0.114921679688 -12.5456166992 8.9112185791 250.129770992 -104.007633588 -1.52671755725 END
START -0.0790086547852 -12.0500169556 2.24576115723 250.129770992 -104.916030534 9.35877862595 END
START 4.43166727295 -11.2671130127 4.99191046143 250.129770992 -101.923664122 5.3893129771 END
START 0.636857641602 -5.58327827148 5.38695373535 250.129770992 -104.091603053 4.80916030534 END
START 3.85705887451 -8.89445916748 3.17231719971 250.129770992 -104.160305344 11.7404580153 END
START 0.632069238281 -14.9805197876 14.3412679443 250.129770992 -110.801526718 -2.78625954198 END
START -2.98796367187 -18.7298395874 6.14830986328 250.129770992 -104.41221374 5.17557251908 END
START -1.57059628906 -10.5488525146 7.37414111328 250.129770992 -106.251908397 -0.221374045802 END
START 2.86107098389 -8.11634362793 8.11155522461 250.129770992 -104.236641221 1.93129770992 END
START 2.0973206543 -8.70052883301 2.46842191162 250.129770992 -104.816793893 5.31297709924 END
START -0.292092602539 -5.5641246582 6.66785162354 250.129770992 -104.58778626 15.8167938931 END
START 8.19295808105 -6.05493599854 8.38449421387 250.129770992 -103.870229008 6.84732824427 END
START 11.145008728 -10.1370498291 3.91451971436 250.129770992 -102.961832061 3.5572519084 END
START 9.02614025879 -10.4554786499 6.46195028076 250.129770992 -104.27480916 10.4961832061 END
START 4.50588752441 -12.026074939 7.42920775146 250.129770992 -102.366412214 2.29007633588 END
START 3.23217224121 -7.29273825684 6.01662877197 250.129770992 -103.854961832 -2.47328244275 END
START -0.3064578125 -9.92636008301 4.55377155762 250.129770992 -89.7480916031 -3.50381679389 END
START 4.13957467041 -17.0634752319 7.71172354736 250.129770992 -90.4885496183 15.9083969466 END
START 10.1609918457 -8.90164177246 9.8545340332 250.129770992 -84.7786259542 9.87786259542 END
START 3.7014357666 -7.52976422119 6.56011254883 250.129770992 -79.4885496183 7.14503816794 END
START 1.7908628418 -14.4394302124 6.7540428833 250.129770992 -70.2061068702 1.13740458015 END
START 9.84974562988 -8.21929429932 6.49307490234 250.129770992 -51.4427480916 4.3358778626 END
START 4.65911643066 -9.82101520996 8.62391437988 250.129770992 -62.4351145038 -3.93893129771 END
START 6.4595560791 -9.65102689209 7.84340463867 250.129770992 -54.572519084 -2.78625954198 END
START 5.17147558594 -8.70531723633 11.4610433472 250.129770992 -59.4503816794 11.786259542 END
START -1.06781394043 -9.75637176514 4.3622354248 250.129770992 -52.5038167939 8.73282442748 END
START 7.6853873291 -10.1370498291 6.93360800781 250.129770992 -48.0 3.87786259542 END
START 0.189141931152 -10.651803186 8.17619866943 250.129770992 -48.0305343511 5.67938931298 END
START -0.0718260498047 -11.8393272095 10.8648871338 250.129770992 -44.679389313 3.09923664122 END