START 8.3461869873 -13.9342536621 8.74601866455 250.129770992 -50.4732824427 11.786259542 END
START 6.34224019775 -15.0595284424 6.39251843262 250.129770992 -45.2366412214 2.91603053435 END
START -0.15801730957 -6.62236179199 10.2064816772 250.129770992 -51.0534351145 15.0687022901 END
START -2.05183082275 -9.8545340332 6.84502254639 250.129770992 -70.0458015267 13.427480916 END
START -0.495599743652 -10.8313683105 12.392387793 250.129770992 -61.1679389313 9.18320610687 END
START -2.84191737061 -9.04289967041 5.09007272949 250.129770992 -64.1755725191 7.73282442748 END
START 2.91374342041 -16.2231104492 4.16591088867 250.129770992 -65.2519083969 10.1297709924 END
START 2.61446821289 -6.7181298584 7.32146867676 250.129770992 -62.9541984733 1.80916030534 END
START -5.39653054199 -11.0229044434 5.20260020752 250.129770992 -71.5496183206 6.21374045802 END
START -0.14844050293 -13.6469494629 6.32548078613 250.129770992 -71.9083969466 18.9618320611 END
START -0.708683691406 -14.9972791992 4.17788189697 250.129770992 -79.0763358779 5.58015267176 END
START -1.71664259033 -11.1952869629 5.73650717773 250.129770992 -86.9312977099 2.02290076336 END
START 0.991199487305 -8.90164177246 7.87213505859 250.129770992 -87.2671755725 1.40458015267 END
START 3.51947644043 -4.50349332275 5.77002600098 250.129770992 -90.5190839695 8.27480916031 END
START -2.03507141113 -10.4363250366 11.0971246948 250.129770992 -88.2519083969 12.9160305344 END
START -0.181959326172 -8.31745656738 3.46201560059 250.129770992 -105.694656489 0.93893129771 END
START 1.05823713379 -12.6701151855 5.762843396 250.129770992 -97.5038167939 22.9160305344 END
START 0.0 -11.5903302368 10.2663367187 250.129770992 -102.770992366 10.7786259542 END
START 3.03105930176 -8.42998404541 9.57441243896 250.129770992 -104.213740458 3.5572519084 END
START 1.00077629395 -7.05331809082 13.0220628296 250.129770992 -104.618320611 -1.46564885496 END
START 0.0 -12.5073094727 8.57842454834 250.129770992 -103.709923664 9.54198473282 END
START -2.49475812988 -15.1217776855 5.09007272949 250.129770992 -103.58778626 11.0916030534 END
START -1.06302553711 -2.93529123535 8.90643017578 250.129770992 -110.984732824 2.62595419847 END
START 1.62326872559 -11.2599304077 2.7461493042 250.129770992 -108.816793893 6.79389312977 END
START -8.38210001221 -13.9581956787 3.72298358154 250.129770992 -107.122137405 7.81679389313 END
START 2.19069451904 -8.64306799316 8.6047607666 250.129770992 -112.13740458 4.25954198473 END
START -2.91134921875 -11.5472346069 6.23689532471 250.129770992 -122.427480916 5.93129770992 END
START -1.97761057129 -4.94881483154 9.43794294434 250.129770992 -106.404580153 10.4580152672 END
START -0.124498486328 -12.5240688843 9.26077202148 250.129770992 -119.099236641 10.1832061069 END
START 3.35427652588 -13.2590887939 7.71651195068 250.129770992 -116.358778626 3.81679389313 END
START 1.8866309082 -9.25598361816 9.71567033691 250.129770992 -112.183206107 7.90839694656 END
START 1.18034141846 -4.16591088867 10.2328178955 250.129770992 -104.480916031 12.9389312977 END
START 3.01429989014 2.09253225098 7.85776984863 250.129770992 -104.106870229 9.47328244275 END
START 6.94318481445 -11.159373938 12.1409966187 250.129770992 -82.7251908397 7.51145038168 END
START 1.73819040527 -9.14824454346 12.6150485474 250.129770992 -79.7786259542 9.32824427481 END
START 7.63271489258 -2.66474644775 7.43639035645 250.129770992 -77.6259541985 10.427480916 END
START -1.01514150391 -13.5942770264 11.1689507446 250.129770992 -72.9083969466 8.31297709924 END
START 4.29280357666 -7.50342800293 14.5519576904 250.129770992 -67.3740458015 8.60305343511 END
START 2.28167418213 -11.5927244385 6.69179364014 250.129770992 -65.0534351145 15.6259541985 END
START 6.6941878418 -4.24013114014 16.6085769165 250.129770992 -61.2977099237 7.7786259542 END
START 5.96156213379 -8.38449421387 5.37258852539 250.129770992 -59.2061068702 5.72519083969 END
START 8.08043060303 -11.9470662842 9.15542714844 250.129770992 -55.5648854962 0.824427480916 END
START 5.27682045898 -6.98388624268 7.56807144775 250.129770992 -59.6488549618 8.83969465649 END
START -2.1452046875 -13.5918828247 15.8328555786 250.129770992 -44.7251908397 16.7480916031 END
START 3.04303031006 -7.6853873291 6.68700523682 250.129770992 -40.6641221374 15.5267175573 END
START 4.97036264648 -9.51934580078 8.98783303223 250.129770992 -40.0152671756 3.7786259542 END
START 0.651222851562 -6.6941878418 8.09719001465 250.129770992 -43.6870229008 7.89312977099 END
START 2.8060043457 -8.78432589111 8.72207664795 250.129770992 -51.1145038168 10.6641221374 END
START -0.280121594238 -7.79312640381 11.4442839355 250.129770992 -46.0916030534 7.07633587786 END
START -4.12760366211 -7.20654699707 14.4681606323 250.129770992 -45.5496183206 -4.9465648855 END
START 6.13633885498 -4.58968458252 8.93276639404 250.129770992 -53.9236641221 -1.51908396947 END
START 7.08923111572 -6.03099398193 4.97754525146 250.129770992 -55.8473282443 9.13740458015 END
START 0.292092602539 -7.36217010498 6.65588061523 250.129770992 -53.5648854962 11.0305343511 END
START 7.98226833496 -6.08845482178 9.05247647705 250.129770992 -67.5954198473 7.10687022901 END
START -2.00394678955 -4.43166727295 6.55053574219 250.129770992 -67.4045801527 8.73282442748 END
START 0.0430956298828 -6.92881960449 6.86178195801 250.129770992 -61.9083969466 11.4503816794 END
START -2.67192905273 -6.94318481445 7.3430164917 250.129770992 -74.3664122137 0.465648854962 END
START -0.670376464844 -7.0485296875 8.59039555664 250.129770992 -84.6259541985 10.2748091603 END
START 1.81241065674 -8.14986245117 8.12592043457 250.129770992 -89.6183206107 5.51145038168 END
START 5.64313331299 -14.7458880249 11.0516348633 250.129770992 -88.6183206107 8.88549618321 END
START 1.99915838623 -1.88184250488 7.78354959717 250.129770992 -94.4580152672 6.35877862595 END
START 5.09246693115 -11.5137157837 6.42603725586 250.129770992 -91.3282442748 5.93893129771 END
START -3.08373173828 -8.62391437988 13.9103116455 250.129770992 -106.251908397 19.9847328244 END
START 9.1219083252 -8.64546219482 9.8545340332 250.129770992 -105.328244275 9.23664122137 END
START 6.26083734131 -10.5081510864 9.68454571533 250.129770992 -105.480916031 16.3969465649 END
START -0.658405456543 -15.1983921387 7.46272657471 250.129770992 -104.160305344 12.465648855 END
START 8.69334622803 -6.58644876709 6.33984599609 250.129770992 -105.114503817 9.19847328244 END
START 0.577002600098 -15.7682121338 7.98226833496 250.129770992 -96.4732824427 7.7786259542 END
START 4.53461794434 -10.7763016724 4.58250197754 250.129770992 -104.160305344 3.90839694656 END
START 6.35421120605 -9.59596025391 2.36786544189 250.129770992 -105.13740458 5.10687022901 END
START 2.71981308594 1.41976158447 4.84586416016 250.129770992 -104.450381679 3.64122137405 END
START 6.93600220947 -18.1743848022 8.12352623291 250.129770992 -104.404580153 13.1450381679 END
START 3.86424147949 -10.5608235229 14.0419927368 250.129770992 -104.419847328 9.62595419847 END
START 0.0335188232422 -8.91361278076 2.30801040039 250.129770992 -104.251908397 9.03816793893 END
START -1.66875855713 -9.75397756348 6.95276162109 250.129770992 -105.236641221 8.34351145038 END
START 2.57376678467 -10.4794206665 11.5951186401 250.129770992 -102.282442748 14.4961832061 END
START 4.5968671875 -13.4673843384 9.59117185059 250.129770992 -103.816793893 5.41984732824 END
START 3.93127912598 -8.62152017822 5.68622894287 250.129770992 -101.824427481 14.4885496183 END
START 2.95683905029 -14.0874825684 10.7882726807 250.129770992 -102.160305344 4.08396946565 END
START 4.09647904053 -7.75003077393 9.58159504395 250.129770992 -107.061068702 7.06870229008 END
START 7.43878455811 -1.80043964844 5.94719692383 250.129770992 -98.0152671756 6.12213740458 END
START 2.62643922119 -9.47146176758 3.78044442139 250.129770992 -94.3740458015 9.1679389313 END
START 1.40300217285 -11.264718811 5.03740029297 250.129770992 -99.0839694656 5.76335877863 END
START 2.65995804443 -2.17632930908 7.86495245361 250.129770992 -82.320610687 2.09923664122 END
START 8.96867941895 -10.5440641113 5.61919129639 250.129770992 -76.9923664122 12.4961832061 END
START 7.0485296875 -7.91283648682 6.45476767578 250.129770992 -71.0229007634 11.6106870229 END