START -4.46518609619 -12.3492921631 11.7627127563 250.129770992 -57.2671755725 2.45801526718 END
START 0.215478149414 -4.41969626465 5.95437952881 250.129770992 -48.679389313 3.60305343511 END
START 7.22570061035 -8.92558378906 5.53060583496 250.129770992 -51.4427480916 5.17557251908 END
START -0.538695373535 -7.12274993896 9.8665050415 250.129770992 -46.5496183206 6.80152671756 END
START 0.356736047363 -15.4856963379 4.37420643311 250.129770992 -66.1450381679 8.90839694656 END
START 8.01818135986 -11.8177793945 6.92163699951 250.129770992 -69.4122137405 4.08396946565 END
START 2.08774384766 -3.29202728271 6.81150372314 250.129770992 -67.0992366412 4.56488549618 END
START -4.22097752686 -12.9622077881 9.56483563232 250.129770992 -71.6641221374 17.7328244275 END
START -2.06619603271 -10.433930835 16.0100265015 250.129770992 -77.4427480916 13.1832061069 END
START -2.47081611328 -6.63193859863 7.72848295898 250.129770992 -87.786259542 9.91603053435 END
START -4.42927307129 -5.36061751709 9.67496890869 250.129770992 -99.4351145038 4.75572519084 END
START 1.08936175537 -11.0037508301 12.1098719971 250.129770992 -107.061068702 9.16030534351 END
START -0.974440075684 -13.8097551758 7.2831614502 250.129770992 -104.007633588 1.6641221374 END
START 0.433350500488 -11.9949503174 6.2009822998 250.129770992 -97.1679389313 2.6641221374 END
START 7.39808312988 -8.6526447998 6.44519086914 250.129770992 -101.770992366 8.19083969466 END
START 2.48996972656 -7.57046564941 6.19858809814 250.129770992 -104.374045802 6.65648854962 END
START 3.51708223877 -11.4825911621 9.91438907471 250.129770992 -104.519083969 3.12977099237 END
START 7.32865128174 -7.5896192627 2.35350023193 250.129770992 -104.038167939 2.4427480916 END
START -4.3263223999 -10.4291424316 0.359130249023 250.129770992 -104.229007634 7.23664122137 END
START -3.47638081055 -2.32237561035 10.5033626831 250.129770992 -104.221374046 4.35877862595 END
START -1.88184250488 -7.73566556396 3.35667072754 250.129770992 -104.770992366 1.34351145038 END
START -3.49792862549 -0.378283862305 4.91769020996 250.129770992 -105.106870229 5.61832061069 END
START 7.19697019043 -6.83305153809 5.42526096191 250.129770992 -104.824427481 10.6564885496 END
START -2.31040460205 -17.0850230469 4.47236870117 250.129770992 -108.358778626 7.56488549618 END
START 3.46919820557 2.0733786377 7.97508572998 250.129770992 -104.259541985 4.48091603053 END
START -1.11809217529 -9.58638344727 11.2695072144 250.129770992 -104.839694656 4.03053435115 END
START -3.74213719482 -10.4913916748 6.86657036133 250.129770992 -104.015267176 8.58015267176 END
START 1.13245738525 -13.4530191284 15.33007323 250.129770992 -104.854961832 -3.19083969466 END
START 6.73967767334 -4.92008441162 5.35582911377 250.129770992 -94.6488549618 14.5572519084 END
START 0.694318481445 0.126892687988 11.3580926758 250.129770992 -83.7175572519 5.39694656489 END
START 1.60890351563 -4.43406147461 6.14591566162 250.129770992 -64.358778626 3.8320610687 END
START -2.51391174316 -7.94156690674 8.77953748779 250.129770992 -64.4503816794 -2.51145038168 END
START 4.50588752441 -3.43807358398 10.0795889893 250.129770992 -58.534351145 4.75572519084 END
START -0.986411083984 -4.44124407959 3.30878669434 250.129770992 -57.0992366412 8.87022900763 END
START 0.383072265625 -8.78432589111 11.6262432617 250.129770992 -65.6564885496 5.76335877863 END
START 4.40054265137 -15.6030122192 13.5918828247 250.129770992 -57.7480916031 16.9847328244 END
START -0.644040246582 -10.5656119263 6.45237347412 250.129770992 -61.9923664122 5.06106870229 END
START -0.955286462402 -5.69819995117 7.98466253662 250.129770992 -57.6641221374 1.80152671756 END
START -0.77093293457 -6.13155045166 8.97825622559 250.129770992 -56.0229007634 2.95419847328 END
START -1.33596452637 -9.88326445312 4.0557776123 250.129770992 -56.3664122137 10.8320610687 END
START 1.55383687744 -4.30477458496 7.75721337891 250.129770992 -58.3893129771 0.603053435115 END
START 0.251391174316 -4.50349332275 12.0691705688 250.129770992 -64.9694656489 7.41984732824 END
START 4.06774862061 -16.0124207031 5.36301171875 250.129770992 -61.2824427481 6.0534351145 END
START 6.31829818115 -10.7499654541 8.21211169434 250.129770992 -75.9618320611 9.06106870229 END
START -3.52665904541 -4.90093079834 2.16435830078 250.129770992 -80.4198473282 5.79389312977 END
START 4.3502644165 -11.1474029297 7.90565388184 250.129770992 -80.4580152672 5.23664122137 END
START -0.521935961914 -9.84016882324 5.71495936279 250.129770992 -93.7480916031 7.03816793893 END
START 4.90811340332 -7.95832631836 11.5615998169 250.129770992 -105.473282443 10.9389312977 END
START -1.72143099365 -9.07402429199 7.6734163208 250.129770992 -94.2977099237 12.5801526718 END
START 2.41335527344 -5.71735356445 7.77157858887 250.129770992 -99.8854961832 10.641221374 END
START -1.83395847168 -10.2807019287 13.3692220703 250.129770992 -102.053435115 4.65648854962 END
START 8.49941589355 -10.9175595703 10.6494089844 250.129770992 -104.20610687 17.8625954198 END
START -8.0397291748 -4.46518609619 4.65193382568 250.129770992 -104.496183206 6.85496183206 END
START 1.61129771729 -5.96874473877 7.82903942871 250.129770992 -104.816793893 14.320610687 END
START 12.0595937622 -3.22977803955 9.84016882324 250.129770992 -104.190839695 13.6030534351 END
START 4.17309349365 -7.0006456543 7.78115539551 250.129770992 -104.06870229 5.04580152672 END
START 0.629675036621 -9.66299790039 4.45082088623 250.129770992 -104.916030534 -0.198473282443 END
START 5.18105239258 -12.0955067871 9.28471403809 250.129770992 -104.290076336 12.1832061069 END
START 8.05888278809 -9.58638344727 3.99113416748 250.129770992 -103.702290076 10.7480916031 END
START -11.4562549438 -9.56722983398 12.8185556885 250.129770992 -104.732824427 3.46564885496 END
START 0.794874951172 -12.1816980469 3.58890828857 250.129770992 -103.183206107 4.78625954198 END
START 8.66222160645 -8.51378110352 9.7946789917 250.129770992 -104.251908397 12.6946564885 END
START 0.237025964355 -7.76918438721 11.0971246948 250.129770992 -104.236641221 4.03053435115 END
START 0.0622492431641 -7.71651195068 7.42920775146 250.129770992 -104.198473282 9.14503816794 END
START 0.505176550293 -5.48751020508 6.80671531982 250.129770992 -104.099236641 10.7099236641 END
START 0.871489404297 -2.49236392822 7.9559321167 250.129770992 -103.221374046 5.41221374046 END
START 11.9638256958 -8.55927093506 6.30153876953 250.129770992 -105.816793893 11.0076335878 END
START 0.533906970215 -11.9829793091 5.69580574951 250.129770992 -99.4732824427 3.64885496183 END
START 4.45800349121 -13.6014596313 8.67419261475 250.129770992 -91.9694656489 9.39694656489 END
START 4.42927307129 -11.1210667114 10.7643306641 250.129770992 -84.4580152672 9.10687022901 END
START 4.32871660156 -7.82185682373 8.96628521729 250.129770992 -71.0 8.47328244275 END
START 7.9559321167 -2.27688577881 4.80755693359 250.129770992 -74.6106870229 8.36641221374 END
START 5.96156213379 -8.81066210937 8.13070883789 250.129770992 -58.2900763359 7.98473282443 END
START 5.96635053711 -5.39653054199 9.66778630371 250.129770992 -50.4732824427 10.3969465649 END
START 0.129286889648 -8.00142194824 5.44920297852 250.129770992 -48.2366412214 2.7786259542 END
START 9.06205328369 -7.72369455566 8.6047607666 250.129770992 -47.9923664122 3.12977099237 END
START 0.627280834961 -8.54729992676 11.765106958 250.129770992 -52.1603053435 11.6641221374 END
START 3.36145913086 -10.5943423462 10.3501337769 250.129770992 -58.4961832061 11.4122137405 END
START 2.56418997803 2.90416661377 9.56722983398 250.129770992 -54.6946564885 9.70229007634 END
START 9.8186210083 -9.40202991943 9.96227310791 250.129770992 -52.5114503817 2.75572519084 END
START 3.67270534668 -5.20020600586 5.49948121338 250.129770992 -53.6488549618 6.74045801527 END
START -0.849941589355 -7.77397279053 7.29752666016 250.129770992 -48.5572519084 8.57251908397 END
START -8.71249984131 -13.3524626587 7.48188018799 250.129770992 -48.5801526718 9.15267175573 END
START 3.23456644287 -6.66066901855 9.7467949585 250.129770992 -66.1221374046 14.7633587786 END
START 5.96635053711 -7.71411774902 10.6901104126 250.129770992 -59.1603053435 3.9465648855 END