START 0.227449157715 -18.3778919434 7.34541069336 250.129770992 -48.0458015267 0.442748091603 END
START 4.01268198242 -5.4922986084 6.2009822998 250.129770992 -43.1297709924 12.8473282443 END
START 1.11809217529 -14.3484505493 6.85699355469 250.129770992 -43.572519084 6.19847328244 END
START -0.91697923584 -12.6078659424 6.96473262939 250.129770992 -46.2900763359 1.48854961832 END
START 2.54982476807 -9.93354268799 3.47159240723 250.129770992 -49.5114503817 -0.442748091603 END
START -2.60010300293 -11.9757967041 7.43160195312 250.129770992 -40.5801526718 4.80152671756 END
START 0.213083947754 -12.0931125854 2.19787712402 250.129770992 -55.4351145038 2.58015267176 END
START -0.521935961914 -9.24880101318 5.52342322998 250.129770992 -61.7480916031 7.64885496183 END
START 9.63666168213 -2.69347686768 3.10288535156 250.129770992 -71.4580152672 -5.23664122137 END
START 3.69664736328 -12.4115414062 8.65982740479 250.129770992 -77.6335877863 1.35114503817 END
START 8.63827958984 -10.7427828491 4.96557424316 250.129770992 -71.2748091603 17.0458015267 END
START 4.97275684814 -8.66222160645 7.86255825195 250.129770992 -71.5801526718 0.900763358779 END
START -1.01514150391 -9.23204160156 4.65193382568 250.129770992 -76.8778625954 3.40458015267 END
START 3.30399829102 -7.78833800049 8.40125362549 250.129770992 -91.2519083969 6.47328244275 END
START -0.876277807617 -11.137826123 3.41173736572 250.129770992 -90.1603053435 -1.11450381679 END
START 2.1811177124 -9.94311949463 7.10359632568 250.129770992 -103.893129771 10.4809160305 END
START 0.713472094727 -5.47075079346 5.65031591797 250.129770992 -103.679389313 10.7404580153 END
START 0.402225878906 -3.87860668945 5.17147558594 250.129770992 -104.335877863 12.7938931298 END
START 3.6296097168 -7.82425102539 7.66383951416 250.129770992 -104.618320611 -1.39694656489 END
START 5.70538255615 -7.84819304199 7.20175859375 250.129770992 -104.709923664 18.1755725191 END
START 5.27921466064 -10.9798088135 2.49715233154 250.129770992 -105.297709924 2.13740458015 END
START 3.50032282715 -12.3540805664 11.7435591431 250.129770992 -104.328244275 17.1526717557 END
START 6.68461103516 -9.08838950195 4.91290180664 250.129770992 -104.297709924 -1.03053435115 END
START 0.77332713623 -9.23443580322 4.44363828125 250.129770992 -104.580152672 13.1603053435 END
START -1.22104284668 -2.03267720947 5.81551583252 250.129770992 -104.977099237 4.83969465649 END
START 2.18830031738 -10.3094323486 5.76523759766 250.129770992 -112.106870229 5.96946564885 END
START -0.787692346191 -8.30309135742 9.06684168701 250.129770992 -117.129770992 -1.19083969466 END
START 2.22900174561 -9.56962403564 8.66701000977 250.129770992 -112.007633588 10.4885496183 END
START 3.79002122803 -10.9175595703 10.8744639404 250.129770992 -122.778625954 0.160305343511 END
START 4.20182391357 -6.25365473633 12.2152168701 250.129770992 -104.458015267 11.7175572519 END
START -1.05584293213 -12.1816980469 8.76517227783 250.129770992 -105.984732824 0.0229007633588 END
START 3.38061274414 -10.2088758789 7.85537564697 250.129770992 -105.526717557 16.641221374 END
START 6.93600220947 -3.47398660889 9.99818613281 250.129770992 -104.007633588 4.18320610687 END
START 3.50511123047 -1.12527478027 9.88805285645 250.129770992 -94.9465648855 2.51908396947 END
START 2.38701905518 -6.67503422852 8.34139858398 250.129770992 -76.4045801527 1.32061068702 END
START 0.703895288086 -11.0660000732 12.3516863647 250.129770992 -71.0305343511 8.48091603053 END
START 9.86889924316 -12.8041904785 11.2766898193 250.129770992 -66.9694656489 -0.580152671756 END
START 4.36702382812 -6.34463439941 7.78354959717 250.129770992 -64.4503816794 4.83969465649 END
START 3.13161577148 -7.51539901123 7.5896192627 250.129770992 -54.3664122137 9.52671755725 END
START 5.85382305908 -7.54891783447 4.32392819824 250.129770992 -50.7328244275 7.47328244275 END
START -5.82030423584 -6.49068070068 12.1218430054 250.129770992 -46.1526717557 0.839694656489 END
START 3.7493197998 -13.8624276123 6.90008918457 250.129770992 -33.0229007634 11.0229007634 END
START 1.95127435303 -7.17063397217 7.11556733398 250.129770992 -32.4045801527 0.030534351145 END
START 5.86579406738 -7.22091220703 9.78031378174 250.129770992 -33.9465648855 -1.81679389313 END
START -3.30160408936 -11.4394955322 5.12359155273 250.129770992 -32.893129771 8.20610687023 END
START -8.56166513672 -9.28471403809 12.8496803101 250.129770992 -29.8015267176 2.52671755725 END
START -1.74058460693 -11.1881043579 7.49624539795 250.129770992 -35.8015267176 1.51145038168 END
START 4.2664673584 -6.82108052979 7.46512077637 250.129770992 -46.2748091603 4.93893129771 END
START 4.95839163818 -10.7332060425 4.8554409668 250.129770992 -39.9007633588 12.9312977099 END
START 4.34547601318 -8.56405933838 7.91523068848 250.129770992 -42.8015267176 -3.27480916031 END
START 4.75249029541 -12.3971761963 2.19069451904 250.129770992 -39.5267175573 10.4961832061 END
START 0.335188232422 -9.440337146 11.7196171265 250.129770992 -43.4351145038 6.38167938931 END
START -0.648828649902 -10.3094323486 7.6973583374 250.129770992 -49.2671755725 8.60305343511 END
START 1.32399351807 -12.87841073 4.76924970703 250.129770992 -50.0076335878 0.740458015267 END
START -3.0166940918 -11.2240173828 5.44202037354 250.129770992 -46.5954198473 8.36641221374 END
START 0.656011254883 -6.91206019287 10.7571480591 250.129770992 -55.4580152672 6.86259541985 END
START -2.43490308838 -9.53849941406 9.83538041992 250.129770992 -54.8091603053 3.30534351145 END
START 0.667982263184 -9.28710823975 10.2687309204 250.129770992 -62.7938931298 13.4198473282 END
START -0.495599743652 -9.10275471191 12.7084224121 250.129770992 -77.2900763359 -1.10687022901 END
START -1.89141931152 -10.9750204102 8.63109698486 250.129770992 -67.6183206107 18.6717557252 END
START -2.36307703857 -9.23204160156 -1.03668931885 250.129770992 -85.6946564885 7.56488549618 END
START 4.89853659668 -10.5704003296 5.13556256104 250.129770992 -81.2824427481 4.48091603053 END
START 2.15238729248 -4.81952794189 5.01106407471 250.129770992 -96.6870229008 -5.17557251908 END
START 5.18823499756 -12.2367646851 10.0197339478 250.129770992 -101.114503817 12.1297709924 END
START -0.943315454102 -10.3884410034 6.77319649658 250.129770992 -104.732824427 9.26717557252 END
START 3.05500131836 -11.8608750244 6.15070406494 250.129770992 -104.106870229 15.320610687 END
START 1.74058460693 -9.50258638916 11.0923362915 250.129770992 -104.923664122 7.98473282443 END
START 2.10210905762 -13.2327525757 1.35511813965 250.129770992 -104.511450382 0.946564885496 END
START -2.03507141113 -11.4394955322 5.32949289551 250.129770992 -103.564885496 15.7938931298 END
START 7.60877287598 -7.64708010254 5.5641246582 250.129770992 -104.625954198 12.2824427481 END
START 2.09492645264 -5.10922634277 9.37090529785 250.129770992 -102.41221374 9.04580152672 END
START -3.20104761963 -8.3102739624 6.07408961182 250.129770992 -104.633587786 5.98473282443 END
START -2.83952316895 -12.6222311523 9.92157167969 250.129770992 -105.007633588 0.977099236641 END
START 5.34864650879 -13.7403233276 8.85854614258 250.129770992 -104.328244275 6.2213740458 END
START 2.57616098633 -10.2112700806 5.57370146484 250.129770992 -105.511450382 0.480916030534 END
START 2.35350023193 -8.90882437744 0.885854614258 250.129770992 -104.13740458 9.1679389313 END
START 1.25216746826 -8.24802471924 11.4179477173 250.129770992 -105.198473282 -3.30534351145 END
START 0.572214196777 -15.322890625 7.57525405273 250.129770992 -103.694656489 13.6946564885 END
START 7.00782825928 -6.74925447998 5.11401474609 250.129770992 -103.908396947 3.6106870229 END
START 5.21217701416 -8.2743609375 6.69179364014 250.129770992 -103.938931298 5.49618320611 END
START 4.46039769287 -8.31745656738 10.9486841919 250.129770992 -105.091603053 5.2213740458 END
START 11.2000753662 -12.4713964478 5.62876810303 250.129770992 -104.694656489 -2.40458015267 END
START 0.45250411377 -7.74284816895 4.68545264893 250.129770992 -89.6564885496 1.78625954198 END
START 7.46512077637 -15.3611978516 7.97029732666 250.129770992 -86.4198473282 14.4809160305 END
START 2.71263048096 -2.93529123535 8.49223328857 250.129770992 -66.3053435115 8.35114503817 END
START 0.821211169434 -5.53060583496 8.35815799561 250.129770992 -67.8473282443 1.70229007634 END
START -1.87226569824 -7.63032069092 8.67179841309 250.129770992 -56.4427480916 4.72519083969 END
START 3.17231719971 -3.3710359375 10.1538092407 250.129770992 -59.7557251908 7.6106870229 END
START 4.07493122559 -8.74841286621 5.15471617432 250.129770992 -46.9236641221 10.2366412214 END
START 9.33738647461 -3.82354005127 4.85783516846 250.129770992 -53.7633587786 11.0763358779 END
START 1.8507178833 -9.10993731689 9.90002386475 250.129770992 -52.7786259542 6.0534351145 END
START 0.0646434448242 -7.99902774658 6.76840809326 250.129770992 -53.5954198473 4.04580152672 END
START 1.48919343262 -6.14352145996 13.5009031616 250.129770992 -54.9160305344 5.23664122137 END
START 2.72460148926 -2.37265384521 16.3667625488 250.129770992 -66.9541984733 4.02290076336 END
START 0.320823022461 -11.0348754517 9.69412252197 250.129770992 -58.3511450382 8.13740458015 END
START -1.69748897705 -5.66228692627 8.01339295654 250.129770992 -62.1450381679 0.81679389313 END
START -5.59285507812 -3.7493197998 7.11556733398 250.129770992 -56.2748091603 8.83969465649 END
START 3.34230551758 -6.77559069824 5.37258852539 250.129770992 -59.3740458015 2.35114503817 END
START -3.39018955078 -9.49300958252 13.2614829956 250.129770992 -63.8702290076 3.20610687023 END
START 4.87220037842 -8.82023891602 11.0899420898 250.129770992 -64.1832061069 8.80152671756 END
START 3.79480963135 -9.4882211792 6.73249506836 250.129770992 -57.3129770992 4.39694656489 END