START -2.11647426758 -8.49702169189 3.94564433594 250.129770992 -79.2290076336 8.47328244275 END
START -2.35828863525 -1.78128603516 10.9175595703 250.129770992 -77.4503816794 -1.38167938931 END
START 4.90811340332 -10.5799771362 8.48505068359 250.129770992 -78.0229007634 8.88549618321 END
START -2.60967980957 -3.20583602295 4.82431634521 250.129770992 -83.1832061069 7.28244274809 END
START -0.483628735352 -7.92480749512 9.13627353516 250.129770992 -84.1679389313 -1.09160305344 END
START 4.48912811279 -3.11006795654 6.72770666504 250.129770992 -81.8091603053 4.47328244275 END
START 2.63122762451 -5.22654222412 11.5927244385 250.129770992 -87.320610687 -0.664122137405 END
START -1.33596452637 -10.4818148682 11.293449231 250.129770992 -76.3358778626 2.74809160305 END
START 3.10288535156 -6.46913288574 6.4595560791 250.129770992 -76.6870229008 5.46564885496 END
START -2.72460148926 -8.70771143799 4.5489831543 250.129770992 -77.8854961832 9.23664122137 END
START -3.15555778809 -6.90008918457 1.29526309814 250.129770992 -82.0687022901 1.56488549618 END
START 4.88656558838 -14.2598650879 10.3836526001 250.129770992 -80.9160305344 2.00763358779 END
START 4.07493122559 -12.1769096436 9.78989058838 250.129770992 -101.053435115 7.36641221374 END
START 0.162805712891 -8.41561883545 10.7403886475 250.129770992 -91.4198473282 15.1755725191 END
START -0.31124621582 -13.0292454346 6.7540428833 250.129770992 -84.0381679389 10.7633587786 END
START -2.10450325928 -10.0364933594 7.01740506592 250.129770992 -97.9770992366 8.99236641221 END
START 0.744596716309 -17.7721589233 10.1346556274 250.129770992 -88.2290076336 8.85496183206 END
START 1.64002813721 -5.28639726562 10.038887561 250.129770992 -95.7786259542 10.0 END
START 10.546458313 -4.09408483887 6.88332977295 250.129770992 -98.8625954198 13.3358778626 END
START -3.7134067749 -9.42597193604 12.0069213257 250.129770992 -101.954198473 5.86259541985 END
START 10.4028062134 -12.512097876 10.7308118408 250.129770992 -97.5648854962 7.67938931298 END
START 10.0269165527 -0.265756384277 10.5751887329 250.129770992 -104.045801527 15.6183206107 END
START 2.72699569092 -9.89523546143 13.4147119019 250.129770992 -105.015267176 -1.09923664122 END
START -1.07499654541 -13.1848685425 9.23443580322 250.129770992 -105.297709924 15.427480916 END
START 1.86029468994 -11.1809217529 0.500388146973 250.129770992 -99.427480916 -0.106870229008 END
START -6.4595560791 -2.53067115479 4.57531937256 250.129770992 -97.1145038168 18.5038167939 END
START -1.04626612549 -8.23605371094 -4.24013114014 250.129770992 -83.3664122137 3.98473282443 END
START 2.1811177124 -8.46829127197 11.1569797363 250.129770992 -88.7480916031 -1.5572519084 END
START 3.15555778809 -5.11640894775 8.69813463135 250.129770992 -90.0839694656 11.8396946565 END
START 6.7540428833 -12.9622077881 5.46117398682 250.129770992 -80.786259542 -2.73282442748 END
START 2.01591779785 -14.2718360962 5.59285507812 250.129770992 -73.7557251908 4.83969465649 END
START -4.9272670166 -2.8060043457 5.20020600586 250.129770992 -78.893129771 4.90076335878 END
START 0.890643017578 -7.68299312744 6.16746347656 250.129770992 -71.4198473282 -0.954198473282 END
START -7.45793817139 -8.07085379639 14.1856448364 250.129770992 -66.786259542 13.2977099237 END
START -0.131681091309 -10.7116582275 6.51701691895 250.129770992 -79.6335877863 5.28244274809 END
START -7.99902774658 -7.65186850586 4.90811340332 250.129770992 -80.9465648855 8.06870229008 END
START 0.227449157715 -12.7036340088 11.2024695679 250.129770992 -75.1755725191 3.37404580153 END
START -2.65277543945 -4.03901820068 12.1721212402 250.129770992 -69.0534351145 7.70992366412 END
START 4.42687886963 -13.2758482056 9.14345614014 250.129770992 -65.4351145038 7.30534351145 END
START 6.38054742432 -9.43554874268 15.8448265869 250.129770992 -64.1679389313 10.0839694656 END
START 1.05344873047 -12.0667763672 8.37252320557 250.129770992 -59.5114503817 1.48091603053 END
START 11.5807534302 -2.20027132568 7.20175859375 250.129770992 -54.7099236641 9.81679389313 END
START -5.96156213379 -10.2807019287 8.88009395752 250.129770992 -61.3129770992 7.92366412214 END
START 2.91134921875 -5.80115062256 8.92079538574 250.129770992 -60.6641221374 8.26717557252 END
START 3.39018955078 -4.65432802734 10.8840407471 250.129770992 -60.0687022901 13.320610687 END
START 2.698265271 -4.37181223145 7.03177027588 250.129770992 -60.8091603053 3.50381679389 END
START -7.3669585083 -11.7746837646 9.27034882812 250.129770992 -52.3358778626 9.76335877863 END
START -3.52905324707 -5.78917961426 8.6406737915 250.129770992 -45.3053435115 13.2748091603 END
START -4.84107575684 -0.0742202514648 8.07324799805 250.129770992 -48.1603053435 6.22900763359 END
START -3.33033450928 -10.6494089844 10.8193973022 250.129770992 -39.8778625954 7.46564885496 END
START -7.34062229004 -10.1322614258 8.22887110596 250.129770992 -52.9083969466 6.37404580153 END
START -3.9480385376 -0.960074865723 10.6541973877 250.129770992 -45.534351145 1.10687022901 END
START -6.88572397461 3.1364041748 10.9151653687 250.129770992 -46.9312977099 6.21374045802 END
START 2.45884510498 -14.5687171021 12.4857616577 250.129770992 -51.8015267176 -0.625954198473 END
START -1.86987149658 -12.5527993042 2.58813199463 250.129770992 -52.0229007634 8.24427480916 END
START 3.39737215576 1.69509477539 16.4481654053 250.129770992 -52.213740458 9.2213740458 END
START 5.90410129395 -10.180145459 4.75967290039 250.129770992 -58.5114503817 12.358778626 END
START 4.59926138916 -9.67736311035 12.9957266113 250.129770992 -53.8244274809 4.82442748092 END
START -1.35032973633 -8.11394942627 7.26879624023 250.129770992 -58.8473282443 11.3358778626 END
START -5.81791003418 -6.00944616699 6.94079061279 250.129770992 -61.9847328244 1.72519083969 END
START 1.32878192139 -6.46195028076 8.71010563965 250.129770992 -52.5954198473 16.5801526718 END
START 1.99676418457 -9.27034882812 14.4442186157 250.129770992 -62.3435114504 4.47328244275 END
START -6.32548078613 -6.81150372314 9.84974562988 250.129770992 -54.4427480916 -0.274809160305 END
START 1.19949503174 -16.0818525513 10.2830961304 250.129770992 -52.7099236641 5.16030534351 END
START -7.0126166626 -10.7882726807 5.43723197021 250.129770992 -48.8015267176 7.87022900763 END
START -3.87860668945 -8.78911429443 7.9439611084 250.129770992 -43.1832061069 3.22900763359 END
START -3.71819517822 -19.493589917 9.27992563477 250.129770992 -58.8473282443 8.48854961832 END
START -5.22893642578 -16.9030637207 7.89368287354 250.129770992 -64.5801526718 6.69465648855 END
START 3.3949779541 -13.5392103882 11.2288057861 250.129770992 -79.4503816794 3.07633587786 END
START 2.60489140625 -1.32399351807 9.40202991943 250.129770992 -80.9007633588 18.893129771 END
START -6.16985767822 -7.45793817139 0.900219824219 250.129770992 -83.3282442748 5.68702290076 END
START -0.62009822998 -7.51779321289 2.73657249756 250.129770992 -69.1908396947 5.42748091603 END
START 1.75016141357 -9.88805285645 7.33822808838 250.129770992 -60.3740458015 14.9847328244 END
START 2.81558115234 -13.0675526611 2.54743056641 250.129770992 -66.0534351145 2.19847328244 END
START 9.28950244141 -13.6541320679 10.3190091553 250.129770992 -67.5572519084 9.19847328244 END
START 1.16837041016 -2.55461317139 6.87135876465 250.129770992 -59.4122137405 12.0305343511 END
START 1.52989486084 -1.40060797119 8.19774648437 250.129770992 -62.8854961832 2.14503816794 END
START 0.0909796630859 -3.23456644287 10.5009684814 250.129770992 -76.0916030534 16.1984732824 END
START 5.99268675537 -14.0539637451 11.7052519165 250.129770992 -73.7251908397 20.1679389313 END
START -3.7253777832 -8.58321295166 6.55292994385 250.129770992 -80.5801526718 13.3358778626 END
START -1.20907183838 -6.03099398193 12.0476227539 250.129770992 -79.7328244275 2.37404580153 END
START 0.869095202637 -14.5328040771 9.81622680664 250.129770992 -69.3053435115 2.32061068702 END
START 0.46686932373 -12.9526309814 1.27610948486 250.129770992 -75.9312977099 -3.85496183206 END
START 5.50187541504 -5.83945784912 2.84909997559 250.129770992 -65.3969465649 14.5038167939 END
START 3.6056677002 -18.1719906006 4.88895979004 250.129770992 -63.9618320611 12.6335877863 END
START 2.08295544434 -4.64714542236 8.31506236572 250.129770992 -64.5114503817 4.45038167939 END
START -1.54186586914 -9.4523081543 1.8866309082 250.129770992 -79.106870229 -4.01526717557 END
START -0.562637390137 -7.81467421875 7.43878455811 250.129770992 -71.4045801527 7.08396946565 END
START 2.97838686523 -16.6899797729 9.87129344482 250.129770992 -72.0992366412 9.6641221374 END
START 7.62074388428 -12.4306950195 9.88805285645 250.129770992 -73.0687022901 11.7786259542 END
START 1.59453830566 -7.50582220459 3.22020123291 250.129770992 -67.7557251908 13.2900763359 END
START 0.562637390137 -2.66235224609 10.8840407471 250.129770992 -82.0534351145 3.85496183206 END
START -5.18344659424 -6.19619389648 10.1562034424 250.129770992 -81.8396946565 10.0534351145 END
START -1.51552965088 -14.9182705444 5.71495936279 250.129770992 -101.427480916 3.19847328244 END
START 2.43011468506 -16.9988317871 12.4713964478 250.129770992 -87.2366412214 8.12213740458 END
START 11.8129909912 -11.6549736816 8.89445916748 250.129770992 -87.4885496183 -0.267175572519 END
START 7.6614453125 -10.0771947876 6.1890112915 250.129770992 -77.0534351145 10.9847328244 END
START 2.41814367676 -10.5991307495 14.2957781128 250.129770992 -74.9770992366 4.65648854962 END
START 0.885854614258 -9.33020386963 10.7451770508 250.129770992 -77.4503816794 4.2213740458 END
START 9.58398924561 -5.36301171875 7.65905111084 250.129770992 -66.5572519084 -3.0534351145 END
START 1.00077629395 -9.46667336426 7.0724717041 250.129770992 -71.1679389313 11.6564885496 END
START -5.30794508057 -15.9405946533 7.96072052002 250.129770992 -77.1984732824 3.80916030534 END
START -2.56418997803 -3.32794030762 9.02853446045 250.129770992 -78.4961832061 11.2061068702 END
START -1.8028338501 -13.3165496338 15.1361428955 250.129770992 -76.9618320611 6.19083969466 END
START -1.472434021 2.75572611084 8.67419261475 250.129770992 -89.5419847328 -3.43511450382 END
START -3.62721551514 -9.32062706299 4.43166727295 250.129770992 -69.8396946565 3.7786259542 END
START -2.27209737549 -17.1496664917 11.4227361206 250.129770992 -57.8167938931 -0.312977099237 END
START -1.09654436035 -12.8616513184 13.2686656006 250.129770992 -62.1297709924 24.5877862595 END
START -5.31033928223 -3.43328518066 2.33195241699 250.129770992 -56.6030534351 5.0 END
START 5.21696541748 -1.60890351563 11.7315881348 250.129770992 -58.2824427481 8.06870229008 END
START -3.49792862549 -13.6996218994 9.26795462646 250.129770992 -58.9465648855 11.6870229008 END
START -3.46201560059 -4.24013114014 11.7004635132 250.129770992 -65.0916030534 9.89312977099 END
START 1.27610948486 -7.6135612793 6.11000263672 250.129770992 -64.7938931298 15.4809160305 END
START 1.5682020874 0.725443103027 7.1203557373 250.129770992 -72.2824427481 15.9007633588 END
START -3.29681568604 -16.5678754883 2.85628258057 250.129770992 -83.5496183206 11.0839694656 END
START 2.1811177124 -9.21288798828 10.285490332 250.129770992 -67.3511450382 3.23664122137 END
START 3.40455476074 -14.0204449219 0.701501086426 250.129770992 -73.8625954198 -3.53435114504 END
START 1.92733233643 -12.519280481 2.49236392822 250.129770992 -68.5648854962 6.56488549618 END
START -2.33195241699 -0.993593688965 6.92881960449 250.129770992 -74.7328244275 14.0610687023 END
START -1.53468326416 -12.3588689697 6.82586893311 250.129770992 -74.9389312977 8.51908396947 END
START 11.0755768799 -8.08282480469 11.7172229248 250.129770992 -66.9312977099 7.37404580153 END