START 6.39730683594 -9.12430252686 8.88488236084 250.129770992 -68.7251908397 -0.358778625954 END
START -4.67348164062 -8.947131604 9.59117185059 250.129770992 -69.9847328244 6.65648854962 END
START -1.95845695801 -9.80665 5.35104071045 250.129770992 -70.3893129771 13.4580152672 END
START 2.79163913574 -5.36061751709 9.38048210449 250.129770992 -63.7786259542 -1.45038167939 END
START 0.91697923584 -6.50504591064 5.14274516602 250.129770992 -59.358778626 2.19847328244 END
START -2.24815535889 -14.9541835693 9.51934580078 250.129770992 -75.6335877863 3.1679389313 END
START 2.68868846436 -10.3237975586 6.82826313477 250.129770992 -72.1450381679 6.46564885496 END
START 0.193930334473 -9.93354268799 5.73890137939 250.129770992 -79.1450381679 7.06870229008 END
START 1.42215578613 -9.78989058838 4.56334836426 250.129770992 -72.5648854962 15.3358778626 END
START 4.48194550781 -8.89445916748 7.08683691406 250.129770992 -72.5648854962 12.1450381679 END
START -0.0359130249023 -18.5670338745 0.943315454102 250.129770992 -79.0305343511 7.95419847328 END
START 1.85311208496 -9.95030209961 6.61996759033 250.129770992 -78.5190839695 4.27480916031 END
START -1.8507178833 -13.4099234985 12.1673328369 250.129770992 -76.1679389313 3.25954198473 END
START 5.37737692871 -4.42448466797 10.5009684814 250.129770992 -80.9389312977 5.85496183206 END
START 8.75080706787 -9.04289967041 -0.433350500488 250.129770992 -89.3893129771 6.70992366412 END
START -2.06859023437 -10.9582609985 7.37653531494 250.129770992 -86.5190839695 8.77099236641 END
START 1.93451494141 -6.49068070068 5.60482608643 250.129770992 -89.8473282443 9.7786259542 END
START 1.37187755127 -9.34456907959 4.94642062988 250.129770992 -101.099236641 5.16030534351 END
START -0.842758984375 -2.20027132568 11.2000753662 250.129770992 -86.213740458 6.74809160305 END
START -1.88902510986 -8.70771143799 9.31344445801 250.129770992 -93.3893129771 7.09160305344 END
START 7.61116707764 -12.1769096436 13.970166687 250.129770992 -94.7251908397 11.9770992366 END
START 0.0574608398438 -6.08366641846 8.76038387451 250.129770992 -104.770992366 13.0458015267 END
START -2.06140762939 -8.10916102295 1.57777889404 250.129770992 -96.7404580153 8.56488549618 END
START 4.5609541626 -5.79157381592 12.9430541748 250.129770992 -103.923664122 2.92366412214 END
START 4.05817181396 -17.9780602661 13.1848685425 250.129770992 -105.801526718 8.4427480916 END
START 0.0814028564453 -4.656722229 12.5504051025 250.129770992 -100.076335878 3.06106870229 END
START -0.368707055664 -10.4578728516 5.29357987061 250.129770992 -101.79389313 7.67938931298 END
START -2.65995804443 -5.5760956665 5.98550415039 250.129770992 -103.511450382 8.71755725191 END
START -2.60489140625 0.675164868164 11.0516348633 250.129770992 -96.9160305344 0.0 END
START -2.04225401611 -14.0419927368 9.19134017334 250.129770992 -92.2290076336 0.290076335878 END
START 4.05098920898 -4.8913539917 10.680533606 250.129770992 -86.3664122137 -0.0992366412214 END
START -0.667982263184 -7.77636699219 12.6054717407 250.129770992 -91.320610687 13.4580152672 END
START -1.5442600708 -6.81868632812 8.43956085205 250.129770992 -80.6259541985 7.32061068702 END
START 2.76051451416 -11.01811604 13.5080857666 250.129770992 -82.4580152672 6.0 END
START 1.15161099854 -7.52497581787 6.7061588501 250.129770992 -86.2442748092 4.95419847328 END
START 1.29047469482 -9.5121631958 5.49469281006 250.129770992 -81.7786259542 13.0763358779 END
START 4.28083256836 -8.5329347168 8.29112034912 250.129770992 -75.7099236641 1.45801526718 END
START -1.62805712891 0.193930334473 10.2304236938 250.129770992 -85.4503816794 -4.32824427481 END
START 8.59039555664 -9.14106193848 7.14429775391 250.129770992 -70.6870229008 4.12213740458 END
START 2.02788880615 -7.04374128418 9.7467949585 250.129770992 -72.572519084 -0.167938931298 END
START -2.59531459961 -5.11401474609 3.85227047119 250.129770992 -66.2748091603 8.37404580153 END
START 5.61919129639 -1.48919343262 9.59835445557 250.129770992 -57.2748091603 4.32061068702 END
START -2.35350023193 -4.12760366211 12.5097036743 250.129770992 -70.0534351145 13.572519084 END
START -0.948103857422 -4.73573088379 5.24330163574 250.129770992 -57.8396946565 3.19083969466 END
START 0.596156213379 -13.5990654297 7.85298144531 250.129770992 -54.1908396947 2.80916030534 END
START 0.588973608398 -8.05888278809 5.51863482666 250.129770992 -62.3282442748 9.90076335878 END
START 2.77248552246 -9.58877764893 7.42202514648 250.129770992 -62.1755725191 4.63358778626 END
START 4.64235701904 -15.5982238159 7.73805976562 250.129770992 -76.786259542 12.4045801527 END
START 0.502782348633 -12.2104284668 10.8672813354 250.129770992 -73.5267175573 3.14503816794 END
START 3.84029946289 -11.3556984741 6.47870969238 250.129770992 -77.9312977099 -0.274809160305 END
START -0.0861912597656 -5.38455953369 8.26957253418 250.129770992 -57.3511450382 10.9541984733 END
START -8.26478413086 -11.1402203247 8.57842454834 250.129770992 -80.8015267176 8.19083969466 END
START -1.10372696533 -9.86889924316 9.54328781738 250.129770992 -67.2595419847 0.931297709924 END
START -5.74129558105 -9.49540378418 2.19069451904 250.129770992 -87.7633587786 5.69465648855 END
START 5.08528432617 -10.7763016724 10.2232410889 250.129770992 -74.7175572519 0.671755725191 END
START -0.136469494629 -9.41400092773 5.82030423584 250.129770992 -75.2290076336 -1.12977099237 END
START 6.13155045166 -10.7427828491 9.46906756592 250.129770992 -78.3740458015 5.01526717557 END
START 5.28879146729 -10.2328178955 10.7834842773 250.129770992 -80.4885496183 2.64122137405 END
START -2.65277543945 -15.0164328125 5.21935961914 250.129770992 -89.2213740458 6.76335877863 END
START 4.58968458252 -13.9198884521 4.63756861572 250.129770992 -88.9770992366 5.1679389313 END
START -1.26892687988 -12.3588689697 6.61996759033 250.129770992 -87.8702290076 7.73282442748 END
START -2.92332022705 -10.1609918457 7.83382783203 250.129770992 -102.679389313 7.30534351145 END
START 0.0263362182617 -8.23365950928 10.038887561 250.129770992 -92.5267175573 6.01526717557 END
START -1.46764561768 -13.5823060181 6.74925447998 250.129770992 -94.1221374046 14.6183206107 END
START -2.15478149414 -11.9350952759 9.71806453857 250.129770992 -98.2748091603 4.20610687023 END
START -12.0715647705 -6.61278498535 6.46913288574 250.129770992 -93.1526717557 8.51145038168 END
START 0.423773693848 -12.6533557739 10.5177278931 250.129770992 -104.13740458 16.9312977099 END
START 9.56483563232 -14.8057430664 8.2863319458 250.129770992 -93.0381679389 17.7251908397 END
START 3.0166940918 -8.14507404785 7.51539901123 250.129770992 -103.79389313 2.95419847328 END
START 1.44609780273 -6.45716187744 6.03817658691 250.129770992 -99.0687022901 8.77099236641 END
START 3.50032282715 -13.0675526611 0.658405456543 250.129770992 -104.328244275 19.9618320611 END
START 1.45088620605 -11.2240173828 10.6134959595 250.129770992 -102.900763359 5.96946564885 END
START -3.18907661133 -3.33033450928 7.44117875977 250.129770992 -96.8778625954 9.22900763359 END
START 4.02465299072 -3.12922156982 5.91128389893 250.129770992 -94.572519084 10.3816793893 END
START 5.86818826904 -12.0164981323 2.28646258545 250.129770992 -82.0992366412 3.19083969466 END
START 7.62313808594 -6.57687196045 4.21379492187 250.129770992 -83.3816793893 2.74809160305 END
START 1.838746875 -12.0715647705 7.53455262451 250.129770992 -78.2366412214 8.74045801527 END
START -0.208295544434 -8.8393925293 7.82664522705 250.129770992 -70.6030534351 5.18320610687 END
START 2.89458980713 -10.2663367187 9.65820949707 250.129770992 -78.679389313 5.8320610687 END
START 11.3533042725 0.706289489746 10.3932294067 250.129770992 -67.8244274809 8.80916030534 END
START 9.62708487549 -16.4266175903 11.7962315796 250.129770992 -67.3358778626 8.69465648855 END
START 3.45243879395 -10.2687309204 2.50912333984 250.129770992 -63.7251908397 11.5648854962 END
START 3.01190568848 -13.1489555176 7.81467421875 250.129770992 -68.8778625954 4.74809160305 END
START 5.7508723877 -6.4834980957 11.7435591431 250.129770992 -62.2977099237 6.1679389313 END
START 4.60644399414 -8.8872765625 13.0292454346 250.129770992 -59.4045801527 10.0687022901 END
START 5.516240625 -11.9087590576 16.4816842285 250.129770992 -63.9923664122 13.8702290076 END
START 10.3094323486 -12.2822545166 5.91128389893 250.129770992 -49.7099236641 5.2213740458 END
START 6.80910952148 -11.3892172974 6.40448944092 250.129770992 -47.2061068702 6.52671755725 END
START 2.14999309082 -6.13873305664 9.67496890869 250.129770992 -54.3816793893 3.71755725191 END
START 4.43166727295 -8.93755479736 10.0053687378 250.129770992 -50.7251908397 6.25954198473 END
START 2.01112939453 -5.78917961426 6.83544573975 250.129770992 -47.2290076336 2.96183206107 END
START -1.02232410889 -10.180145459 7.7093293457 250.129770992 -47.8702290076 2.46564885496 END
START 6.01662877197 -3.09809694824 8.23126530762 250.129770992 -40.1526717557 1.09923664122 END
START -1.1540052002 -11.2742956177 6.84023414307 250.129770992 -51.5496183206 8.51908396947 END
START 1.82198746338 -12.9813614014 7.05571229248 250.129770992 -44.2595419847 3.09160305344 END
START 1.38624276123 -10.0436759644 14.5160446655 250.129770992 -56.4580152672 9.29007633588 END
START 2.73896669922 -7.92720169678 13.864821814 250.129770992 -57.6870229008 4.60305343511 END
START 4.24731374512 -8.15943925781 8.10916102295 250.129770992 -47.1603053435 4.64885496183 END
START -2.82276375732 -7.99663354492 12.1745154419 250.129770992 -61.6488549618 6.12977099237 END
START -4.50588752441 -9.70130512695 10.180145459 250.129770992 -61.4198473282 -4.21374045802 END
START -1.7908628418 -3.70382996826 9.72285294189 250.129770992 -63.5496183206 6.62595419847 END
START -2.25533796387 -13.8839754272 10.7092640259 250.129770992 -55.1526717557 13.7404580153 END
START 1.75494981689 -7.18260498047 9.57920084229 250.129770992 -56.2519083969 5.87022900763 END
START -4.24731374512 -7.38132371826 2.46123930664 250.129770992 -73.1755725191 11.2061068702 END
START -4.19703551025 -9.84495722656 14.836867688 250.129770992 -70.3969465649 -0.740458015267 END
START -0.169988317871 -8.19774648437 6.79235010986 250.129770992 -75.0076335878 11.1450381679 END
START -0.699106884766 -9.7348239502 10.0364933594 250.129770992 -76.0381679389 18.8625954198 END
START 1.01035310059 -6.2009822998 9.82340941162 250.129770992 -64.9770992366 10.9083969466 END
START -2.25054956055 -7.89847127686 10.9295305786 250.129770992 -65.8320610687 13.6183206107 END
START -3.35427652588 -5.68862314453 10.0724063843 250.129770992 -77.6870229008 0.961832061069 END