START -2.50672913818 -11.3580926758 5.04458289795 250.129770992 -57.4580152672 16.8244274809 END
START 10.9654436035 -9.14106193848 8.17619866943 250.129770992 -77.3435114504 5.16030534351 END
START 4.92008441162 -18.9836249634 10.524910498 250.129770992 -62.2824427481 11.6183206107 END
START 3.29442148437 -9.05487067871 3.70382996826 250.129770992 -54.7938931298 1.4427480916 END
START -2.60967980957 -8.29112034912 6.52898792725 250.129770992 -59.0687022901 -1.93893129771 END
START 1.13485158691 -10.9486841919 9.77791958008 250.129770992 -65.9236641221 8.95419847328 END
START 1.04387192383 -4.87459458008 8.71489404297 250.129770992 -72.9618320611 5.62595419847 END
START 1.1899182251 -11.7363765381 9.99579193115 250.129770992 -61.6717557252 14.8854961832 END
START -3.03584770508 -11.2216231812 -0.624886633301 250.129770992 -65.7786259542 0.748091603053 END
START -5.79157381592 -14.4346418091 8.8872765625 250.129770992 -73.2748091603 2.35114503817 END
START -4.76446130371 -13.9103116455 6.33984599609 250.129770992 -78.358778626 9.08396946565 END
START -6.11000263672 -12.7060282104 10.8146088989 250.129770992 -76.9770992366 8.39694656489 END
START 7.601590271 -9.63905588379 7.34541069336 250.129770992 -70.5038167939 15.679389313 END
START 5.85621726074 -13.0388222412 9.03571706543 250.129770992 -77.5954198473 2.35114503817 END
START -2.90416661377 -9.97184991455 11.8608750244 250.129770992 -78.8396946565 15.893129771 END
START -2.72938989258 -16.7234985962 10.9510783936 250.129770992 -77.5496183206 7.64122137405 END
START -1.61129771729 -17.274164978 2.29364519043 250.129770992 -84.7175572519 3.51908396947 END
START 10.4794206665 -11.9207300659 9.33259807129 250.129770992 -82.2213740458 5.52671755725 END
START -1.42454998779 -7.27837304687 0.746990917969 250.129770992 -88.6106870229 6.76335877863 END
START 10.1562034424 -7.84819304199 5.91607230225 250.129770992 -79.0229007634 -2.45038167939 END
START 3.50750543213 -11.7627127563 13.4266829102 250.129770992 -76.2595419847 8.7786259542 END
START 1.18273562012 -12.2200052734 7.54891783447 250.129770992 -83.106870229 9.70992366412 END
START -1.37906015625 -8.29590875244 6.79235010986 250.129770992 -89.8625954198 9.68702290076 END
START 1.41018477783 -13.603853833 6.51222851562 250.129770992 -81.3358778626 -0.427480916031 END
START -3.51947644043 -10.2783077271 5.15471617432 250.129770992 -103.351145038 8.58015267176 END
START 1.92972653809 -3.79241542969 6.40927784424 250.129770992 -90.5648854962 -0.160305343511 END
START -5.67665213623 -9.57441243896 5.34385810547 250.129770992 -97.106870229 6.75572519084 END
START 1.51313544922 -7.92720169678 6.22253011475 250.129770992 -101.496183206 3.36641221374 END
START -7.39808312988 -8.56645354004 9.34696328125 250.129770992 -102.786259542 6.00763358779 END
START 1.63284553223 -10.2830961304 8.63827958984 250.129770992 -104.167938931 -2.35114503817 END
START 2.37025964355 -7.67820472412 10.165780249 250.129770992 -90.8015267176 6.60305343511 END
START 3.3590649292 -15.8184903687 5.61679709473 250.129770992 -95.1832061069 8.26717557252 END
START 0.782903942871 -10.7212350342 13.0771294678 250.129770992 -100.801526718 5.0534351145 END
START 3.46919820557 -8.43477244873 8.95192000732 250.129770992 -104.854961832 2.25190839695 END
START 1.8866309082 -10.800243689 5.83227524414 250.129770992 -92.3129770992 6.1679389313 END
START 7.88889447021 -8.56405933838 7.7332713623 250.129770992 -103.610687023 6.90839694656 END
START -0.208295544434 -11.398794104 13.8073609741 250.129770992 -105.122137405 13.9160305344 END
START 0.0790086547852 -10.6182843628 11.4490723389 250.129770992 -85.0687022901 17.1374045802 END
START -3.08612593994 -9.43554874268 13.8217261841 250.129770992 -72.4427480916 15.6183206107 END
START -1.07739074707 -11.1785275513 10.9917798218 250.129770992 -71.3816793893 13.427480916 END
START 2.89219560547 -5.72932457275 6.69179364014 250.129770992 -56.2748091603 4.77099236641 END
START -1.34554133301 -10.4937858765 7.22809481201 250.129770992 -58.2366412214 9.41221374046 END
START 1.01514150391 -8.20014068604 7.87213505859 250.129770992 -54.7633587786 10.1374045802 END
START 1.2856862915 -5.64552751465 11.398794104 250.129770992 -62.106870229 12.5267175573 END
START -1.61848032227 -2.01352359619 8.8992475708 250.129770992 -55.7175572519 7.61832061069 END
START 2.66235224609 -9.27034882812 6.32308658447 250.129770992 -60.7938931298 3.91603053435 END
START -3.69425316162 -11.7938373779 6.21055910645 250.129770992 -62.3053435115 11.2213740458 END
START -6.39012423096 -11.2527478027 7.74524237061 250.129770992 -62.0152671756 13.5572519084 END
START 1.96085115967 -9.07402429199 8.10197841797 250.129770992 -64.0 4.76335877863 END
START -0.526724365234 -3.33272871094 8.50659849854 250.129770992 -66.5648854962 6.84732824427 END
START -4.55377155762 -5.35582911377 2.88980140381 250.129770992 -63.3282442748 -2.60305343511 END
START -2.86346518555 -3.7373487915 1.8866309082 250.129770992 -78.1145038168 18.4503816794 END
START -3.20344182129 -4.47955130615 9.18415756836 250.129770992 -71.8320610687 -1.26717557252 END
START 1.89381351318 -6.66306322021 2.93050283203 250.129770992 -78.3435114504 7.79389312977 END
START -2.26730897217 -5.01106407471 1.96324536133 250.129770992 -77.213740458 -3.51145038168 END
START -5.15950457764 -12.4115414062 10.8481277222 250.129770992 -77.320610687 7.48091603053 END
START -3.56017786865 -6.375759021 8.14986245117 250.129770992 -86.7480916031 15.5190839695 END
START 3.32794030762 -6.13873305664 5.72932457275 250.129770992 -84.3511450382 13.9694656489 END
START -3.0406361084 -12.5408282959 5.74847818604 250.129770992 -82.8778625954 10.8167938931 END
START 2.75333190918 -8.77474908447 7.41005413818 250.129770992 -87.8244274809 18.9541984733 END
START -2.22421334229 -3.61285030518 6.54335313721 250.129770992 -104.450381679 7.58778625954 END
START -1.592144104 -14.9541835693 6.375759021 250.129770992 -94.7938931298 4.63358778626 END
START 2.57376678467 -8.37731160889 6.94557901611 250.129770992 -86.7099236641 16.4503816794 END
START -1.79325704346 -13.4602017334 7.14908615723 250.129770992 -97.1221374046 16.5038167939 END
START 0.253785375977 -5.43962617188 7.16584556885 250.129770992 -96.5648854962 9.12977099237 END
START 0.102950671387 -10.5823713379 5.93283171387 250.129770992 -108.816793893 -2.18320610687 END
START 3.86902988281 -9.87129344482 4.87459458008 250.129770992 -105.282442748 7.37404580153 END
START -4.09408483887 -12.1553618286 3.82354005127 250.129770992 -103.770992366 4.8320610687 END
START -1.42215578613 -12.4929442627 8.13310303955 250.129770992 -103.877862595 9.1679389313 END
START 2.39659586182 -9.7348239502 9.99339772949 250.129770992 -104.923664122 7.9465648855 END
START -7.3909005249 -8.03733497314 8.80108530273 250.129770992 -96.3053435115 0.00763358778626 END
START -1.07978494873 -12.4833674561 11.5735708252 250.129770992 -104.488549618 -1.47328244275 END
START 6.50025750732 -4.40293685303 10.3956236084 250.129770992 -96.5648854962 11.358778626 END
START 0.0478840332031 -6.01662877197 8.89445916748 250.129770992 -90.8778625954 2.07633587786 END
START -3.11964476318 -10.2495773071 7.1203557373 250.129770992 -95.106870229 4.85496183206 END
START -3.95043273926 -6.97430943604 2.77966812744 250.129770992 -98.6030534351 6.24427480916 END
START 6.17225187988 -9.73721815186 8.07803640137 250.129770992 -84.9007633588 11.1145038168 END
START -2.35110603027 -8.26957253418 4.47236870117 250.129770992 -80.4427480916 1.91603053435 END
START 0.0814028564453 -9.75158336182 2.81318695068 250.129770992 -73.0076335878 7.40458015267 END
START 4.73812508545 -11.3676694824 3.55538946533 250.129770992 -74.9923664122 8.3358778626 END
START 10.5632177246 -2.50672913818 5.92086070557 250.129770992 -78.5648854962 26.5419847328 END
START 7.35259329834 -9.90002386475 10.5488525146 250.129770992 -76.6946564885 7.96183206107 END
START 5.82748684082 -8.82263311768 6.55532414551 250.129770992 -76.1526717557 3.5572519084 END
START 2.66714064941 -1.8507178833 6.68939943848 250.129770992 -66.9465648855 9.09160305344 END
START 2.4277204834 -9.80665 4.39336004639 250.129770992 -67.5496183206 6.12213740458 END
START -1.5322890625 -4.78122071533 6.76122548828 250.129770992 -63.9465648855 6.38167938931 END
START 4.2784383667 -11.4969563721 6.60799658203 250.129770992 -56.9541984733 10.8702290076 END
START -5.09964953613 -10.8265799072 7.75481917725 250.129770992 -52.8854961832 3.1679389313 END
START 0.725443103027 -2.05901342773 9.08360109863 250.129770992 -49.2595419847 14.0839694656 END
START 3.54581265869 -6.99346304932 6.32308658447 250.129770992 -51.1603053435 3.07633587786 END
START 4.6447512207 -11.2551420044 8.5568767334 250.129770992 -46.9007633588 3.92366412214 END
START 1.70706578369 -3.71819517822 4.3263223999 250.129770992 -42.0152671756 0.496183206107 END
START -0.416591088867 -10.5608235229 8.20014068604 250.129770992 -45.427480916 5.57251908397 END
START 0.0526724365234 -3.00711728516 9.35414588623 250.129770992 -45.2900763359 9.22900763359 END
START -5.97113894043 -8.70052883301 12.5432224976 250.129770992 -49.0305343511 11.7709923664 END
START -0.627280834961 -9.61990227051 8.41801303711 250.129770992 -70.1221374046 9.28244274809 END
START 5.87776507568 -9.23204160156 6.46434448242 250.129770992 -63.7633587786 7.45038167939 END
START -2.03746561279 -7.71651195068 9.95030209961 250.129770992 -66.6030534351 4.19847328244 END
START -1.10133276367 -7.40765993652 6.0932432251 250.129770992 -71.6870229008 5.24427480916 END
START -2.54024796143 -4.69024105225 12.5312514893 250.129770992 -74.1526717557 -0.328244274809 END
START -2.65038123779 -9.50258638916 4.8793829834 250.129770992 -70.0152671756 2.10687022901 END