START 8.0397291748 -9.34217487793 0.15322890625 250.129770992 -59.465648855 6.54198473282 END
START 3.94325013428 -14.7530706299 5.38216533203 250.129770992 -69.5190839695 9.52671755725 END
START 3.05500131836 -11.5759650269 6.27280834961 250.129770992 -66.3435114504 -3.64885496183 END
START -0.979228479004 -7.47469758301 8.52814631348 250.129770992 -71.1297709924 -3.88549618321 END
START -0.77332713623 -17.3771156494 7.44357296143 250.129770992 -66.6335877863 -0.0229007633588 END
START 5.65510432129 -0.885854614258 13.9031290405 250.129770992 -72.4809160305 -1.96183206107 END
START 0.696712683105 -13.8791870239 5.98310994873 250.129770992 -78.8625954198 8.88549618321 END
START -2.89458980713 -12.1338140137 3.84269366455 250.129770992 -90.6717557252 12.8549618321 END
START -1.5801730957 -10.2807019287 4.92966121826 250.129770992 -101.687022901 -1.76335877863 END
START -2.51630594482 -9.4283661377 6.09563742676 250.129770992 -95.9160305344 4.6106870229 END
START -6.77559069824 -11.7244055298 6.33505759277 250.129770992 -104.946564885 0.0916030534351 END
START 0.538695373535 -9.90960067139 7.64708010254 250.129770992 -104.175572519 8.61832061069 END
START 3.14837518311 -8.39407102051 6.43082565918 250.129770992 -104.114503817 7.74809160305 END
START 2.65756384277 -5.09246693115 9.1697923584 250.129770992 -103.954198473 7.31297709924 END
START -0.689530078125 -7.13232674561 7.46512077637 250.129770992 -103.86259542 1.64885496183 END
START -1.30962830811 -15.4258412964 13.5176625732 250.129770992 -104.167938931 3.04580152672 END
START -2.18590611572 -10.7523596558 7.3669585083 250.129770992 -104.145038168 10.0610687023 END
START 1.13724578857 -8.75559547119 5.79636221924 250.129770992 -105.076335878 5.12977099237 END
START 4.53461794434 -7.87213505859 5.32231029053 250.129770992 -104.519083969 5.89312977099 END
START -1.50116444092 -16.3859161621 5.98310994873 250.129770992 -104.20610687 -2.96183206107 END
START 4.57531937256 -12.2200052734 11.9829793091 250.129770992 -103.65648855 15.572519084 END
START -0.92416184082 -7.55849464111 9.85932243652 250.129770992 -103.809160305 -2.24427480916 END
START 2.54264216309 -5.23133062744 8.55208833008 250.129770992 -104.503816794 11.5496183206 END
START 5.19302340088 -10.9343189819 8.70292303467 250.129770992 -107.465648855 5.42748091603 END
START -0.92176763916 -7.87213505859 11.145008728 250.129770992 -103.72519084 7.13740458015 END
START 8.36294639893 -6.19619389648 7.06768330078 250.129770992 -104.389312977 6.83969465649 END
START -5.55694205322 -4.43645567627 10.2208468872 250.129770992 -101.076335878 5.0 END
START 2.18590611572 -7.27597884521 4.48673391113 250.129770992 -86.8549618321 18.9694656489 END
START 9.09557210693 -3.73974299316 13.5847002197 250.129770992 -89.320610687 9.87786259542 END
START 5.20499440918 -12.6677209839 12.8927759399 250.129770992 -81.4198473282 3.64122137405 END
START 7.52497581787 -8.03494077148 11.3796404907 250.129770992 -64.9618320611 -1.41984732824 END
START -3.22738383789 -10.1681744507 7.54412943115 250.129770992 -66.2366412214 -0.274809160305 END
START -4.47236870117 -14.0012913086 3.30399829102 250.129770992 -57.6641221374 3.70992366412 END
START 2.00634099121 -7.86495245361 6.50265170898 250.129770992 -56.7938931298 -2.1679389313 END
START 2.92810863037 -11.7866547729 6.81868632812 250.129770992 -54.572519084 5.25190839695 END
START -3.47159240723 -7.40526573486 9.22485899658 250.129770992 -47.572519084 6.85496183206 END
START 0.323217224121 -6.1530982666 11.8177793945 250.129770992 -52.6183206107 3.09160305344 END
START 4.85065256348 -11.7244055298 5.41568415527 250.129770992 -48.2977099237 10.9541984733 END
START 1.76452662354 -15.3659862549 7.3909005249 250.129770992 -47.6259541985 6.48091603053 END
START 3.56736047363 -11.3293622559 7.12514414062 250.129770992 -53.9923664122 -1.73282442748 END
START 0.371101257324 -10.2878845337 7.52018741455 250.129770992 -50.6946564885 3.23664122137 END
START -0.237025964355 -9.81622680664 11.145008728 250.129770992 -42.2213740458 3.24427480916 END
START 3.1124621582 -7.79791480713 8.18577547607 250.129770992 -47.3893129771 9.07633587786 END
START 3.11006795654 -9.78989058838 8.72447084961 250.129770992 -50.534351145 5.23664122137 END
START 5.69580574951 -11.8177793945 10.5967365479 250.129770992 -50.0152671756 11.1603053435 END
START -2.88022459717 -6.54095893555 11.7675011597 250.129770992 -50.7251908397 -2.67938931298 END
START 8.41801303711 -10.9917798218 5.12359155273 250.129770992 -49.786259542 2.69465648855 END
START 1.27850368652 -9.85692823486 6.15070406494 250.129770992 -45.5038167939 -3.87786259542 END
START -4.08211383057 -8.66940421143 8.11634362793 250.129770992 -45.2366412214 -3.06106870229 END
START -2.33913502197 -9.73961235352 2.96881005859 250.129770992 -59.8320610687 3.61832061069 END
START 1.57059628906 -5.61440289307 6.91684859619 250.129770992 -70.4045801527 5.48091603053 END
START 9.21528218994 -8.69334622803 9.32302126465 250.129770992 -79.9312977099 6.96183206107 END
START 1.50355864258 -9.92396588135 5.7987564209 250.129770992 -73.8320610687 7.07633587786 END
START 2.38941325684 -13.7211697144 6.55532414551 250.129770992 -91.1984732824 9.02290076336 END
START -5.62397969971 -5.03500609131 4.81473953857 250.129770992 -81.7709923664 12.5648854962 END
START 0.428562097168 -16.8695448975 8.40364782715 250.129770992 -71.2213740458 14.6106870229 END
START -5.41568415527 -11.765106958 13.1226192993 250.129770992 -95.6946564885 -0.274809160305 END
START 8.08521900635 -14.2359230713 3.60806190186 250.129770992 -97.5267175573 5.12977099237 END
START 4.97275684814 -17.0778404419 6.65588061523 250.129770992 -93.1145038168 -1.00763358779 END
START -0.347159240723 -5.12119735107 8.88488236084 250.129770992 -100.511450382 8.30534351145 END
START -10.433930835 -9.73961235352 6.26083734131 250.129770992 -102.618320611 6.1679389313 END
START 2.7222072876 -8.87051715088 7.108384729 250.129770992 -99.2519083969 2.91603053435 END
START 5.01585247803 -11.0444522583 5.57848986816 250.129770992 -96.4961832061 10.5190839695 END
START 0.694318481445 -5.01106407471 6.69658204346 250.129770992 -104.259541985 6.82442748092 END
START 6.50265170898 -10.9941740234 4.82431634521 250.129770992 -105.427480916 7.40458015267 END
START 2.04225401611 -2.68868846436 5.82988104248 250.129770992 -104.427480916 4.18320610687 END
START 0.644040246582 -2.88980140381 6.46195028076 250.129770992 -105.396946565 17.6488549618 END
START 3.44525618896 -3.78044442139 8.36534060059 250.129770992 -104.458015267 5.8320610687 END
START 2.70784207764 -10.7427828491 8.38210001221 250.129770992 -103.954198473 8.51908396947 END
START 8.14986245117 -17.3220490112 7.76200178223 250.129770992 -106.580152672 4.35877862595 END
START 6.58405456543 -5.20020600586 8.43237824707 250.129770992 -104.045801527 5.95419847328 END
START 9.06444748535 -9.35414588623 5.26724365234 250.129770992 -104.183206107 15.2366412214 END
START 12.504915271 -6.72531246338 5.97113894043 250.129770992 -103.740458015 1.80152671756 END
START 6.42124885254 -14.1688854248 8.01339295654 250.129770992 -104.572519084 -4.07633587786 END
START 1.51792385254 -6.19379969482 6.75164868164 250.129770992 -104.748091603 -5.79389312977 END
START 5.47553919678 -12.4713964478 12.1194488037 250.129770992 -103.893129771 5.51908396947 END
START 11.3149970459 -3.36864173584 7.77876119385 250.129770992 -104.244274809 10.9389312977 END
START 14.6525141602 -8.93037219238 3.30878669434 250.129770992 -105.419847328 0.442748091603 END
START -3.2992098877 -12.6198369507 8.75559547119 250.129770992 -103.496183206 0.526717557252 END
START 15.3659862549 -7.6614453125 7.17542237549 250.129770992 -105.320610687 12.0381679389 END
START 9.89284125977 -13.9438304687 4.73812508545 250.129770992 -103.801526718 -3.03816793893 END
START 5.269637854 -12.5336456909 6.43800826416 250.129770992 -103.13740458 2.93129770992 END
START 5.19302340088 -11.3006318359 9.4882211792 250.129770992 -97.2977099237 10.572519084 END
START 2.18830031738 -11.8872112427 8.71728824463 250.129770992 -106.557251908 4.10687022901 END
START 6.55771834717 -10.5584293213 8.41083043213 250.129770992 -84.1297709924 16.3282442748 END
START 6.57687196045 -11.2168347778 8.41322463379 250.129770992 -76.2748091603 -5.12977099237 END
START 6.06211860352 -8.2623899292 2.54743056641 250.129770992 -70.7404580153 -3.58015267176 END
START -1.44130939941 -11.3126028442 7.87931766357 250.129770992 -65.3053435115 3.30534351145 END
START -1.02232410889 -11.0851536865 9.60074865723 250.129770992 -64.7938931298 5.43511450382 END
START -0.268150585937 -6.28717355957 7.79073220215 250.129770992 -71.6641221374 6.32824427481 END
START 5.48511600342 -6.22253011475 8.03733497314 250.129770992 -60.3129770992 2.04580152672 END
START -0.237025964355 -4.14436307373 7.77397279053 250.129770992 -66.1984732824 6.31297709924 END
START -3.60087929687 -5.62397969971 13.7283523193 250.129770992 -77.5572519084 6.6641221374 END
START -3.85945307617 -8.83699832764 8.36773480225 250.129770992 -67.5038167939 0.480916030534 END
START 0.689530078125 -9.76594857178 5.45159718018 250.129770992 -73.9083969466 -1.29007633588 END
START 7.76439598389 -12.0380459473 10.6398321777 250.129770992 -68.5190839695 9.65648854962 END
START -3.45722719727 -6.51222851562 9.63187327881 250.129770992 -66.9312977099 8.6641221374 END
START -0.634463439941 -12.3804167847 5.96874473877 250.129770992 -80.0 1.08396946565 END
START 5.44680877686 -8.43237824707 6.70376464844 250.129770992 -75.8854961832 1.80916030534 END
START 0.0622492431641 -2.96881005859 5.05176550293 250.129770992 -60.3282442748 -1.80916030534 END
START 4.22097752686 -5.22414802246 7.29752666016 250.129770992 -75.5190839695 1.72519083969 END
START 7.30470926514 -9.83538041992 5.33188709717 250.129770992 -64.2366412214 8.81679389313 END
START 4.36462962646 -10.5632177246 5.4803276001 250.129770992 -68.4732824427 1.74809160305 END
START 4.69024105225 -7.45554396973 0.476446130371 250.129770992 -65.7709923664 5.90839694656 END
START 2.73896669922 -11.5879360352 10.546458313 250.129770992 -72.9465648855 2.32824427481 END
START 4.75009609375 -9.81143840332 5.11880314941 250.129770992 -76.7328244275 2.42748091603 END
START 6.0932432251 -9.07402429199 3.74453139648 250.129770992 -71.3816793893 13.1679389313 END