START -0.845153186035 -12.5839239258 8.99740983887 250.129770992 -57.5267175573 6.34351145038 END
START 4.63038601074 -8.75080706787 10.0891657959 250.129770992 -55.320610687 3.83969465649 END
START -3.9839515625 -12.5097036743 12.6270195557 250.129770992 -62.5038167939 15.1755725191 END
START 3.96479794922 -16.548721875 7.79312640381 250.129770992 -58.4503816794 2.73282442748 END
START 1.79565124512 -11.7196171265 6.03578238525 250.129770992 -64.6717557252 5.36641221374 END
START 0.818816967773 -9.66539210205 11.1282493164 250.129770992 -71.8015267176 1.8320610687 END
START 4.46518609619 -9.41400092773 5.98310994873 250.129770992 -80.5267175573 5.80152671756 END
START -3.17471140137 -14.2742302979 5.74608398437 250.129770992 -84.106870229 0.450381679389 END
START -0.814028564453 -7.95832631836 7.98705673828 250.129770992 -89.7938931298 5.91603053435 END
START -4.59207878418 -9.63905588379 7.56567724609 250.129770992 -90.4961832061 6.25954198473 END
START -2.17632930908 -8.27914934082 9.52892260742 250.129770992 -88.6641221374 -2.10687022901 END
START 9.14106193848 -14.097059375 7.95832631836 250.129770992 -84.8473282443 1.52671755725 END
START 4.67587584229 -13.9390420654 7.43160195312 250.129770992 -107.152671756 8.01526717557 END
START -3.41413156738 -6.1171852417 6.38533582764 250.129770992 -103.816793893 5.00763358779 END
START 0.972045874023 -10.7260234375 6.85220515137 250.129770992 -104.381679389 12.3282442748 END
START 0.0550666381836 -10.6901104126 5.78199700928 250.129770992 -104.167938931 5.9465648855 END
START -2.27449157715 -11.2455651978 7.17781657715 250.129770992 -103.870229008 7.09160305344 END
START 3.48835181885 -9.23922420654 4.68784685059 250.129770992 -104.625954198 0.893129770992 END
START -0.92176763916 -7.52018741455 6.988674646 250.129770992 -104.770992366 4.6106870229 END
START 3.05739552002 -7.0126166626 6.83544573975 250.129770992 -104.183206107 9.76335877863 END
START 4.3502644165 -5.35104071045 4.5968671875 250.129770992 -104.099236641 -3.19083969466 END
START 1.32159931641 -10.8193973022 8.01099875488 250.129770992 -104.893129771 -2.5572519084 END
START 4.79319172363 -11.4610433472 6.67982263184 250.129770992 -106.20610687 1.90839694656 END
START 3.14358677979 -8.2025348877 8.63827958984 250.129770992 -101.839694656 -1.70992366412 END
START 8.83699832764 -10.6996872192 11.9159416626 250.129770992 -103.702290076 3.9465648855 END
START 0.814028564453 -6.33745179443 3.88339509277 250.129770992 -104.106870229 7.35114503817 END
START -1.75016141357 -12.7826426636 7.28555565186 250.129770992 -103.79389313 8.87786259542 END
START 1.8626888916 -9.52892260742 9.04529387207 250.129770992 -104.847328244 5.91603053435 END
START 6.0573302002 -2.58573779297 4.6088381958 250.129770992 -104.27480916 2.20610687023 END
START 7.46033237305 -7.78833800049 11.7339823364 250.129770992 -105.366412214 0.580152671756 END
START -1.00317049561 -10.1178962158 5.96635053711 250.129770992 -104.595419847 4.93893129771 END
START -2.02788880615 -4.49152231445 7.87931766357 250.129770992 -103.824427481 1.35877862595 END
START 4.68305844727 -11.1689507446 13.8217261841 250.129770992 -95.8778625954 -4.17557251908 END
START 10.292672937 -9.23922420654 6.95755002441 250.129770992 -93.4885496183 10.106870229 END
START 10.1322614258 -6.60560238037 6.09803162842 250.129770992 -79.0610687023 10.0305343511 END
START 5.73890137939 -5.7987564209 11.0229044434 250.129770992 -70.3282442748 1.12213740458 END
START 2.29364519043 -10.5081510864 4.80755693359 250.129770992 -61.5496183206 -1.11450381679 END
START 8.61912597656 -3.46201560059 7.18021077881 250.129770992 -65.8167938931 5.02290076336 END
START 3.14119257812 -11.0923362915 12.0571995605 250.129770992 -53.8854961832 1.68702290076 END
START 2.32716401367 -2.96162745361 8.39407102051 250.129770992 -63.0610687023 1.0534351145 END
START 1.11090957031 -9.41878933105 6.95276162109 250.129770992 -57.0687022901 -2.54198473282 END
START -1.2497732666 -12.4809732544 6.33745179443 250.129770992 -51.3893129771 13.2366412214 END
START 8.30787976074 -10.9438957886 8.11634362793 250.129770992 -50.9847328244 0.854961832061 END
START -0.258573779297 -2.91853182373 9.50737479248 250.129770992 -46.2061068702 5.39694656489 END
START 2.55700737305 -7.97747993164 9.90241806641 250.129770992 -62.7328244275 5.92366412214 END
START 2.26491477051 -7.14190355225 5.04458289795 250.129770992 -56.7557251908 4.41221374046 END
START -1.80043964844 -11.4466781372 7.82664522705 250.129770992 -61.5038167939 2.6641221374 END
START 1.53947166748 -9.81383260498 9.82580361328 250.129770992 -63.7328244275 4.0534351145 END
START 8.71249984131 -2.25773216553 8.88488236084 250.129770992 -74.0229007634 7.3893129771 END
START -0.30885201416 -5.71495936279 11.3556984741 250.129770992 -70.3282442748 3.26717557252 END
START -2.10689746094 -10.7739074707 11.3485158691 250.129770992 -65.8549618321 5.83969465649 END
START 5.34146390381 -10.1226846191 5.75566079102 250.129770992 -79.6564885496 -0.725190839695 END
START -8.86572874756 -8.96628521729 6.80671531982 250.129770992 -71.427480916 13.2442748092 END
START -4.39814844971 -10.4937858765 5.40610734863 250.129770992 -67.4961832061 15.0992366412 END
START -3.79720383301 -7.88171186523 7.38371791992 250.129770992 -74.3358778626 13.5190839695 END
START -0.600944616699 -11.1809217529 2.70065947266 250.129770992 -84.465648855 6.06106870229 END
START -2.61925661621 -3.09091434326 5.149927771 250.129770992 -86.0534351145 4.10687022901 END
START -1.4963760376 -11.7986257812 7.0605006958 250.129770992 -96.7251908397 8.8320610687 END
START -0.354341845703 -10.5201220947 6.29196196289 250.129770992 -87.3511450382 11.4427480916 END
START 2.71502468262 -10.3573163818 6.96473262939 250.129770992 -88.9160305344 5.17557251908 END
START 3.52905324707 -7.82664522705 7.3549875 250.129770992 -102.122137405 2.40458015267 END
START 0.0502782348633 -4.07493122559 2.698265271 250.129770992 -103.854961832 6.48854961832 END
START 5.03740029297 -8.04451757812 7.43160195312 250.129770992 -83.5954198473 -5.20610687023 END
START -1.00077629395 -9.2057053833 7.81706842041 250.129770992 -99.4885496183 10.1984732824 END
START 4.59207878418 -8.3461869873 5.60243188477 250.129770992 -103.671755725 5.09160305344 END
START 4.537012146 -5.92086070557 4.57053096924 250.129770992 -104.259541985 7.6641221374 END
START -2.60489140625 -5.38695373535 4.38857164307 250.129770992 -104.229007634 7.51145038168 END
START -0.689530078125 -7.18978758545 5.5880666748 250.129770992 -104.267175573 -3.62595419847 END
START 4.10605584717 -10.0412817627 8.11394942627 250.129770992 -104.969465649 5.1679389313 END
START 1.74537301025 -10.2160584839 7.52497581787 250.129770992 -105.145038168 4.6641221374 END
START 6.67982263184 -12.1601502319 9.74200655518 250.129770992 -103.900763359 0.961832061069 END
START 4.97993945312 -3.87381828613 7.98226833496 250.129770992 -104.633587786 -0.572519083969 END
START 7.32146867676 -7.99663354492 6.32787498779 250.129770992 -107.175572519 -2.20610687023 END
START -1.21146604004 -2.38941325684 5.5760956665 250.129770992 -95.0687022901 6.37404580153 END
START 9.59117185059 -15.2558529785 5.40610734863 250.129770992 -104.076335878 3.90839694656 END
START 0.172382519531 -11.6023012451 7.0844427124 250.129770992 -103.083969466 2.62595419847 END
START 5.59046087646 -9.87608184814 5.53300003662 250.129770992 -95.3893129771 5.71755725191 END
START 5.29597407227 -11.1354319214 7.74524237061 250.129770992 -83.0839694656 5.1679389313 END
START 5.01824667969 -3.35188232422 8.69813463135 250.129770992 -61.8702290076 -3.65648854962 END
START 2.45645090332 -9.95987890625 3.91451971436 250.129770992 -69.0687022901 -1.50381679389 END
START 3.7014357666 -8.78911429443 7.40526573486 250.129770992 -64.427480916 6.65648854962 END
START 8.12831463623 -5.82509263916 8.99980404053 250.129770992 -62.5267175573 3.18320610687 END
START 3.39258375244 -4.08211383057 9.93593688965 250.129770992 -43.4122137405 5.41984732824 END
START 6.72770666504 -8.36294639893 6.03817658691 250.129770992 -45.1297709924 13.6488549618 END
START -1.63523973389 -9.5121631958 13.2806366089 250.129770992 -52.1603053435 -0.251908396947 END
START -8.69334622803 -7.71651195068 11.2359883911 250.129770992 -47.7175572519 10.679389313 END
START 10.7403886475 -2.41096107178 12.0883241821 250.129770992 -42.6259541985 1.6641221374 END
START 3.08612593994 -8.5927897583 6.7061588501 250.129770992 -54.3893129771 4.81679389313 END
START 6.30872137451 -5.762843396 2.97838686523 250.129770992 -57.1908396947 7.54961832061 END
START -2.14759888916 -3.11485635986 10.3836526001 250.129770992 -54.7404580153 1.95419847328 END
START 4.12999786377 -9.48582697754 8.47307967529 250.129770992 -58.3816793893 5.9465648855 END
START -8.18338127441 -7.26400783691 13.737929126 250.129770992 -66.3816793893 -3.0534351145 END
START -1.30723410645 -9.76834277344 8.39407102051 250.129770992 -61.6488549618 7.78625954198 END
START -3.26329686279 -10.9941740234 6.51462271729 250.129770992 -65.1603053435 -4.62595419847 END
START 1.70467158203 -6.98628044434 8.94473740234 250.129770992 -62.5648854962 4.00763358779 END
START 0.754173522949 -5.35582911377 11.1545855347 250.129770992 -65.5572519084 8.29770992366 END
START -0.708683691406 -7.91044228516 5.48751020508 250.129770992 -60.4885496183 2.52671755725 END
START -3.74453139648 -4.10605584717 9.63666168213 250.129770992 -66.358778626 5.9465648855 END
START 2.14999309082 -2.44208569336 7.54652363281 250.129770992 -69.3358778626 -0.274809160305 END
START 9.08599530029 -8.39407102051 13.3404916504 250.129770992 -61.0839694656 -0.236641221374 END
START 7.6973583374 -4.79798012695 8.38928261719 250.129770992 -55.9312977099 5.40458015267 END
START -2.31998140869 -10.0891657959 6.64869801025 250.129770992 -54.0916030534 7.39694656489 END