START -0.603338818359 -6.40209523926 8.36294639893 250.129770992 -86.7404580153 13.9465648855 END
START -6.44997927246 -13.3907698853 6.84502254639 250.129770992 -86.6106870229 3.82442748092 END
START 4.37420643311 -10.6158901611 14.6884271851 250.129770992 -90.6946564885 2.88549618321 END
START 1.8746598999 -5.17147558594 3.78044442139 250.129770992 -96.2519083969 9.21374045802 END
START 0.490811340332 -12.9239005615 7.85537564697 250.129770992 -104.213740458 2.26717557252 END
START 2.99754047852 -8.81066210937 9.97903251953 250.129770992 -97.0610687023 9.67175572519 END
START -3.80917484131 -19.493589917 -0.46208092041 250.129770992 -105.038167939 2.40458015267 END
START 4.35505281982 -8.16901606445 4.38138903809 250.129770992 -103.923664122 12.4885496183 END
START 1.07260234375 -9.88326445312 5.03500609131 250.129770992 -104.312977099 20.4809160305 END
START -0.126892687988 -7.38850632324 7.58483085937 250.129770992 -103.86259542 18.1984732824 END
START 5.09725533447 -8.51378110352 5.01585247803 250.129770992 -114.610687023 5.77099236641 END
START 2.11886846924 -12.2247936768 13.962984082 250.129770992 -109.709923664 2.83969465649 END
START 6.42124885254 -8.44434925537 12.7012398071 250.129770992 -123.007633588 4.74809160305 END
START -1.46525141602 -5.33667550049 7.33343968506 250.129770992 -125.305343511 -2.48091603053 END
START -1.98000477295 -15.1361428955 7.40047733154 250.129770992 -117.770992366 25.4961832061 END
START -3.96958635254 -4.35505281982 5.49708701172 250.129770992 -108.022900763 8.09160305344 END
START 1.15161099854 -5.33428129883 8.93276639404 250.129770992 -110.374045802 10.0 END
START 0.00957680664062 -11.9686140991 5.60961448975 250.129770992 -109.801526718 19.1908396947 END
START 3.17949980469 -16.4816842285 7.92480749512 250.129770992 -109.854961832 2.45038167939 END
START 7.58483085937 -8.48744488525 12.8329208984 250.129770992 -104.427480916 2.64122137405 END
START 3.76607921143 -7.2831614502 8.46110866699 250.129770992 -103.79389313 11.6870229008 END
START 8.82981572266 -9.08838950195 9.12909093018 250.129770992 -104.557251908 6.31297709924 END
START 1.62326872559 -9.7946789917 7.99663354492 250.129770992 -103.923664122 3.37404580153 END
START 0.0622492431641 -2.30561619873 7.13950935059 250.129770992 -103.854961832 18.4427480916 END
START 8.77474908447 -8.76038387451 16.0914293579 250.129770992 -94.9770992366 13.5114503817 END
START -3.03584770508 -10.9750204102 10.299855542 250.129770992 -80.4961832061 0.106870229008 END
START 0.974440075684 -9.01177504883 9.88326445312 250.129770992 -73.0458015267 11.7709923664 END
START 2.63841022949 -15.2606413818 13.1058598877 250.129770992 -64.786259542 9.85496183206 END
START -0.165199914551 -5.82988104248 5.71974776611 250.129770992 -53.5267175573 13.2748091603 END
START 2.25054956055 -9.77313117676 7.89368287354 250.129770992 -51.3969465649 3.95419847328 END
START 7.89128867187 -6.31590397949 9.66778630371 250.129770992 -59.8244274809 13.106870229 END
START 2.06619603271 -9.60553706055 7.10599052734 250.129770992 -54.4732824427 -2.52671755725 END
START 1.30723410645 -9.28950244141 13.2806366089 250.129770992 -55.9160305344 -1.47328244275 END
START 1.19231242676 -9.30865605469 11.0803652832 250.129770992 -60.3740458015 4.19847328244 END
START -1.70467158203 -14.4418244141 13.6421610596 250.129770992 -57.4045801527 8.74045801527 END
START -1.30483990479 -3.55778366699 8.24084211426 250.129770992 -52.213740458 16.1755725191 END
START 3.35188232422 -11.5663882202 13.2758482056 250.129770992 -47.6259541985 2.67175572519 END
START -1.33357032471 -7.54412943115 11.1952869629 250.129770992 -48.9160305344 -0.0229007633588 END
START -0.0215478149414 -4.46518609619 10.3884410034 250.129770992 -47.9465648855 13.9465648855 END
START 0.562637390137 -14.4729490356 9.52652840576 250.129770992 -47.2671755725 8.88549618321 END
START -3.85466467285 -9.70609353027 4.28322677002 250.129770992 -61.0916030534 5.19847328244 END
START 5.95677373047 -6.89769498291 11.1306435181 250.129770992 -68.7328244275 12.6183206107 END
START -1.03429511719 -12.87841073 6.45237347412 250.129770992 -55.2061068702 19.8167938931 END
START 2.71263048096 -8.96867941895 4.53222374268 250.129770992 -58.3129770992 6.74045801527 END
START 2.16196409912 -9.16021555176 12.4354834229 250.129770992 -68.1755725191 10.572519084 END
START -3.39976635742 -10.9343189819 6.75883128662 250.129770992 -67.2519083969 -3.76335877863 END
START 2.46842191162 -13.2471177856 7.25682523193 250.129770992 -67.9618320611 4.92366412214 END
START 1.78846864014 -9.71327613525 8.71010563965 250.129770992 -70.4351145038 -3.85496183206 END
START -1.66636435547 -11.5304751953 8.5927897583 250.129770992 -93.786259542 -0.12213740458 END
START 0.423773693848 -8.05888278809 7.14908615723 250.129770992 -85.9618320611 3.95419847328 END
START -0.541089575195 -11.8321446045 6.45476767578 250.129770992 -78.0076335878 6.26717557252 END
START 4.73094248047 -8.14267984619 7.35019909668 250.129770992 -95.0763358779 -3.37404580153 END
START -4.49391651611 1.39103116455 6.03338818359 250.129770992 -88.8702290076 6.96946564885 END
START 3.05021291504 -6.85938775635 7.18021077881 250.129770992 -102.312977099 12.1145038168 END
START 9.7348239502 -8.00142194824 4.16830509033 250.129770992 -104.297709924 2.13740458015 END
START -0.179565124512 -9.57441243896 10.0149455444 250.129770992 -104.442748092 8.42748091603 END
START 3.51229383545 -8.39407102051 5.35582911377 250.129770992 -103.832061069 0.801526717557 END
START -0.893037219238 -9.61032546387 6.41406624756 250.129770992 -109.511450382 11.3893129771 END
START 7.03895288086 -8.48744488525 4.81952794189 250.129770992 -104.167938931 10.8167938931 END
START -2.02310040283 -9.26077202148 2.37265384521 250.129770992 -103.549618321 -3.31297709924 END
START 3.54581265869 -10.1346556274 6.76122548828 250.129770992 -111.770992366 2.70229007634 END
START 2.67432325439 -12.2583125 8.00142194824 250.129770992 -104.564885496 9.27480916031 END
START 4.3502644165 -7.12274993896 8.2983029541 250.129770992 -104.083969466 -2.70992366412 END
START 6.59602557373 -7.62074388428 7.12753834229 250.129770992 -105.893129771 0.236641221374 END
START 10.405200415 -4.20421811523 11.659762085 250.129770992 -104.030534351 8.54961832061 END
START 6.76361968994 -3.23217224121 8.68376942139 250.129770992 -104.877862595 13.2519083969 END
START 5.83706364746 -5.516240625 7.74763657227 250.129770992 -104.549618321 14.8320610687 END
START 3.95282694092 -8.25760152588 6.32308658447 250.129770992 -90.2900763359 7.3358778626 END
START -1.92254393311 -10.3597105835 8.97825622559 250.129770992 -78.0916030534 4.21374045802 END
START 8.54729992676 -8.14986245117 7.62792648926 250.129770992 -79.9541984733 7.97709923664 END
START 1.30962830811 -7.77397279053 7.72608875732 250.129770992 -73.3435114504 12.641221374 END
START 1.36708914795 -11.4466781372 9.18894597168 250.129770992 -47.1908396947 10.893129771 END
START 7.05092388916 -3.22738383789 12.265495105 250.129770992 -46.0992366412 5.3893129771 END
START 10.172962854 -5.7987564209 8.5688477417 250.129770992 -30.1679389313 1.74809160305 END
START 7.0485296875 -11.540052002 5.149927771 250.129770992 -48.1603053435 7.41984732824 END
START -0.294486804199 -2.32716401367 6.4116720459 250.129770992 -58.4503816794 5.19847328244 END
START 2.25294376221 -5.74368978271 6.52180532227 250.129770992 -56.1526717557 2.85496183206 END
START 4.31913979492 -14.7578590332 4.94881483154 250.129770992 -58.0763358779 4.87022900763 END
START 5.2456958374 -6.91206019287 7.46751497803 250.129770992 -55.1526717557 6.22900763359 END
START 3.16034619141 -7.07965430908 9.560047229 250.129770992 -59.5267175573 2.29770992366 END
START 4.290409375 -3.14598098145 7.95832631836 250.129770992 -60.8244274809 6.88549618321 END
START 3.59369669189 -8.07803640137 10.4291424316 250.129770992 -58.8396946565 6.45801526718 END
START -0.122104284668 -9.23204160156 6.36857641602 250.129770992 -58.9770992366 -7.63358778626 END
START 9.07641849365 -16.0148149048 6.80910952148 250.129770992 -67.5648854962 7.03816793893 END
START 4.3263223999 -6.07169541016 9.66060369873 250.129770992 -64.7099236641 4.90076335878 END
START 0.679953271484 -7.61116707764 13.0555816528 250.129770992 -81.3511450382 9.88549618321 END
START -0.502782348633 -15.5503397827 6.87375296631 250.129770992 -66.8167938931 -9.0 END