START -2.90656081543 -5.74129558105 5.4444145752 250.129770992 -73.1679389313 5.58778625954 END
START -2.83473476562 -10.800243689 12.7419412354 250.129770992 -70.3969465649 12.2748091603 END
START -2.89458980713 -11.4011883057 11.6549736816 250.129770992 -70.7404580153 -5.03816793893 END
START 1.65439334717 -6.74446607666 3.72298358154 250.129770992 -68.5801526718 6.54198473282 END
START 1.15639940186 -11.1689507446 12.3875993896 250.129770992 -58.0534351145 2.96946564885 END
START 3.42610257568 -6.53856473389 4.656722229 250.129770992 -56.7480916031 4.85496183206 END
START -3.26090266113 -11.3461216675 9.17697496338 250.129770992 -70.0152671756 3.32061068702 END
START 3.42370837402 -9.56962403564 4.97275684814 250.129770992 -76.3969465649 8.03816793893 END
START -4.35744702148 -6.0693012085 4.75967290039 250.129770992 -77.6564885496 10.1374045802 END
START -10.5129394897 -12.8113730835 5.48751020508 250.129770992 -70.4427480916 3.46564885496 END
START 3.66791694336 -8.72686505127 11.9135474609 250.129770992 -67.6641221374 9.76335877863 END
START 5.31991608887 -6.75883128662 6.93360800781 250.129770992 -78.7480916031 5.70229007634 END
START 3.39976635742 -6.79713851318 5.87537087402 250.129770992 -70.0381679389 7.65648854962 END
START -1.50355864258 -6.05972440186 6.87375296631 250.129770992 -74.3358778626 13.9541984733 END
START 2.26252056885 -11.4706201538 8.24563051758 250.129770992 -79.893129771 11.2824427481 END
START -4.54419475098 -9.23683000488 4.78122071533 250.129770992 -83.7251908397 8.83969465649 END
START 4.61602080078 -8.22887110596 5.82509263916 250.129770992 -73.8091603053 16.1984732824 END
START -4.05338341064 -10.0867715942 5.22414802246 250.129770992 -78.572519084 9.48091603053 END
START -3.29442148437 -12.765883252 8.42280144043 250.129770992 -99.0763358779 -1.43511450382 END
START -2.91134921875 -2.08774384766 11.0707884766 250.129770992 -87.9007633588 13.0076335878 END
START 0.526724365234 -11.0803652832 7.601590271 250.129770992 -87.5267175573 5.67938931298 END
START 5.5401826416 -12.1625444336 6.9767036377 250.129770992 -90.7633587786 2.81679389313 END
START -0.524330163574 -4.46518609619 6.89530078125 250.129770992 -84.786259542 10.9236641221 END
START 3.11006795654 -12.4594254395 4.09169063721 250.129770992 -96.6106870229 11.4580152672 END
START 4.14196887207 -8.95431420898 9.89284125977 250.129770992 -99.3129770992 14.4961832061 END
START 5.20020600586 -9.86411083984 7.28076724854 250.129770992 -104.259541985 15.572519084 END
START -4.2425253418 -6.32308658447 7.25921943359 250.129770992 -103.618320611 14.6488549618 END
START 2.87783039551 -6.52898792725 6.1411272583 250.129770992 -104.564885496 12.3969465649 END
START -1.01274730225 -7.108384729 11.2982376343 250.129770992 -103.824427481 3.54961832061 END
START -2.55940157471 -4.69263525391 8.44434925537 250.129770992 -97.1526717557 1.08396946565 END
START -0.76614453125 -7.07726010742 12.2607067017 250.129770992 -90.7022900763 20.7022900763 END
START -12.3684457764 -0.514753356934 7.02937607422 250.129770992 -90.0916030534 4.09923664122 END
START -4.28562097168 -4.64235701904 6.97191523437 250.129770992 -98.9083969466 14.5419847328 END
START 1.21864864502 3.6176387085 12.2152168701 250.129770992 -81.465648855 9.7786259542 END
START 0.967257470703 -10.7810900757 11.8560866211 250.129770992 -91.7786259542 13.4351145038 END
START 0.497993945312 -2.72699569092 4.06774862061 250.129770992 -76.641221374 9.50381679389 END
START 2.50194073486 -9.5121631958 7.3190744751 250.129770992 -66.6717557252 11.5801526718 END
START 2.64319863281 -10.1633860474 12.512097876 250.129770992 -64.7022900763 7.48091603053 END
START 6.67742843018 -9.66060369873 12.370839978 250.129770992 -66.0992366412 11.641221374 END
START 0.629675036621 -7.91762489014 11.511321582 250.129770992 -66.6030534351 12.5038167939 END
START -3.19386501465 -9.8545340332 8.30548555908 250.129770992 -67.5190839695 4.07633587786 END
START -1.5562310791 -16.54153927 11.7962315796 250.129770992 -75.0458015267 7.58778625954 END
START 3.43567938232 -8.98304462891 4.42448466797 250.129770992 -58.7251908397 14.3358778626 END
START -5.53539423828 -11.4442839355 6.75643708496 250.129770992 -76.213740458 9.0 END
START -1.5682020874 -9.24401260986 11.1857101562 250.129770992 -66.5038167939 4.25190839695 END
START -1.74776721191 -4.43645567627 10.8361567139 250.129770992 -65.4961832061 10.7709923664 END
START -0.780509741211 -6.91445439453 6.60320817871 250.129770992 -84.8244274809 0.770992366412 END
START -2.42053787842 -13.2471177856 10.4937858765 250.129770992 -83.4045801527 10.4961832061 END
START -3.08133753662 -13.7044103027 5.52581743164 250.129770992 -85.2519083969 9.74045801527 END
START 1.5682020874 -11.3054202393 9.78749638672 250.129770992 -85.7709923664 8.99236641221 END
START 1.65918175049 -10.4770264648 1.17315881348 250.129770992 -83.4503816794 15.9923664122 END
START 7.27358464355 -6.19619389648 8.46110866699 250.129770992 -89.1374045802 9.70229007634 END
START -0.476446130371 -8.57842454834 10.3022497437 250.129770992 -95.0916030534 5.74809160305 END
START -0.418985290527 -11.1138841064 5.67665213623 250.129770992 -94.6946564885 6.65648854962 END
START -0.885854614258 -10.5081510864 9.96945571289 250.129770992 -101.740458015 7.25954198473 END
START -3.00232888184 -12.4546370361 13.836091394 250.129770992 -107.396946565 -2.3893129771 END
START 4.23773693848 -8.8513635376 9.89523546143 250.129770992 -106.389312977 2.82442748092 END
START -1.67115275879 -5.09246693115 -0.0670376464844 250.129770992 -104.236641221 5.2213740458 END
START -10.6254669678 -7.6734163208 13.0914946777 250.129770992 -96.8320610687 12.3435114504 END
START 3.15555778809 -11.2024695679 3.68467635498 250.129770992 -104.687022901 12.679389313 END
START 1.2617442749 -8.61194337158 10.7954552856 250.129770992 -92.427480916 5.3893129771 END
START 3.3949779541 -11.7866547729 8.44674345703 250.129770992 -106.885496183 12.320610687 END
START 0.682347473145 -11.3628810791 8.03733497314 250.129770992 -94.0229007634 3.25190839695 END
START 1.30005150146 -15.6078006226 8.48265648193 250.129770992 -87.2595419847 6.1679389313 END
START 4.6447512207 -9.81383260498 3.70622416992 250.129770992 -85.358778626 7.72519083969 END
START 4.06056601562 -14.8632039062 8.62152017822 250.129770992 -68.893129771 5.02290076336 END
START 6.88332977295 -8.70052883301 12.370839978 250.129770992 -77.9923664122 14.320610687 END
START 4.70700046387 -12.8161614868 8.38928261719 250.129770992 -67.9923664122 7.72519083969 END
START -1.45806881104 -9.10514891357 7.14190355225 250.129770992 -61.2061068702 2.69465648855 END
START 8.69813463135 -9.91678327637 4.55616575928 250.129770992 -68.3358778626 2.49618320611 END
START 6.69179364014 -15.6580788574 11.4682259521 250.129770992 -60.3282442748 5.93893129771 END
START 1.31441671143 -5.20499440918 7.51779321289 250.129770992 -62.7175572519 3.32824427481 END
START 4.14675727539 -8.31985076904 4.71657727051 250.129770992 -50.5038167939 10.2977099237 END
START 4.49870491943 -14.1569144165 9.41160672607 250.129770992 -45.2061068702 -1.31297709924 END
START -1.2737152832 -6.16267507324 9.85692823486 250.129770992 -47.7938931298 9.92366412214 END
START -0.0167594116211 -11.5927244385 8.08761320801 250.129770992 -51.2824427481 15.9160305344 END
START 0.852335791016 -11.0564232666 11.5711766235 250.129770992 -43.0229007634 5.85496183206 END
START 6.63433280029 -7.63989749756 8.70292303467 250.129770992 -40.5648854962 5.19083969466 END
START 3.75410820312 -9.28231983643 9.06444748535 250.129770992 -32.1450381679 13.7633587786 END
START 4.29998618164 -2.30082779541 10.4219598267 250.129770992 -39.7404580153 3.10687022901 END
START 3.064578125 -10.6350437744 6.08845482178 250.129770992 -41.4885496183 2.80916030534 END
START 1.15639940186 -12.2391588867 7.11556733398 250.129770992 -37.0229007634 8.99236641221 END
START 9.70848773193 -9.36372269287 13.1848685425 250.129770992 -40.0763358779 7.03053435115 END
START -0.320823022461 -3.924096521 5.86339986572 250.129770992 -55.7099236641 9.93129770992 END
START 1.41257897949 -8.37970581055 11.1138841064 250.129770992 -54.3893129771 7.4427480916 END
START -0.189141931152 -5.15232197266 11.3892172974 250.129770992 -49.7786259542 15.4351145038 END
START -4.2784383667 -5.62397969971 6.53617053223 250.129770992 -55.5954198473 14.1755725191 END
START -2.74136090088 -6.41406624756 4.14196887207 250.129770992 -70.2671755725 -0.961832061069 END
START -4.52743533936 -6.47631549072 9.560047229 250.129770992 -63.5267175573 6.80152671756 END
START -5.88015927734 -6.92403120117 8.71489404297 250.129770992 -56.3969465649 8.09160305344 END
START 0.126892687988 -5.07570751953 3.0286651001 250.129770992 -67.1755725191 4.48854961832 END
START 2.54024796143 -11.3580926758 9.91199487305 250.129770992 -72.358778626 9.53435114504 END
START -1.20667763672 -9.25837781982 16.6037885132 250.129770992 -72.0458015267 -2.57251908397 END
START 3.82832845459 -10.1849338623 9.68693991699 250.129770992 -81.3816793893 5.29007633588 END
START -0.418985290527 -11.1904985596 6.24647213135 250.129770992 -83.9236641221 15.893129771 END
START -3.02627089844 -7.71651195068 6.93600220947 250.129770992 -78.7175572519 5.03053435115 END
START 3.45243879395 -7.89128867187 7.15387456055 250.129770992 -78.9770992366 8.54198473282 END
START 4.00310517578 -8.89685336914 7.47948598633 250.129770992 -78.1145038168 14.1603053435 END
START 4.34787021484 -1.82198746338 7.52976422119 250.129770992 -87.7099236641 4.67938931298 END
START 8.09958421631 -7.64708010254 1.63763393555 250.129770992 -72.7709923664 11.4503816794 END
START -5.80593902588 -5.96874473877 8.99262143555 250.129770992 -78.5801526718 11.641221374 END