START -0.0359130249023 -4.12520946045 8.09000740967 250.129770992 -41.5801526718 8.07633587786 END
START -4.29759197998 -13.9941087036 5.62637390137 250.129770992 -38.0076335878 8.50381679389 END
START 1.78846864014 -7.42920775146 9.1458503418 250.129770992 -48.8549618321 4.84732824427 END
START -8.00860455322 -16.3236669189 10.6948988159 250.129770992 -39.6183206107 9.31297709924 END
START -2.50433493652 -12.885593335 5.28879146729 250.129770992 -45.4351145038 10.0992366412 END
START -2.69587106934 -7.39808312988 7.84819304199 250.129770992 -46.2366412214 2.54961832061 END
START 6.1770402832 -15.2750065918 2.88022459717 250.129770992 -49.6183206107 9.09160305344 END
START -2.80121594238 -10.1777512573 5.58088406982 250.129770992 -59.0916030534 12.6030534351 END
START -1.96563956299 -13.8408797974 9.35893428955 250.129770992 -69.1526717557 3.35114503817 END
START 4.39336004639 -9.33738647461 -0.172382519531 250.129770992 -67.679389313 6.14503816794 END
START -4.12042105713 -10.3764699951 4.43884987793 250.129770992 -79.5038167939 10.679389313 END
START -1.7788918335 -8.69574042969 8.09000740967 250.129770992 -80.2748091603 4.61832061069 END
START -7.85298144531 -13.4362597168 8.214505896 250.129770992 -84.3435114504 10.9770992366 END
START 5.68383474121 -5.64313331299 1.75016141357 250.129770992 -80.0076335878 12.2061068702 END
START -6.95515582275 -10.5296989014 3.50750543213 250.129770992 -95.6946564885 -4.31297709924 END
START 1.85311208496 -10.6087075562 8.07564219971 250.129770992 -83.5267175573 2.36641221374 END
START 1.29047469482 -16.7282869995 9.04529387207 250.129770992 -105.79389313 6.99236641221 END
START -0.0478840332031 -5.53060583496 10.7403886475 250.129770992 -98.9923664122 11.4961832061 END
START -1.98958157959 -8.55448253174 5.95437952881 250.129770992 -100.770992366 8.12977099237 END
START 1.36948334961 -11.7435591431 5.43004936523 250.129770992 -105.145038168 15.4045801527 END
START -0.794874951172 -13.8935522339 6.96473262939 250.129770992 -102.198473282 -1.07633587786 END
START -1.99915838623 -9.06684168701 7.38611212158 250.129770992 -104.687022901 3.58778625954 END
START -2.58813199463 -10.4913916748 8.29112034912 250.129770992 -103.664122137 1.81679389313 END
START 3.05500131836 -10.5584293213 4.19464130859 250.129770992 -104.328244275 14.9847328244 END
START 2.54982476807 -2.95683905029 7.18739338379 250.129770992 -111.648854962 17.0687022901 END
START -2.46602770996 -6.69179364014 10.2256352905 250.129770992 -104.34351145 11.2442748092 END
START -0.600944616699 -9.06923588867 5.46356818848 250.129770992 -104.564885496 10.8625954198 END
START 0.402225878906 -9.5241342041 8.62630858154 250.129770992 -104.65648855 4.48854961832 END
START 2.11886846924 -3.75171400146 8.0397291748 250.129770992 -103.351145038 4.80152671756 END
START 2.60967980957 -10.680533606 9.34696328125 250.129770992 -114.839694656 -2.64885496183 END
START -0.294486804199 -11.3269680542 5.21457121582 250.129770992 -101.801526718 3.78625954198 END
START 1.24259066162 -12.2008516602 14.8105314697 250.129770992 -112.236641221 7.80916030534 END
START 0.981622680664 -6.94079061279 8.97346782227 250.129770992 -107.847328244 5.50381679389 END
START 6.78037910156 -9.62947907715 6.46434448242 250.129770992 -103.267175573 -0.885496183206 END
START 9.04768807373 -5.516240625 13.0747352661 250.129770992 -103.984732824 6.19847328244 END
START 0.114921679688 -6.66785162354 5.13316835937 250.129770992 -104.900763359 14.7251908397 END
START 4.13718046875 -16.4505596069 10.5608235229 250.129770992 -102.20610687 1.54961832061 END
START -1.07499654541 -9.35893428955 8.96628521729 250.129770992 -100.229007634 8.72519083969 END
START 1.63763393555 -8.6047607666 8.76996068115 250.129770992 -78.8625954198 9.12977099237 END
START -3.68228215332 -8.90882437744 10.4889974731 250.129770992 -59.2519083969 8.87022900763 END
START -4.71657727051 -16.8503912842 8.49941589355 250.129770992 -48.0839694656 1.32824427481 END
START 3.311180896 -7.91044228516 6.02620557861 250.129770992 -44.7633587786 -1.68702290076 END
START -1.69030637207 -3.04303031006 11.7603185547 250.129770992 -44.0610687023 1.43511450382 END
START 5.75326658936 -10.4698438599 7.9918451416 250.129770992 -48.1145038168 8.76335877863 END
START -0.46686932373 -8.90403597412 11.2599304077 250.129770992 -41.1221374046 4.22900763359 END
START 0.670376464844 -6.18422288818 11.8560866211 250.129770992 -47.8473282443 6.06106870229 END
START -2.1691467041 -6.0693012085 6.84981094971 250.129770992 -48.1755725191 8.50381679389 END
START 1.32638771973 -3.6535517334 10.0412817627 250.129770992 -55.3435114504 8.91603053435 END
START 6.67742843018 -19.0674220215 6.7540428833 250.129770992 -47.8167938931 14.5496183206 END
START 2.43729729004 -6.79953271484 6.60799658203 250.129770992 -43.0992366412 15.2366412214 END
START -3.03584770508 -7.38850632324 14.5208330688 250.129770992 -33.0992366412 5.3893129771 END
START -3.31596929932 -13.6134306396 6.26562574463 250.129770992 -43.9923664122 1.24427480916 END
START 4.81713374023 -13.8241203857 8.33661018066 250.129770992 -38.3435114504 6.06870229008 END
START -0.351947644043 -15.8735570068 4.50349332275 250.129770992 -57.1984732824 4.41221374046 END
START 5.62158549805 -9.10514891357 5.28400306396 250.129770992 -52.5801526718 8.06870229008 END
START -6.75883128662 -6.08845482178 8.90643017578 250.129770992 -55.3435114504 17.3511450382 END
START 0.220266552734 -12.145785022 8.70771143799 250.129770992 -57.1679389313 -2.8320610687 END
START 7.16823977051 -8.83699832764 7.75960758057 250.129770992 -59.8015267176 4.32824427481 END
START -0.272938989258 -9.85213983154 4.47715710449 250.129770992 -71.4732824427 14.2977099237 END
START -3.62242711182 -5.30555087891 5.22893642578 250.129770992 -78.8167938931 4.31297709924 END
START 1.13245738525 -10.0173397461 8.15465085449 250.129770992 -82.6030534351 3.28244274809 END
START 0.217872351074 -10.9415015869 7.1203557373 250.129770992 -96.1679389313 9.61832061069 END
START 3.82354005127 -7.97269152832 6.44279666748 250.129770992 -87.9312977099 12.5648854962 END
START 0.00239420166016 -9.84495722656 5.69101734619 250.129770992 -92.0 -5.04580152672 END
START -2.92571442871 -8.20732329102 9.51695159912 250.129770992 -91.4122137405 6.51908396947 END
START -2.86825358887 -9.85692823486 9.52892260742 250.129770992 -101.175572519 3.3893129771 END
START 3.59369669189 -4.46758029785 3.9959225708 250.129770992 -105.427480916 19.3664122137 END
START 2.56897838135 -8.64546219482 6.26801994629 250.129770992 -104.916030534 9.43511450382 END
START -3.87142408447 -1.35751234131 9.90960067139 250.129770992 -104.06870229 5.51908396947 END
START -2.23379014893 -8.00142194824 7.32146867676 250.129770992 -105.511450382 6.37404580153 END
START 4.50349332275 -10.1753570557 8.94952580566 250.129770992 -104.328244275 7.74809160305 END
START -0.577002600098 -10.8265799072 8.04691177979 250.129770992 -104.297709924 6.4427480916 END
START 4.98951625977 -4.18745870361 5.16668718262 250.129770992 -110.824427481 5.02290076336 END
START 5.82988104248 -8.74841286621 10.1969048706 250.129770992 -104.786259542 9.18320610687 END
START 2.65756384277 -3.83551105957 1.40060797119 250.129770992 -106.72519084 8.47328244275 END
START 7.87692346191 -5.20020600586 5.63595070801 250.129770992 -104.366412214 15.4045801527 END
START 11.4083709106 1.57777889404 2.40617266846 250.129770992 -113.030534351 7.82442748092 END
START -6.06451280518 -7.13232674561 1.99915838623 250.129770992 -104.541984733 -1.11450381679 END
START 2.33434661865 -9.19612857666 7.96072052002 250.129770992 -106.13740458 15.1297709924 END
START 9.64863269043 -6.75164868164 1.94169754639 250.129770992 -104.809160305 2.13740458015 END
START 5.01106407471 -9.22007059326 9.7348239502 250.129770992 -107.20610687 17.1984732824 END
START 2.66474644775 -2.45405670166 3.01908829346 250.129770992 -96.8167938931 11.8625954198 END
START 9.68454571533 -6.05493599854 4.47955130615 250.129770992 -94.6870229008 8.51908396947 END
START 3.26329686279 -9.84735142822 5.95437952881 250.129770992 -87.6335877863 16.7099236641 END
START 4.62320340576 -6.81150372314 13.1058598877 250.129770992 -77.641221374 1.67938931298 END
START 9.07641849365 -6.54814154053 8.25760152588 250.129770992 -61.7404580153 7.75572519084 END
START 3.42370837402 -3.064578125 2.51630594482 250.129770992 -52.1374045802 4.68702290076 END
START 5.55933625488 -13.5439987915 11.039663855 250.129770992 -61.5496183206 14.9618320611 END
START 6.71573565674 -10.1202904175 12.7922194702 250.129770992 -40.213740458 3.39694656489 END
START -4.57531937256 -7.88171186523 13.4721727417 250.129770992 -47.9465648855 16.893129771 END
START 5.30076247559 -2.32716401367 6.25365473633 250.129770992 -35.4198473282 -3.58015267176 END
START -0.711077893066 -13.1226192993 7.81228001709 250.129770992 -44.0839694656 8.06106870229 END
START -1.25216746826 -9.41639512939 10.4530844482 250.129770992 -54.1832061069 1.3893129771 END
START -5.56891306152 -12.9957266113 7.48188018799 250.129770992 -57.9160305344 14.8015267176 END
START 1.52510645752 -8.11634362793 2.85388837891 250.129770992 -65.5648854962 9.04580152672 END
START 2.1332336792 -12.2367646851 8.78672009277 250.129770992 -61.9618320611 0.503816793893 END
START 0.667982263184 -10.1346556274 11.3126028442 250.129770992 -77.7709923664 13.4427480916 END
START 4.73573088379 1.94169754639 7.86255825195 250.129770992 -72.786259542 10.7328244275 END
START 2.93050283203 -14.1233955933 9.32302126465 250.129770992 -63.3129770992 14.2366412214 END
START -1.2856862915 -11.3772462891 10.5608235229 250.129770992 -72.1603053435 3.8320610687 END
START 0.328005627441 -12.1553618286 4.58010777588 250.129770992 -58.8015267176 9.02290076336 END
START -8.47307967529 -1.25216746826 4.30956298828 250.129770992 -64.8778625954 -2.04580152672 END
START -5.32709869385 -6.72052406006 6.32069238281 250.129770992 -67.6030534351 8.04580152672 END
START 3.80678063965 -11.0875478882 8.15225665283 250.129770992 -66.4809160305 5.80152671756 END
START -3.89536610107 -3.51468803711 9.32541546631 250.129770992 -56.2595419847 14.427480916 END