START 0.45250411377 -16.4577422119 11.9350952759 250.129770992 -65.7786259542 17.1526717557 END
START -6.04535919189 -7.07007750244 7.41005413818 250.129770992 -77.106870229 -0.809160305344 END
START 2.44447989502 -11.4706201538 8.76038387451 250.129770992 -67.3893129771 4.76335877863 END
START 3.12203896484 -10.4913916748 5.15471617432 250.129770992 -66.0839694656 5.96183206107 END
START 0.878672009277 -10.1897222656 8.84418093262 250.129770992 -63.7480916031 9.70992366412 END
START -7.84101043701 -9.78510218506 3.77326181641 250.129770992 -69.6259541985 4.19083969466 END
START -2.09971485596 -7.45314976807 2.40617266846 250.129770992 -67.9007633588 14.8320610687 END
START -4.9392380249 -7.32386287842 4.90811340332 250.129770992 -65.8091603053 7.58015267176 END
START 10.2256352905 -3.4069489624 1.28089788818 250.129770992 -60.2442748092 5.16030534351 END
START -8.31985076904 -7.72608875732 2.76769711914 250.129770992 -69.0076335878 3.09160305344 END
START -10.0580411743 -13.2423293823 9.44273134766 250.129770992 -79.9465648855 1.06106870229 END
START 4.6208092041 -10.6925046143 4.84586416016 250.129770992 -74.8702290076 10.358778626 END
START -5.23133062744 -11.877634436 5.75566079102 250.129770992 -80.2900763359 4.84732824427 END
START 7.0006456543 -16.1010061646 4.80516273193 250.129770992 -83.7480916031 16.6564885496 END
START 0.0335188232422 -9.5720182373 6.85459935303 250.129770992 -79.3358778626 2.80916030534 END
START 0.174776721191 -4.71418306885 6.51222851562 250.129770992 -76.2442748092 -5.48091603053 END
START 2.45884510498 -14.9733371826 6.54574733887 250.129770992 -78.9923664122 4.69465648855 END
START 1.93690914307 -9.72285294189 3.39018955078 250.129770992 -90.9007633588 -1.75572519084 END
START -0.117315881348 -13.596671228 11.0133276367 250.129770992 -88.3893129771 12.0916030534 END
START -1.1659762085 -11.01811604 7.87931766357 250.129770992 -99.6488549618 4.51908396947 END
START -3.88339509277 -8.96149681396 5.06852491455 250.129770992 -88.7709923664 10.1603053435 END
START -0.957680664062 -3.30878669434 5.68383474121 250.129770992 -98.3816793893 10.8625954198 END
START -5.66468112793 -12.011709729 7.74763657227 250.129770992 -96.1221374046 7.81679389313 END
START 4.48194550781 -13.7475059326 5.07570751953 250.129770992 -104.366412214 6.46564885496 END
START -3.76607921143 -8.91840118408 1.2018892334 250.129770992 -104.72519084 1.63358778626 END
START 0.995987890625 -14.3891519775 9.12909093018 250.129770992 -101.816793893 -4.19083969466 END
START 9.64384428711 -5.89691868896 6.77319649658 250.129770992 -103.969465649 8.2213740458 END
START 2.69108266602 -11.7962315796 7.56088884277 250.129770992 -104.404580153 9.34351145038 END
START -4.9512090332 -9.01895765381 5.5760956665 250.129770992 -104.404580153 12.1908396947 END
START 0.284909997559 -8.67179841309 11.3461216675 250.129770992 -102.824427481 3.87786259542 END
START 4.08690223389 -11.6406084717 4.9631800415 250.129770992 -105.251908397 5.20610687023 END
START -2.16435830078 -3.13879837646 11.3868230957 250.129770992 -88.893129771 6.30534351145 END
START 1.85790048828 -9.82101520996 12.4522428345 250.129770992 -83.4885496183 3.19847328244 END
START 0.232237561035 -10.532093103 5.1618987793 250.129770992 -92.5114503817 6.99236641221 END
START 0.0814028564453 -5.21457121582 7.05571229248 250.129770992 -94.1755725191 8.64885496183 END
START 0.902614025879 -6.68461103516 5.516240625 250.129770992 -80.1526717557 2.03816793893 END
START -4.54419475098 -3.49074602051 8.10676682129 250.129770992 -86.3358778626 3.67938931298 END
START -0.91219083252 -11.6023012451 10.4818148682 250.129770992 -71.8091603053 -1.1679389313 END
START 7.44117875977 -4.85304676514 7.46751497803 250.129770992 -69.679389313 6.74045801527 END
START 6.4715270874 -10.9510783936 10.4722380615 250.129770992 -69.8854961832 1.12213740458 END
START 0.995987890625 -8.76756647949 4.75009609375 250.129770992 -51.5419847328 7.87022900763 END
START -5.44920297852 -7.97269152832 5.97353314209 250.129770992 -58.2671755725 7.83969465649 END
START 1.19231242676 -10.6063133545 7.10120212402 250.129770992 -65.5114503817 5.09160305344 END
START 5.87297667236 -12.0452285522 7.3909005249 250.129770992 -58.6259541985 14.6564885496 END
START 3.15555778809 -4.25928475342 8.214505896 250.129770992 -58.534351145 6.64122137405 END
START -3.83311685791 -11.9374894775 10.405200415 250.129770992 -57.1755725191 11.2442748092 END
START 8.14267984619 -4.32153399658 9.06923588867 250.129770992 -59.4045801527 11.6030534351 END
START 2.03746561279 -2.08056124268 7.26879624023 250.129770992 -67.5954198473 1.87786259542 END
START 1.38384855957 -8.57124194336 14.2119810547 250.129770992 -76.7557251908 9.01526717557 END
START -3.32794030762 -18.8447612671 6.6941878418 250.129770992 -81.1603053435 9.16030534351 END
START -4.13718046875 -9.80186159668 3.26329686279 250.129770992 -85.1755725191 11.893129771 END
START -3.28245047607 -13.1633207275 4.73573088379 250.129770992 -81.7938931298 11.0381679389 END
START -0.500388146973 -10.7451770508 9.29907924805 250.129770992 -79.8320610687 4.63358778626 END
START -4.23773693848 -10.1178962158 7.09162531738 250.129770992 -81.0152671756 7.91603053435 END
START 6.66306322021 -9.83538041992 7.44596716309 250.129770992 -70.8778625954 -3.06870229008 END
START -0.287304199219 -9.98382092285 3.98155736084 250.129770992 -88.9083969466 8.64885496183 END
START 5.52342322998 -8.76756647949 8.66940421143 250.129770992 -90.1984732824 6.51908396947 END
START 4.94163222656 -10.5033626831 10.292672937 250.129770992 -99.5190839695 5.77099236641 END
START -3.99831677246 -11.7339823364 10.172962854 250.129770992 -92.3129770992 11.1832061069 END
START 1.95606275635 -11.1785275513 0.272938989258 250.129770992 -97.0076335878 -3.08396946565 END
START -1.61608612061 -9.91678327637 7.12993254395 250.129770992 -90.5419847328 3.11450381679 END
START 2.55700737305 -7.78354959717 4.64714542236 250.129770992 -96.4198473282 9.90839694656 END
START -0.656011254883 -8.09958421631 5.61679709473 250.129770992 -93.9618320611 9.67938931298 END
START 1.32878192139 -6.50504591064 11.9159416626 250.129770992 -98.7251908397 2.74045801527 END
START -1.76213242187 -9.65820949707 7.07007750244 250.129770992 -102.061068702 1.95419847328 END
START 2.80839854736 -4.99669886475 14.8727807129 250.129770992 -103.79389313 6.59541984733 END
START -0.3064578125 -7.33583388672 8.13789144287 250.129770992 -106.160305344 17.8244274809 END
START 2.75093770752 -10.9438957886 8.5927897583 250.129770992 -86.1603053435 1.34351145038 END
START 1.25456166992 -8.80108530273 8.08521900635 250.129770992 -80.5038167939 9.93893129771 END
START 2.30561619873 -10.3716815918 7.03177027588 250.129770992 -87.6030534351 4.45801526718 END
START -0.0143652099609 -14.0276275269 10.5177278931 250.129770992 -76.8244274809 7.32824427481 END
START 0.409408483887 -9.08599530029 3.18428820801 250.129770992 -87.4809160305 9.84732824427 END
START -1.23061965332 -10.927136377 9.77791958008 250.129770992 -78.8015267176 10.6030534351 END
START 6.49786330566 -8.69095202637 11.8345388062 250.129770992 -69.5877862595 7.88549618321 END
START 5.77960280762 -6.78516750488 9.03811126709 250.129770992 -56.8549618321 7.64885496183 END
START -3.73495458984 -14.2574708862 6.71334145508 250.129770992 -63.2213740458 6.72519083969 END
START 1.27850368652 -3.76847341309 10.9462899902 250.129770992 -64.3969465649 12.3435114504 END
START 4.3382934082 -14.0467811401 10.898405957 250.129770992 -57.4351145038 2.49618320611 END
START 7.18021077881 -9.08838950195 9.55286462402 250.129770992 -51.0992366412 9.0 END
START 4.68545264893 -14.0779057617 3.82593425293 250.129770992 -49.8320610687 16.4580152672 END
START 2.57137258301 -12.1481792236 3.70382996826 250.129770992 -50.3664122137 19.9312977099 END
START 5.11162054443 -10.7763016724 10.6565915894 250.129770992 -43.6259541985 8.40458015267 END
START 4.5489831543 -3.87621248779 8.81066210937 250.129770992 -48.4503816794 6.93893129771 END
START -4.47236870117 -7.31189187012 6.40927784424 250.129770992 -34.2519083969 4.73282442748 END
START -0.718260498047 -4.06056601562 4.99430466309 250.129770992 -38.2519083969 10.7786259542 END
START -2.92810863037 -9.22725319824 3.68228215332 250.129770992 -42.9236641221 -2.84732824427 END
START -0.0742202514648 -5.51145222168 1.64960494385 250.129770992 -40.9465648855 -1.29770992366 END
START 6.46913288574 1.41018477783 6.34463439941 250.129770992 -44.8473282443 7.52671755725 END
START -2.94007963867 -12.5312514893 7.28076724854 250.129770992 -43.7404580153 8.25954198473 END
START 1.66636435547 -9.02614025879 7.74284816895 250.129770992 -48.5801526718 7.45038167939 END
START -2.35589443359 -11.5017447754 8.99980404053 250.129770992 -56.427480916 8.80152671756 END
START 3.85705887451 -11.8201735962 6.0573302002 250.129770992 -58.6183206107 13.6030534351 END
START 0.428562097168 -11.7076461182 9.62469067383 250.129770992 -54.5572519084 7.99236641221 END
START -5.71495936279 -5.82509263916 7.21851800537 250.129770992 -64.8091603053 11.1908396947 END
START 7.0724717041 -11.391611499 12.856862915 250.129770992 -60.5954198473 5.3893129771 END
START 4.49152231445 -7.54652363281 6.16028087158 250.129770992 -79.9770992366 7.48854961832 END
START 3.87381828613 -12.3373211548 12.0643821655 250.129770992 -66.4427480916 11.4961832061 END
START -3.71580097656 -7.41723674316 8.56166513672 250.129770992 -70.5648854962 5.0 END
START 1.838746875 -9.77313117676 5.08767852783 250.129770992 -72.6946564885 7.40458015267 END
START 2.1930887207 -15.689203479 6.19858809814 250.129770992 -76.1679389313 2.10687022901 END
START -5.42047255859 -5.31033928223 6.75643708496 250.129770992 -75.9236641221 -3.13740458015 END
START -5.70538255615 -6.53377633057 5.74847818604 250.129770992 -85.8702290076 2.4427480916 END
START -5.91128389893 -4.37660063477 6.36857641602 250.129770992 -72.7709923664 10.2977099237 END
START -6.26323154297 -5.02782348633 11.9135474609 250.129770992 -85.7557251908 5.12977099237 END
START 5.37498272705 -7.92959589844 3.41413156738 250.129770992 -75.7022900763 11.9083969466 END
START -0.864306799316 -5.71017095947 12.3804167847 250.129770992 -78.2900763359 5.88549618321 END
START 0.289698400879 -10.5273046997 11.8417214111 250.129770992 -70.8091603053 6.42748091603 END