START -0.373495458984 -10.4219598267 12.7994020752 250.129770992 -83.1603053435 3.19847328244 END
START -2.63601602783 -14.1186071899 3.20583602295 250.129770992 -77.8320610687 5.60305343511 END
START 6.00705196533 -2.98317526855 9.1338793335 250.129770992 -78.1450381679 9.27480916031 END
START 1.31920511475 -10.180145459 4.16351668701 250.129770992 -83.9160305344 20.5496183206 END
START 7.85058724365 -10.6158901611 9.12430252686 250.129770992 -73.2900763359 12.4503816794 END
START 1.20667763672 -5.21217701416 10.41238302 250.129770992 -88.2824427481 13.4732824427 END
START 6.73488927002 -17.5925937988 12.1170546021 250.129770992 -90.320610687 7.46564885496 END
START -0.217872351074 -9.48582697754 14.343662146 250.129770992 -89.0381679389 -2.86259541985 END
START 0.651222851562 -8.21929429932 5.68862314453 250.129770992 -89.3435114504 7.84732824427 END
START -7.80749161377 -8.9591026123 6.95994422607 250.129770992 -96.4045801527 3.39694656489 END
START 3.41413156738 -11.4514665405 7.83861623535 250.129770992 -96.786259542 7.96946564885 END
START 1.86029468994 0.723048901367 7.59201346436 250.129770992 -105.030534351 -1.58015267176 END
START 4.78122071533 -4.11563265381 6.50025750732 250.129770992 -100.061068702 4.47328244275 END
START 2.4396914917 -11.413159314 7.98466253662 250.129770992 -104.229007634 13.1679389313 END
START 5.96635053711 -16.168043811 5.02542928467 250.129770992 -104.244274809 7.03816793893 END
START 1.66636435547 -9.84735142822 9.81622680664 250.129770992 -104.129770992 10.8854961832 END
START -0.969651672363 -8.37012900391 6.86417615967 250.129770992 -104.541984733 2.62595419847 END
START 5.16668718262 -11.264718811 8.29351455078 250.129770992 -111.251908397 10.4351145038 END
START 1.50595284424 -4.91290180664 3.58411988525 250.129770992 -104.396946565 -1.80152671756 END
START 6.60560238037 -8.92079538574 6.20577070312 250.129770992 -111.870229008 12.8015267176 END
START 4.66629903564 -7.28555565186 3.80199223633 250.129770992 -105.839694656 9.29007633588 END
START -2.61446821289 -10.0149455444 8.24323631592 250.129770992 -123.312977099 10.0305343511 END
START -0.0718260498047 -6.3997010376 8.45392606201 250.129770992 -104.480916031 10.465648855 END
START 0.229843359375 -3.80438643799 8.03254656982 250.129770992 -107.229007634 8.59541984733 END
START 7.53215842285 -9.65342109375 11.2742956177 250.129770992 -102.351145038 5.79389312977 END
START 4.05098920898 -11.5927244385 11.3604868774 250.129770992 -115.877862595 7.17557251908 END
START 0.15322890625 -9.89044705811 7.41005413818 250.129770992 -104.900763359 5.58778625954 END
START 0.991199487305 -8.44195505371 12.5527993042 250.129770992 -104.549618321 10.0763358779 END
START 5.41328995361 -5.90888969727 8.37012900391 250.129770992 -104.450381679 18.6870229008 END
START 7.15866296387 -9.60553706055 10.7044756226 250.129770992 -102.618320611 5.73282442748 END
START 2.1571756958 -9.94311949463 11.9135474609 250.129770992 -83.0076335878 17.6030534351 END
START 5.21457121582 -7.16823977051 9.03571706543 250.129770992 -63.0992366412 3.91603053435 END
START 3.4189199707 -13.977349292 10.9486841919 250.129770992 -55.8015267176 11.6870229008 END
START 1.72861359863 -7.85058724365 14.1569144165 250.129770992 -50.2977099237 4.16030534351 END
START -0.574608398438 -13.5368161865 7.17781657715 250.129770992 -37.0152671756 16.3282442748 END
START 4.5609541626 -8.63109698486 11.3604868774 250.129770992 -31.3969465649 7.27480916031 END
START 1.69030637207 -8.36534060059 9.43315454102 250.129770992 -35.0763358779 4.53435114504 END
START -1.4963760376 -7.96550892334 7.79552060547 250.129770992 -32.3740458015 2.64122137405 END
START 6.38054742432 -14.5495634888 9.32780966797 250.129770992 -39.7709923664 12.2748091603 END
START 0.356736047363 -6.23450112305 8.64306799316 250.129770992 -37.6030534351 12.9847328244 END
START -2.58334359131 -5.39892474365 6.68461103516 250.129770992 -38.2519083969 8.97709923664 END
START 2.87304199219 -6.6941878418 5.31033928223 250.129770992 -43.9465648855 7.13740458015 END
START 1.45567460937 -12.385205188 4.75249029541 250.129770992 -42.7175572519 2.6641221374 END
START -1.95127435303 -5.38216533203 10.5847655396 250.129770992 -42.0992366412 1.09160305344 END
START -0.411802685547 -15.4928789429 5.74608398437 250.129770992 -51.5801526718 11.0610687023 END
START -4.68066424561 -6.97909783936 4.16112248535 250.129770992 -45.5801526718 -3.20610687023 END
START 5.41568415527 -9.40921252441 10.3166149536 250.129770992 -59.6870229008 8.54198473282 END
START -1.73100780029 -9.1697923584 5.02782348633 250.129770992 -51.1603053435 2.0 END
START 3.49792862549 -5.67186373291 9.77791958008 250.129770992 -61.7099236641 9.51145038168 END
START 0.0478840332031 -10.4985742798 6.47392128906 250.129770992 -63.1526717557 8.64122137405 END
START 3.22977803955 -8.6406737915 7.80749161377 250.129770992 -71.0992366412 -5.01526717557 END
START 0.928950244141 -7.34541069336 4.49631071777 250.129770992 -72.6030534351 13.0 END
START -0.77093293457 -11.1090957031 7.22330640869 250.129770992 -65.9618320611 5.56488549618 END
START -4.70221206055 -7.53215842285 10.3812583984 250.129770992 -92.0152671756 5.54198473282 END
START 5.7508723877 -3.93127912598 4.94881483154 250.129770992 -86.4809160305 8.84732824427 END
START 4.75488449707 -8.51378110352 6.52898792725 250.129770992 -94.2595419847 8.58778625954 END
START -5.24330163574 -5.4563855835 8.05888278809 250.129770992 -100.541984733 6.64122137405 END
START 1.88184250488 -10.2591541138 2.56179577637 250.129770992 -99.3816793893 7.0534351145 END
START 7.02937607422 -12.8688339233 6.09563742676 250.129770992 -104.038167939 2.6106870229 END
START 2.35350023193 -2.34631762695 3.58651408691 250.129770992 -97.6564885496 -1.35114503817 END
START -1.37187755127 -6.86178195801 10.1897222656 250.129770992 -104.473282443 -3.74045801527 END
START -1.07978494873 -14.4609780273 7.42441934814 250.129770992 -104.610687023 5.18320610687 END
START -2.53067115479 -6.98149204102 4.87698878174 250.129770992 -104.86259542 6.64122137405 END
START 5.06134230957 -5.28639726562 5.87297667236 250.129770992 -104.236641221 3.38167938931 END
START 7.22570061035 -8.43956085205 7.25203682861 250.129770992 -105.335877863 0.93893129771 END
START -6.31350977783 -10.5201220947 8.28154354248 250.129770992 -97.7022900763 9.7786259542 END
START 5.99268675537 -10.2495773071 4.44124407959 250.129770992 -104.442748092 12.9923664122 END
START 1.42694418945 -14.2670476929 7.93677850342 250.129770992 -105.351145038 7.15267175573 END
START -0.684741674805 -7.82185682373 11.0492406616 250.129770992 -104.641221374 5.98473282443 END
START 5.60003768311 -4.97036264648 9.4523081543 250.129770992 -105.671755725 -3.23664122137 END
START 3.12203896484 -10.0101571411 9.56722983398 250.129770992 -103.832061069 4.83969465649 END
START -0.263362182617 -7.21133540039 2.26012636719 250.129770992 -104.480916031 4.96183206107 END
START 5.65749852295 -6.92881960449 13.2710598022 250.129770992 -103.984732824 8.23664122137 END
START 2.30561619873 -6.64151540527 7.85058724365 250.129770992 -99.9694656489 7.7786259542 END
START 10.2950671387 -7.55370623779 5.60003768311 250.129770992 -90.7099236641 7.60305343511 END
START 6.7540428833 -7.26640203857 12.5839239258 250.129770992 -75.4809160305 4.54961832061 END
START 5.8346694458 -14.6908213867 12.7874310669 250.129770992 -58.9160305344 8.26717557252 END
START 8.36534060059 -10.0412817627 9.83298621826 250.129770992 -58.5877862595 7.01526717557 END
START 8.82263311768 -6.1530982666 5.4444145752 250.129770992 -49.5419847328 -1.86259541985 END
START 4.80755693359 -8.93276639404 5.35582911377 250.129770992 -35.9847328244 6.0 END
START -3.81875164795 -6.17464608154 8.27196673584 250.129770992 -39.358778626 2.4427480916 END
START 1.53947166748 -12.8903817383 8.5927897583 250.129770992 -42.7786259542 7.76335877863 END
START 2.15238729248 -10.1897222656 2.25294376221 250.129770992 -55.2977099237 12.0992366412 END
START 2.39420166016 -8.82263311768 9.21528218994 250.129770992 -55.7251908397 6.67938931298 END
START -1.47482822266 -9.1578213501 10.5105452881 250.129770992 -54.0839694656 3.02290076336 END
START 5.10204373779 -9.65820949707 6.67742843018 250.129770992 -61.3282442748 2.3893129771 END
START 8.91361278076 -7.50342800293 9.71327613525 250.129770992 -57.4580152672 0.137404580153 END
START 1.37666595459 -8.21690009766 2.61446821289 250.129770992 -66.6946564885 5.96183206107 END
START -4.47476290283 -11.8560866211 7.44117875977 250.129770992 -62.893129771 2.32061068702 END
START 0.873883605957 -7.31668027344 13.4123177002 250.129770992 -66.5801526718 9.15267175573 END
START 0.45968671875 -7.24964262695 7.83143363037 250.129770992 -71.2213740458 15.5877862595 END
START 8.11873782959 -3.88818349609 4.42687886963 250.129770992 -72.1526717557 -2.73282442748 END
START 1.75016141357 -0.802057556152 11.3341506592 250.129770992 -58.4045801527 9.29770992366 END
START 0.986411083984 -4.74530769043 2.27688577881 250.129770992 -62.1526717557 15.7480916031 END