START 0.849941589355 -10.0173397461 8.14507404785 250.129770992 -78.8091603053 8.56488549618 END
START -0.672770666504 -14.9278473511 8.0397291748 250.129770992 -86.7022900763 15.8625954198 END
START -2.02788880615 -18.0546747192 8.65982740479 250.129770992 -84.0381679389 13.1297709924 END
START -4.11323845215 -7.76439598389 4.83868155518 250.129770992 -96.3358778626 4.12977099237 END
START 0.871489404297 -4.27604416504 10.8624929321 250.129770992 -96.8778625954 -3.67938931298 END
START 1.79565124512 -10.9462899902 6.67982263184 250.129770992 -105.435114504 10.5419847328 END
START 1.61848032227 -11.4083709106 9.63426748047 250.129770992 -104.198473282 -3.49618320611 END
START 0.624886633301 -9.70369932861 6.31590397949 250.129770992 -104.267175573 3.13740458015 END
START 6.40688364258 -10.5656119263 8.10197841797 250.129770992 -90.4732824427 16.0534351145 END
START -6.43800826416 -2.28646258545 9.46667336426 250.129770992 -105.022900763 1.52671755725 END
START 10.7020814209 -10.3477395752 11.7938373779 250.129770992 -104.183206107 14.4580152672 END
START 1.26413847656 -10.546458313 7.76679018555 250.129770992 -108.419847328 9.4427480916 END
START -1.07739074707 -15.928623645 5.96874473877 250.129770992 -106.038167939 1.30534351145 END
START 0.699106884766 -11.6956751099 4.80755693359 250.129770992 -103.72519084 8.3893129771 END
START -2.90895501709 -9.7827079834 5.53778843994 250.129770992 -103.755725191 7.0534351145 END
START -8.76996068115 -12.0428343506 6.19140549316 250.129770992 -104.679389313 11.9312977099 END
START 8.5449057251 -9.68693991699 6.19140549316 250.129770992 -103.816793893 14.8549618321 END
START -6.49307490234 -15.8424323853 9.13148513184 250.129770992 -105.526717557 8.68702290076 END
START 1.29286889648 -13.49850896 7.2831614502 250.129770992 -104.526717557 6.99236641221 END
START 2.85628258057 -8.70771143799 10.9989624268 250.129770992 -104.954198473 -2.41221374046 END
START 3.82832845459 -0.706289489746 10.4746322632 250.129770992 -105.129770992 16.1145038168 END
START 4.74770189209 -1.68312376709 7.0724717041 250.129770992 -104.061068702 11.3129770992 END
START 0.428562097168 -1.20907183838 5.64792171631 250.129770992 -104.129770992 1.85496183206 END
START 5.30555087891 -8.21929429932 11.2814782227 250.129770992 -108.335877863 2.57251908397 END
START 3.14119257812 -9.61990227051 8.57603034668 250.129770992 -104.557251908 9.03053435115 END
START -2.49715233154 -11.5089273804 5.03979449463 250.129770992 -102.465648855 5.70992366412 END
START 1.13724578857 -4.74291348877 12.4929442627 250.129770992 -104.86259542 2.12977099237 END
START 3.16513459473 -13.2207815674 12.1338140137 250.129770992 -92.8244274809 8.70992366412 END
START -1.43173259277 -5.46596239014 8.97346782227 250.129770992 -76.6641221374 21.320610687 END
START 5.58088406982 -11.7148287231 11.9015764526 250.129770992 -71.679389313 5.63358778626 END
START 4.84107575684 -1.32399351807 11.2096521729 250.129770992 -63.679389313 -3.25954198473 END
START 3.55778366699 -9.55286462402 10.8816465454 250.129770992 -64.1145038168 -2.8320610687 END
START -1.97042796631 -6.97430943604 7.72369455566 250.129770992 -62.4732824427 7.3893129771 END
START -1.41018477783 -12.9262947632 3.75410820312 250.129770992 -55.5648854962 6.06106870229 END
START 1.64242233887 -7.18260498047 3.54820686035 250.129770992 -60.2519083969 9.83969465649 END
START 1.01514150391 -10.0340991577 6.29435616455 250.129770992 -53.106870229 3.93893129771 END
START 7.14190355225 -4.15872828369 3.41652576904 250.129770992 -64.0839694656 2.0534351145 END
START 6.68461103516 -11.1282493164 9.78510218506 250.129770992 -52.4351145038 13.0381679389 END
START -2.48039291992 -0.749385119629 7.67581052246 250.129770992 -67.0610687023 15.9618320611 END
START 2.87304199219 -14.1640970215 9.87129344482 250.129770992 -62.0305343511 6.89312977099 END
START -3.56257207031 -12.4354834229 5.5282116333 250.129770992 -60.5267175573 7.69465648855 END
START 0.711077893066 -7.3071034668 8.40843623047 250.129770992 -70.8702290076 -3.42748091603 END
START -1.03190091553 -2.29125098877 10.1969048706 250.129770992 -67.2366412214 6.63358778626 END
START -3.25850845947 -10.2064816772 1.75734401855 250.129770992 -80.5419847328 3.32061068702 END
START 0.442927307129 -7.37414111328 6.10282003174 250.129770992 -78.2366412214 4.13740458015 END
START 8.42280144043 -8.76756647949 7.59680186768 250.129770992 -79.106870229 7.09923664122 END
START 6.03099398193 -11.9901619141 7.76918438721 250.129770992 -79.7938931298 5.51145038168 END
START 0.201112939453 -10.0340991577 6.74925447998 250.129770992 -75.4045801527 5.54961832061 END
START 8.46589707031 -5.31752188721 15.4928789429 250.129770992 -101.603053435 3.96183206107 END
START 6.88093557129 -12.9550251831 7.78354959717 250.129770992 -90.2290076336 2.29007633588 END
START 7.87692346191 -16.7546232178 6.36618221436 250.129770992 -86.8167938931 10.6335877863 END
START -1.47003981934 -16.0004496948 4.86262357178 250.129770992 -94.6564885496 9.37404580153 END
START -1.67354696045 -11.0923362915 5.04458289795 250.129770992 -93.679389313 -0.648854961832 END
START -8.17619866943 -12.4857616577 4.69502945557 250.129770992 -101.79389313 -2.82442748092 END
START 4.8434699585 -4.85783516846 6.88093557129 250.129770992 -104.572519084 14.9236641221 END
START 4.94881483154 -11.4538607422 9.67975731201 250.129770992 -104.877862595 -1.18320610687 END
START -1.40539637451 -11.0612116699 10.0484643677 250.129770992 -89.2442748092 8.29007633588 END
START -1.12288057861 -12.138602417 5.16429298096 250.129770992 -104.167938931 3.99236641221 END
START 9.69172832031 -7.15148035889 7.59201346436 250.129770992 -104.732824427 9.39694656489 END
START 5.17865819092 -7.70454094238 8.95192000732 250.129770992 -104.625954198 12.7022900763 END
START 5.51384642334 -8.04451757812 10.8864349487 250.129770992 -104.374045802 2.02290076336 END
START 11.9039706543 -7.2951324585 15.5790702026 250.129770992 -104.404580153 13.5038167939 END
START 1.29047469482 -12.4594254395 3.90973131104 250.129770992 -104.015267176 4.03816793893 END
START 7.83622203369 -7.1203557373 7.71651195068 250.129770992 -104.229007634 3.49618320611 END
START 0.0957680664062 -5.62397969971 4.8554409668 250.129770992 -103.79389313 8.3358778626 END
START 6.14352145996 -3.36385333252 10.7308118408 250.129770992 -104.106870229 22.572519084 END
START 7.24964262695 -9.89284125977 5.93043751221 250.129770992 -104.503816794 3.87786259542 END
START 10.9319247803 -12.765883252 5.25048424072 250.129770992 -104.961832061 13.1526717557 END
START 3.11485635986 -11.1928927612 7.89128867187 250.129770992 -94.786259542 -3.62595419847 END
START 10.7571480591 -11.0899420898 4.34787021484 250.129770992 -89.3358778626 9.21374045802 END
START 12.6868745972 -9.50258638916 10.8960117554 250.129770992 -76.5114503817 7.51908396947 END
START -2.44447989502 -3.74213719482 3.79241542969 250.129770992 -67.2442748092 7.24427480916 END
START 4.33111080322 -12.1816980469 16.802507251 250.129770992 -59.7557251908 10.0916030534 END
START 1.90339031982 -4.90571920166 10.3812583984 250.129770992 -50.1297709924 -0.0763358778626 END
START 7.0126166626 3.95522114258 5.07570751953 250.129770992 -41.0839694656 6.67938931298 END
START -5.5282116333 -2.61207401123 5.90888969727 250.129770992 -40.3053435115 9.54198473282 END
START 5.5880666748 -12.7850368652 10.0412817627 250.129770992 -32.213740458 13.1145038168 END
START 1.11809217529 -11.8896054443 6.17943448486 250.129770992 -44.2900763359 -2.12977099237 END
START 11.2431709961 -14.1138187866 4.07014282227 250.129770992 -38.7633587786 3.12977099237 END
START 7.00782825928 -2.92810863037 14.7410996216 250.129770992 -32.7404580153 8.10687022901 END
START 2.9927520752 -1.7788918335 10.8553103271 250.129770992 -40.1908396947 9.6106870229 END
START 4.2784383667 -5.81791003418 10.2591541138 250.129770992 -36.2595419847 8.28244274809 END
START -0.816422766113 -4.74770189209 6.3637880127 250.129770992 -47.2366412214 6.54961832061 END
START -3.22977803955 -13.2471177856 4.65432802734 250.129770992 -42.0152671756 10.6641221374 END
START -9.60314285889 -11.645396875 7.27597884521 250.129770992 -50.2748091603 5.15267175573 END
START -6.51701691895 1.09654436035 9.90720646973 250.129770992 -49.4503816794 8.4427480916 END
START -1.77170922852 -5.55694205322 9.20809958496 250.129770992 -54.4732824427 3.59541984733 END
START -5.95437952881 -10.6230727661 8.947131604 250.129770992 -58.4885496183 5.87022900763 END
START 8.82981572266 -12.3564747681 5.96156213379 250.129770992 -58.6564885496 2.51145038168 END
START 1.72382519531 -9.79946739502 11.9159416626 250.129770992 -61.2671755725 12.3969465649 END
START 5.28879146729 -3.69664736328 6.61039078369 250.129770992 -59.4503816794 11.5572519084 END
START 2.28885678711 -12.5480109009 7.65186850586 250.129770992 -71.465648855 12.786259542 END
START 4.10126744385 0.0814028564453 6.21295330811 250.129770992 -57.9007633588 5.19083969466 END
START 1.9105729248 -11.6190606567 1.62326872559 250.129770992 -63.2519083969 -2.69465648855 END
START 6.31590397949 -6.66066901855 2.98796367187 250.129770992 -73.2061068702 14.106870229 END