START -0.794874951172 -9.99818613281 3.56496627197 250.129770992 -80.0229007634 -1.1679389313 END
START 5.43483776855 -15.3659862549 10.1705686523 250.129770992 -70.786259542 -2.52671755725 END
START -3.1244331665 -11.659762085 6.78516750488 250.129770992 -67.5954198473 5.06870229008 END
START 5.12598575439 -10.5943423462 7.64468590088 250.129770992 -71.7175572519 1.68702290076 END
START 4.2185833252 -8.02296976318 6.91924279785 250.129770992 -86.8396946565 -1.29770992366 END
START -1.58256729736 -2.30801040039 8.02536396484 250.129770992 -90.641221374 8.38167938931 END
START -5.33428129883 -7.32146867676 9.24401260986 250.129770992 -83.3282442748 -1.37404580153 END
START 1.17076461182 -6.63912120361 5.08289012451 250.129770992 -100.213740458 6.47328244275 END
START 0.105344873047 -14.0300217285 5.24330163574 250.129770992 -102.954198473 0.687022900763 END
START 2.98078106689 -5.75805499268 6.39491263428 250.129770992 -99.2824427481 -4.45038167939 END
START 8.24323631592 -10.9606552002 6.47870969238 250.129770992 -104.305343511 5.09923664122 END
START 1.54665427246 -9.91678327637 5.1618987793 250.129770992 -104.198473282 5.19847328244 END
START -7.25443103027 -8.58560715332 7.08683691406 250.129770992 -105.038167939 -2.03816793893 END
START 8.19056387939 -9.83538041992 7.06768330078 250.129770992 -104.358778626 -1.54961832061 END
START -1.8267758667 -10.2591541138 6.52419952393 250.129770992 -105.625954198 9.17557251908 END
START -1.8507178833 -0.840364782715 7.31428607178 250.129770992 -103.480916031 1.70229007634 END
START 3.07176072998 -5.53300003662 7.70693514404 250.129770992 -113.389312977 5.41221374046 END
START -2.33434661865 -8.75080706787 8.3461869873 250.129770992 -101.870229008 9.68702290076 END
START 5.00388146973 -8.50659849854 4.79798012695 250.129770992 -109.389312977 -1.95419847328 END
START 3.67270534668 -9.20809958496 11.5975128418 250.129770992 -111.557251908 15.1603053435 END
START 8.80347950439 -10.6063133545 3.40934316406 250.129770992 -112.816793893 8.51908396947 END
START 1.98718737793 -7.25682523193 8.09719001465 250.129770992 -104.496183206 4.38167938931 END
START 4.11084425049 -11.0755768799 4.73812508545 250.129770992 -104.854961832 3.57251908397 END
START -0.167594116211 -3.53384165039 7.84101043701 250.129770992 -104.129770992 4.08396946565 END
START 0.294486804199 -8.75559547119 8.49941589355 250.129770992 -104.748091603 -3.42748091603 END
START -1.56101948242 -11.4371013306 5.76523759766 250.129770992 -105.465648855 2.76335877863 END
START 0.445321508789 -9.10514891357 7.92959589844 250.129770992 -104.236641221 4.46564885496 END
START -4.84586416016 -0.0407014282227 6.14352145996 250.129770992 -103.809160305 -3.23664122137 END
START 4.10126744385 -9.27034882812 4.97036264648 250.129770992 -105.320610687 15.1603053435 END
START 4.58729038086 -9.193734375 7.03895288086 250.129770992 -90.358778626 -1.64885496183 END
START 4.80037432861 -4.23294853516 10.2016932739 250.129770992 -97.679389313 4.88549618321 END
START -0.60812722168 0.811634362793 9.91199487305 250.129770992 -74.6946564885 10.0076335878 END
START 9.65102689209 -7.70454094238 7.19936439209 250.129770992 -70.5954198473 4.08396946565 END
START 7.42441934814 -9.85213983154 6.1890112915 250.129770992 -64.6335877863 10.5648854962 END
START 5.882553479 -7.47230338135 4.68545264893 250.129770992 -66.9160305344 1.63358778626 END
START 4.66151063232 -0.905008227539 12.3492921631 250.129770992 -48.1984732824 2.12977099237 END
START 2.49236392822 -10.4171714233 9.00459244385 250.129770992 -56.4961832061 2.8320610687 END
START 3.66073433838 -5.1618987793 9.4523081543 250.129770992 -47.8091603053 7.42748091603 END
START 2.34392342529 -11.0276928467 7.81706842041 250.129770992 -57.8167938931 3.6641221374 END
START -2.98556947021 -9.62229647217 5.25287844238 250.129770992 -50.8320610687 14.320610687 END
START -2.01591779785 -5.95198532715 6.80671531982 250.129770992 -42.6946564885 9.01526717557 END
START -5.74608398437 -7.73805976562 6.05972440186 250.129770992 -45.0229007634 3.48091603053 END
START 1.91536132812 -15.2821891968 8.09958421631 250.129770992 -48.106870229 0.969465648855 END
START 4.93444962158 -7.59680186768 4.58968458252 250.129770992 -38.7786259542 7.09160305344 END
START -8.93037219238 -9.46188496094 4.07971962891 250.129770992 -40.6183206107 4.13740458015 END
START 1.93930334473 -10.2232410889 3.86663568115 250.129770992 -49.5648854962 6.52671755725 END
START 2.22900174561 -10.4482960449 9.84495722656 250.129770992 -46.4045801527 4.97709923664 END
START -1.41736738281 -16.2494466675 6.59841977539 250.129770992 -50.5572519084 0.75572519084 END
START 2.90416661377 -14.8536270996 4.97754525146 250.129770992 -55.3969465649 3.67175572519 END
START -1.37427175293 -9.16260975342 9.03811126709 250.129770992 -57.8015267176 -5.06870229008 END
START 5.10443793945 -11.4155535156 7.3789295166 250.129770992 -58.9389312977 10.9923664122 END
START 7.10599052734 -13.2495119873 7.06289489746 250.129770992 -56.9312977099 7.73282442748 END
START 2.03507141113 -9.55765302734 9.31583865967 250.129770992 -73.1450381679 10.0610687023 END
START -0.957680664062 -11.8273562012 6.50983431396 250.129770992 -60.7557251908 0.0763358778626 END
START -4.28562097168 -9.48343277588 7.56088884277 250.129770992 -61.9160305344 6.51145038168 END
START 4.64714542236 -7.108384729 5.53539423828 250.129770992 -70.2366412214 8.5572519084 END
START 2.66714064941 -4.94881483154 10.7547538574 250.129770992 -83.8854961832 10.9618320611 END
START 4.78122071533 -8.56166513672 5.84903465576 250.129770992 -85.7099236641 15.1145038168 END
START 0.272938989258 -12.8999585449 9.8784760498 250.129770992 -94.6335877863 4.76335877863 END
START -0.785298144531 2.09492645264 12.5695587158 250.129770992 -99.0992366412 9.65648854962 END
START 1.07739074707 -7.74284816895 6.29435616455 250.129770992 -100.511450382 0.251908396947 END
START 2.28885678711 -8.24323631592 4.38857164307 250.129770992 -104.145038168 5.15267175573 END
START -0.816422766113 -15.4785137329 4.17788189697 250.129770992 -105.961832061 15.7404580153 END
START 3.28245047607 -8.35815799561 3.91691391602 250.129770992 -103.694656489 8.56488549618 END
START -1.06541973877 -10.5656119263 2.5234885498 250.129770992 -104.702290076 8.9465648855 END
START 5.98071574707 -0.076614453125 6.32548078613 250.129770992 -104.351145038 6.58015267176 END
START 2.98556947021 -8.6526447998 7.6255322876 250.129770992 -104.244274809 -2.22900763359 END
START 0.232237561035 -9.33259807129 0.213083947754 250.129770992 -104.374045802 3.61832061069 END
START 1.72621939697 -10.3501337769 -0.545877978516 250.129770992 -104.633587786 4.53435114504 END
START 10.0891657959 -7.14908615723 8.04451757812 250.129770992 -104.396946565 2.92366412214 END
START 7.73566556396 -8.96867941895 5.97113894043 250.129770992 -103.732824427 -3.60305343511 END
START -4.61602080078 -5.38216533203 8.52575211182 250.129770992 -106.992366412 -0.954198473282 END
START 6.02859978027 -10.7547538574 7.75960758057 250.129770992 -102.900763359 4.92366412214 END
START 8.09240161133 -7.50821640625 6.78037910156 250.129770992 -104.442748092 4.08396946565 END
START 3.7373487915 -4.78361491699 4.38617744141 250.129770992 -104.381679389 0.709923664122 END
START 2.14041628418 -12.2247936768 4.0557776123 250.129770992 -104.297709924 2.5572519084 END
START 5.22414802246 -5.38455953369 11.7052519165 250.129770992 -98.2442748092 13.4045801527 END
START 5.70059415283 1.03429511719 4.3143513916 250.129770992 -86.572519084 -3.90076335878 END
START -2.18830031738 -0.555454785156 4.92008441162 250.129770992 -86.1145038168 1.27480916031 END
START 6.26801994629 -11.0827594849 10.2519715088 250.129770992 -78.0839694656 3.24427480916 END
START 5.88015927734 -6.0573302002 10.0317049561 250.129770992 -62.534351145 10.9007633588 END
START 4.84107575684 -11.0516348633 5.70059415283 250.129770992 -62.4198473282 6.22900763359 END
START 8.49702169189 -6.26083734131 7.86016405029 250.129770992 -59.5114503817 -0.0687022900763 END
START -2.0973206543 -11.8943938477 6.9767036377 250.129770992 -56.9923664122 12.8015267176 END
START 0.512359155273 -5.77960280762 3.25372005615 250.129770992 -56.4351145038 9.27480916031 END
START 0.14604630127 -5.15711037598 9.36611689453 250.129770992 -57.9312977099 -1.07633587786 END
START 0.0622492431641 -8.75080706787 4.537012146 250.129770992 -66.2900763359 -1.03816793893 END
START 3.89776030273 -7.34062229004 7.71651195068 250.129770992 -68.2748091603 2.87022900763 END
START 13.0100918213 -3.76607921143 6.90248338623 250.129770992 -62.9312977099 14.1297709924 END
START 0.646434448242 -7.07007750244 12.8688339233 250.129770992 -72.6335877863 3.29007633588 END
START 2.57137258301 -12.2966197266 7.04613548584 250.129770992 -62.641221374 3.30534351145 END
START -1.82198746338 -5.85142885742 3.81396324463 250.129770992 -70.8320610687 3.03816793893 END
START 1.69030637207 -7.47948598633 9.24640681152 250.129770992 -61.7175572519 2.56488549618 END
START 6.70855305176 -6.48828649902 9.4523081543 250.129770992 -67.3282442748 1.09923664122 END
START -0.363918652344 -10.9486841919 8.79629689941 250.129770992 -73.1221374046 6.24427480916 END
START 0.622492431641 -8.9231895874 5.29597407227 250.129770992 -74.0076335878 -0.297709923664 END
START 3.75889660645 -9.65581529541 1.65199914551 250.129770992 -61.7709923664 0.0534351145038 END
START 6.41406624756 -6.91445439453 5.5521536499 250.129770992 -55.0534351145 2.65648854962 END
START -1.8626888916 -10.2040874756 11.1641623413 250.129770992 -72.0229007634 4.80152671756 END
START -0.0622492431641 -5.2816088623 6.11479104004 250.129770992 -62.6030534351 13.534351145 END
START 4.03901820068 -5.00866987305 7.21133540039 250.129770992 -62.9923664122 9.6106870229 END
START 9.13866773682 -6.16746347656 6.41885465088 250.129770992 -58.8625954198 11.5419847328 END