START -2.24576115723 -5.26484945068 5.11162054443 250.129770992 -49.9083969466 5.25190839695 END
START 2.88022459717 -7.8960770752 6.81868632812 250.129770992 -52.6030534351 11.3740458015 END
START 5.45159718018 -5.60961448975 12.7922194702 250.129770992 -53.5190839695 4.60305343511 END
START -1.83156427002 -5.47793339844 4.77643231201 250.129770992 -73.6259541985 17.9770992366 END
START -6.26083734131 -10.524910498 5.08528432617 250.129770992 -77.4961832061 0.412213740458 END
START -7.39568892822 -5.80833322754 7.59440766602 250.129770992 -88.1450381679 13.7175572519 END
START -1.39821376953 -11.293449231 1.73819040527 250.129770992 -91.3893129771 7.93893129771 END
START -0.632069238281 -3.27287366943 6.0693012085 250.129770992 -87.2213740458 11.5877862595 END
START 4.2185833252 -12.4881558594 13.0819178711 250.129770992 -104.908396947 10.0152671756 END
START -3.26569106445 -14.0012913086 2.09971485596 250.129770992 -97.0763358779 -1.3893129771 END
START 2.67432325439 -3.11725056152 11.7459533447 250.129770992 -100.488549618 5.23664122137 END
START 1.96563956299 -14.8464444946 5.97592734375 250.129770992 -98.7480916031 11.4198473282 END
START 1.55862528076 -5.20499440918 5.05415970459 250.129770992 -104.106870229 13.6183206107 END
START 5.43244356689 -9.74918916016 8.17859287109 250.129770992 -104.748091603 6.93893129771 END
START -5.00627567139 -9.32062706299 6.50265170898 250.129770992 -103.954198473 6.51908396947 END
START -3.34230551758 -6.91684859619 5.56891306152 250.129770992 -104.183206107 10.0305343511 END
START -6.31829818115 -12.6892687988 9.35893428955 250.129770992 -104.20610687 7.59541984733 END
START -3.23217224121 -6.76361968994 2.55461317139 250.129770992 -104.648854962 6.30534351145 END
START 7.56088884277 -11.0444522583 4.43406147461 250.129770992 -104.374045802 9.91603053435 END
START 4.66629903564 -12.8927759399 6.50265170898 250.129770992 -104.366412214 12.7786259542 END
START 0.723048901367 -4.51307012939 12.1218430054 250.129770992 -104.374045802 14.2824427481 END
START 2.28167418213 -11.8800286377 7.06768330078 250.129770992 -103.259541985 9.18320610687 END
START 4.97036264648 -7.11556733398 5.2337248291 250.129770992 -104.076335878 5.9465648855 END
START 1.50595284424 -8.97346782227 8.70292303467 250.129770992 -104.709923664 2.87022900763 END
START 5.00388146973 -8.54729992676 6.95755002441 250.129770992 -103.312977099 14.2366412214 END
START 1.77170922852 -10.1131078125 2.55700737305 250.129770992 -104.282442748 5.45801526718 END
START -1.70706578369 -14.6764561768 7.0605006958 250.129770992 -104.198473282 10.7480916031 END
START 0.45489831543 -8.97107362061 6.08845482178 250.129770992 -103.870229008 3.0 END
START -1.49877023926 -5.11640894775 4.0557776123 250.129770992 -104.473282443 5.60305343511 END
START 5.77720860596 -9.8784760498 14.0132623169 250.129770992 -103.977099237 19.4809160305 END
START 2.67192905273 -15.1840269287 11.9039706543 250.129770992 -103.870229008 15.9236641221 END
START -2.19787712402 -4.19224710693 9.06923588867 250.129770992 -105.41221374 7.74045801527 END
START -5.42765516357 -1.72382519531 14.5447750854 250.129770992 -104.778625954 5.28244274809 END
START 4.79319172363 -3.3830069458 9.21288798828 250.129770992 -88.0076335878 -3.3893129771 END
START 5.40131894531 -6.91924279785 4.89374819336 250.129770992 -107.0 20.6946564885 END
START 0.909796630859 -5.14274516602 10.6111017578 250.129770992 -92.6946564885 13.4961832061 END
START 5.2337248291 -7.94874951172 8.15465085449 250.129770992 -82.9083969466 1.70229007634 END
START -1.32399351807 -6.69897624512 5.41328995361 250.129770992 -93.1374045802 11.5038167939 END
START 3.84029946289 -11.7339823364 7.49624539795 250.129770992 -84.9236641221 19.0534351145 END
START 6.0573302002 -9.71806453857 9.47385596924 250.129770992 -85.0152671756 10.9389312977 END
START 5.64073911133 -8.45153186035 14.0635405518 250.129770992 -73.9694656489 13.5877862595 END
START 5.46596239014 -8.2025348877 11.0612116699 250.129770992 -68.7480916031 9.08396946565 END
START 6.14591566162 -7.5896192627 8.17619866943 250.129770992 -87.4961832061 8.35114503817 END
START 1.67833536377 -11.5352635986 8.79629689941 250.129770992 -69.2519083969 7.01526717557 END
START -1.87705410156 -6.80671531982 8.56166513672 250.129770992 -70.1603053435 0.114503816794 END
START 10.7403886475 -13.0388222412 9.93354268799 250.129770992 -71.7938931298 4.45038167939 END
START -0.940921252441 -10.1825396606 8.36773480225 250.129770992 -59.1832061069 8.70229007634 END
START -2.38462485352 -10.172962854 6.0812722168 250.129770992 -67.8015267176 4.54198473282 END
START 2.99514627686 -3.96240374756 5.79636221924 250.129770992 -56.0 -0.664122137405 END
START -0.476446130371 -14.336479541 8.51138690186 250.129770992 -55.9083969466 1.09160305344 END
START 4.40293685303 -8.98783303223 11.6023012451 250.129770992 -63.465648855 6.09160305344 END
START 4.90811340332 -10.292672937 5.75326658936 250.129770992 -59.5190839695 6.70992366412 END
START 0.0670376464844 -9.96706151123 10.3740757935 250.129770992 -68.2671755725 7.12213740458 END
START -8.09719001465 -11.0923362915 10.4482960449 250.129770992 -61.0687022901 5.81679389313 END
START 0.76614453125 -4.57053096924 4.23773693848 250.129770992 -56.8015267176 7.88549618321 END
START -3.1244331665 -5.80593902588 6.3637880127 250.129770992 -52.9694656489 6.51908396947 END
START 3.55538946533 -8.08043060303 1.88902510986 250.129770992 -56.3740458015 7.2213740458 END
START 1.98718737793 -5.2816088623 10.4626612549 250.129770992 -55.3969465649 1.80916030534 END
START -2.33434661865 -6.64390960693 4.9512090332 250.129770992 -59.5419847328 10.0381679389 END
START 2.7820623291 -12.2176110718 10.9630494019 250.129770992 -63.5419847328 6.25190839695 END
START -3.36864173584 -6.18182868652 9.83298621826 250.129770992 -51.7938931298 16.9007633588 END
START 2.82036955566 -15.3851398682 9.81622680664 250.129770992 -62.3893129771 4.68702290076 END
START 0.294486804199 -10.1178962158 11.4921679687 250.129770992 -53.0076335878 0.30534351145 END
START -5.95198532715 -6.09803162842 4.45560928955 250.129770992 -59.8320610687 -3.29007633588 END
START -3.45243879395 -7.23288321533 6.39730683594 250.129770992 -59.9923664122 4.03816793893 END
START 0.634463439941 -8.68855782471 10.0125513428 250.129770992 -68.8244274809 2.52671755725 END
START -3.86663568115 -10.3932294067 8.57603034668 250.129770992 -68.6717557252 12.4885496183 END
START 0.529118566895 -7.99902774658 4.12999786377 250.129770992 -80.5877862595 4.19083969466 END
START -1.20907183838 -10.1969048706 6.58644876709 250.129770992 -79.6335877863 8.25954198473 END
START 0.957680664062 -9.41639512939 6.16267507324 250.129770992 -72.9618320611 4.85496183206 END
START 9.193734375 -11.7196171265 9.61990227051 250.129770992 -77.2977099237 6.09923664122 END
START -0.723048901367 -6.43800826416 8.20732329102 250.129770992 -75.9465648855 6.60305343511 END
START 1.51792385254 -10.1705686523 5.68144053955 250.129770992 -75.6564885496 9.29770992366 END
START 2.46842191162 -10.1059252075 13.1441671143 250.129770992 -78.4885496183 0.229007633588 END
START -3.18907661133 -10.9654436035 10.5775829346 250.129770992 -78.7709923664 8.35114503817 END
START -2.54264216309 -6.95755002441 7.21133540039 250.129770992 -80.8167938931 2.76335877863 END
START 3.63679232178 -10.7236292358 6.02141717529 250.129770992 -92.5114503817 6.97709923664 END
START -5.8107274292 -3.97916315918 8.17619866943 250.129770992 -88.6335877863 2.72519083969 END
START 3.3351229126 -5.61679709473 3.45243879395 250.129770992 -88.1755725191 10.7251908397 END
START 1.46285721436 -10.6063133545 4.12520946045 250.129770992 -101.908396947 11.2671755725 END
START 8.76996068115 -9.38048210449 8.22168850098 250.129770992 -99.1908396947 7.14503816794 END
START -3.25132585449 -12.4737906494 10.2878845337 250.129770992 -97.427480916 16.0839694656 END
START -3.04303031006 -12.8113730835 10.5057568848 250.129770992 -93.7175572519 6.35114503817 END
START -4.97275684814 3.93846173096 6.6702458252 250.129770992 -104.366412214 0.75572519084 END
START 5.81312163086 -4.07971962891 7.28794985352 250.129770992 -104.65648855 8.7786259542 END
START 4.20900651855 -10.9989624268 7.48427438965 250.129770992 -104.381679389 4.41984732824 END
START -0.579396801758 -14.8344734863 8.99740983887 250.129770992 -104.320610687 7.09160305344 END
START 2.20027132568 -4.95839163818 3.75171400146 250.129770992 -104.305343511 12.0 END
START 2.74136090088 -5.70777675781 8.67898101807 250.129770992 -104.335877863 2.77099236641 END
START 4.88177718506 -10.5847655396 3.68707055664 250.129770992 -104.190839695 -0.931297709924 END
START 10.9151653687 -6.99585725098 5.48272180176 250.129770992 -104.083969466 7.58778625954 END
START -5.14274516602 -10.9989624268 8.43716665039 250.129770992 -104.129770992 9.49618320611 END
START -0.749385119629 -16.4242233887 7.26400783691 250.129770992 -104.312977099 19.4122137405 END
START 6.51941112061 -10.3309801636 10.7116582275 250.129770992 -104.572519084 9.02290076336 END
START 5.71495936279 -11.6477910767 5.81312163086 250.129770992 -102.557251908 12.0763358779 END
START 5.84903465576 -11.384428894 5.88494768066 250.129770992 -104.351145038 5.09923664122 END
START -1.2617442749 -8.73883605957 4.28801517334 250.129770992 -104.06870229 9.41984732824 END
START 2.35828863525 -11.2814782227 6.85699355469 250.129770992 -104.358778626 9.25954198473 END
START 4.06296021729 -7.41244833984 5.98071574707 250.129770992 -104.435114504 10.786259542 END
START 10.2783077271 -5.86100566406 5.63116230469 250.129770992 -104.114503817 5.22900763359 END
START 7.13950935059 -9.7946789917 7.58722506104 250.129770992 -94.5267175573 7.74045801527 END
START 6.1890112915 -12.1553618286 11.7890489746 250.129770992 -98.5419847328 6.86259541985 END
START 0.744596716309 -3.91691391602 2.8299463623 250.129770992 -83.2595419847 3.09923664122 END
START 0.234631762695 -11.6046954468 6.27520255127 250.129770992 -58.7480916031 8.39694656489 END
START 5.21935961914 -3.0885201416 5.08767852783 250.129770992 -75.5648854962 3.61832061069 END
START 7.80270321045 -6.83305153809 7.59201346436 250.129770992 -50.1755725191 2.61832061069 END
START 3.03345350342 -2.62165081787 9.85213983154 250.129770992 -39.3740458015 3.89312977099 END
START 10.8409451172 -2.35828863525 8.09000740967 250.129770992 -38.8091603053 -4.21374045802 END
START 4.34308181152 -4.07493122559 9.45949075928 250.129770992 -37.5038167939 12.4580152672 END
START 7.66862791748 -6.05014759521 5.53060583496 250.129770992 -34.4732824427 3.70229007634 END
START -0.672770666504 -10.7739074707 7.34541069336 250.129770992 -44.2290076336 8.38167938931 END
START 3.90733710937 -3.16992299805 8.90403597412 250.129770992 -71.3816793893 12.7938931298 END
START -1.95845695801 -5.45399138184 4.94402642822 250.129770992 -63.2366412214 22.6106870229 END
START -3.9360675293 -10.0771947876 10.0915599976 250.129770992 -66.8778625954 14.6106870229 END
START 0.474051928711 -9.32541546631 12.7347586304 250.129770992 -66.7633587786 16.9694656489 END
START 0.969651672363 -5.22893642578 7.86495245361 250.129770992 -64.4045801527 8.51145038168 END
START -8.6406737915 -4.77643231201 5.40850155029 250.129770992 -57.7557251908 12.106870229 END
START 4.01028778076 -10.7116582275 9.193734375 250.129770992 -63.572519084 10.9618320611 END
START 10.5943423462 -4.33589920654 11.0803652832 250.129770992 -63.7022900763 9.18320610687 END
START 7.86255825195 -5.1738697876 13.4099234985 250.129770992 -62.4885496183 4.03053435115 END
START 6.56011254883 -11.7411649414 11.7196171265 250.129770992 -60.465648855 -0.587786259542 END
START -1.80522805176 -0.181959326172 5.18105239258 250.129770992 -59.4427480916 11.2595419847 END
START 1.58735570068 -11.5831476318 10.2423947021 250.129770992 -64.3740458015 6.54198473282 END
START -1.42454998779 -10.5344873047 10.6254669678 250.129770992 -63.1297709924 17.5038167939 END
START -0.802057556152 -11.0372696533 6.53617053223 250.129770992 -61.893129771 7.1679389313 END
START 1.97521636963 -5.33428129883 10.285490332 250.129770992 -55.9236641221 -0.0763358778626 END