START -3.6296097168 -9.73721815186 7.29034405518 250.129770992 -68.7786259542 2.93893129771 END
START 3.21780703125 -7.13950935059 11.899182251 250.129770992 -60.6641221374 8.91603053435 END
START 6.52419952393 -14.7746184448 8.20732329102 250.129770992 -69.786259542 12.4351145038 END
START -6.35181700439 -11.6884925049 6.61517918701 250.129770992 -76.1297709924 4.48091603053 END
START 2.07816704102 -11.264718811 3.56017786865 250.129770992 -74.4732824427 9.26717557252 END
START -0.076614453125 -2.21463653564 6.82586893311 250.129770992 -73.4809160305 10.0916030534 END
START 5.69819995117 -8.9231895874 4.96557424316 250.129770992 -66.534351145 7.63358778626 END
START 4.66151063232 -12.251129895 8.72207664795 250.129770992 -64.8091603053 9.25954198473 END
START 0.696712683105 -4.21140072021 4.56334836426 250.129770992 -65.4885496183 2.13740458015 END
START 3.63200391846 -12.6485673706 9.14106193848 250.129770992 -69.7633587786 2.57251908397 END
START -1.7669208252 -12.0141039307 4.06296021729 250.129770992 -74.0610687023 8.40458015267 END
START -0.00478840332031 -9.56962403564 10.172962854 250.129770992 -67.9007633588 -4.77099236641 END
START 1.75016141357 -9.64145008545 8.5329347168 250.129770992 -68.6717557252 4.03816793893 END
START 4.19464130859 -5.16908138428 3.69664736328 250.129770992 -69.679389313 -1.70229007634 END
START -0.730231506348 -14.2502882812 10.6446205811 250.129770992 -79.4427480916 12.572519084 END
START 3.03584770508 -19.4983783203 9.67736311035 250.129770992 -83.1526717557 0.389312977099 END
START 0.227449157715 -9.16500395508 4.81952794189 250.129770992 -75.4503816794 2.70229007634 END
START 0.519541760254 -10.1825396606 9.56722983398 250.129770992 -67.9694656489 -3.38167938931 END
START -2.86346518555 -6.43321986084 6.38533582764 250.129770992 -87.0687022901 18.8091603053 END
START -0.727837304687 -5.61200869141 8.12592043457 250.129770992 -71.9465648855 19.0381679389 END
START -0.909796630859 -12.3014081299 8.94473740234 250.129770992 -88.0534351145 11.4503816794 END
START -5.62397969971 -2.06380183105 8.45392606201 250.129770992 -84.9160305344 7.06870229008 END
START 5.30315667725 -3.98873996582 3.9839515625 250.129770992 -91.0610687023 9.04580152672 END
START 0.744596716309 -12.0308633423 5.82748684082 250.129770992 -90.0992366412 7.65648854962 END
START 1.91775552979 -7.34541069336 9.08360109863 250.129770992 -100.053435115 7.84732824427 END
START 0.746990917969 -16.0291801147 1.83156427002 250.129770992 -95.3969465649 5.24427480916 END
START 6.92403120117 -3.96958635254 9.15303294678 250.129770992 -96.7175572519 13.6870229008 END
START 2.4636335083 -13.5751234131 5.85621726074 250.129770992 -98.4885496183 -2.12977099237 END
START -2.85628258057 -5.50905802002 10.7020814209 250.129770992 -104.938931298 2.96183206107 END
START 6.90487758789 -12.1362082153 13.6014596313 250.129770992 -104.946564885 12.1526717557 END
START -2.51870014648 0.3064578125 10.9965682251 250.129770992 -104.328244275 15.1755725191 END
START 10.7954552856 -6.22492431641 8.47786807861 250.129770992 -91.9618320611 7.20610687023 END
START -1.35032973633 -6.52180532227 9.72764134521 250.129770992 -89.4427480916 12.0076335878 END
START 3.99352836914 -10.2830961304 7.45793817139 250.129770992 -78.3893129771 7.6641221374 END
START 9.20809958496 -3.33751711426 5.31512768555 250.129770992 -74.4580152672 6.90839694656 END
START 0.0790086547852 -11.6549736816 6.44040246582 250.129770992 -63.5496183206 9.78625954198 END
START 3.27047946777 -10.5129394897 4.52264693604 250.129770992 -68.9007633588 5.41984732824 END
START 0.76375032959 -17.640477832 6.17464608154 250.129770992 -68.641221374 13.7328244275 END
START -1.59693250732 -9.77313117676 3.9121255127 250.129770992 -60.7404580153 12.213740458 END
START -2.45884510498 -11.293449231 10.8744639404 250.129770992 -65.4122137405 13.7022900763 END
START 2.817975354 -7.96311472168 8.10676682129 250.129770992 -61.1603053435 15.0229007634 END
START 6.40448944092 -5.95198532715 8.05888278809 250.129770992 -62.0381679389 9.96946564885 END
START -5.15711037598 -12.7012398071 9.09796630859 250.129770992 -58.8549618321 4.38167938931 END
START 1.06063133545 -6.91206019287 9.52652840576 250.129770992 -64.2061068702 -2.84732824427 END
START -6.32069238281 -5.23611903076 12.7132108154 250.129770992 -75.534351145 2.52671755725 END
START 5.2097828125 -11.2527478027 2.39899006348 250.129770992 -80.2061068702 -0.12213740458 END
START -6.29435616455 -10.2160584839 9.30865605469 250.129770992 -69.1374045802 11.9618320611 END
START -2.03028300781 -6.35899960937 7.36217010498 250.129770992 -72.6870229008 8.77099236641 END
START -0.332794030762 -17.4680953125 5.10683214111 250.129770992 -74.4961832061 9.23664122137 END
START 2.50912333984 -7.22091220703 5.20499440918 250.129770992 -69.6183206107 9.59541984733 END
START -1.02471831055 -6.90727178955 10.532093103 250.129770992 -67.4885496183 -3.41221374046 END
START 1.89381351318 -14.0707231567 1.59693250732 250.129770992 -65.3816793893 11.8167938931 END
START -1.51313544922 -12.3373211548 4.290409375 250.129770992 -69.427480916 2.08396946565 END
START 1.46525141602 -2.93768543701 4.20182391357 250.129770992 -63.7022900763 7.00763358779 END
START -1.13485158691 -10.3788641968 7.9439611084 250.129770992 -73.1450381679 12.0229007634 END
START 7.57525405273 -16.0052380981 9.33738647461 250.129770992 -65.0992366412 1.27480916031 END
START -3.16274039307 -14.4322476074 5.8945244873 250.129770992 -71.8625954198 9.58015267176 END
START 1.40539637451 -5.8945244873 12.6964514038 250.129770992 -69.320610687 4.75572519084 END
START 6.81150372314 -10.8553103271 11.5065331787 250.129770992 -80.7022900763 14.0687022901 END
START 3.12682736816 -11.1881043579 5.91367810059 250.129770992 -78.6335877863 0.198473282443 END
START 1.17555301514 -10.2807019287 10.6206785645 250.129770992 -85.2977099237 19.0381679389 END
START 2.68868846436 -9.40921252441 10.3668931885 250.129770992 -89.2977099237 9.85496183206 END
START -0.289698400879 -14.470554834 5.47075079346 250.129770992 -80.7251908397 7.56488549618 END
START 1.24498486328 -8.44195505371 9.10036051025 250.129770992 -96.0916030534 2.57251908397 END
START 0.198718737793 -6.6702458252 7.31189187012 250.129770992 -95.8015267176 12.2977099237 END
START -2.09253225098 -8.46350286865 3.9121255127 250.129770992 -82.641221374 5.93129770992 END
START -1.21625444336 -7.49145699463 7.06289489746 250.129770992 -81.5648854962 8.60305343511 END
START 6.25126053467 -12.8975643433 0.591367810059 250.129770992 -101.625954198 1.25190839695 END
START -0.538695373535 -12.9669961914 4.33111080322 250.129770992 -100.007633588 4.04580152672 END
START 6.1650692749 -17.7290632935 7.62074388428 250.129770992 -91.4198473282 9.00763358779 END
START 4.74291348877 -4.47476290283 8.45153186035 250.129770992 -103.20610687 7.3358778626 END
START -0.045489831543 -7.66383951416 0.878672009277 250.129770992 -94.2366412214 1.9465648855 END
START 0.797269152832 -8.18338127441 12.8951701416 250.129770992 -104.786259542 3.28244274809 END
START -4.85783516846 -3.97676895752 10.6494089844 250.129770992 -102.79389313 3.5572519084 END
START 0.126892687988 -11.0157218384 13.4266829102 250.129770992 -97.572519084 4.36641221374 END
START 3.81396324463 -7.67102211914 10.3525279785 250.129770992 -89.2442748092 17.2595419847 END
START -4.76206710205 -11.3820346924 4.8674119751 250.129770992 -80.7328244275 9.92366412214 END
START -8.19056387939 -2.65516964111 5.23133062744 250.129770992 -93.9847328244 11.2519083969 END
START -2.12844527588 -8.09240161133 6.51462271729 250.129770992 -83.1297709924 6.76335877863 END
START -7.91044228516 -12.9669961914 7.24724842529 250.129770992 -75.1526717557 15.9694656489 END
START 3.32075770264 -6.96233842773 5.24330163574 250.129770992 -69.7022900763 -1.26717557252 END
START 0.488417138672 -6.742071875 6.49307490234 250.129770992 -75.8549618321 6.90839694656 END
START 14.0276275269 -7.26400783691 6.47631549072 250.129770992 -69.3282442748 -3.22900763359 END
START 3.0166940918 -8.87769975586 11.9734025024 250.129770992 -65.5954198473 8.12213740458 END
START 7.02698187256 -10.2950671387 11.8536924194 250.129770992 -65.0152671756 7.01526717557 END
START 4.52743533936 -16.6732203613 6.375759021 250.129770992 -65.9923664122 5.96183206107 END
START 7.09880792236 -9.28231983643 6.43321986084 250.129770992 -70.534351145 14.4427480916 END
START 5.44920297852 -11.9662198975 8.73404765625 250.129770992 -64.7404580153 8.79389312977 END
START -0.30406361084 -5.62637390137 5.4683565918 250.129770992 -59.9923664122 -0.977099236641 END
START 3.38540114746 -7.89128867187 8.82981572266 250.129770992 -65.2748091603 7.7786259542 END
START 3.80678063965 -9.05726488037 7.52976422119 250.129770992 -47.5419847328 -3.49618320611 END
START -0.342370837402 -4.57531937256 8.9231895874 250.129770992 -57.6183206107 13.2977099237 END
START 0.634463439941 -8.6287027832 9.64145008545 250.129770992 -47.8854961832 -3.41221374046 END
START 2.63362182617 -12.3492921631 8.84418093262 250.129770992 -53.3740458015 4.15267175573 END
START 1.09893856201 -7.91523068848 10.8888291504 250.129770992 -61.2671755725 9.73282442748 END
START 4.15154567871 -14.6764561768 6.3637880127 250.129770992 -61.7099236641 13.4885496183 END
START -0.756567724609 -8.88248815918 10.6637741943 250.129770992 -67.8549618321 5.51145038168 END
START -3.69185895996 -15.2414877686 9.14824454346 250.129770992 -50.9847328244 4.68702290076 END
START 5.4563855835 -8.98543883057 5.95198532715 250.129770992 -62.1221374046 10.1221374046 END
START -7.3190744751 -8.81066210937 11.3173912476 250.129770992 -64.7251908397 12.0839694656 END
START 3.01908829346 -7.75003077393 4.9751510498 250.129770992 -56.9618320611 3.29007633588 END
START -4.01747038574 -6.66785162354 10.2304236938 250.129770992 -75.9465648855 17.2900763359 END
START -1.15639940186 -4.28083256836 11.166556543 250.129770992 -67.8625954198 1.14503816794 END
START 4.65193382568 -10.053252771 9.193734375 250.129770992 -73.1221374046 -1.16030534351 END
START 5.12837995605 -8.65503900146 8.53532891846 250.129770992 -70.4809160305 2.08396946565 END
START 7.93438430176 -10.1897222656 8.07803640137 250.129770992 -77.6870229008 11.2061068702 END
START -4.75727869873 -10.2759135254 8.31745656738 250.129770992 -66.9236641221 10.3053435115 END
START -7.30231506348 -8.46110866699 7.98945093994 250.129770992 -67.1526717557 12.2824427481 END
START -1.5322890625 -9.09317790527 8.64546219482 250.129770992 -70.1221374046 8.99236641221 END
START -6.14352145996 -12.3253501465 7.21372960205 250.129770992 -79.427480916 2.3358778626 END
START -4.06056601562 -10.7356002441 6.05972440186 250.129770992 -78.4198473282 -2.34351145038 END
START -1.51552965088 -7.2951324585 6.53377633057 250.129770992 -84.0763358779 6.54198473282 END
START -1.53468326416 -7.26879624023 6.15549246826 250.129770992 -86.4045801527 2.81679389313 END
START -3.94564433594 -7.10359632568 8.90643017578 250.129770992 -86.6183206107 -0.839694656489 END
START 2.83712896729 -10.6613799927 4.99430466309 250.129770992 -87.7709923664 9.46564885496 END