START -2.35589443359 -7.96072052002 11.0707884766 250.129770992 -65.8625954198 5.39694656489 END
START -2.20266552734 0.0287304199219 12.512097876 250.129770992 -72.3969465649 5.68702290076 END
START -1.64721074219 -2.7581203125 9.98860932617 250.129770992 -67.6946564885 8.40458015267 END
START -3.46919820557 -7.78833800049 11.6837041016 250.129770992 -83.8702290076 3.09160305344 END
START -0.586579406738 -4.70221206055 9.28471403809 250.129770992 -79.427480916 8.49618320611 END
START 2.97359846191 -5.32709869385 8.6047607666 250.129770992 -95.9694656489 17.9847328244 END
START 1.76931502686 -8.03733497314 5.88734188232 250.129770992 -97.1374045802 7.41221374046 END
START 1.32399351807 -11.3245738525 12.4402718262 250.129770992 -105.282442748 5.96183206107 END
START -2.63362182617 -9.43315454102 6.1890112915 250.129770992 -105.893129771 4.12213740458 END
START 7.07486590576 -4.20900651855 6.83065733643 250.129770992 -104.27480916 17.9465648855 END
START -1.97282216797 -9.75158336182 7.77157858887 250.129770992 -104.557251908 13.4351145038 END
START 2.61925661621 -10.3860468018 5.59285507812 250.129770992 -112.511450382 5.58015267176 END
START -2.03985981445 -3.49792862549 6.9767036377 250.129770992 -104.213740458 8.65648854962 END
START -1.53707746582 -9.10754311523 2.29603939209 250.129770992 -105.580152672 2.87786259542 END
START 1.44609780273 -8.98065042725 7.84819304199 250.129770992 -108.389312977 7.17557251908 END
START 3.75171400146 -5.51145222168 6.80910952148 250.129770992 -113.404580153 2.03816793893 END
START -3.32075770264 -9.28710823975 7.05571229248 250.129770992 -122.389312977 11.6488549618 END
START 4.87698878174 -10.1849338623 10.553640918 250.129770992 -127.984732824 7.48091603053 END
START -1.91296712646 -7.16105716553 4.41251365967 250.129770992 -130.396946565 2.65648854962 END
START -0.670376464844 -12.3756283813 4.79079752197 250.129770992 -109.259541985 5.29770992366 END
START -0.814028564453 -8.214505896 8.60236656494 250.129770992 -112.129770992 11.0687022901 END
START -0.76375032959 -9.44512554932 1.4844050293 250.129770992 -114.305343511 6.12213740458 END
START 1.74297880859 -16.196774231 7.03895288086 250.129770992 -113.396946565 6.6641221374 END
START -0.347159240723 -4.71897147217 9.02614025879 250.129770992 -110.572519084 -5.00763358779 END
START 6.81868632812 -6.64869801025 9.56483563232 250.129770992 -104.160305344 2.81679389313 END
START 6.16985767822 -7.04613548584 10.3884410034 250.129770992 -104.358778626 9.62595419847 END
START 4.48433970947 -12.8520745117 10.7691190674 250.129770992 -103.633587786 17.5572519084 END
START -0.715866296387 -3.17710560303 6.42603725586 250.129770992 -104.41221374 2.35877862595 END
START 10.0891657959 -5.91128389893 10.0436759644 250.129770992 -103.877862595 12.3664122137 END
START 1.83395847168 -6.35899960937 7.68778153076 250.129770992 -98.4351145038 3.24427480916 END
START 6.49307490234 -8.97825622559 7.01501086426 250.129770992 -92.1297709924 -1.98473282443 END
START -1.58735570068 -5.94480272217 6.37815322266 250.129770992 -73.8854961832 6.8320610687 END
START 4.61602080078 -4.39814844971 10.9415015869 250.129770992 -67.4198473282 8.25954198473 END
START 5.98310994873 -11.025298645 11.525686792 250.129770992 -52.6106870229 6.90076335878 END
START 7.88650026855 -6.73728347168 11.0300870483 250.129770992 -34.1908396947 2.90076335878 END
START 1.54665427246 -1.94409174805 6.48110389404 250.129770992 -35.7328244275 8.80916030534 END
START -0.438138903809 -7.70454094238 7.18739338379 250.129770992 -43.9465648855 7.52671755725 END
START 3.48835181885 -4.33589920654 7.27358464355 250.129770992 -41.427480916 0.610687022901 END
START -0.469263525391 -9.15303294678 7.53934102783 250.129770992 -40.3053435115 4.84732824427 END
START -2.43011468506 -10.793061084 4.23534273682 250.129770992 -40.5954198473 9.88549618321 END
START 0.330399829102 -9.17218656006 8.49223328857 250.129770992 -48.0229007634 1.87786259542 END
START -1.28329208984 -12.7874310669 10.1681744507 250.129770992 -42.679389313 11.5877862595 END
START -1.592144104 -7.41244833984 13.378798877 250.129770992 -40.2442748092 8.29007633588 END
START -1.43173259277 -7.52737001953 4.29519777832 250.129770992 -31.6946564885 4.35877862595 END
START 4.86022937012 -8.9231895874 7.64708010254 250.129770992 -40.8320610687 6.07633587786 END
START -1.74776721191 -11.0971246948 5.74129558105 250.129770992 -42.7480916031 9.8320610687 END
START -1.13245738525 -9.1578213501 5.762843396 250.129770992 -49.0458015267 -0.75572519084 END
START 6.22013591309 -13.5056915649 6.48828649902 250.129770992 -41.679389313 9.91603053435 END
START 2.66474644775 -8.77474908447 3.68228215332 250.129770992 -49.6946564885 10.5496183206 END
START 2.31040460205 -7.20415279541 6.39491263428 250.129770992 -53.9923664122 5.06106870229 END
START 4.20661231689 -4.83868155518 8.06367119141 250.129770992 -57.4427480916 -1.24427480916 END
START 1.82198746338 -10.6948988159 2.01591779785 250.129770992 -64.2213740458 10.2748091603 END
START -1.57299049072 -6.10282003174 6.24168372803 250.129770992 -76.2824427481 7.58015267176 END
START -2.23139594727 -9.11951412354 10.4794206665 250.129770992 -85.4045801527 9.29770992366 END
START 3.68228215332 -7.60398447266 8.32942757568 250.129770992 -79.0763358779 9.03053435115 END
START -0.30406361084 -7.56088884277 3.95282694092 250.129770992 -84.7709923664 12.8778625954 END
START 11.0803652832 -4.65432802734 4.19942971191 250.129770992 -98.893129771 -1.51145038168 END
START 3.55778366699 -2.41814367676 6.40209523926 250.129770992 -99.1221374046 20.5801526718 END
START 1.99436998291 -8.55208833008 0.76375032959 250.129770992 -96.572519084 -1.81679389313 END
START 2.98317526855 -14.1162129883 6.4834980957 250.129770992 -101.541984733 10.679389313 END
START 5.68144053955 -15.6269542358 6.95036741943 250.129770992 -104.93129771 -1.82442748092 END
START 7.69496413574 -9.37808790283 7.91523068848 250.129770992 -104.816793893 1.29770992366 END
START 3.08133753662 -13.3764046753 3.28723887939 250.129770992 -102.58778626 11.4351145038 END
START 3.1364041748 -16.2087452393 8.10916102295 250.129770992 -104.496183206 6.69465648855 END
START 5.31033928223 -7.52497581787 11.3820346924 250.129770992 -104.541984733 4.41984732824 END
START 0.91219083252 -11.2551420044 7.38132371826 250.129770992 -104.0 3.59541984733 END
START 1.7788918335 -4.08690223389 6.99346304932 250.129770992 -111.083969466 12.5572519084 END
START 4.01507618408 -4.22097752686 10.3357685669 250.129770992 -104.396946565 -0.282442748092 END
START 4.10126744385 -4.90571920166 10.4506902466 250.129770992 -104.847328244 5.42748091603 END
START -3.60327349854 -6.40688364258 10.0269165527 250.129770992 -103.938931298 -0.572519083969 END
START -1.30723410645 -7.47709178467 2.86585938721 250.129770992 -111.465648855 9.00763358779 END
START 8.73883605957 -10.9654436035 11.3173912476 250.129770992 -104.427480916 12.6106870229 END
START 4.88656558838 -4.76685550537 6.64869801025 250.129770992 -103.870229008 4.54961832061 END
START 7.01979926758 -17.6787850586 5.48990440674 250.129770992 -104.404580153 5.52671755725 END
START 8.04451757812 -1.97282216797 7.18260498047 250.129770992 -104.335877863 8.58778625954 END
START 8.33900438232 -12.9885440063 5.42286676025 250.129770992 -104.145038168 13.4351145038 END
START 2.87543619385 -9.95748470459 7.25203682861 250.129770992 -97.7709923664 2.58015267176 END
START 5.03740029297 -12.6150485474 5.08049592285 250.129770992 -97.5801526718 11.5038167939 END
START 6.20816490479 -15.6987802856 7.66623371582 250.129770992 -98.1297709924 9.51145038168 END
START -0.172382519531 -11.9327010742 4.93444962158 250.129770992 -73.7099236641 5.96946564885 END
START 4.8793829834 -13.005303418 3.7373487915 250.129770992 -71.3358778626 5.93893129771 END
START -2.17872351074 -8.70771143799 11.9374894775 250.129770992 -64.6106870229 9.8320610687 END
START 0.641646044922 -10.4698438599 6.31350977783 250.129770992 -46.4427480916 3.67938931298 END
START 2.55700737305 -9.30386765137 3.43807358398 250.129770992 -43.358778626 -3.80152671756 END
START -0.646434448242 -5.11880314941 6.00226356201 250.129770992 -46.1526717557 -2.46564885496 END
START -1.13724578857 -3.9959225708 7.51539901123 250.129770992 -49.4732824427 0.458015267176 END
START 1.00317049561 -6.88093557129 5.85382305908 250.129770992 -51.6106870229 16.6335877863 END
START 3.9121255127 -6.20816490479 5.66228692627 250.129770992 -56.8015267176 0.610687022901 END
START -0.258573779297 -9.50498059082 6.94557901611 250.129770992 -59.7633587786 4.21374045802 END
START 3.19386501465 -2.97838686523 4.63756861572 250.129770992 -65.9847328244 -0.328244274809 END
START 0.0287304199219 -5.65031591797 12.6964514038 250.129770992 -70.6641221374 2.12213740458 END
START 3.54820686035 -12.2176110718 1.47961662598 250.129770992 -72.0534351145 0.541984732824 END
START -1.17315881348 -8.16662186279 11.511321582 250.129770992 -75.5267175573 -1.6641221374 END
START 0.711077893066 -0.818816967773 7.47230338135 250.129770992 -77.2366412214 6.06106870229 END
START 1.01035310059 -11.3652752808 6.58884296875 250.129770992 -72.572519084 14.893129771 END
START 0.543483776855 -8.96867941895 6.48828649902 250.129770992 -60.6564885496 8.74809160305 END
START 0.888248815918 -5.7748144043 13.4458365234 250.129770992 -70.358778626 -1.26717557252 END
START 0.847547387695 -10.2591541138 8.60236656494 250.129770992 -56.3664122137 2.87022900763 END
START 1.08457335205 -1.44609780273 8.76517227783 250.129770992 -47.1297709924 -3.24427480916 END
START 6.59841977539 -6.73728347168 7.3789295166 250.129770992 -44.1984732824 6.19083969466 END
START 9.14106193848 -6.81629212646 6.68461103516 250.129770992 -46.1832061069 6.88549618321 END
START 8.73644185791 -8.37731160889 3.43328518066 250.129770992 -45.9465648855 5.01526717557 END
START 0.375889660645 -9.55047042236 7.41723674316 250.129770992 -49.6106870229 2.76335877863 END
START -0.909796630859 -7.25203682861 5.67904633789 250.129770992 -46.106870229 7.37404580153 END