START 0.184353527832 -7.66623371582 5.76763179932 250.129770992 -64.465648855 15.1603053435 END
START 4.55616575928 -8.8154505127 3.95522114258 250.129770992 -67.8702290076 -2.70992366412 END
START 0.593762011719 -6.53138212891 6.37815322266 250.129770992 -74.9007633588 17.9618320611 END
START -0.107739074707 -7.3669585083 6.4116720459 250.129770992 -84.213740458 11.8854961832 END
START 5.96635053711 -7.02698187256 3.30639249268 250.129770992 -74.2290076336 4.43511450382 END
START -1.10851536865 -8.39167681885 7.57525405273 250.129770992 -86.5496183206 3.5572519084 END
START 3.37582434082 -9.22007059326 4.01268198242 250.129770992 -91.3969465649 1.19847328244 END
START 8.42040723877 -6.79235010986 7.01022246094 250.129770992 -99.5648854962 5.35877862595 END
START -1.14921679688 -5.17147558594 4.90811340332 250.129770992 -90.3282442748 -2.2213740458 END
START 3.94085593262 -10.9845972168 11.0229044434 250.129770992 -104.045801527 13.0763358779 END
START 0.45729251709 -8.87051715088 1.57059628906 250.129770992 -104.038167939 3.02290076336 END
START -0.289698400879 -10.2615483154 6.59602557373 250.129770992 -103.618320611 3.67175572519 END
START 2.60010300293 -7.5896192627 2.29843359375 250.129770992 -103.664122137 2.85496183206 END
START 3.37582434082 -8.21929429932 7.51539901123 250.129770992 -109.053435115 11.0916030534 END
START 10.0197339478 -10.800243689 11.8417214111 250.129770992 -111.290076336 9.29007633588 END
START 1.21625444336 -11.1833159546 5.01824667969 250.129770992 -104.900763359 12.0076335878 END
START -2.45884510498 -6.13633885498 -0.323217224121 250.129770992 -118.213740458 6.21374045802 END
START 0.964863269043 -8.14028564453 9.32780966797 250.129770992 -115.030534351 -0.977099236641 END
START 3.38061274414 -10.0364933594 5.1618987793 250.129770992 -109.351145038 13.2290076336 END
START 4.16830509033 -12.4306950195 9.43554874268 250.129770992 -112.129770992 4.03816793893 END
START 2.32476981201 -12.7299702271 10.2878845337 250.129770992 -104.473282443 2.20610687023 END
START -3.93846173096 0.3064578125 10.8074262939 250.129770992 -102.816793893 15.2900763359 END
START -6.3877300293 -9.53371101074 8.54011732178 250.129770992 -107.076335878 9.42748091603 END
START 5.882553479 -9.30147344971 11.9997387207 250.129770992 -111.641221374 6.51145038168 END
START -0.509964953613 -10.7236292358 9.15063874512 250.129770992 -120.34351145 17.7328244275 END
START 3.96719215088 -7.98226833496 7.69975253906 250.129770992 -103.946564885 12.0534351145 END
START 4.39096584473 -10.2016932739 7.31668027344 250.129770992 -104.0 3.65648854962 END
START 0.031124621582 -5.2337248291 6.35421120605 250.129770992 -103.007633588 5.89312977099 END
START -1.10851536865 -8.64546219482 4.68545264893 250.129770992 -83.3129770992 6.82442748092 END
START 10.4530844482 -3.81875164795 12.9071411499 250.129770992 -64.572519084 13.0916030534 END
START -1.51074124756 -9.40442412109 8.55448253174 250.129770992 -50.8473282443 6.70992366412 END
START 0.622492431641 -6.63193859863 7.16584556885 250.129770992 -45.2366412214 2.40458015267 END
START 1.4604630127 -4.96557424316 6.37097061768 250.129770992 -42.9541984733 -3.82442748092 END
START 3.85227047119 -9.30865605469 1.5322890625 250.129770992 -36.1984732824 3.67938931298 END
START 6.21534750977 -9.1219083252 5.73171877441 250.129770992 -43.0152671756 7.92366412214 END
START 3.04303031006 -5.8705824707 7.05092388916 250.129770992 -34.6946564885 4.68702290076 END
START 1.2378022583 -9.17936916504 7.07965430908 250.129770992 -40.5648854962 6.70229007634 END
START 3.42131417236 -10.1298672241 -0.112527478027 250.129770992 -34.8015267176 -2.0534351145 END
START 1.35272393799 -8.84418093262 11.8704518311 250.129770992 -32.9389312977 15.9618320611 END
START -3.3351229126 -11.2958434326 10.1562034424 250.129770992 -32.0763358779 4.96183206107 END
START 2.1571756958 -9.34935748291 6.11239683838 250.129770992 -34.2061068702 0.412213740458 END
START 2.97838686523 -6.91684859619 13.1848685425 250.129770992 -24.358778626 5.03816793893 END
START -9.58638344727 -17.2693765747 9.97184991455 250.129770992 -40.465648855 5.48091603053 END
START 4.22337172852 -9.84016882324 6.57687196045 250.129770992 -33.4732824427 3.56488549618 END
START -2.85628258057 -10.1969048706 7.05092388916 250.129770992 -38.1221374046 5.38167938931 END
START -3.36145913086 -5.54497104492 13.6254016479 250.129770992 -41.6335877863 9.87022900763 END
START 1.45328040771 -4.77403811035 7.76439598389 250.129770992 -43.7709923664 9.02290076336 END
START -6.75643708496 -7.45314976807 4.07253702393 250.129770992 -51.2977099237 7.31297709924 END
START -0.260967980957 -5.99986936035 2.05661922607 250.129770992 -58.8396946565 3.93893129771 END
START 2.86346518555 -5.41568415527 13.9605898804 250.129770992 -69.8625954198 -1.56488549618 END
START 3.91930811768 -14.0012913086 11.2383825928 250.129770992 -82.0076335878 4.12213740458 END
START 0.895431420898 -9.46906756592 2.50912333984 250.129770992 -75.4885496183 8.40458015267 END
START -0.316034619141 -5.03021768799 8.13549724121 250.129770992 -81.5038167939 12.1755725191 END
START 3.08133753662 -4.43884987793 6.68939943848 250.129770992 -95.2977099237 8.23664122137 END
START -0.241814367676 -4.2544963501 9.40202991943 250.129770992 -86.572519084 3.16030534351 END
START -0.557848986816 -9.87129344482 7.69256993408 250.129770992 -100.0 11.0305343511 END
START 3.07894333496 -9.52652840576 6.46673868408 250.129770992 -103.778625954 -2.29770992366 END
START -6.17464608154 -15.2462761719 7.33822808838 250.129770992 -104.557251908 6.38167938931 END
START -0.572214196777 -10.6709567993 9.4882211792 250.129770992 -104.045801527 -1.68702290076 END
START 0.689530078125 -8.69813463135 7.32865128174 250.129770992 -102.41221374 1.19847328244 END
START -0.124498486328 -8.76996068115 6.97430943604 250.129770992 -104.65648855 3.42748091603 END
START 8.55927093506 -11.3245738525 7.23767161865 250.129770992 -104.229007634 10.786259542 END
START -5.81791003418 -16.0219975098 4.84825836182 250.129770992 -104.038167939 2.9465648855 END
START 6.79953271484 -11.2264115845 7.43399615479 250.129770992 -104.519083969 0.114503816794 END
START 5.47075079346 -9.68215151367 8.70052883301 250.129770992 -104.389312977 3.46564885496 END
START 1.99676418457 -6.98628044434 9.55286462402 250.129770992 -104.404580153 0.267175572519 END
START 5.21696541748 -7.89368287354 6.4356140625 250.129770992 -104.519083969 8.90839694656 END
START 9.70609353027 -11.9829793091 7.01979926758 250.129770992 -95.8091603053 8.78625954198 END
START 3.84748206787 -8.56405933838 8.89685336914 250.129770992 -104.229007634 -0.229007633588 END
START 2.30801040039 -13.1298019043 9.86411083984 250.129770992 -103.763358779 0.908396946565 END
START 2.86825358887 -13.9749550903 5.5521536499 250.129770992 -111.34351145 10.0 END
START 3.16274039307 -11.9183358643 5.37737692871 250.129770992 -104.244274809 3.85496183206 END
START 11.9494604858 -5.43004936523 9.52652840576 250.129770992 -100.595419847 3.07633587786 END
START 2.96162745361 -3.83072265625 8.90643017578 250.129770992 -76.1450381679 3.58015267176 END
START 12.9215063599 -1.97042796631 5.95677373047 250.129770992 -66.6030534351 2.86259541985 END
START 5.74129558105 -9.65581529541 6.05014759521 250.129770992 -67.2519083969 10.9465648855 END
START -0.514753356934 -3.41173736572 7.77636699219 250.129770992 -62.7404580153 7.32824427481 END
START 5.68862314453 -1.31681091309 7.96550892334 250.129770992 -48.0381679389 -2.32061068702 END
START 8.67658681641 -9.34935748291 8.19295808105 250.129770992 -48.7480916031 9.03816793893 END
START 2.43729729004 -11.1545855347 6.75883128662 250.129770992 -39.9923664122 -0.0229007633588 END
START 0.91219083252 -0.239420166016 10.1226846191 250.129770992 -40.1908396947 -1.93129770992 END
START 6.58644876709 -7.25682523193 13.6517378662 250.129770992 -32.6717557252 10.8625954198 END
START 5.74847818604 -10.6685625977 11.7770779663 250.129770992 -44.5801526718 1.85496183206 END
START 3.00711728516 -8.75559547119 11.6094838501 250.129770992 -38.0 9.54198473282 END
START -4.97036264648 0.955286462402 3.92649072266 250.129770992 -52.5801526718 12.6183206107 END
START 1.29286889648 -8.03015236816 11.2431709961 250.129770992 -55.9618320611 1.01526717557 END
START -1.03190091553 -9.61271966553 5.70298835449 250.129770992 -56.3129770992 -4.74809160305 END
START -4.07493122559 -10.2016932739 7.45075556641 250.129770992 -55.8015267176 -2.61832061069 END
START -2.95683905029 -9.68933411865 9.34456907959 250.129770992 -64.6946564885 -3.20610687023 END
START 9.96227310791 -2.93529123535 6.4236430542 250.129770992 -63.8396946565 3.09160305344 END
START -1.65678754883 -5.11880314941 9.80186159668 250.129770992 -66.2671755725 2.09923664122 END
START -2.3798364502 -4.69742365723 11.4371013306 250.129770992 -66.7480916031 8.73282442748 END
START -0.521935961914 -12.7275760254 11.271901416 250.129770992 -76.9847328244 8.12213740458 END
START 0.232237561035 -10.3836526001 8.45871446533 250.129770992 -66.1221374046 12.2366412214 END
START -2.87783039551 -8.22887110596 7.03416447754 250.129770992 -67.3129770992 9.53435114504 END