START -2.55461317139 -8.08043060303 8.76996068115 250.129770992 -73.9618320611 3.76335877863 END
START 2.33195241699 -3.32554610596 11.0731826782 250.129770992 -77.9618320611 11.0992366412 END
START -0.335188232422 -4.52264693604 10.1466266357 250.129770992 -71.5648854962 9.6106870229 END
START 6.3997010376 -10.9606552002 8.78432589111 250.129770992 -64.0229007634 5.97709923664 END
START -0.0598550415039 -13.836091394 4.37181223145 250.129770992 -76.7480916031 5.08396946565 END
START 3.26808526611 -12.0811415771 7.66383951416 250.129770992 -79.2977099237 7.13740458015 END
START 6.24647213135 -4.98712205811 6.44997927246 250.129770992 -79.465648855 -1.25954198473 END
START 3.73016618652 -16.9174289307 3.73974299316 250.129770992 -84.7251908397 13.1374045802 END
START -2.01591779785 -9.34696328125 3.11006795654 250.129770992 -91.9083969466 7.41221374046 END
START -2.44447989502 -8.33661018066 10.7739074707 250.129770992 -95.9389312977 14.2595419847 END
START 2.33195241699 -8.6526447998 9.02853446045 250.129770992 -95.8702290076 5.97709923664 END
START -4.12520946045 -10.785878479 10.9798088135 250.129770992 -93.9083969466 5.1679389313 END
START -1.21146604004 -8.50420429687 2.4756045166 250.129770992 -107.381679389 2.43511450382 END
START 6.72531246338 -9.1578213501 6.34702860107 250.129770992 -92.8473282443 -0.465648854962 END
START -0.876277807617 -10.5943423462 4.15872828369 250.129770992 -102.076335878 -2.73282442748 END
START -0.402225878906 -11.7986257812 3.0166940918 250.129770992 -97.2213740458 6.01526717557 END
START -2.28167418213 -3.96240374756 6.84981094971 250.129770992 -104.427480916 4.43511450382 END
START -9.90960067139 -4.71657727051 6.48110389404 250.129770992 -104.969465649 10.3969465649 END
START 4.38378323975 -9.22246479492 9.21528218994 250.129770992 -104.625954198 7.02290076336 END
START 5.5760956665 -4.53222374268 8.48505068359 250.129770992 -106.572519084 12.8854961832 END
START -1.98479317627 -11.2168347778 10.7427828491 250.129770992 -104.091603053 9.03816793893 END
START 6.8138979248 -13.0076976196 14.3221143311 250.129770992 -105.511450382 1.32824427481 END
START -0.0263362182617 -10.2160584839 8.20492908936 250.129770992 -102.114503817 13.6335877863 END
START -7.34541069336 -2.35828863525 14.0611463501 250.129770992 -105.419847328 7.86259541985 END
START -5.96635053711 -8.91840118408 9.16500395508 250.129770992 -102.267175573 -0.435114503817 END
START 1.2018892334 -12.0955067871 11.279084021 250.129770992 -103.977099237 10.2671755725 END
START -3.82832845459 -16.3739451538 3.58890828857 250.129770992 -91.0610687023 14.358778626 END
START 10.5727945312 -13.117830896 7.85776984863 250.129770992 -89.0152671756 11.213740458 END
START 1.41257897949 -7.58483085937 13.723563916 250.129770992 -86.6183206107 6.28244274809 END
START 0.189141931152 -9.1458503418 6.15549246826 250.129770992 -75.4961832061 8.97709923664 END
START -1.04866032715 -4.79798012695 8.76996068115 250.129770992 -63.0992366412 5.70992366412 END
START 1.40539637451 -13.3620394653 13.4506249268 250.129770992 -62.2442748092 1.11450381679 END
START 2.09253225098 -6.26562574463 5.68144053955 250.129770992 -67.0229007634 9.79389312977 END
START 7.04613548584 -12.765883252 8.59039555664 250.129770992 -63.1526717557 5.32061068702 END
START -4.69742365723 -12.9646019897 7.58004245605 250.129770992 -57.0152671756 7.06870229008 END
START 7.15626876221 -8.62152017822 5.75566079102 250.129770992 -66.3893129771 -0.564885496183 END
START -1.55862528076 -14.3532389526 8.87051715088 250.129770992 -61.7251908397 -0.534351145038 END
START -1.50355864258 -8.25281312256 7.55849464111 250.129770992 -56.6488549618 -1.30534351145 END
START -5.1738697876 -5.59046087646 8.93755479736 250.129770992 -63.2671755725 13.4503816794 END
START 1.61608612061 -4.03662399902 12.4546370361 250.129770992 -74.8854961832 9.03816793893 END
START -2.76051451416 -5.99508095703 11.4323129272 250.129770992 -67.4503816794 8.58778625954 END
START 6.59363137207 -4.98233365479 5.39653054199 250.129770992 -66.6717557252 -0.0839694656489 END
START 3.21062442627 -9.61032546387 6.37097061768 250.129770992 -64.7099236641 11.4809160305 END
START 2.03746561279 -11.1737391479 12.3660515747 250.129770992 -62.679389313 19.8167938931 END
START 0.0718260498047 -8.05888278809 10.7140524292 250.129770992 -80.0305343511 7.38167938931 END
START 1.98718737793 -7.95832631836 4.94402642822 250.129770992 -71.8015267176 13.7022900763 END
START -1.69988317871 -10.4459018433 5.20020600586 250.129770992 -83.2442748092 5.06870229008 END
START 4.75488449707 -9.56483563232 7.2951324585 250.129770992 -69.9847328244 4.69465648855 END
START 1.95366855469 -7.85537564697 6.24886633301 250.129770992 -74.9236641221 -3.48854961832 END
START 2.4995465332 -12.1936690552 3.10767375488 250.129770992 -88.1221374046 8.4427480916 END
START -5.31033928223 -9.37569370117 5.98310994873 250.129770992 -85.7099236641 5.36641221374 END
START -0.495599743652 -9.35654008789 7.55370623779 250.129770992 -85.213740458 0.0610687022901 END
START 0.30166940918 -11.2024695679 6.7061588501 250.129770992 -88.0152671756 -3.7786259542 END
START 2.84431157227 -11.65257948 3.38061274414 250.129770992 -99.465648855 9.58778625954 END
START -6.33745179443 -10.0197339478 7.13711514893 250.129770992 -93.8854961832 5.24427480916 END
START 1.05344873047 -6.75164868164 9.61271966553 250.129770992 -88.1297709924 8.79389312977 END
START 5.71735356445 -10.2615483154 8.53054051514 250.129770992 -97.0381679389 13.9389312977 END
START 1.24019645996 -5.28879146729 9.68693991699 250.129770992 -96.8320610687 2.47328244275 END
START -3.7373487915 -14.3245085327 9.52892260742 250.129770992 -102.442748092 -4.19847328244 END
START 1.01274730225 -10.1825396606 7.20415279541 250.129770992 -101.755725191 10.9694656489 END
START 0.126892687988 -16.9246115356 9.16260975342 250.129770992 -104.541984733 3.64885496183 END
START -3.18907661133 -10.658985791 8.52335791016 250.129770992 -101.572519084 10.1374045802 END
START -1.58496149902 -13.0843120728 6.56968935547 250.129770992 -99.5648854962 2.45801526718 END
START 0.660799658203 -14.329296936 10.6302553711 250.129770992 -86.0534351145 -3.15267175573 END
START 1.31441671143 -11.3389390625 2.66474644775 250.129770992 -89.8167938931 0.412213740458 END
START 4.02704719238 -8.03015236816 14.4897084473 250.129770992 -95.2519083969 11.1297709924 END
START 0.399831677246 -9.59356605225 7.01501086426 250.129770992 -90.8091603053 7.54961832061 END
START -8.79629689941 -13.5918828247 6.1052142334 250.129770992 -80.5190839695 4.82442748092 END
START -3.41652576904 -7.74524237061 4.9631800415 250.129770992 -74.4427480916 4.04580152672 END
START -0.397437475586 -6.60081397705 5.35343491211 250.129770992 -72.2366412214 7.90076335878 END
START 3.67749375 -11.0851536865 11.4347071289 250.129770992 -64.3435114504 13.679389313 END
START -4.13718046875 -11.4107651123 5.23851323242 250.129770992 -76.358778626 -0.160305343511 END
START 8.31506236572 -16.8192666626 10.4363250366 250.129770992 -66.4198473282 8.97709923664 END
START 3.30399829102 -9.90481226807 7.06528909912 250.129770992 -67.8778625954 6.23664122137 END
START 10.3405569702 -11.5280809937 9.88326445312 250.129770992 -71.9007633588 9.64122137405 END
START 5.48751020508 -15.4952731445 7.72369455566 250.129770992 -79.9160305344 -0.603053435115 END
START -6.495469104 -6.87135876465 10.9103769653 250.129770992 -75.2671755725 2.26717557252 END
START 0.46208092041 -7.18260498047 11.5855418335 250.129770992 -76.1755725191 6.56488549618 END
START 3.50271702881 -2.08295544434 7.63989749756 250.129770992 -74.8702290076 0.969465648855 END
START 1.85790048828 -10.3980178101 10.8289741089 250.129770992 -56.9694656489 11.4351145038 END
START 4.46518609619 -15.5742817993 10.9031943604 250.129770992 -54.7709923664 3.31297709924 END
START -3.47398660889 -7.4028715332 6.10042583008 250.129770992 -63.5572519084 1.56488549618 END
START 3.92649072266 -4.8314989502 4.80755693359 250.129770992 -63.106870229 0.534351145038 END
START 1.82198746338 -14.8823575195 12.7467296387 250.129770992 -51.1145038168 1.90839694656 END
START -0.799663354492 -6.00944616699 10.1753570557 250.129770992 -66.1221374046 9.84732824427 END
START -6.96233842773 -6.85459935303 7.59440766602 250.129770992 -54.0152671756 7.03816793893 END
START -1.9105729248 -7.96311472168 6.94557901611 250.129770992 -68.1832061069 9.70229007634 END
START 0.0478840332031 -17.1089650635 4.87459458008 250.129770992 -58.534351145 -1.58015267176 END
START 0.373495458984 -9.60553706055 10.0795889893 250.129770992 -48.106870229 8.25190839695 END
START 5.12598575439 -5.83227524414 12.6054717407 250.129770992 -40.572519084 13.1832061069 END
START 8.73165345459 -8.41801303711 4.42927307129 250.129770992 -39.9847328244 1.3893129771 END
START -4.3023803833 -8.70531723633 10.9438957886 250.129770992 -37.5648854962 10.9236641221 END
START 2.39899006348 -13.991714502 8.37970581055 250.129770992 -41.8778625954 16.9007633588 END
START -4.48433970947 -6.73488927002 11.4011883057 250.129770992 -45.5496183206 9.20610687023 END
START 3.34230551758 -7.81228001709 11.7890489746 250.129770992 -45.6106870229 8.47328244275 END
START -5.34864650879 -3.88818349609 6.44279666748 250.129770992 -59.106870229 17.358778626 END
START -5.15711037598 -10.4171714233 7.08683691406 250.129770992 -65.3893129771 9.59541984733 END
START 4.00310517578 -9.94311949463 6.94079061279 250.129770992 -54.9541984733 9.08396946565 END
START -4.14436307373 -10.6254669678 8.9112185791 250.129770992 -61.8778625954 6.70992366412 END
START 0.363918652344 -6.91684859619 8.91600698242 250.129770992 -74.2442748092 5.81679389313 END
START -3.17471140137 -9.49540378418 7.66623371582 250.129770992 -71.3664122137 5.90076335878 END
START -3.80917484131 -12.7778542603 2.41814367676 250.129770992 -78.9618320611 2.62595419847 END
START -4.15633408203 -3.76129080811 8.13549724121 250.129770992 -81.5114503817 5.6641221374 END
START 0.0837970581055 -10.1681744507 12.0787473755 250.129770992 -72.320610687 -0.389312977099 END
START 0.725443103027 -11.4490723389 7.94156690674 250.129770992 -75.7099236641 2.11450381679 END
START 2.00634099121 -4.82431634521 10.3860468018 250.129770992 -79.5572519084 5.50381679389 END
START 2.80361014404 -9.18655177002 6.85459935303 250.129770992 -79.9847328244 5.45801526718 END
START 3.19147081299 -7.32146867676 8.12352623291 250.129770992 -73.641221374 12.534351145 END
START -1.19470662842 -7.19218178711 3.80199223633 250.129770992 -65.7175572519 12.3435114504 END
START -0.806845959473 -9.56722983398 7.33583388672 250.129770992 -79.3740458015 9.51145038168 END
START -3.48835181885 -11.4562549438 12.2607067017 250.129770992 -70.3740458015 13.641221374 END