START 3.23456644287 -10.3764699951 5.92564910889 250.129770992 -84.0305343511 12.5572519084 END
START -1.46525141602 -11.9662198975 6.32548078613 250.129770992 -81.3816793893 0.160305343511 END
START 5.98071574707 -12.7467296387 5.14035096436 250.129770992 -82.4427480916 -2.16030534351 END
START -5.80354482422 -16.3715509521 5.5401826416 250.129770992 -83.6946564885 4.26717557252 END
START 3.59609089355 -11.391611499 8.48505068359 250.129770992 -76.4198473282 5.35877862595 END
START 8.17619866943 -9.65342109375 6.53377633057 250.129770992 -81.5267175573 7.70992366412 END
START 8.90643017578 -7.03416447754 5.88494768066 250.129770992 -99.0381679389 2.25190839695 END
START 1.25695587158 -10.6541973877 7.6375032959 250.129770992 -97.0381679389 5.70229007634 END
START 2.59531459961 -5.1379567627 10.0173397461 250.129770992 -97.5648854962 5.26717557252 END
START 0.208295544434 -13.7762363525 7.50103380127 250.129770992 -83.1374045802 7.80152671756 END
START 1.4604630127 -14.8344734863 6.1411272583 250.129770992 -85.7709923664 4.39694656489 END
START -1.57777889404 -11.7435591431 1.68312376709 250.129770992 -77.6259541985 3.92366412214 END
START 1.2856862915 -7.68299312744 5.99986936035 250.129770992 -77.1221374046 0.63358778626 END
START -0.775721337891 -2.66953485107 10.2064816772 250.129770992 -65.572519084 -1.46564885496 END
START 2.00634099121 -7.75003077393 7.45554396973 250.129770992 -79.3740458015 10.2595419847 END
START 6.06211860352 -7.48427438965 13.1369845093 250.129770992 -65.4198473282 3.88549618321 END
START 0.577002600098 -11.2383825928 8.40364782715 250.129770992 -74.2977099237 8.48854961832 END
START 2.28167418213 -9.99100352783 8.79629689941 250.129770992 -78.6106870229 13.0458015267 END
START -3.14119257812 -10.6446205811 6.99346304932 250.129770992 -76.4809160305 5.89312977099 END
START 8.80826790771 -11.4778027588 8.34379278564 250.129770992 -86.9847328244 10.8778625954 END
START -5.01585247803 -11.8752402344 7.56088884277 250.129770992 -81.2977099237 5.4427480916 END
START 7.08683691406 -11.8201735962 3.3830069458 250.129770992 -70.0534351145 2.11450381679 END
START 9.07641849365 -14.9350299561 11.3006318359 250.129770992 -77.786259542 13.5267175573 END
START 4.12520946045 -13.9486188721 6.34702860107 250.129770992 -83.6030534351 8.84732824427 END
START -7.56807144775 -10.8864349487 13.2973960205 250.129770992 -77.9312977099 -1.50381679389 END
START -0.852335791016 -4.78600911865 11.899182251 250.129770992 -89.4885496183 3.04580152672 END
START 3.91691391602 -6.82347473145 7.64708010254 250.129770992 -80.2595419847 9.15267175573 END
START -1.81719906006 -10.9319247803 10.3285859619 250.129770992 -78.3129770992 11.7328244275 END
START -0.61770402832 -3.71101257324 8.57842454834 250.129770992 -88.572519084 13.9007633588 END
START -6.72052406006 -9.35175168457 5.82748684082 250.129770992 -78.5114503817 2.80152671756 END
START -0.495599743652 -10.0197339478 3.87860668945 250.129770992 -77.2061068702 5.71755725191 END
START -0.0742202514648 -5.47075079346 7.11317313232 250.129770992 -78.4885496183 11.1755725191 END
START -4.67587584229 -11.2742956177 6.00705196533 250.129770992 -81.6106870229 2.42748091603 END
START 6.59123717041 -9.1578213501 8.57603034668 250.129770992 -86.8396946565 13.8396946565 END
START 1.58735570068 -9.51934580078 6.44040246582 250.129770992 -83.641221374 8.29770992366 END
START 4.02225878906 -6.63912120361 10.3549221802 250.129770992 -71.7557251908 13.3969465649 END
START 1.2856862915 -15.6389252441 9.4642791626 250.129770992 -80.3893129771 8.1679389313 END
START 8.48744488525 -6.56729515381 9.43794294434 250.129770992 -79.0610687023 14.8473282443 END
START 0.706289489746 -15.4665427246 12.9358715698 250.129770992 -79.106870229 15.7175572519 END
START 0.895431420898 -10.8912233521 6.36139381104 250.129770992 -82.1984732824 2.19847328244 END
START 14.6788503784 -11.1474029297 5.89691868896 250.129770992 -80.7786259542 7.74809160305 END
START 2.6862942627 -9.1817633667 8.24802471924 250.129770992 -74.3511450382 8.61832061069 END
START 0.476446130371 -11.4873795654 7.0485296875 250.129770992 -79.106870229 10.3435114504 END
START 5.25048424072 -10.4291424316 8.54729992676 250.129770992 -65.2442748092 -3.39694656489 END
START 0.335188232422 -15.8591917969 6.07169541016 250.129770992 -65.2519083969 6.41221374046 END
START 7.721300354 -9.94551369629 7.45075556641 250.129770992 -60.0152671756 7.97709923664 END
START 3.98155736084 -12.7850368652 8.51138690186 250.129770992 -62.3893129771 7.28244274809 END
START 4.97754525146 -12.6270195557 1.51792385254 250.129770992 -65.0687022901 9.09160305344 END
START 4.89853659668 -10.7523596558 6.57926616211 250.129770992 -68.6488549618 5.69465648855 END
START 4.44124407959 -8.89206496582 7.22570061035 250.129770992 -61.8625954198 8.10687022901 END
START 3.76607921143 -9.68215151367 11.398794104 250.129770992 -61.7404580153 4.26717557252 END
START -3.45722719727 -3.311180896 7.61116707764 250.129770992 -71.1679389313 1.75572519084 END
START 1.72861359863 -5.74608398437 7.15148035889 250.129770992 -73.0305343511 13.0076335878 END
START 2.14041628418 -12.512097876 10.8289741089 250.129770992 -69.786259542 7.19847328244 END
START 1.2856862915 -4.44363828125 7.15866296387 250.129770992 -83.5648854962 1.75572519084 END
START -3.39737215576 -7.37414111328 6.09084902344 250.129770992 -74.4198473282 10.0916030534 END