START 2.87543619385 -8.86094034424 7.33343968506 250.129770992 -72.9694656489 -2.73282442748 END
START 2.04464821777 -12.5551935059 6.53377633057 250.129770992 -80.4809160305 3.41984732824 END
START 5.26245524902 -9.56962403564 7.88650026855 250.129770992 -81.0992366412 6.96183206107 END
START 9.70609353027 -2.01831199951 6.33266339111 250.129770992 -89.6106870229 9.80916030534 END
START 0.076614453125 -5.86818826904 10.5871597412 250.129770992 -87.1526717557 9.15267175573 END
START 6.21774171143 -5.66468112793 10.0149455444 250.129770992 -81.2290076336 14.0610687023 END
START 3.91451971436 -10.2112700806 9.90960067139 250.129770992 -79.2900763359 6.32061068702 END
START 8.68376942139 -8.37012900391 11.0348754517 250.129770992 -77.1221374046 8.7786259542 END
START 5.22654222412 -7.81467421875 8.77474908447 250.129770992 -79.7633587786 7.17557251908 END
START 6.86417615967 -12.8424977051 11.1497971313 250.129770992 -88.534351145 14.7786259542 END
START 0.794874951172 -11.2886608276 9.92875428467 250.129770992 -73.1908396947 1.01526717557 END
START 1.472434021 -12.026074939 4.03662399902 250.129770992 -75.7786259542 10.1603053435 END
START 3.88100089111 4.29759197998 9.1697923584 250.129770992 -82.1374045802 11.5419847328 END
START 0.426167895508 -8.25520732422 8.10197841797 250.129770992 -87.4732824427 4.93129770992 END
START 0.45489831543 -10.3237975586 13.0603700562 250.129770992 -77.1679389313 13.786259542 END
START 3.10767375488 -12.0979009888 2.15238729248 250.129770992 -66.2671755725 -2.26717557252 END
START 3.07176072998 -11.7076461182 6.90008918457 250.129770992 -58.8244274809 8.48854961832 END
START 1.472434021 -3.90733710937 9.71088193359 250.129770992 -61.0839694656 9.48091603053 END
START 2.74136090088 0.136469494629 10.1346556274 250.129770992 -69.7709923664 5.36641221374 END
START 4.75009609375 -7.88410606689 8.76756647949 250.129770992 -63.7709923664 5.09923664122 END
START 12.2631009033 -8.73644185791 15.2438819702 250.129770992 -68.5801526718 10.1526717557 END
START 2.67911165771 -11.765106958 -3.62721551514 250.129770992 -68.7404580153 17.3282442748 END
START -2.97359846191 -5.39174213867 6.62236179199 250.129770992 -68.0381679389 9.71755725191 END
START 5.84424625244 -8.47786807861 8.10676682129 250.129770992 -60.465648855 -4.45801526718 END
START 3.92170231934 -12.8831991333 8.64546219482 250.129770992 -55.8167938931 4.88549618321 END
START -2.87304199219 -6.26323154297 10.6709567993 250.129770992 -57.8396946565 5.12977099237 END
START 1.47482822266 -12.3540805664 10.6302553711 250.129770992 -58.0610687023 11.6259541985 END
START 2.52827695312 -10.4866032715 6.56250675049 250.129770992 -61.4198473282 5.99236641221 END
START 3.81635744629 2.7581203125 9.26077202148 250.129770992 -58.9465648855 3.28244274809 END
START 5.269637854 -16.1153713745 6.86657036133 250.129770992 -47.6106870229 -3.60305343511 END
START -6.48828649902 -9.51695159912 7.64708010254 250.129770992 -41.6030534351 0.0916030534351 END
START -6.24886633301 -1.51313544922 8.07564219971 250.129770992 -59.3053435115 8.95419847328 END
START 14.6189953369 -6.11479104004 8.28872614746 250.129770992 -54.2442748092 3.35114503817 END
START -5.75805499268 -5.93283171387 11.4251303223 250.129770992 -58.1832061069 3.28244274809 END
START 2.70784207764 -11.0348754517 12.0141039307 250.129770992 -74.7786259542 0.442748091603 END
START -4.43645567627 -7.6734163208 1.2138602417 250.129770992 -67.9541984733 5.56488549618 END
START -0.538695373535 -6.54574733887 7.57046564941 250.129770992 -79.3129770992 15.6183206107 END
START 3.49553442383 -10.1681744507 8.03015236816 250.129770992 -94.6641221374 12.9389312977 END
START -7.77397279053 -10.7691190674 5.8107274292 250.129770992 -96.2595419847 6.6106870229 END
START 1.98718737793 -7.60398447266 12.2056400635 250.129770992 -104.13740458 0.404580152672 END
START 2.70784207764 -14.7458880249 8.82023891602 250.129770992 -104.244274809 0.687022900763 END
START 9.17936916504 -7.45554396973 7.71411774902 250.129770992 -104.526717557 14.3435114504 END
START 0.794874951172 -7.89128867187 12.0500169556 250.129770992 -107.129770992 1.30534351145 END
START -3.56496627197 -0.0167594116211 6.02859978027 250.129770992 -97.9694656489 15.8854961832 END
START -0.0909796630859 -7.93917270508 5.09486113281 250.129770992 -104.244274809 9.09923664122 END
START 3.11006795654 -8.66940421143 7.24006582031 250.129770992 -101.893129771 4.70992366412 END
START 12.4402718262 -2.98317526855 7.40765993652 250.129770992 -83.1450381679 0.274809160305 END
START 15.7251165039 -9.95509050293 5.43004936523 250.129770992 -96.6183206107 4.34351145038 END
START 1.53707746582 -10.6541973877 9.78031378174 250.129770992 -65.8320610687 7.83969465649 END
START 3.08373173828 -6.92642540283 6.01423457031 250.129770992 -63.8778625954 12.8473282443 END
START 8.5927897583 -5.76523759766 3.80438643799 250.129770992 -56.3740458015 9.0534351145 END
START 8.10916102295 -12.6294137573 7.91283648682 250.129770992 -52.427480916 8.88549618321 END
START 4.97754525146 -8.10197841797 8.48744488525 250.129770992 -54.1145038168 16.9160305344 END
START 11.6262432617 -6.70376464844 1.91536132812 250.129770992 -52.8778625954 7.03816793893 END
START 9.14824454346 -11.2766898193 6.495469104 250.129770992 -49.7328244275 12.679389313 END
START 3.22020123291 -9.98142672119 8.46350286865 250.129770992 -49.4961832061 6.15267175573 END
START 5.23133062744 -2.50672913818 8.89445916748 250.129770992 -55.9236641221 8.36641221374 END
START 0.61052142334 -11.2527478027 10.8074262939 250.129770992 -55.8778625954 8.77099236641 END
START -1.7908628418 -5.06613071289 5.77720860596 250.129770992 -65.3969465649 7.41221374046 END
START -0.677559069824 -9.70609353027 2.27209737549 250.129770992 -78.7099236641 14.5190839695 END
START 3.86902988281 -9.4762501709 8.30548555908 250.129770992 -70.4122137405 12.2595419847 END
START 2.73896669922 -8.82981572266 5.94240852051 250.129770992 -80.4198473282 13.9160305344 END
START -1.58735570068 -1.15161099854 9.28231983643 250.129770992 -82.7404580153 10.9770992366 END