START -5.60003768311 -9.23443580322 6.67503422852 250.129770992 -80.1450381679 10.3282442748 END
START 2.74854350586 -14.8679923096 9.08838950195 250.129770992 -81.7175572519 6.11450381679 END
START 11.6884925049 -9.77791958008 10.6494089844 250.129770992 -89.3053435115 3.45801526718 END
START -0.897825622559 -9.81622680664 8.99980404053 250.129770992 -77.2977099237 20.9618320611 END
START 0.260967980957 -7.88650026855 7.80270321045 250.129770992 -67.2977099237 15.1832061069 END
START 3.45722719727 -6.46195028076 3.75889660645 250.129770992 -78.4732824427 4.49618320611 END
START 2.40617266846 -10.9726262085 4.44124407959 250.129770992 -86.0305343511 6.32824427481 END
START -0.46686932373 -10.060435376 5.60243188477 250.129770992 -84.6946564885 6.74809160305 END
START -3.85466467285 -6.86896456299 10.6278611694 250.129770992 -86.7099236641 13.8167938931 END
START 3.51229383545 -2.16675250244 4.05098920898 250.129770992 -77.8320610687 7.6641221374 END
START 0.727837304687 -12.0619879639 9.09078370361 250.129770992 -93.2748091603 7.53435114504 END
START 4.07732542725 -6.11479104004 9.98860932617 250.129770992 -86.0839694656 15.6183206107 END
START 6.51941112061 -7.34780489502 6.66066901855 250.129770992 -80.3511450382 20.5496183206 END
START 9.88805285645 -14.5495634888 4.49152231445 250.129770992 -72.5267175573 3.43511450382 END
START -1.33835872803 -7.00543405762 6.67982263184 250.129770992 -87.1221374046 2.26717557252 END
START 4.25928475342 -6.72770666504 7.22330640869 250.129770992 -74.5190839695 14.0687022901 END
START 1.29286889648 -6.29196196289 7.44117875977 250.129770992 -73.7328244275 4.79389312977 END
START 7.38611212158 -11.2359883911 4.8554409668 250.129770992 -71.2442748092 15.8091603053 END
START 5.97832154541 -12.6868745972 8.10916102295 250.129770992 -67.2061068702 11.3435114504 END
START 3.98873996582 -9.5361052124 9.03092866211 250.129770992 -62.7099236641 10.6259541985 END
START 10.7212350342 -9.09078370361 6.29675036621 250.129770992 -68.679389313 0.641221374046 END
START 0.325611425781 -12.3899935913 7.05331809082 250.129770992 -59.3129770992 12.2824427481 END
START 6.50983431396 -4.26167895508 6.27280834961 250.129770992 -56.2061068702 2.57251908397 END
START -2.35110603027 -10.6134959595 8.5089927002 250.129770992 -59.0534351145 3.51908396947 END
START 5.05176550293 -9.5001921875 7.59919606934 250.129770992 -67.3740458015 14.3282442748 END
START 7.05571229248 -10.7834842773 6.0573302002 250.129770992 -55.786259542 11.1297709924 END
START 4.47955130615 -7.03177027588 7.56567724609 250.129770992 -68.1145038168 5.98473282443 END
START -7.95832631836 -5.47075079346 4.29519777832 250.129770992 -63.2290076336 -2.73282442748 END
START 3.84508786621 -8.93755479736 11.3940057007 250.129770992 -66.4122137405 7.56488549618 END
START -2.62165081787 -9.59117185059 11.0085392334 250.129770992 -69.4427480916 3.58015267176 END
START -0.600944616699 -9.7587659668 7.50582220459 250.129770992 -64.1221374046 5.45801526718 END
START 10.5799771362 -10.2112700806 4.44363828125 250.129770992 -58.9465648855 14.9083969466 END
START 4.17788189697 -5.82509263916 6.56490095215 250.129770992 -67.7251908397 5.77099236641 END
START -2.28167418213 -8.92558378906 7.05092388916 250.129770992 -66.4122137405 6.69465648855 END
START 0.981622680664 -10.6613799927 9.25837781982 250.129770992 -67.4122137405 13.1832061069 END
START 1.12766898193 -6.94079061279 10.6613799927 250.129770992 -70.2290076336 13.6259541985 END
START -3.28723887939 -9.5361052124 8.99980404053 250.129770992 -70.2824427481 2.03816793893 END
START 1.02232410889 -10.1921164673 9.67975731201 250.129770992 -72.213740458 2.02290076336 END
START 3.56017786865 -13.5703350098 9.14824454346 250.129770992 -73.3511450382 4.75572519084 END
START 0.418985290527 -9.20809958496 8.21211169434 250.129770992 -71.4045801527 1.47328244275 END
START -2.22900174561 -4.52025273438 5.09964953613 250.129770992 -85.6488549618 16.9312977099 END
START 0.16041151123 -14.6070243286 7.28794985352 250.129770992 -79.9389312977 -0.0916030534351 END
START 1.43891519775 -6.94797321777 10.7547538574 250.129770992 -99.2977099237 6.88549618321 END
START 2.29125098877 -13.1944453491 7.53934102783 250.129770992 -83.3358778626 3.14503816794 END
START 6.61039078369 -11.3700636841 8.16901606445 250.129770992 -91.4122137405 10.9694656489 END
START 2.85149417725 -9.30386765137 6.21534750977 250.129770992 -89.5496183206 4.20610687023 END
START 6.86417615967 -10.5153336914 3.87860668945 250.129770992 -87.0916030534 2.54961832061 END
START -0.363918652344 -12.5456166992 13.110648291 250.129770992 -86.4732824427 -0.687022900763 END
START 1.18752402344 -5.99747515869 5.37737692871 250.129770992 -87.5190839695 6.21374045802 END
START 7.80270321045 -7.37653531494 6.83544573975 250.129770992 -90.465648855 15.3282442748 END
START 5.14513936768 -12.4019645996 8.89685336914 250.129770992 -87.3358778626 4.32061068702 END
START 1.45088620605 -16.1536786011 10.785878479 250.129770992 -84.6259541985 0.732824427481 END
START -0.979228479004 -7.60398447266 3.25132585449 250.129770992 -68.7938931298 15.4045801527 END
START 1.80522805176 -6.99825145264 11.631031665 250.129770992 -79.7175572519 2.80152671756 END
START 6.24407792969 -11.3173912476 9.20809958496 250.129770992 -80.4809160305 -0.282442748092 END
START 1.50355864258 -10.3214033569 4.87698878174 250.129770992 -89.9847328244 11.2442748092 END
START -1.99197578125 -7.88171186523 1.47482822266 250.129770992 -81.786259542 7.96183206107 END
START -0.972045874023 -11.1569797363 10.3836526001 250.129770992 -86.9465648855 10.9389312977 END
START 5.38695373535 -15.5144267578 2.1930887207 250.129770992 -78.8396946565 8.23664122137 END
START 6.01184036865 -16.2614176758 7.55370623779 250.129770992 -76.9236641221 5.67175572519 END
START 1.59693250732 -5.39413634033 7.76918438721 250.129770992 -79.5496183206 -3.6641221374 END
START 3.57454307861 -11.0372696533 7.60637867432 250.129770992 -83.0992366412 4.35114503817 END
START 2.57855518799 -13.4458365234 0.387860668945 250.129770992 -79.3435114504 11.1374045802 END
START -2.40138426514 -8.73165345459 3.430890979 250.129770992 -80.0610687023 9.16030534351 END
START 2.4875755249 -5.61679709473 4.43406147461 250.129770992 -75.9465648855 0.229007633588 END
START -1.26413847656 -8.91600698242 8.77714328613 250.129770992 -79.4351145038 10.7557251908 END
START -2.04704241943 -10.1681744507 6.98149204102 250.129770992 -83.8854961832 6.62595419847 END
START 5.16668718262 -12.1170546021 11.1114899048 250.129770992 -85.5954198473 9.27480916031 END
START 5.94959112549 -13.49850896 10.9869914185 250.129770992 -71.1374045802 -4.23664122137 END
START 6.11239683838 -8.57603034668 5.95437952881 250.129770992 -79.1755725191 0.679389312977 END
START 2.37025964355 -7.2951324585 11.2814782227 250.129770992 -71.8625954198 -0.87786259542 END
START 2.11647426758 -15.2486703735 7.3909005249 250.129770992 -73.9007633588 9.14503816794 END
START 3.63439812012 -7.62074388428 2.82515795898 250.129770992 -77.9541984733 -5.37404580153 END
START 11.2910550293 -11.8417214111 4.99191046143 250.129770992 -82.4732824427 5.35877862595 END
START -3.76368500977 -10.8098204956 3.69664736328 250.129770992 -76.0152671756 4.71755725191 END
START 1.66636435547 -4.83628735352 2.76051451416 250.129770992 -89.7175572519 8.67938931298 END
START 2.25773216553 -9.67975731201 5.69580574951 250.129770992 -84.213740458 10.7404580153 END
START 1.92972653809 -15.1936037354 4.8554409668 250.129770992 -79.8396946565 5.57251908397 END
START 6.0932432251 -9.28710823975 7.29992086182 250.129770992 -80.2900763359 3.00763358779 END
START 6.38294162598 -10.8050320923 7.80509741211 250.129770992 -80.3969465649 13.6641221374 END
START 2.28885678711 -8.05409438477 6.33984599609 250.129770992 -82.4198473282 4.67175572519 END
START 5.8107274292 -12.7227876221 5.11640894775 250.129770992 -75.9236641221 16.9694656489 END
START 1.08217915039 -11.9087590576 5.5401826416 250.129770992 -88.9312977099 6.56488549618 END