START 3.07415493164 -13.0388222412 8.78193168945 250.129770992 -105.229007634 9.14503816794 END
START -2.55461317139 -8.13310303955 7.05810649414 250.129770992 -104.190839695 2.51908396947 END
START 4.78122071533 -9.8665050415 1.04866032715 250.129770992 -103.694656489 7.86259541985 END
START 1.11090957031 -8.25281312256 12.004527124 250.129770992 -104.961832061 6.43511450382 END
START 1.08696755371 -5.03021768799 4.67108743896 250.129770992 -107.717557252 7.59541984733 END
START -1.35272393799 -16.7833536377 10.2615483154 250.129770992 -102.335877863 6.70992366412 END
START -3.66312854004 -11.286266626 7.84579884033 250.129770992 -104.366412214 -1.49618320611 END
START -4.19703551025 -10.5344873047 4.30477458496 250.129770992 -98.2595419847 -2.96183206107 END
START 0.339976635742 -8.27914934082 9.10036051025 250.129770992 -102.610687023 4.98473282443 END
START 3.25132585449 -17.4106344727 9.15063874512 250.129770992 -84.3053435115 10.4198473282 END
START 2.02070620117 -9.38766470947 7.05331809082 250.129770992 -76.7328244275 12.3969465649 END
START 8.48744488525 -9.10993731689 15.2965544067 250.129770992 -70.8015267176 16.106870229 END
START 1.29047469482 -17.647660437 3.20823022461 250.129770992 -85.6183206107 2.38167938931 END
START 8.6287027832 -13.005303418 6.7660138916 250.129770992 -79.3129770992 10.8625954198 END
START 10.7044756226 -14.829685083 0.653617053223 250.129770992 -84.1755725191 15.893129771 END
START 0.751779321289 -10.3429511719 14.597447522 250.129770992 -82.8854961832 0.687022900763 END
START -0.373495458984 -10.9438957886 3.21780703125 250.129770992 -87.2213740458 10.7480916031 END
START 5.47553919678 -12.8041904785 10.1442324341 250.129770992 -65.534351145 6.93893129771 END
START 9.29189664307 -1.2378022583 8.64306799316 250.129770992 -54.0076335878 7.80916030534 END
START 4.52982954102 -12.1194488037 12.5456166992 250.129770992 -32.213740458 13.4732824427 END
START 4.8793829834 -9.62708487549 5.2217538208 250.129770992 -7.74045801527 1.09160305344 END
START -8.14986245117 -14.717157605 8.75080706787 250.129770992 8.97709923664 12.7251908397 END
START 6.37097061768 -12.8520745117 11.8417214111 250.129770992 8.74045801527 6.22900763359 END
START -0.533906970215 -19.6133 3.95043273926 250.129770992 -2.59541984733 4.53435114504 END
START 4.73573088379 -16.3356379272 7.9918451416 250.129770992 -17.7328244275 0.832061068702 END
START 6.09084902344 -5.49469281006 4.70700046387 250.129770992 -17.0152671756 8.25954198473 END
START 1.79325704346 -14.1640970215 9.94790789795 250.129770992 -8.48091603053 17.8854961832 END
START 4.05338341064 -4.63038601074 6.16028087158 250.129770992 -5.74809160305 -1.90839694656 END
START -1.11569797363 -15.93580625 10.292672937 250.129770992 2.48091603053 6.28244274809 END
START -5.7748144043 -11.4682259521 8.16901606445 250.129770992 17.1679389313 6.32061068702 END
START 5.52102902832 -7.9559321167 5.63834490967 250.129770992 10.0992366412 -2.04580152672 END
START 4.83628735352 -11.3317564575 12.1433908203 250.129770992 7.4427480916 8.06106870229 END
START -2.35828863525 -15.5048499512 2.07816704102 250.129770992 2.65648854962 7.75572519084 END
START -2.69587106934 -6.87854136963 10.4506902466 250.129770992 -6.0 -0.725190839695 END
START -4.26167895508 -6.24886633301 9.16500395508 250.129770992 -7.47328244275 6.5572519084 END
START 1.88902510986 0.624886633301 2.58334359131 250.129770992 -12.7938931298 -3.10687022901 END
START -6.33984599609 -10.3285859619 6.46434448242 250.129770992 -6.84732824427 6.41221374046 END
START 0.60812722168 -5.51145222168 6.55292994385 250.129770992 -14.4122137405 0.931297709924 END
START -4.23534273682 -3.32794030762 10.553640918 250.129770992 -2.52671755725 6.06870229008 END
START -5.09486113281 -19.6133 10.1490208374 250.129770992 -2.24427480916 10.7251908397 END
START 8.26957253418 -12.9358715698 3.20583602295 250.129770992 -6.56488549618 2.25954198473 END
START 1.17076461182 -9.71567033691 14.604630127 250.129770992 -22.572519084 11.1374045802 END
START 8.0038161499 -15.9310178467 10.9989624268 250.129770992 -43.2748091603 7.78625954198 END
START 4.24491954346 -6.4834980957 9.37329949951 250.129770992 -57.3511450382 8.30534351145 END
START 2.32237561035 0.486022937012 4.90571920166 250.129770992 -64.4732824427 6.93129770992 END
START 4.16591088867 -13.5799118164 2.96402165527 250.129770992 -67.7480916031 6.50381679389 END
START -11.9590372925 -11.0540290649 1.53468326416 250.129770992 -60.9694656489 5.79389312977 END
START -6.24886633301 -11.9518546875 7.78354959717 250.129770992 -58.0076335878 1.74045801527 END
START 4.62559760742 -10.307038147 1.7908628418 250.129770992 -63.0458015267 11.1526717557 END
START 4.72615407715 -9.13866773682 10.0197339478 250.129770992 -64.6183206107 3.97709923664 END
START 3.80199223633 -5.65749852295 6.83305153809 250.129770992 -74.9541984733 8.69465648855 END
START 8.26478413086 -7.47948598633 1.53468326416 250.129770992 -88.6870229008 15.4809160305 END
START -1.84353527832 -6.11479104004 11.8249619995 250.129770992 -102.86259542 9.34351145038 END
START -10.8050320923 -7.0724717041 4.35744702148 250.129770992 -88.1908396947 6.08396946565 END
START -6.76840809326 -0.46447512207 12.8927759399 250.129770992 -101.450381679 10.358778626 END
START 3.36145913086 -16.6947681763 2.35350023193 250.129770992 -90.3740458015 4.63358778626 END
START -4.08450803223 -12.5264630859 7.89128867187 250.129770992 -87.4580152672 11.1145038168 END
START -1.2018892334 -3.18189400635 4.9272670166 250.129770992 -88.9923664122 9.74809160305 END
START 6.56968935547 -7.76918438721 3.19625921631 250.129770992 -93.8778625954 7.54198473282 END
START 0.0957680664062 -10.2639425171 7.69017573242 250.129770992 -84.0687022901 12.4351145038 END
START -6.13394465332 -1.25695587158 10.1897222656 250.129770992 -89.5801526718 2.20610687023 END
START -5.38216533203 -13.9103116455 12.6078659424 250.129770992 -87.0534351145 1.10687022901 END
START -9.84016882324 -3.36385333252 6.51462271729 250.129770992 -87.8396946565 9.59541984733 END
START -3.89297189941 -6.55771834717 16.3140901123 250.129770992 -95.7175572519 10.3511450382 END
START -5.07570751953 -4.84107575684 14.4029186371 250.129770992 -103.984732824 -2.41984732824 END
START -4.91290180664 -11.9853735107 5.70538255615 250.129770992 -103.786259542 1.96946564885 END
START -3.89297189941 1.40539637451 9.82819781494 250.129770992 -104.58778626 9.89312977099 END
START -0.268150585937 -10.8026378906 9.03092866211 250.129770992 -104.549618321 6.28244274809 END
START -5.19302340088 -12.4809732544 12.7491238403 250.129770992 -105.908396947 -1.40458015267 END
START -0.569819995117 -9.14106193848 15.2750065918 250.129770992 -105.038167939 -2.09160305344 END
START -3.55538946533 -13.4218945068 8.56645354004 250.129770992 -104.022900763 15.2977099237 END
START -1.34793553467 -12.8616513184 1.34554133301 250.129770992 -101.106870229 -1.74809160305 END
START -1.99436998291 -0.100556469727 9.81383260498 250.129770992 -103.305343511 2.49618320611 END
START 0.248996972656 -10.0700121826 8.5209637085 250.129770992 -104.969465649 2.91603053435 END
START 9.06205328369 -8.06606539307 7.16823977051 250.129770992 -85.2900763359 5.59541984733 END
START -6.3997010376 -6.70137044678 16.6013943115 250.129770992 -83.320610687 16.6335877863 END
START 3.38779534912 -9.55765302734 8.62630858154 250.129770992 -92.0381679389 10.2213740458 END
START -3.19147081299 -12.8137672852 10.1705686523 250.129770992 -82.9694656489 6.90076335878 END
START 3.924096521 -14.8320792847 15.3468326416 250.129770992 -79.358778626 4.06870229008 END
START 2.94247384033 -9.19612857666 10.6781394043 250.129770992 -81.0534351145 4.29007633588 END
START -1.64002813721 -2.59770880127 6.01662877197 250.129770992 -79.1755725191 9.32824427481 END
START 7.0724717041 -9.59117185059 4.62320340576 250.129770992 -70.9618320611 2.26717557252 END
START -2.64798703613 -11.5520230103 11.3772462891 250.129770992 -71.1984732824 -2.14503816794 END
START 3.80678063965 -5.03021768799 5.60003768311 250.129770992 -72.2671755725 0.534351145038 END
START 8.90643017578 -1.05344873047 7.08204851074 250.129770992 -71.7251908397 7.86259541985 END
START -3.76847341309 -4.30477458496 7.4268135498 250.129770992 -71.3435114504 5.86259541985 END
START 4.17548769531 -7.67820472412 4.48194550781 250.129770992 -76.8549618321 6.93129770992 END