START -2.97599266357 -11.0061450317 13.5870944214 250.129770992 -70.8854961832 11.8091603053 END
START 0.493205541992 -16.8240550659 1.99197578125 250.129770992 -79.5877862595 11.5190839695 END
START -0.263362182617 -9.90960067139 1.59932670898 250.129770992 -79.3053435115 12.3740458015 END
START -4.08211383057 -10.6326495728 11.6238490601 250.129770992 -78.5954198473 11.0305343511 END
START 7.26879624023 -4.61362659912 8.76756647949 250.129770992 -78.3053435115 -3.34351145038 END
START 7.65426270752 -13.6301900513 5.58327827148 250.129770992 -76.3511450382 0.343511450382 END
START -5.63595070801 -10.9654436035 17.7003328735 250.129770992 -65.9312977099 8.41221374046 END
START 4.15154567871 -12.9502367798 0.988805285645 250.129770992 -50.1297709924 5.39694656489 END
START -7.92720169678 -14.5304098755 3.35427652588 250.129770992 -52.0152671756 5.39694656489 END
START 4.13957467041 -15.9884786865 0.0933738647461 250.129770992 -49.2977099237 6.89312977099 END
START 2.16435830078 -9.7946789917 -0.241814367676 250.129770992 -41.7099236641 8.39694656489 END
START 7.46272657471 -8.77474908447 5.78199700928 250.129770992 -33.5038167939 10.9694656489 END
START 0.450109912109 -8.18816967773 6.64630380859 250.129770992 -34.213740458 10.6106870229 END
START 2.44687409668 -3.96479794922 10.7116582275 250.129770992 -31.8015267176 -2.12213740458 END
START 7.68059892578 -9.69651672363 1.00795889893 250.129770992 -24.8396946565 3.87022900763 END
START -3.6655227417 -10.8816465454 0.603338818359 250.129770992 -23.5190839695 3.87786259542 END
START 0.0359130249023 -15.9573540649 7.31668027344 250.129770992 -28.0305343511 2.51908396947 END
START -0.960074865723 -14.1856448364 6.53377633057 250.129770992 -32.2671755725 5.26717557252 END
START -1.47722242432 -14.2957781128 6.07887801514 250.129770992 -38.3664122137 11.572519084 END
START 4.56813676758 -9.76834277344 4.66390483398 250.129770992 -40.5190839695 5.71755725191 END
START -0.679953271484 -9.12909093018 13.723563916 250.129770992 -34.572519084 4.51145038168 END
START -2.01112939453 -12.5647703125 11.2575362061 250.129770992 -20.1603053435 2.61832061069 END
START -1.45567460937 -8.62630858154 6.43800826416 250.129770992 -8.0534351145 10.4198473282 END
START 1.65439334717 -12.1936690552 6.61039078369 250.129770992 -15.7251908397 7.00763358779 END
START -13.3835872803 -6.84981094971 7.2831614502 250.129770992 -20.8320610687 19.0839694656 END
START 2.22421334229 -14.1856448364 8.5209637085 250.129770992 -31.893129771 8.38167938931 END
START -0.885854614258 -15.7730005371 6.79235010986 250.129770992 -32.8625954198 6.99236641221 END
START 1.80043964844 -12.5911065308 8.00621035156 250.129770992 -45.2748091603 5.20610687023 END
START 1.76931502686 -6.99106884766 5.8226984375 250.129770992 -53.3282442748 6.76335877863 END
START -10.6972930176 -8.16901606445 10.3668931885 250.129770992 -54.5419847328 7.09160305344 END
START 4.84825836182 -10.0269165527 -0.871489404297 250.129770992 -52.6946564885 -0.740458015267 END
START 2.09492645264 -8.21690009766 5.04218869629 250.129770992 -54.6946564885 4.18320610687 END
START -3.14119257812 -14.815319873 6.41646044922 250.129770992 -56.572519084 9.45801526718 END
START -0.579396801758 -3.51708223877 7.22570061035 250.129770992 -61.3129770992 7.90839694656 END
START -0.811634362793 -8.13310303955 14.4825258423 250.129770992 -62.2290076336 17.4885496183 END
START 2.12605107422 -5.05894810791 2.58334359131 250.129770992 -69.106870229 8.02290076336 END
START 2.69587106934 -13.745111731 4.79079752197 250.129770992 -79.8015267176 9.85496183206 END
START -1.838746875 1.73340200195 9.42118353271 250.129770992 -75.9847328244 8.57251908397 END
START 4.89853659668 -2.29603939209 11.4347071289 250.129770992 -75.0 15.9312977099 END
START -12.7467296387 -8.68376942139 9.93354268799 250.129770992 -75.5648854962 3.63358778626 END
START -0.854729992676 -14.0731173584 5.22893642578 250.129770992 -67.8396946565 -0.137404580153 END
START 2.40856687012 -9.87368764648 4.99909306641 250.129770992 -70.7786259542 11.3435114504 END
START -7.53934102783 -8.75559547119 10.2902787354 250.129770992 -65.1526717557 8.20610687023 END
START 3.18428820801 -18.9189815186 8.40364782715 250.129770992 -69.7022900763 9.27480916031 END
START 7.32625708008 -13.7211697144 7.27837304687 250.129770992 -77.4580152672 8.58778625954 END
START 0.375889660645 -13.4793553467 9.29189664307 250.129770992 -83.3358778626 1.42748091603 END
START -1.51552965088 -2.28167418213 2.7222072876 250.129770992 -77.427480916 11.572519084 END
START 0.201112939453 -9.98142672119 10.539275708 250.129770992 -83.9007633588 11.5954198473 END
START -6.71094725342 -5.8586114624 15.1074124756 250.129770992 -83.1984732824 4.89312977099 END
START -10.9893856201 -8.08282480469 5.02542928467 250.129770992 -73.3511450382 -2.01526717557 END
START 0.263362182617 -19.500772522 7.48906279297 250.129770992 -73.0992366412 3.77099236641 END
START -0.976834277344 -0.265756384277 11.1952869629 250.129770992 -60.5877862595 6.0534351145 END
START 1.94409174805 -8.51378110352 12.5641717621 250.129770992 -65.8167938931 10.9312977099 END
START -0.268150585937 -13.4075292969 6.57687196045 250.129770992 -75.8854961832 -2.48854961832 END
START 0.112527478027 -15.5335803711 13.8887638306 250.129770992 -77.2213740458 3.86259541985 END
START -2.63362182617 -7.54891783447 3.56975467529 250.129770992 -92.5648854962 6.7786259542 END
START 1.03908352051 -15.4904847412 -1.61129771729 250.129770992 -106.290076336 2.6641221374 END
START -2.60728560791 -4.24491954346 11.2431709961 250.129770992 -104.244274809 18.7938931298 END
START 0.639251843262 -3.45243879395 10.1777512573 250.129770992 -104.358778626 13.0534351145 END
START -1.79325704346 -18.6173121094 8.67658681641 250.129770992 -95.9465648855 5.86259541985 END
START -0.277727392578 -12.131419812 10.8600987305 250.129770992 -101.458015267 -0.954198473282 END
START -5.7987564209 -11.6669446899 10.7571480591 250.129770992 -88.7328244275 9.63358778626 END
START -5.1618987793 -11.7124345215 5.37737692871 250.129770992 -99.5496183206 3.50381679389 END
START -0.442927307129 -6.45237347412 9.1697923584 250.129770992 -101.58778626 8.63358778626 END
START 2.89698400879 -8.05170018311 11.2311999878 250.129770992 -104.175572519 14.7175572519 END
START -2.96162745361 -4.74770189209 8.6047607666 250.129770992 -124.374045802 3.11450381679 END
START 4.29519777832 -3.58172568359 2.3918074585 250.129770992 -117.893129771 0.18320610687 END
START -4.48194550781 -1.24019645996 6.66066901855 250.129770992 -110.152671756 2.54198473282 END
START 0.30885201416 -7.27597884521 8.5209637085 250.129770992 -103.022900763 12.427480916 END
START 0.565031591797 -6.67982263184 -4.2784383667 250.129770992 -103.969465649 6.32061068702 END
START -6.02620557861 -9.59356605225 8.63349118652 250.129770992 -89.7709923664 5.08396946565 END
START 6.31350977783 -10.1346556274 19.4744363037 250.129770992 -87.0839694656 7.79389312977 END
START 4.6686932373 -6.87135876465 2.90177241211 250.129770992 -87.8854961832 9.2213740458 END
START -3.44765039062 -15.1768443237 10.0724063843 250.129770992 -89.2290076336 -0.870229007634 END
START -4.23534273682 -11.159373938 0.277727392578 250.129770992 -90.8015267176 8.87786259542 END
START 1.97042796631 -9.17458076172 10.5296989014 250.129770992 -80.7099236641 16.3129770992 END
START 6.34224019775 -2.28406838379 7.49863959961 250.129770992 -68.427480916 7.47328244275 END
START 1.8626888916 -8.10916102295 3.16274039307 250.129770992 -69.9007633588 18.7633587786 END
START 0.29927520752 -5.94480272217 11.8704518311 250.129770992 -63.2290076336 14.8091603053 END
START 4.82431634521 -3.47638081055 3.89776030273 250.129770992 -63.5496183206 1.24427480916 END
START 7.24485422363 -8.06367119141 5.26484945068 250.129770992 -64.2671755725 15.5877862595 END
START -6.22492431641 -9.75158336182 7.73805976562 250.129770992 -64.6030534351 12.1679389313 END
START 0.117315881348 -12.6437789673 10.524910498 250.129770992 -56.9618320611 6.03816793893 END
START 2.36307703857 -11.5711766235 2.34631762695 250.129770992 -59.2671755725 -0.419847328244 END
START 2.06859023437 -11.4849853638 9.78510218506 250.129770992 -64.3511450382 11.641221374 END
START 4.86501777344 -15.9118642334 18.7106859741 250.129770992 -57.0916030534 11.427480916 END
START -2.17393510742 -13.2566945923 8.65025059814 250.129770992 -60.4732824427 7.99236641221 END
START 0.986411083984 -19.5223203369 7.36935270996 250.129770992 -70.1526717557 6.50381679389 END
START 2.02549460449 -13.8456682007 4.92247861328 250.129770992 -62.7480916031 7.70992366412 END
START 0.61770402832 -9.41400092773 6.81150372314 250.129770992 -62.1450381679 7.25190839695 END
START -1.66397015381 -3.05739552002 12.0164981323 250.129770992 -65.2442748092 6.11450381679 END
START -7.91283648682 -8.23605371094 3.03824190674 250.129770992 -61.6946564885 -3.65648854962 END