START 1.56580788574 -10.3357685669 5.54736524658 250.129770992 -84.7175572519 8.74045801527 END
START 0.205901342773 -6.61039078369 8.87051715088 250.129770992 -95.3435114504 10.5038167939 END
START 5.03740029297 -7.92480749512 4.15633408203 250.129770992 -91.1603053435 11.7099236641 END
START 3.430890979 -5.08767852783 5.30794508057 250.129770992 -86.8091603053 7.31297709924 END
START 11.3413332642 -7.0485296875 10.4099888184 250.129770992 -77.7557251908 11.786259542 END
START 5.60482608643 -9.00459244385 6.45716187744 250.129770992 -79.6335877863 12.9236641221 END
START -1.31920511475 -7.03895288086 1.69748897705 250.129770992 -68.2442748092 4.31297709924 END
START 3.97916315918 -5.11880314941 11.2527478027 250.129770992 -78.0763358779 12.1221374046 END
START 3.86663568115 -7.17063397217 11.159373938 250.129770992 -87.5648854962 4.11450381679 END
START 11.7291939331 -8.41801303711 8.6526447998 250.129770992 -78.2061068702 8.35877862595 END
START 2.21463653564 -17.7865241333 6.35421120605 250.129770992 -83.9694656489 1.67175572519 END
START 5.33428129883 -13.8073609741 10.433930835 250.129770992 -78.3129770992 14.4198473282 END
START 6.18182868652 -10.7140524292 7.48427438965 250.129770992 -70.3740458015 2.09923664122 END
START 6.40688364258 -13.5152683716 4.91769020996 250.129770992 -72.4732824427 13.6030534351 END
START -2.80121594238 -14.0994535767 9.81143840332 250.129770992 -83.9312977099 2.89312977099 END
START 5.29836827393 -7.84340463867 6.55292994385 250.129770992 -84.534351145 10.9618320611 END
START 1.86029468994 -11.1306435181 6.43321986084 250.129770992 -78.0152671756 13.9083969466 END
START 9.19852277832 -13.4817495483 10.2232410889 250.129770992 -69.6870229008 -0.0152671755725 END
START 4.64714542236 -14.590264917 4.11802685547 250.129770992 -72.2671755725 0.717557251908 END
START 3.0765491333 -0.701501086426 6.84262834473 250.129770992 -75.1984732824 7.84732824427 END
START 0.416591088867 -9.85213983154 6.00705196533 250.129770992 -71.3129770992 -1.06870229008 END
START -3.9719805542 -7.77157858887 10.8481277222 250.129770992 -63.3969465649 -2.48854961832 END
START -5.92564910889 -7.64708010254 4.34068760986 250.129770992 -60.4351145038 12.0763358779 END
START 4.0318355957 -11.5855418335 8.94952580566 250.129770992 -64.0305343511 3.19083969466 END
START -0.593762011719 -12.1338140137 5.7748144043 250.129770992 -53.8473282443 5.51908396947 END
START 2.56897838135 -9.83538041992 10.6063133545 250.129770992 -50.3893129771 7.24427480916 END
START 3.81396324463 -4.2425253418 6.4834980957 250.129770992 -49.1908396947 12.786259542 END
START 4.97754525146 -13.4530191284 6.33026918945 250.129770992 -51.8854961832 5.48854961832 END
START 0.567425793457 -9.72045874023 8.71489404297 250.129770992 -47.5114503817 8.82442748092 END
START -7.37414111328 -10.6278611694 3.79720383301 250.129770992 -45.2748091603 9.4427480916 END
START 7.35259329834 -7.07726010742 8.54251152344 250.129770992 -47.0687022901 7.14503816794 END
START 1.65199914551 -12.124237207 4.75727869873 250.129770992 -34.8396946565 3.9465648855 END
START 1.41736738281 -7.99663354492 10.2687309204 250.129770992 -52.8625954198 8.21374045802 END
START -0.351947644043 -3.12922156982 5.55933625488 250.129770992 -47.2290076336 3.77099236641 END
START 5.58088406982 -9.74440075684 3.96479794922 250.129770992 -58.1832061069 9.58778625954 END
START -1.472434021 -7.80030900879 11.279084021 250.129770992 -52.7022900763 10.8320610687 END
START 2.8299463623 -13.8169377808 10.680533606 250.129770992 -59.1832061069 -3.07633587786 END
START 6.6702458252 -11.2838724243 10.2184526855 250.129770992 -58.9160305344 11.3511450382 END
START -4.02944139404 -8.80347950439 7.46033237305 250.129770992 -65.534351145 13.106870229 END
START -4.2784383667 -9.00459244385 10.4866032715 250.129770992 -61.0763358779 4.0 END
START 1.66875855713 -10.2376062988 5.00627567139 250.129770992 -68.1221374046 10.0 END
START 3.26808526611 -10.9103769653 7.50582220459 250.129770992 -75.4122137405 7.61832061069 END
START -1.76452662354 -9.73242974854 7.91044228516 250.129770992 -84.0839694656 6.09923664122 END
START 1.36948334961 -10.5967365479 5.00148726807 250.129770992 -81.9541984733 7.93893129771 END
START -1.99915838623 -6.88811817627 8.12352623291 250.129770992 -91.358778626 14.7328244275 END
START 1.30962830811 -9.05247647705 11.1904985596 250.129770992 -90.4732824427 16.7938931298 END
START -2.85149417725 -6.39491263428 10.3908352051 250.129770992 -89.8549618321 6.64885496183 END
START 2.35350023193 -9.79946739502 7.22330640869 250.129770992 -99.6106870229 12.0152671756 END
START 9.04529387207 -6.89051237793 8.92558378906 250.129770992 -106.045801527 19.358778626 END
START 0.433350500488 -9.34696328125 7.72369455566 250.129770992 -98.5954198473 7.46564885496 END
START 0.342370837402 -7.20415279541 5.57848986816 250.129770992 -102.06870229 -2.1679389313 END
START 0.677559069824 -7.17542237549 11.2886608276 250.129770992 -91.7709923664 3.65648854962 END
START -4.12760366211 -1.92254393311 9.62708487549 250.129770992 -94.3053435115 8.67175572519 END
START -1.71903679199 -11.0348754517 6.39012423096 250.129770992 -93.7709923664 4.64122137405 END
START 0.840364782715 -0.287304199219 12.8903817383 250.129770992 -101.572519084 3.21374045802 END
START 3.46919820557 -10.9678378052 11.2335941895 250.129770992 -88.8167938931 5.35114503817 END
START 5.73411297607 -7.69256993408 8.07803640137 250.129770992 -85.9618320611 8.19083969466 END
START 6.62715019531 -11.6046954468 8.05409438477 250.129770992 -94.9465648855 2.06106870229 END
START 11.9159416626 -0.653617053223 10.4746322632 250.129770992 -107.473282443 11.9847328244 END
START 9.34217487793 -11.159373938 4.8434699585 250.129770992 -100.122137405 2.4427480916 END
START 1.98239897461 -8.19774648437 6.29675036621 250.129770992 -97.7633587786 3.46564885496 END
START 8.58800135498 -8.08761320801 14.2335288696 250.129770992 -99.4198473282 -0.00763358778626 END
START 9.13627353516 -6.89769498291 5.11162054443 250.129770992 -83.3893129771 3.27480916031 END
START 8.69813463135 -6.12436784668 10.1681744507 250.129770992 -82.2061068702 8.29007633588 END
START 7.37653531494 -9.72045874023 13.5439987915 250.129770992 -74.0763358779 9.42748091603 END
START 10.4004120117 -6.69658204346 9.67496890869 250.129770992 -89.0687022901 8.38167938931 END
START 12.7156050171 -12.8424977051 5.03979449463 250.129770992 -74.7633587786 6.41221374046 END