START 5.1858407959 1.04387192383 11.3604868774 250.129770992 -95.2366412214 -2.89312977099 END
START -1.2617442749 -10.1298672241 5.42526096191 250.129770992 -97.3511450382 5.03053435115 END
START 3.30639249268 -5.40610734863 0.778115539551 250.129770992 -94.8625954198 17.4732824427 END
START 2.76769711914 -11.1833159546 3.53144744873 250.129770992 -100.79389313 8.35114503817 END
START -0.553060583496 -7.40047733154 9.21528218994 250.129770992 -94.1603053435 1.90839694656 END
START -4.20182391357 -16.4074639771 12.6030775391 250.129770992 -94.0381679389 -1.59541984733 END
START 0.45489831543 -8.84896933594 9.13148513184 250.129770992 -83.1755725191 1.70992366412 END
START -0.828393774414 -13.1896569458 6.38054742432 250.129770992 -92.7480916031 7.69465648855 END
START 0.835576379395 -13.6445552612 8.5568767334 250.129770992 -100.854961832 1.98473282443 END
START -0.543483776855 -14.9374241577 10.4961800781 250.129770992 -81.6564885496 12.8244274809 END
START 8.45632026367 -13.9127058472 4.70939466553 250.129770992 -84.6488549618 -1.64885496183 END
START -6.14352145996 -13.1010714844 13.0819178711 250.129770992 -81.213740458 5.69465648855 END
START -0.677559069824 -5.72214196777 9.86889924316 250.129770992 -77.3893129771 12.0076335878 END
START -6.81868632812 -16.0794583496 13.1130424927 250.129770992 -89.4885496183 9.32061068702 END
START 1.92254393311 -6.47870969238 7.86016405029 250.129770992 -75.0534351145 5.93893129771 END
START -0.0359130249023 -17.3005011963 10.0340991577 250.129770992 -76.3740458015 -3.06106870229 END
START -0.421379492187 -11.7914431763 7.98466253662 250.129770992 -85.4503816794 7.95419847328 END
START 8.36534060059 -15.2534587769 13.7211697144 250.129770992 -86.4122137405 4.03053435115 END
START -0.596156213379 -8.58081875 6.15788666992 250.129770992 -82.1450381679 3.93893129771 END
START 4.80037432861 -15.9405946533 1.28089788818 250.129770992 -75.5801526718 4.0534351145 END
START -2.61686241455 -11.384428894 2.18351191406 250.129770992 -77.0839694656 11.5190839695 END
START 6.30632717285 -12.9167179565 11.7698953613 250.129770992 -85.6870229008 7.23664122137 END
START -6.75883128662 -7.27597884521 7.07007750244 250.129770992 -76.6259541985 9.63358778626 END
START 5.55933625488 -12.6868745972 8.82502731934 250.129770992 -74.9236641221 8.91603053435 END
START -10.0724063843 -18.626888916 7.26640203857 250.129770992 -75.3740458015 -0.00763358778626 END
START 0.584185205078 -16.2398698608 7.86016405029 250.129770992 -79.4427480916 9.1679389313 END
START -5.27682045898 -6.86178195801 5.00627567139 250.129770992 -71.8244274809 1.96946564885 END
START 16.4385885986 -19.6133 3.18428820801 250.129770992 -47.106870229 7.20610687023 END
START 9.59596025391 -16.2350814575 7.54652363281 250.129770992 -47.5801526718 14.2290076336 END
START -10.0843773926 -16.0674873413 6.40448944092 250.129770992 -37.4427480916 7.07633587786 END
START -8.2384479126 -9.40921252441 12.0955067871 250.129770992 -37.3053435115 4.92366412214 END
START 6.53138212891 1.22104284668 4.52025273438 250.129770992 -33.4045801527 5.06106870229 END
START 2.36068283691 -6.95755002441 7.53455262451 250.129770992 -27.8549618321 4.09923664122 END
START 6.78277330322 -13.8456682007 4.41969626465 250.129770992 -17.7251908397 6.53435114504 END
START 3.84748206787 -11.5807534302 7.00543405762 250.129770992 -28.2213740458 0.732824427481 END
START -1.39581956787 -9.01895765381 14.5351982788 250.129770992 -28.7709923664 9.41984732824 END
START -1.99436998291 -17.4178170776 5.34625230713 250.129770992 -37.0534351145 5.31297709924 END
START -0.294486804199 -5.77002600098 12.4163298096 250.129770992 -41.5267175573 -3.07633587786 END
START -3.77805021973 -1.94409174805 13.3452800537 250.129770992 -38.2748091603 10.4732824427 END
START -3.95043273926 -3.49314022217 10.7691190674 250.129770992 -27.8702290076 7.69465648855 END
START -6.06690700684 -7.46990917969 8.10676682129 250.129770992 -14.8549618321 9.35114503817 END
START -7.69256993408 -16.8623622925 7.00782825928 250.129770992 -28.1297709924 8.48854961832 END
START -4.88417138672 -6.84981094971 10.6948988159 250.129770992 -28.4198473282 -3.54198473282 END
START -6.98149204102 -13.4003466919 10.6398321777 250.129770992 -42.7022900763 9.95419847328 END
START 8.47547387695 -3.31596929932 6.51462271729 250.129770992 -43.893129771 5.40458015267 END
START 0.821211169434 -12.3229559448 9.16021555176 250.129770992 -44.9160305344 10.5572519084 END
START 2.05183082275 -18.6125237061 4.27125576172 250.129770992 -46.0229007634 4.24427480916 END
START 2.48518132324 -10.0173397461 3.65115753174 250.129770992 -31.3053435115 -1.29007633588 END
START -7.12993254395 -9.34696328125 7.91762489014 250.129770992 -33.534351145 10.4961832061 END
START 1.24259066162 -6.64869801025 12.5312514893 250.129770992 -28.3969465649 8.50381679389 END
START -0.948103857422 -8.46589707031 0.433350500488 250.129770992 -50.2748091603 10.1297709924 END
START -8.5688477417 -5.73890137939 0.653617053223 250.129770992 -63.9923664122 2.93893129771 END
START -2.20745393066 -10.2687309204 10.3190091553 250.129770992 -77.8702290076 8.21374045802 END
START -2.27449157715 -11.405976709 7.55131203613 250.129770992 -74.8167938931 16.4503816794 END
START 5.8226984375 -10.292672937 0.390254870605 250.129770992 -68.6564885496 3.07633587786 END
START -0.387860668945 -13.0531874512 6.00465776367 250.129770992 -73.534351145 11.3740458015 END
START -1.94409174805 -1.01753570557 14.1449434082 250.129770992 -69.3511450382 5.88549618321 END
START -8.43237824707 -5.09486113281 6.25365473633 250.129770992 -51.786259542 9.6106870229 END
START 0.418985290527 -3.84987626953 10.4147772217 250.129770992 -50.5877862595 10.0610687023 END
START -5.83706364746 -6.13873305664 0.414196887207 250.129770992 -47.8091603053 7.9465648855 END
START 2.24097275391 -14.9972791992 7.17781657715 250.129770992 -64.3664122137 6.13740458015 END
START -1.24019645996 -12.9454483765 12.8017962769 250.129770992 -82.4045801527 9.68702290076 END
START 8.13070883789 -11.7842605713 8.11634362793 250.129770992 -83.3129770992 3.46564885496 END
START -1.12288057861 -12.138602417 6.1052142334 250.129770992 -84.4885496183 6.34351145038 END
START -5.51863482666 -9.40442412109 8.27914934082 250.129770992 -77.4045801527 10.3664122137 END
START -7.19936439209 -3.83072265625 2.53545955811 250.129770992 -67.5114503817 0.374045801527 END
START -0.318428820801 -12.0284691406 6.742071875 250.129770992 -69.8702290076 7.88549618321 END
START 2.35589443359 -5.69101734619 3.10767375488 250.129770992 -68.6488549618 12.4809160305 END
START -2.2170307373 -9.16021555176 10.8337625122 250.129770992 -69.9236641221 13.5038167939 END
START 0.871489404297 -19.3164189941 10.5799771362 250.129770992 -80.6183206107 5.36641221374 END
START 5.07570751953 -4.93444962158 4.91050760498 250.129770992 -78.7480916031 0.916030534351 END
START 1.72621939697 -10.2400005005 6.57447775879 250.129770992 -85.1755725191 12.6870229008 END
START 5.76763179932 -5.25527264404 6.59123717041 250.129770992 -82.9847328244 -1.10687022901 END
START 5.44202037354 -14.590264917 1.68551796875 250.129770992 -78.2671755725 12.7557251908 END
START 7.52258161621 -7.99423934326 -2.66474644775 250.129770992 -81.0763358779 9.77099236641 END
START -2.26970317383 -11.4203419189 3.95282694092 250.129770992 -78.9770992366 8.89312977099 END
START 7.97508572998 -1.67833536377 8.5089927002 250.129770992 -76.5877862595 4.60305343511 END
START -3.27047946777 -9.60553706055 9.20809958496 250.129770992 -94.8244274809 8.48091603053 END
START -3.98873996582 -14.8416560913 13.8241203857 250.129770992 -98.4198473282 7.57251908397 END
START 12.617442749 -8.43477244873 10.053252771 250.129770992 -101.320610687 9.53435114504 END
START 3.65115753174 -12.3277443481 5.93283171387 250.129770992 -88.2366412214 1.11450381679 END
START -0.514753356934 -6.0573302002 7.68778153076 250.129770992 -87.2671755725 2.90839694656 END
START 6.91206019287 -4.30477458496 4.46279189453 250.129770992 -71.7633587786 7.95419847328 END
START 10.2807019287 -4.5968671875 5.83706364746 250.129770992 -57.6030534351 8.82442748092 END
START 1.63523973389 -10.2208468872 10.9343189819 250.129770992 -68.3129770992 13.1145038168 END
START 0.907402429199 -14.3197201294 5.04218869629 250.129770992 -65.4122137405 4.81679389313 END
START -1.01514150391 -12.1505734253 12.2343704834 250.129770992 -76.7099236641 10.7480916031 END
START 8.2504189209 -6.25365473633 0.450109912109 250.129770992 -75.6259541985 7.3358778626 END
START 7.38850632324 -9.1697923584 7.69975253906 250.129770992 -72.572519084 6.52671755725 END
START -4.0078935791 -13.251906189 5.70059415283 250.129770992 -76.8473282443 6.80152671756 END
START -9.33499227295 -5.11880314941 5.62637390137 250.129770992 -84.3358778626 1.74809160305 END
START -0.694318481445 -6.6702458252 9.80665 250.129770992 -79.8167938931 -1.56488549618 END