START -2.61686241455 -14.4849200439 6.4356140625 250.129770992 -75.0152671756 2.65648854962 END
START 5.76044919434 0.586579406738 4.83628735352 250.129770992 -77.6106870229 18.6335877863 END
START 0.421379492187 -13.984531897 0.287304199219 250.129770992 -76.2290076336 8.84732824427 END
START 2.53785375977 -15.0188270142 3.0526071167 250.129770992 -78.1297709924 2.74045801527 END
START -1.07499654541 -14.7794068481 4.24013114014 250.129770992 -67.6870229008 3.5572519084 END
START 4.77882651367 -13.0029092163 -4.39814844971 250.129770992 -63.2061068702 -2.49618320611 END
START 5.18344659424 -14.3652099609 6.23210692139 250.129770992 -64.0305343511 11.7022900763 END
START 3.24414324951 -2.4636335083 12.1050835937 250.129770992 -59.534351145 5.00763358779 END
START 1.25456166992 -15.0643168457 6.13633885498 250.129770992 -62.8625954198 8.31297709924 END
START -4.69502945557 -9.37808790283 3.36624753418 250.129770992 -66.0687022901 15.3816793893 END
START 7.21612380371 -11.4873795654 16.2302930542 250.129770992 -59.4427480916 10.6564885496 END
START 3.21780703125 -14.0755115601 5.54257684326 250.129770992 -58.7480916031 12.1297709924 END
START 4.73094248047 -2.42532628174 6.56250675049 250.129770992 -61.8702290076 -1.27480916031 END
START -5.39413634033 -9.67496890869 12.6677209839 250.129770992 -53.0152671756 14.7709923664 END
START 4.21140072021 -5.37019432373 9.06444748535 250.129770992 -48.1450381679 10.2595419847 END
START -4.06056601562 -9.69651672363 10.3668931885 250.129770992 -40.893129771 -2.2213740458 END
START 2.30561619873 -10.9223479736 5.80593902588 250.129770992 -39.0229007634 14.1221374046 END
START 3.16274039307 -11.1857101562 12.6078659424 250.129770992 -40.7633587786 11.320610687 END
START -3.55538946533 -19.6133 7.76918438721 250.129770992 -33.7557251908 2.36641221374 END
START 5.2456958374 -13.2638771973 14.0755115601 250.129770992 -44.2519083969 0.610687022901 END
START -3.59848509521 -10.165780249 8.94473740234 250.129770992 -28.3053435115 7.9465648855 END
START 9.24880101318 -10.0652237793 12.9191121582 250.129770992 -31.7404580153 2.43511450382 END
START -1.39103116455 -9.63666168213 15.2917660034 250.129770992 -32.5419847328 5.83969465649 END
START 0.739808312988 -18.3252195068 5.11162054443 250.129770992 -30.6641221374 4.64885496183 END
START 1.13245738525 -7.43399615479 11.5520230103 250.129770992 -38.9389312977 -2.00763358779 END
START -9.05487067871 -10.285490332 10.3525279785 250.129770992 -28.2061068702 5.10687022901 END
START -0.354341845703 -1.74776721191 7.86495245361 250.129770992 -35.4045801527 3.36641221374 END
START -1.33357032471 -14.1353666016 10.4722380615 250.129770992 -30.2213740458 3.80916030534 END
START 3.97676895752 -14.2885955078 3.78283862305 250.129770992 -28.8549618321 -0.0381679389313 END
START -4.8314989502 -10.8122146973 1.7788918335 250.129770992 -35.0916030534 4.06870229008 END
START -2.20027132568 -9.35654008789 9.01656345215 250.129770992 -30.2824427481 8.61832061069 END
START 0.849941589355 -18.9237699219 7.73087716064 250.129770992 -23.0763358779 5.9465648855 END
START 5.35104071045 -6.67503422852 7.57285985107 250.129770992 -24.9007633588 -3.6106870229 END
START -4.27364996338 -9.42357773437 5.8586114624 250.129770992 -18.2595419847 -2.09923664122 END
START -4.10845004883 -3.65834013672 7.32146867676 250.129770992 -30.8167938931 4.21374045802 END
START -3.3710359375 -17.2621939697 9.02853446045 250.129770992 -18.5801526718 12.7557251908 END
START -5.35104071045 -6.96233842773 13.5080857666 250.129770992 -30.2366412214 3.2213740458 END
START -4.2544963501 -7.44596716309 5.62876810303 250.129770992 -28.8473282443 11.2366412214 END
START -5.73650717773 -10.6063133545 4.70221206055 250.129770992 -34.5190839695 5.52671755725 END
START -7.05092388916 -7.57764825439 14.2718360962 250.129770992 -43.8320610687 15.3816793893 END
START -2.86585938721 -15.6173774292 6.24407792969 250.129770992 -57.2900763359 -3.32061068702 END
START -5.44680877686 -7.0964137207 9.26316622314 250.129770992 -70.2748091603 10.4503816794 END
START -0.407014282227 -9.66299790039 10.2136642822 250.129770992 -76.6564885496 3.06106870229 END
START -6.01662877197 -7.09880792236 8.43237824707 250.129770992 -86.4580152672 7.75572519084 END
START -3.37821854248 -7.12514414062 7.98466253662 250.129770992 -83.6564885496 11.1450381679 END
START 0.869095202637 0.268150585937 9.55765302734 250.129770992 -79.9618320611 10.9770992366 END
START -0.531512768555 -13.4482307251 7.07007750244 250.129770992 -81.6106870229 1.70229007634 END
START 4.01028778076 -6.27041414795 9.94551369629 250.129770992 -80.5190839695 4.22900763359 END
START 5.7508723877 -14.702792395 10.7691190674 250.129770992 -68.5877862595 11.6488549618 END
START 3.66073433838 -6.07169541016 12.6054717407 250.129770992 -82.9847328244 -1.0534351145 END
START -5.21935961914 -12.3373211548 6.56250675049 250.129770992 -83.0381679389 12.6488549618 END
START -2.56658417969 -6.30393297119 4.15872828369 250.129770992 -90.7480916031 6.84732824427 END
START -5.79396801758 -8.58560715332 6.8138979248 250.129770992 -89.3053435115 5.63358778626 END
START -11.1952869629 -4.5489831543 10.433930835 250.129770992 -80.1603053435 9.74045801527 END
START 7.65426270752 -9.23683000488 8.78193168945 250.129770992 -78.5572519084 -0.618320610687 END
START 1.97761057129 -7.87931766357 8.38928261719 250.129770992 -92.0610687023 0.00763358778626 END
START 2.61925661621 -11.405976709 8.13549724121 250.129770992 -88.7786259542 7.88549618321 END
START -4.19942971191 -8.54251152344 0.356736047363 250.129770992 -87.2442748092 6.17557251908 END
START -1.64002813721 -10.3860468018 7.9918451416 250.129770992 -88.3893129771 3.54961832061 END
START -6.83544573975 -10.0340991577 5.16908138428 250.129770992 -94.9160305344 9.58015267176 END
START -0.979228479004 -8.86812294922 7.56088884277 250.129770992 -104.93129771 9.99236641221 END
START -0.519541760254 -7.97029732666 11.0540290649 250.129770992 -105.27480916 3.97709923664 END
START -8.62391437988 -11.6286374634 10.7595422607 250.129770992 -104.465648855 2.67938931298 END
START -0.162805712891 -10.433930835 8.06367119141 250.129770992 -104.305343511 6.70992366412 END
START 8.23126530762 -7.52976422119 13.9031290405 250.129770992 -98.1755725191 -2.93129770992 END
START -5.71256516113 -14.2191636597 10.2112700806 250.129770992 -89.0687022901 6.64122137405 END
START -6.07408961182 -5.78917961426 19.4959841187 250.129770992 -90.1297709924 9.63358778626 END
START 5.97353314209 -7.75481917725 8.20014068604 250.129770992 -94.7938931298 3.36641221374 END
START 7.60877287598 -13.1681091309 9.33978067627 250.129770992 -104.175572519 5.45038167939 END
START 6.07648381348 -7.75481917725 7.41244833984 250.129770992 -94.7709923664 5.48854961832 END
START 5.39174213867 -8.2983029541 11.0683942749 250.129770992 -104.122137405 9.83969465649 END
START -3.46201560059 -16.8886985107 1.89381351318 250.129770992 -92.2671755725 11.2824427481 END
START 3.14358677979 -5.04697709961 15.7083570923 250.129770992 -90.7633587786 2.83969465649 END
START -8.39885942383 -0.61052142334 4.86022937012 250.129770992 -91.6946564885 5.08396946565 END
START 1.27610948486 -9.03571706543 10.314220752 250.129770992 -85.6641221374 7.15267175573 END
START -0.691924279785 -10.5225162964 6.21295330811 250.129770992 -80.2977099237 6.24427480916 END
START 3.17231719971 -9.7587659668 2.56658417969 250.129770992 -74.0534351145 3.85496183206 END
START -0.191536132812 -14.8679923096 4.39575424805 250.129770992 -74.1450381679 5.12213740458 END
START 5.74129558105 -2.31998140869 1.19949503174 250.129770992 -70.0763358779 9.13740458015 END
START -4.52264693604 -10.3094323486 2.45645090332 250.129770992 -65.7709923664 6.08396946565 END
START 5.89691868896 -10.927136377 14.7147634033 250.129770992 -59.9541984733 10.9236641221 END
START -6.11957944336 -2.10450325928 12.0524111572 250.129770992 -68.8778625954 5.67175572519 END
START -0.395043273926 -8.17619866943 9.73003554687 250.129770992 -69.4122137405 10.6183206107 END
START 8.29112034912 -12.8808049316 7.23048901367 250.129770992 -58.6717557252 6.89312977099 END
START -5.71495936279 -9.08360109863 6.28956776123 250.129770992 -61.6946564885 2.22900763359 END
START 7.2831614502 -6.51701691895 8.84418093262 250.129770992 -58.3511450382 -2.0534351145 END
START 9.61271966553 -10.6829278076 3.27766207275 250.129770992 -69.1297709924 17.1526717557 END
START 7.08923111572 -11.1713449463 3.66073433838 250.129770992 -67.9007633588 4.3893129771 END