START -2.34631762695 -10.919953772 5.90649549561 250.129770992 -80.3740458015 3.87022900763 END
START -2.04704241943 -11.8034141846 12.4187240112 250.129770992 -81.2061068702 0.564885496183 END
START 5.75566079102 -10.9606552002 6.94318481445 250.129770992 -76.213740458 6.49618320611 END
START -3.08133753662 -2.59770880127 6.97430943604 250.129770992 -72.7251908397 5.09923664122 END
START -0.31124621582 -15.2510645752 14.942212561 250.129770992 -79.6183206107 6.30534351145 END
START 12.5384340942 -12.7898252686 4.57053096924 250.129770992 -66.0458015267 12.0 END
START 3.13161577148 -9.55286462402 5.44680877686 250.129770992 -87.1908396947 13.4351145038 END
START -0.256179577637 -7.59440766602 11.6166664551 250.129770992 -72.8244274809 8.83969465649 END
START 0.948103857422 -10.5129394897 6.82586893311 250.129770992 -91.2290076336 -0.702290076336 END
START 6.0932432251 -10.2328178955 9.73242974854 250.129770992 -75.1374045802 1.63358778626 END
START 5.39174213867 -6.53856473389 5.59046087646 250.129770992 -78.3511450382 4.1679389313 END
START 1.85311208496 -10.8074262939 7.31428607178 250.129770992 -76.5114503817 5.1679389313 END
START -1.2138602417 -8.99262143555 5.27442625732 250.129770992 -82.5114503817 11.2824427481 END
START -1.60890351563 -11.7770779663 7.54412943115 250.129770992 -79.7786259542 17.6259541985 END
START 6.11479104004 -7.19697019043 5.13556256104 250.129770992 -85.8473282443 0.145038167939 END
START -3.51708223877 -8.51856950684 5.5042696167 250.129770992 -73.0229007634 12.5190839695 END
START -1.91536132812 -9.17697496338 6.34702860107 250.129770992 -70.4351145038 2.81679389313 END
START -0.399831677246 -12.9885440063 11.5927244385 250.129770992 -76.4961832061 5.08396946565 END
START 2.76769711914 -7.10120212402 5.53539423828 250.129770992 -74.5114503817 8.10687022901 END
START -3.19865341797 -14.082694165 6.20337650146 250.129770992 -81.9236641221 12.893129771 END
START 0.031124621582 -12.7251818237 7.82425102539 250.129770992 -81.0992366412 2.92366412214 END
START 7.42441934814 -6.4116720459 5.20499440918 250.129770992 -72.4351145038 -1.24427480916 END
START 3.19865341797 -12.5073094727 6.31590397949 250.129770992 -76.6488549618 10.9236641221 END
START -0.888248815918 -9.97424411621 7.60877287598 250.129770992 -77.4961832061 4.23664122137 END
START 1.38863696289 -11.1402203247 5.92086070557 250.129770992 -71.9541984733 15.2977099237 END
START -2.13802208252 -12.0619879639 5.59524927979 250.129770992 -67.2519083969 -3.17557251908 END
START 5.01585247803 -4.01747038574 5.08767852783 250.129770992 -68.7786259542 7.96946564885 END
START 7.31668027344 -15.9382004517 6.65109221191 250.129770992 -68.9694656489 -3.5572519084 END
START 8.00860455322 -4.81952794189 7.04613548584 250.129770992 -71.0916030534 -0.793893129771 END
START -2.27927998047 -8.41561883545 6.53856473389 250.129770992 -63.5572519084 8.62595419847 END
START -3.64397492676 -9.43315454102 7.92720169678 250.129770992 -70.1374045802 8.51908396947 END
START -0.433350500488 -7.0245876709 3.96958635254 250.129770992 -61.6641221374 5.39694656489 END
START -3.84508786621 -15.5647049927 8.73644185791 250.129770992 -76.1374045802 14.106870229 END
START 3.56017786865 -12.7994020752 10.6829278076 250.129770992 -75.4961832061 11.5114503817 END
START 4.37181223145 -7.71890615234 7.80749161377 250.129770992 -71.786259542 19.0687022901 END
START -2.15478149414 -10.7260234375 4.98712205811 250.129770992 -68.2519083969 2.40458015267 END
START -4.2664673584 -6.41406624756 3.69664736328 250.129770992 -69.3740458015 10.1145038168 END
START 6.21055910645 -11.9997387207 7.63510909424 250.129770992 -73.8091603053 7.77099236641 END
START -0.660799658203 -9.34456907959 13.9246768555 250.129770992 -62.5572519084 -1.37404580153 END
START -0.677559069824 -1.93930334473 6.20577070312 250.129770992 -78.5496183206 13.2442748092 END
START -1.69270057373 -11.5639940186 8.43956085205 250.129770992 -60.4427480916 3.06106870229 END
START 5.00148726807 -16.5391450684 6.61996759033 250.129770992 -76.2519083969 4.87022900763 END
START -1.04866032715 -8.84657513428 7.88889447021 250.129770992 -73.6641221374 1.78625954198 END
START -4.24731374512 -8.47786807861 5.24090743408 250.129770992 -80.8167938931 9.54961832061 END
START -0.876277807617 -8.07803640137 5.882553479 250.129770992 -80.0534351145 1.45038167939 END
START -0.624886633301 -10.3692873901 7.50103380127 250.129770992 -79.8091603053 4.65648854962 END
START 0.933738647461 -12.871228125 5.13316835937 250.129770992 -77.2366412214 2.88549618321 END
START -1.01992990723 -14.8560213013 14.08987677 250.129770992 -87.1526717557 13.2213740458 END
START -1.61129771729 -9.65581529541 7.13472094727 250.129770992 -77.3358778626 13.0534351145 END
START -1.35272393799 -10.2328178955 10.1418382324 250.129770992 -70.7633587786 4.41221374046 END
START -0.344765039063 -11.5352635986 6.57208355713 250.129770992 -74.1297709924 1.03053435115 END
START 2.26970317383 -6.0693012085 6.20577070312 250.129770992 -83.0 -2.35114503817 END
START 2.98556947021 -10.7308118408 6.24647213135 250.129770992 -74.641221374 10.786259542 END
START 7.3789295166 -15.8615859985 10.2064816772 250.129770992 -72.2977099237 12.6717557252 END
START -8.42280144043 -8.88248815918 11.4706201538 250.129770992 -70.4045801527 8.09923664122 END
START 5.88494768066 -1.51792385254 12.5360398926 250.129770992 -69.4885496183 1.01526717557 END
START 10.9079827637 -12.6126543457 7.6255322876 250.129770992 -59.5572519084 8.8320610687 END
START 3.47398660889 -6.67982263184 9.64145008545 250.129770992 -68.7404580153 4.49618320611 END
START -1.99915838623 -10.9630494019 6.86896456299 250.129770992 -61.3511450382 -2.77099236641 END
START 1.65678754883 -12.6772977905 7.89128867187 250.129770992 -59.1526717557 13.1679389313 END
START 3.36385333252 -11.7627127563 5.09725533447 250.129770992 -71.3969465649 -5.08396946565 END
START -0.708683691406 -10.9558667969 6.89051237793 250.129770992 -69.9007633588 14.2366412214 END
START -1.70706578369 -5.51384642334 9.76834277344 250.129770992 -66.8549618321 9.6106870229 END
START 6.3997010376 -9.91199487305 7.52976422119 250.129770992 -78.679389313 9.74809160305 END
START 0.711077893066 -6.76122548828 14.2814129028 250.129770992 -68.8167938931 7.37404580153 END
START 4.90093079834 -7.25443103027 9.04768807373 250.129770992 -72.3053435115 6.87022900763 END
START -3.42849677734 -4.32392819824 7.4028715332 250.129770992 -64.572519084 4.11450381679 END
START 4.65193382568 -9.53371101074 6.21534750977 250.129770992 -75.5267175573 1.36641221374 END
START 10.4075946167 -16.0770641479 9.07881269531 250.129770992 -77.3435114504 4.19847328244 END
START 4.28322677002 -7.88889447021 2.67192905273 250.129770992 -62.6870229008 3.09923664122 END
START 4.34308181152 -11.6023012451 11.279084021 250.129770992 -63.2442748092 -1.34351145038 END
START 4.76206710205 -11.6693388916 5.90649549561 250.129770992 -67.7480916031 10.1984732824 END
START 2.90177241211 -4.80516273193 2.03028300781 250.129770992 -69.0152671756 6.10687022901 END
START 3.14598098145 -8.47307967529 12.497732666 250.129770992 -81.0 -0.870229007634 END
START 6.82826313477 -9.02374605713 6.79474431152 250.129770992 -77.1374045802 4.22900763359 END
START 4.49870491943 -11.0875478882 6.34702860107 250.129770992 -71.6870229008 13.4198473282 END