START 1.51552965088 -5.30555087891 6.67742843018 250.129770992 -84.213740458 4.41221374046 END
START -1.42454998779 -8.65503900146 16.1871974243 250.129770992 -78.1755725191 4.49618320611 END
START -1.50595284424 -9.49779798584 14.590264917 250.129770992 -75.5038167939 14.3664122137 END
START 6.58166036377 -4.20900651855 6.08845482178 250.129770992 -89.9541984733 8.57251908397 END
START 5.05415970459 -8.15465085449 7.6494743042 250.129770992 -103.251908397 12.320610687 END
START 0.572214196777 -9.28471403809 6.54335313721 250.129770992 -95.8091603053 15.358778626 END
START -1.43173259277 -4.67827004395 6.67503422852 250.129770992 -96.0229007634 -1.31297709924 END
START 0.488417138672 -7.52018741455 9.37569370117 250.129770992 -100.358778626 2.00763358779 END
START 3.49553442383 -14.0635405518 13.8839754272 250.129770992 -86.1374045802 5.80152671756 END
START 11.3820346924 -11.0300870483 0.565031591797 250.129770992 -86.6183206107 -1.14503816794 END
START -2.94007963867 -7.38371791992 11.0205102417 250.129770992 -83.641221374 8.45801526718 END
START 0.723048901367 -5.87537087402 4.84586416016 250.129770992 -84.9160305344 16.8244274809 END
START 4.62559760742 0.349553442383 5.17865819092 250.129770992 -76.7480916031 1.54961832061 END
START 5.44202037354 -4.656722229 10.1992990723 250.129770992 -79.4122137405 5.61832061069 END
START -6.78037910156 -5.72214196777 5.59524927979 250.129770992 -80.2366412214 6.48091603053 END
START -10.2088758789 1.98718737793 7.32625708008 250.129770992 -71.5954198473 3.58015267176 END
START -2.61925661621 -5.78199700928 -0.0263362182617 250.129770992 -69.320610687 15.427480916 END
START 4.06535441895 1.01753570557 8.73883605957 250.129770992 -59.8778625954 15.2900763359 END
START 4.35265861816 -9.01656345215 2.8060043457 250.129770992 -58.6641221374 6.12977099237 END
START -3.7014357666 -7.94874951172 11.0013566284 250.129770992 -53.9083969466 7.58778625954 END
START 5.40850155029 -10.2328178955 6.58166036377 250.129770992 -55.9923664122 11.3740458015 END
START 2.72460148926 -10.7667248657 7.87931766357 250.129770992 -49.5572519084 1.35877862595 END
START 2.86825358887 -13.991714502 8.79390269775 250.129770992 -63.4961832061 15.3511450382 END
START 0.368707055664 -9.86171663818 8.44674345703 250.129770992 -52.4427480916 8.03816793893 END
START 9.48103857422 -4.47236870117 16.9988317871 250.129770992 -58.8702290076 11.0076335878 END
START -4.39814844971 -10.9247421753 5.22414802246 250.129770992 -52.0305343511 3.67938931298 END
START 3.73256038818 -13.1681091309 3.07894333496 250.129770992 -51.0763358779 2.04580152672 END
START -10.3644989868 -13.7139871094 13.1609265259 250.129770992 -49.7251908397 9.08396946565 END
START -2.98078106689 -10.8122146973 6.47870969238 250.129770992 -54.6870229008 2.52671755725 END
START 4.27604416504 -19.5534449585 11.6430026733 250.129770992 -63.4198473282 2.49618320611 END
START -1.25935007324 -3.58172568359 3.27287366943 250.129770992 -63.2595419847 10.1374045802 END
START -5.36301171875 -3.65115753174 11.6908867065 250.129770992 -71.3282442748 7.58015267176 END
START -1.96085115967 -5.73890137939 2.31758720703 250.129770992 -75.9312977099 8.18320610687 END
START 1.73340200195 -14.3173259277 10.9534725952 250.129770992 -63.1221374046 9.09923664122 END
START -5.20020600586 -17.9541182495 7.24246002197 250.129770992 -62.5496183206 9.20610687023 END
START 11.3269680542 -10.6206785645 16.4840784302 250.129770992 -61.8549618321 2.03053435115 END
START -7.35259329834 -7.3669585083 10.1897222656 250.129770992 -56.2748091603 9.0 END
START 3.32554610596 -14.2742302979 7.63271489258 250.129770992 -58.8244274809 2.70229007634 END
START -5.01106407471 -11.5735708252 6.21534750977 250.129770992 -61.2900763359 9.41984732824 END
START 0.739808312988 -15.9046816284 7.28555565186 250.129770992 -62.6717557252 4.09923664122 END
START 4.18506450195 -10.898405957 5.61440289307 250.129770992 -66.3969465649 4.70229007634 END
START 1.70227738037 -6.03338818359 5.27921466064 250.129770992 -70.7557251908 -0.473282442748 END
START 1.94169754639 -6.42843145752 7.48906279297 250.129770992 -68.9618320611 8.52671755725 END
START -5.33906970215 -4.64714542236 8.34139858398 250.129770992 -71.8396946565 -3.19847328244 END
START -8.5927897583 -15.449783313 16.0650931396 250.129770992 -65.5954198473 -1.83969465649 END
START -3.15795198975 -17.0131969971 13.4147119019 250.129770992 -55.2977099237 11.4122137405 END
START -2.89698400879 -4.97036264648 10.7427828491 250.129770992 -60.8167938931 3.76335877863 END
START -1.51074124756 -11.6334258667 3.30160408936 250.129770992 -73.1603053435 11.1755725191 END
START 5.50905802002 -11.1641623413 0.404620080566 250.129770992 -75.7557251908 4.08396946565 END
START 4.92966121826 -17.7194864868 9.13866773682 250.129770992 -84.6641221374 3.95419847328 END
START -8.947131604 -10.6948988159 5.83706364746 250.129770992 -80.4961832061 7.35114503817 END
START 7.0844427124 -13.9007348389 4.58968458252 250.129770992 -78.0610687023 4.91603053435 END
START 2.48518132324 -17.9205994263 10.658985791 250.129770992 -77.4503816794 10.3282442748 END
START 3.11006795654 -11.9446720825 4.76685550537 250.129770992 -82.9694656489 6.07633587786 END
START -2.73178409424 -5.12598575439 10.1921164673 250.129770992 -86.4503816794 12.2290076336 END
START -4.32392819824 -8.85615194092 9.32062706299 250.129770992 -77.7328244275 -2.32061068702 END
START 6.88811817627 -12.4546370361 3.77326181641 250.129770992 -76.893129771 3.82442748092 END
START -1.69988317871 -10.1418382324 11.7052519165 250.129770992 -84.1603053435 -1.19083969466 END
START 4.21618912354 -7.19697019043 12.3516863647 250.129770992 -90.6564885496 6.03816793893 END
START 4.04620080566 -4.35265861816 4.9392380249 250.129770992 -90.8778625954 13.7404580153 END
START -5.67665213623 -10.2567599121 15.1768443237 250.129770992 -89.0458015267 4.51145038168 END
START 2.74854350586 -12.1409966187 2.93529123535 250.129770992 -82.7175572519 5.03053435115 END
START 0.442927307129 -0.962469067383 9.79707319336 250.129770992 -78.7022900763 3.75572519084 END
START 4.29280357666 -10.5871597412 4.96557424316 250.129770992 -78.5190839695 8.25954198473 END
START 1.29286889648 -4.92008441162 4.06774862061 250.129770992 -74.6488549618 3.30534351145 END
START 3.50989963379 -18.6460425293 6.90727178955 250.129770992 -76.5267175573 1.96946564885 END
START -0.833182177734 -11.6693388916 10.8600987305 250.129770992 -79.8244274809 0.358778625954 END
START -4.48194550781 -0.799663354492 5.62876810303 250.129770992 -73.5419847328 5.61832061069 END
START 4.37181223145 -3.61524450684 13.0723410645 250.129770992 -56.4961832061 8.5572519084 END
START 3.91691391602 -7.27837304687 5.77720860596 250.129770992 -60.5190839695 10.213740458 END
START 3.47877501221 -12.265495105 10.5775829346 250.129770992 -66.6335877863 7.71755725191 END