START 4.3023803833 -0.572214196777 2.57855518799 250.129770992 -66.6564885496 4.12977099237 END
START 5.8945244873 -10.9869914185 9.93354268799 250.129770992 -69.0992366412 4.47328244275 END
START 1.1659762085 -7.78833800049 3.49792862549 250.129770992 -71.3282442748 -2.1679389313 END
START 10.3405569702 -8.01099875488 5.27442625732 250.129770992 -71.0229007634 8.60305343511 END
START 2.22660754395 -15.1122008789 11.039663855 250.129770992 -71.8091603053 4.9465648855 END
START 0.792480749512 -9.57441243896 7.53215842285 250.129770992 -65.0 -1.06106870229 END
START -1.1540052002 -5.62876810303 3.24414324951 250.129770992 -73.9389312977 5.0 END
START 4.2544963501 -9.58398924561 7.6135612793 250.129770992 -66.8244274809 1.71755725191 END
START 3.26090266113 -10.3429511719 7.50821640625 250.129770992 -63.7938931298 6.51908396947 END
START -2.38941325684 -6.95755002441 8.02057556152 250.129770992 -63.8244274809 13.3435114504 END
START 0.237025964355 -6.14591566162 6.18422288818 250.129770992 -71.3664122137 12.0305343511 END
START 11.0205102417 -14.3125375244 2.17154090576 250.129770992 -67.8396946565 8.93893129771 END
START 4.34547601318 -6.78277330322 10.6541973877 250.129770992 -68.1221374046 14.3053435115 END
START 0.0909796630859 -7.50103380127 5.06852491455 250.129770992 -66.8702290076 -1.23664122137 END
START 5.1738697876 -11.0540290649 8.56405933838 250.129770992 -77.0229007634 15.1450381679 END
START 10.9965682251 -14.5160446655 10.0221281494 250.129770992 -72.1374045802 8.29007633588 END
START -10.2352120972 -1.59693250732 13.005303418 250.129770992 -71.106870229 1.51145038168 END
START 3.58651408691 -14.0874825684 8.93755479736 250.129770992 -78.3053435115 5.41984732824 END
START 2.5234885498 -10.0843773926 6.742071875 250.129770992 -68.679389313 10.1374045802 END
START 6.4116720459 -11.772289563 7.96072052002 250.129770992 -78.465648855 10.3969465649 END
START -2.45645090332 -9.17697496338 8.10437261963 250.129770992 -74.9618320611 10.6564885496 END
START 2.83234056396 -12.4139356079 6.56968935547 250.129770992 -71.465648855 12.0152671756 END
START 0.16041151123 -1.38624276123 13.9246768555 250.129770992 -75.4045801527 7.9465648855 END
START 5.8705824707 -11.8441156128 14.5447750854 250.129770992 -70.213740458 0.24427480916 END
START -3.65834013672 -14.2335288696 11.4562549438 250.129770992 -79.9618320611 -0.610687022901 END
START -2.03267720947 -4.5968671875 12.3971761963 250.129770992 -90.7175572519 15.213740458 END
START 0.751779321289 -5.08289012451 10.3237975586 250.129770992 -92.5801526718 4.20610687023 END
START -8.01339295654 -12.3014081299 10.4770264648 250.129770992 -100.229007634 4.31297709924 END
START -9.08360109863 -5.35582911377 14.5591402954 250.129770992 -99.0381679389 4.09160305344 END
START 6.85938775635 -3.18907661133 4.66151063232 250.129770992 -83.8625954198 6.25954198473 END
START 8.84896933594 -11.6262432617 3.53384165039 250.129770992 -75.2671755725 9.47328244275 END
START 1.14921679688 -11.5687824219 9.09317790527 250.129770992 -71.0992366412 11.2061068702 END
START -5.37498272705 -16.1488901978 9.20809958496 250.129770992 -68.1832061069 3.41221374046 END
START 5.07331331787 -14.815319873 8.53054051514 250.129770992 -75.1450381679 10.3053435115 END
START -5.04458289795 -15.7131454956 6.87614716797 250.129770992 -71.9694656489 5.21374045802 END
START -2.698265271 -8.5927897583 9.65581529541 250.129770992 -71.3129770992 13.6030534351 END
START 6.7899559082 -9.12430252686 8.52575211182 250.129770992 -74.3740458015 7.95419847328 END
START 4.07253702393 -15.1792385254 12.7299702271 250.129770992 -60.6870229008 -1.87022900763 END
START -1.32878192139 -17.4992199341 8.55448253174 250.129770992 -59.4580152672 6.99236641221 END
START -2.17872351074 -10.8864349487 4.15633408203 250.129770992 -55.1832061069 6.70229007634 END
START 4.45800349121 -7.18499918213 15.8927106201 250.129770992 -55.1450381679 9.63358778626 END
START 3.6415807251 -10.2519715088 3.47877501221 250.129770992 -54.2290076336 5.12213740458 END
START -4.83389315186 -10.927136377 10.7212350342 250.129770992 -55.0839694656 -3.90839694656 END
START -3.0526071167 -7.65186850586 10.0436759644 250.129770992 -59.213740458 6.0 END
START -6.89769498291 -4.80276853027 2.04943662109 250.129770992 -48.7786259542 8.95419847328 END
START -1.78846864014 -12.3157733398 -0.263362182617 250.129770992 -50.0152671756 5.42748091603 END
START -7.65665690918 -7.0724717041 10.4746322632 250.129770992 -42.5190839695 14.1603053435 END
START 2.12605107422 -4.22576593018 1.75494981689 250.129770992 -35.3664122137 7.0534351145 END
START 2.15478149414 -19.6133 3.53623585205 250.129770992 -34.5038167939 9.09923664122 END
START 5.95916793213 -11.3963999023 8.54729992676 250.129770992 -34.641221374 5.9465648855 END
START -5.5401826416 -14.7770126465 8.3222449707 250.129770992 -25.7251908397 7.72519083969 END
START 4.64714542236 -5.36780012207 6.08845482178 250.129770992 -24.1984732824 10.7557251908 END
START -2.1092916626 -6.88572397461 9.19134017334 250.129770992 -28.1755725191 3.41221374046 END
START -2.25773216553 -7.46990917969 8.72207664795 250.129770992 -34.0763358779 14.2442748092 END
START 3.25132585449 -12.1146604004 1.88902510986 250.129770992 -32.7786259542 2.88549618321 END
START -8.18577547607 -5.19302340088 -0.656011254883 250.129770992 -32.3969465649 5.67938931298 END
START 6.23928952637 -10.6901104126 7.9918451416 250.129770992 -35.4427480916 5.50381679389 END
START 10.7978494873 -9.98382092285 10.0101571411 250.129770992 -50.7633587786 10.641221374 END
START -6.21055910645 -3.74213719482 4.18027609863 250.129770992 -50.1297709924 8.97709923664 END
START -0.60573302002 -0.222660754395 5.60961448975 250.129770992 -48.9312977099 18.9541984733 END
START 7.20654699707 -6.35421120605 5.80833322754 250.129770992 -48.0916030534 6.90839694656 END
START -7.27358464355 -15.3827456665 7.14190355225 250.129770992 -42.9312977099 9.00763358779 END
START -0.60573302002 -4.26167895508 10.5344873047 250.129770992 -28.1603053435 9.12977099237 END
START 6.88572397461 -15.2630355835 12.265495105 250.129770992 -22.3740458015 5.7786259542 END
START -15.0571342407 -6.35899960937 9.7348239502 250.129770992 -20.6030534351 10.3740458015 END
START -6.30153876953 -9.79707319336 8.72686505127 250.129770992 -36.9312977099 9.52671755725 END
START 3.05739552002 -3.66312854004 4.84107575684 250.129770992 -39.7938931298 -1.32061068702 END
START -8.6526447998 -7.48188018799 9.95509050293 250.129770992 -32.3358778626 19.2824427481 END
START -5.56173045654 -0.656011254883 9.08120689697 250.129770992 -44.9847328244 11.0 END
START -2.20266552734 -8.2623899292 4.69742365723 250.129770992 -66.1374045802 3.88549618321 END
START -4.70700046387 -0.110133276367 2.1452046875 250.129770992 -64.8473282443 -2.45038167939 END
START 2.62404501953 -9.13148513184 9.67018050537 250.129770992 -69.1679389313 2.9465648855 END
START 2.99754047852 -9.28950244141 11.8153851929 250.129770992 -68.0305343511 2.39694656489 END
START -3.0765491333 -10.419565625 8.63827958984 250.129770992 -81.9007633588 20.4198473282 END
START -6.99825145264 -5.67665213623 9.45949075928 250.129770992 -79.4580152672 4.25954198473 END
START -1.01274730225 -12.3301385498 7.43399615479 250.129770992 -84.2977099237 10.5038167939 END
START -5.36540592041 -16.7019507812 8.14746824951 250.129770992 -83.1145038168 7.12977099237 END
START -9.45949075928 -10.180145459 10.778695874 250.129770992 -75.0076335878 1.6641221374 END
START -2.74854350586 -4.59207878418 9.61750806885 250.129770992 -68.9847328244 10.7786259542 END
START -0.92655604248 -3.85227047119 1.13245738525 250.129770992 -55.2977099237 5.07633587786 END
START 1.54904847412 0.14604630127 11.8728460327 250.129770992 -60.6488549618 1.57251908397 END
START -8.24802471924 -7.71651195068 12.4043588013 250.129770992 -67.0229007634 3.60305343511 END
START -4.50349332275 -13.6158248413 5.76763179932 250.129770992 -72.1908396947 7.35114503817 END
START 2.03746561279 -1.06302553711 12.1146604004 250.129770992 -81.0152671756 -3.68702290076 END
START -1.93212073975 -9.14824454346 5.78199700928 250.129770992 -80.893129771 4.0534351145 END
START -4.64235701904 -11.293449231 9.07881269531 250.129770992 -79.6106870229 6.60305343511 END
START -8.04930598145 0.660799658203 5.99268675537 250.129770992 -81.2900763359 7.35877862595 END
START -4.69502945557 -10.419565625 0.0694318481445 250.129770992 -90.8167938931 4.29007633588 END
START 1.07499654541 -2.58573779297 11.0229044434 250.129770992 -90.5038167939 1.09923664122 END
START -3.16274039307 -4.76685550537 8.85375773926 250.129770992 -86.6717557252 -1.63358778626 END
START -0.775721337891 -3.91451971436 6.45237347412 250.129770992 -96.7022900763 8.1679389313 END
START -0.550666381836 -11.8656634277 9.32062706299 250.129770992 -103.709923664 -2.97709923664 END
START -4.77643231201 -0.572214196777 8.89445916748 250.129770992 -104.221374046 1.58778625954 END
START 3.35427652588 -9.11233151855 7.78594379883 250.129770992 -103.79389313 7.87786259542 END
START -1.58496149902 -12.9574193848 14.2526824829 250.129770992 -105.610687023 -0.664122137405 END
START -7.16345136719 -4.16830509033 7.9080480835 250.129770992 -97.1374045802 0.167938931298 END
START -3.84987626953 -15.1433255005 9.52174000244 250.129770992 -89.786259542 4.84732824427 END
START -4.59447298584 -19.4888015137 7.58243665771 250.129770992 -90.8244274809 3.90076335878 END
START 8.37491740723 -7.3310454834 13.6397668579 250.129770992 -95.4732824427 2.09923664122 END
START -1.78607443848 -5.75326658936 8.20732329102 250.129770992 -104.595419847 -1.93893129771 END
START -3.08373173828 -12.7227876221 17.2597997681 250.129770992 -103.847328244 10.2519083969 END
START 2.98078106689 -4.67348164062 6.78037910156 250.129770992 -103.763358779 -2.8320610687 END
START -6.02620557861 -2.12605107422 3.66073433838 250.129770992 -104.740458015 5.70229007634 END
START 1.2976572998 -11.7220113281 2.45645090332 250.129770992 -92.0534351145 5.14503816794 END
START 12.1625444336 -1.40539637451 16.3667625488 250.129770992 -78.1297709924 2.10687022901 END
START 4.65911643066 -8.63349118652 6.41885465088 250.129770992 -77.9007633588 12.6488549618 END
START 2.65038123779 -1.91296712646 16.2207162476 250.129770992 -74.3053435115 8.2213740458 END
START -2.14759888916 -15.8137019653 9.23683000488 250.129770992 -79.5190839695 4.02290076336 END
START -2.79882174072 -7.05810649414 12.3828109863 250.129770992 -75.9541984733 13.4427480916 END
START 11.6118780518 -10.6685625977 9.80425579834 250.129770992 -80.4045801527 1.58778625954 END
START 6.04775339355 -5.47553919678 8.59997236328 250.129770992 -78.9160305344 -2.28244274809 END
START -6.90008918457 -9.4283661377 6.98149204102 250.129770992 -79.6488549618 6.9465648855 END
START -0.624886633301 -19.0099611816 8.60236656494 250.129770992 -62.8396946565 6.19083969466 END