START -3.08373173828 -12.8424977051 11.8153851929 250.129770992 -79.5648854962 16.1603053435 END
START 9.38766470947 -9.83777462158 4.32153399658 250.129770992 -84.9923664122 12.1297709924 END
START 8.35097539062 -15.2917660034 11.8967880493 250.129770992 -82.5190839695 7.23664122137 END
START -2.09492645264 -6.37097061768 8.30787976074 250.129770992 -89.2824427481 4.81679389313 END
START 2.51630594482 -17.1041766602 4.36462962646 250.129770992 -86.2519083969 7.26717557252 END
START 3.57693728027 -17.2238867432 6.25844313965 250.129770992 -69.5648854962 11.3511450382 END
START -1.02232410889 -7.3310454834 4.5729251709 250.129770992 -72.2519083969 9.32061068702 END
START -2.29603939209 -9.78989058838 9.49779798584 250.129770992 -80.0534351145 7.36641221374 END
START 0.845153186035 -15.1864211304 5.81791003418 250.129770992 -84.9083969466 11.4122137405 END
START 5.88734188232 -6.30393297119 4.54658895264 250.129770992 -83.2748091603 10.1908396947 END
START 3.60806190186 -9.193734375 3.9360675293 250.129770992 -73.4961832061 3.85496183206 END
START 4.99669886475 -4.98712205811 3.14119257812 250.129770992 -77.9770992366 5.41984732824 END
START 2.59770880127 -9.78989058838 9.06684168701 250.129770992 -82.9694656489 5.43511450382 END
START 6.44997927246 -8.54729992676 5.90888969727 250.129770992 -71.641221374 9.12213740458 END
START 1.80762225342 -8.24563051758 6.85699355469 250.129770992 -80.9083969466 14.5496183206 END
START 0.955286462402 -5.7508723877 6.90727178955 250.129770992 -81.5648854962 14.1221374046 END
START -5.77960280762 -9.42118353271 11.0300870483 250.129770992 -85.7480916031 9.24427480916 END
START 3.84987626953 -9.48343277588 8.13549724121 250.129770992 -83.2595419847 10.8625954198 END
START -1.1899182251 -11.025298645 4.61841500244 250.129770992 -81.0610687023 4.90839694656 END
START 2.50672913818 -7.0006456543 8.62391437988 250.129770992 -80.8015267176 -2.71755725191 END
START 1.08457335205 -4.42687886963 7.18739338379 250.129770992 -82.427480916 2.69465648855 END
START 0.122104284668 -4.75009609375 7.36935270996 250.129770992 -77.641221374 7.52671755725 END
START -1.13245738525 -12.0643821655 9.18655177002 250.129770992 -85.9770992366 1.25190839695 END
START -1.57059628906 -9.10036051025 13.6014596313 250.129770992 -82.1145038168 8.53435114504 END
START -0.991199487305 -8.23365950928 10.41238302 250.129770992 -80.3282442748 7.53435114504 END
START 5.35104071045 -11.8249619995 7.29992086182 250.129770992 -80.1984732824 4.47328244275 END
START 1.25695587158 -11.3006318359 8.14267984619 250.129770992 -80.3969465649 8.51145038168 END
START 2.91613762207 -7.75960758057 5.88734188232 250.129770992 -82.4580152672 10.2213740458 END
START -0.30406361084 -6.10042583008 9.55286462402 250.129770992 -77.0 6.85496183206 END
START 8.30548555908 -11.8872112427 3.69425316162 250.129770992 -85.5190839695 4.13740458015 END
START 2.29364519043 -7.53934102783 9.23683000488 250.129770992 -74.106870229 11.1450381679 END
START -0.651222851562 -11.5376578003 6.89769498291 250.129770992 -85.2519083969 8.88549618321 END
START 2.05901342773 -7.37174691162 6.28238515625 250.129770992 -85.0992366412 9.77099236641 END
START 1.58735570068 -17.8032835449 5.63595070801 250.129770992 -73.0916030534 3.45801526718 END
START -0.366312854004 -6.1052142334 12.617442749 250.129770992 -69.4961832061 11.6946564885 END
START 7.19218178711 -10.5225162964 9.42357773437 250.129770992 -63.7099236641 9.9465648855 END
START 3.60327349854 -9.11951412354 10.3932294067 250.129770992 -77.7175572519 7.95419847328 END
START 3.79480963135 -7.84819304199 6.07408961182 250.129770992 -77.0610687023 2.53435114504 END
START 7.95832631836 -11.6765214966 6.73728347168 250.129770992 -73.6946564885 2.09923664122 END
START 8.83220992432 -10.5488525146 7.82903942871 250.129770992 -66.2824427481 2.93893129771 END
START 5.70059415283 -13.0507932495 10.0915599976 250.129770992 -75.7480916031 9.54198473282 END
START 2.12844527588 -4.75727869873 6.80671531982 250.129770992 -70.8244274809 6.38167938931 END
START 3.42370837402 -16.0866409546 8.69574042969 250.129770992 -72.1603053435 -2.46564885496 END
START -4.15872828369 -10.4147772217 9.63905588379 250.129770992 -76.893129771 4.28244274809 END
START -2.92092602539 -2.80121594238 4.65193382568 250.129770992 -76.9923664122 9.06870229008 END
START 3.37343013916 -9.05965908203 4.01507618408 250.129770992 -79.8015267176 4.24427480916 END
START 1.2378022583 -14.9374241577 6.55292994385 250.129770992 -66.5419847328 5.43511450382 END
START 0.988805285645 -12.3181675415 11.7148287231 250.129770992 -68.5419847328 15.786259542 END
START -3.09570274658 -11.6549736816 7.83382783203 250.129770992 -64.9465648855 2.17557251908 END
START 2.95683905029 -15.0379806274 8.64785639648 250.129770992 -70.9083969466 9.63358778626 END
START 0.553060583496 -11.8489040161 8.69813463135 250.129770992 -81.6946564885 11.0992366412 END
START -7.87692346191 -13.244723584 10.6948988159 250.129770992 -84.106870229 2.5572519084 END
START 5.44680877686 -1.66875855713 8.26478413086 250.129770992 -91.4809160305 7.19083969466 END
START -1.38384855957 -8.22887110596 8.48026228027 250.129770992 -87.6946564885 7.54961832061 END
START -3.09570274658 -13.3955582886 5.92325490723 250.129770992 -80.6030534351 -1.9465648855 END
START 1.03190091553 -8.58321295166 9.45949075928 250.129770992 -86.427480916 2.09923664122 END
START 1.98958157959 -11.3533042725 12.3804167847 250.129770992 -81.1679389313 13.9160305344 END
START -1.32399351807 -5.40131894531 8.06367119141 250.129770992 -97.4885496183 4.35877862595 END
START 1.93690914307 -7.63510909424 6.50983431396 250.129770992 -85.0610687023 0.587786259542 END
START -0.354341845703 -7.23527741699 14.0012913086 250.129770992 -82.5877862595 6.17557251908 END
START 13.0244570312 -1.96085115967 4.20661231689 250.129770992 -71.358778626 7.70229007634 END
START 4.30956298828 -4.07253702393 5.68383474121 250.129770992 -70.9160305344 -3.81679389313 END
START 0.684741674805 -9.38287630615 7.74045396729 250.129770992 -68.3053435115 15.2519083969 END
START 1.05105452881 -14.7339170166 4.61362659912 250.129770992 -63.0305343511 15.1603053435 END
START -1.85790048828 -12.2080342651 4.52982954102 250.129770992 -53.1526717557 15.4427480916 END
START 6.12197364502 -8.58081875 6.87135876465 250.129770992 -57.0458015267 1.90839694656 END
START 14.4681606323 -6.92881960449 8.43477244873 250.129770992 -46.679389313 11.6564885496 END
START 11.3461216675 -7.68778153076 4.41011945801 250.129770992 -52.5648854962 2.70992366412 END
START 10.6158901611 -13.9462246704 9.72285294189 250.129770992 -54.9618320611 0.854961832061 END
START 2.92571442871 -7.14908615723 6.01902297363 250.129770992 -57.4503816794 0.160305343511 END
START -2.40856687012 -6.988674646 10.1394440308 250.129770992 -70.2442748092 8.14503816794 END
START -1.38145435791 -8.38928261719 4.17788189697 250.129770992 -75.7633587786 7.09923664122 END
START 3.43807358398 -8.8753055542 13.110648291 250.129770992 -81.0534351145 12.6106870229 END
START 1.8626888916 -11.5280809937 7.18978758545 250.129770992 -83.7404580153 11.679389313 END
START 3.16513459473 -12.5982891357 7.39808312988 250.129770992 -77.7099236641 7.35114503817 END
START 3.25850845947 -11.0779710815 4.38617744141 250.129770992 -79.9389312977 19.3664122137 END
START 5.66707532959 -14.2359230713 3.76129080811 250.129770992 -76.534351145 8.78625954198 END
START 2.91613762207 -9.78989058838 9.08360109863 250.129770992 -81.9083969466 -4.25954198473 END
START 3.0765491333 -8.26717833252 4.82431634521 250.129770992 -94.7022900763 4.84732824427 END