START 2.13802208252 -9.81622680664 9.08360109863 250.129770992 -108.671755725 4.19083969466 END
START 0.569819995117 -6.4356140625 3.61045610352 250.129770992 -103.687022901 -2.74809160305 END
START 11.0564232666 -5.47314499512 7.61595548096 250.129770992 -102.229007634 8.24427480916 END
START -6.0573302002 -9.29907924805 9.38766470947 250.129770992 -96.1297709924 10.2213740458 END
START 4.043806604 -17.7937067383 6.01902297363 250.129770992 -77.4351145038 1.98473282443 END
START 2.76769711914 -16.7402580078 9.47385596924 250.129770992 -77.1984732824 15.7099236641 END
START 0.179565124512 -13.1728975342 -0.574608398438 250.129770992 -86.4580152672 11.9694656489 END
START 3.90733710937 -11.3820346924 1.15639940186 250.129770992 -87.5648854962 13.2748091603 END
START 3.53144744873 -7.06528909912 14.2383172729 250.129770992 -86.6564885496 9.6106870229 END
START -3.47159240723 -8.39885942383 6.78516750488 250.129770992 -84.0534351145 4.75572519084 END
START -0.318428820801 -11.7220113281 4.41011945801 250.129770992 -91.7099236641 17.5038167939 END
START 3.7493197998 -11.8800286377 4.00071097412 250.129770992 -87.2213740458 7.39694656489 END
START -2.1930887207 -11.2359883911 9.1338793335 250.129770992 -77.9618320611 8.21374045802 END
START -9.24401260986 -9.23922420654 8.00860455322 250.129770992 -81.3664122137 3.88549618321 END
START -3.96479794922 -12.5887123291 2.72938989258 250.129770992 -71.6564885496 9.84732824427 END
START -7.6853873291 -10.9247421753 6.988674646 250.129770992 -81.7099236641 9.1679389313 END
START 3.99352836914 -9.8665050415 8.33900438232 250.129770992 -76.4809160305 8.19083969466 END
START 4.3263223999 -11.63821427 1.84114107666 250.129770992 -71.9312977099 3.6641221374 END
START 7.14429775391 -17.1783969116 5.58088406982 250.129770992 -69.213740458 2.60305343511 END
START 5.11640894775 -11.5448404053 4.41251365967 250.129770992 -68.6946564885 9.74045801527 END
START -6.24168372803 -7.27597884521 11.3868230957 250.129770992 -72.1297709924 9.15267175573 END
START 6.90248338623 -6.36618221436 5.23133062744 250.129770992 -69.3511450382 13.0229007634 END
START -2.71741888428 -17.17600271 19.4672536987 250.129770992 -55.4427480916 9.47328244275 END
START 4.07014282227 -0.402225878906 3.99831677246 250.129770992 -70.0381679389 2.45038167939 END
START -3.064578125 -14.1664912231 9.56483563232 250.129770992 -67.2061068702 2.19083969466 END
START 3.10527955322 -13.6517378662 13.0507932495 250.129770992 -65.8091603053 3.32061068702 END
START -7.37653531494 -12.370839978 4.93444962158 250.129770992 -58.3129770992 11.5267175573 END
START 8.97346782227 -9.98860932617 1.52271225586 250.129770992 -51.7328244275 19.0687022901 END
START 8.20014068604 0.234631762695 9.43076033936 250.129770992 -45.1603053435 11.7022900763 END
START -4.47476290283 -8.82502731934 6.56968935547 250.129770992 -29.7557251908 0.916030534351 END
START -2.08774384766 -7.40526573486 4.97275684814 250.129770992 -42.8396946565 9.4427480916 END
START -1.98000477295 -7.58483085937 9.44273134766 250.129770992 -48.3435114504 13.2977099237 END
START -4.903325 -3.79480963135 4.81234533691 250.129770992 -47.3129770992 3.80152671756 END
START 2.57855518799 -6.95994422607 1.81241065674 250.129770992 -40.1832061069 20.7404580153 END
START -9.2296473999 -5.269637854 -0.478840332031 250.129770992 -48.5038167939 6.58015267176 END
START -1.27850368652 -15.2582471802 14.0084739136 250.129770992 -50.9847328244 5.0534351145 END
START 3.07176072998 -8.81305631104 10.0580411743 250.129770992 -50.5954198473 9.78625954198 END
START -2.14999309082 -15.4018992798 4.47715710449 250.129770992 -42.5877862595 0.984732824427 END
START -3.57933148193 -1.62326872559 12.5839239258 250.129770992 -37.0458015267 9.91603053435 END
START -5.39413634033 -4.537012146 16.3404263306 250.129770992 -23.2900763359 -1.65648854962 END
START -2.12365687256 -8.20732329102 2.36068283691 250.129770992 -28.9694656489 9.64122137405 END
START 5.33428129883 -12.2463414917 6.33984599609 250.129770992 -38.5496183206 7.46564885496 END
START 1.99436998291 -7.51779321289 5.95916793213 250.129770992 -51.0 16.7175572519 END
START -7.45793817139 -11.5855418335 8.8513635376 250.129770992 -59.2366412214 13.7251908397 END
START -5.68383474121 -12.5144920776 2.54503636475 250.129770992 -67.9923664122 12.1832061069 END
START 3.97437475586 -4.99430466309 9.57441243896 250.129770992 -72.2824427481 15.9465648855 END
START 0.866701000977 -10.2950671387 3.81156904297 250.129770992 -77.7709923664 3.9465648855 END
START -1.21146604004 -11.0827594849 -0.105344873047 250.129770992 -73.9770992366 5.74045801527 END
START -9.64863269043 -8.47547387695 6.87854136963 250.129770992 -63.3511450382 2.37404580153 END
START -1.1659762085 -10.1705686523 11.7220113281 250.129770992 -68.1526717557 2.12977099237 END
START 4.25689055176 -5.41568415527 8.10676682129 250.129770992 -64.5496183206 5.88549618321 END
START -5.2337248291 -6.55053574219 4.73333668213 250.129770992 -55.9923664122 6.3893129771 END
START -4.05338341064 -9.36372269287 7.80030900879 250.129770992 -49.9694656489 8.14503816794 END
START 3.82593425293 -4.70939466553 10.4291424316 250.129770992 -48.0687022901 9.74809160305 END
START -6.61996759033 -11.4418897339 11.8608750244 250.129770992 -45.6259541985 8.25190839695 END
START -13.2782424072 -6.91445439453 8.60236656494 250.129770992 -53.0381679389 8.67938931298 END
START -1.09654436035 -4.6686932373 12.0835357788 250.129770992 -55.4503816794 11.3664122137 END
START 4.290409375 -6.22492431641 5.83945784912 250.129770992 -83.2824427481 14.0534351145 END
START 0.287304199219 -6.68939943848 12.5480109009 250.129770992 -78.8702290076 4.15267175573 END
START -6.20337650146 -8.13789144287 8.75798967285 250.129770992 -89.4503816794 4.57251908397 END
START 0.653617053223 -3.06936652832 6.66066901855 250.129770992 -76.3969465649 4.35114503817 END
START 4.46518609619 -10.3501337769 9.1219083252 250.129770992 -79.5572519084 7.73282442748 END
START 1.77410343018 -10.419565625 5.53539423828 250.129770992 -68.7404580153 5.45801526718 END
START -7.58004245605 0.0430956298828 12.1266314087 250.129770992 -69.9312977099 0.488549618321 END
START -9.82580361328 -13.5847002197 11.5568114136 250.129770992 -72.0687022901 8.04580152672 END
START 4.78600911865 0.512359155273 14.1569144165 250.129770992 -81.5419847328 14.1984732824 END
START 3.20104761963 -0.890643017578 16.8503912842 250.129770992 -79.1755725191 10.9160305344 END
START -1.21625444336 -5.80593902588 7.46272657471 250.129770992 -84.5267175573 4.64885496183 END
START 5.77242020264 -7.45075556641 10.5177278931 250.129770992 -83.358778626 5.4427480916 END
START 5.5760956665 -6.48828649902 12.6677209839 250.129770992 -71.9389312977 4.59541984733 END
START -0.991199487305 -5.30076247559 5.5880666748 250.129770992 -73.5190839695 5.26717557252 END
START -8.84657513428 -13.4865379517 9.31583865967 250.129770992 -67.9694656489 12.465648855 END
START -2.93768543701 -6.3997010376 3.73495458984 250.129770992 -67.2061068702 7.13740458015 END
START 3.25132585449 -9.1697923584 11.4251303223 250.129770992 -61.427480916 5.78625954198 END
START 0.402225878906 -11.4251303223 12.4522428345 250.129770992 -66.9618320611 2.34351145038 END
START 6.49068070068 -6.57926616211 8.68616362305 250.129770992 -71.2900763359 2.90076335878 END
START 5.46117398682 -5.68622894287 9.38527050781 250.129770992 -73.8549618321 5.72519083969 END
START 1.85550628662 -9.42597193604 7.9080480835 250.129770992 -76.4732824427 16.6717557252 END
START 1.73340200195 -5.90649549561 15.4018992798 250.129770992 -69.7557251908 5.9465648855 END
START 8.8753055542 -8.90403597412 2.30561619873 250.129770992 -73.7480916031 6.95419847328 END
START 1.4963760376 -15.8591917969 10.4770264648 250.129770992 -69.106870229 7.03816793893 END
START 0.964863269043 -16.6444899414 8.19535228271 250.129770992 -71.2061068702 11.1297709924 END
START -2.63841022949 -6.46673868408 9.78749638672 250.129770992 -79.9847328244 -0.595419847328 END
START 5.15950457764 -5.70538255615 8.87769975586 250.129770992 -81.5496183206 13.786259542 END
START -1.61129771729 -6.98388624268 10.433930835 250.129770992 -85.3511450382 2.58778625954 END
START -4.80276853027 -16.5199914551 1.71185418701 250.129770992 -82.3740458015 9.1679389313 END
START 1.70467158203 -7.85298144531 10.7403886475 250.129770992 -67.6946564885 2.24427480916 END
START 11.6813098999 -10.9295305786 6.07648381348 250.129770992 -72.5572519084 9.37404580153 END
START -4.0078935791 -10.7499654541 9.39724151611 250.129770992 -66.9541984733 7.67175572519 END
START -4.79079752197 -10.3549221802 -0.045489831543 250.129770992 -68.1755725191 4.95419847328 END
START 2.53545955811 -15.9717192749 1.43412679443 250.129770992 -65.1297709924 7.03816793893 END
START -1.07260234375 -2.698265271 10.0891657959 250.129770992 -65.1984732824 4.28244274809 END
START 3.25611425781 -4.0557776123 9.1697923584 250.129770992 -68.3282442748 3.23664122137 END