START 3.33991131592 -9.24880101318 3.58651408691 250.129770992 -77.7404580153 4.29007633588 END
START 1.2138602417 -3.88818349609 8.49702169189 250.129770992 -86.3511450382 7.89312977099 END
START 1.40060797119 -8.29351455078 4.64953962402 250.129770992 -75.3969465649 16.7557251908 END
START 0.675164868164 -7.63032069092 7.50342800293 250.129770992 -71.9236641221 15.0152671756 END
START -5.70059415283 -5.77002600098 12.998120813 250.129770992 -73.3435114504 10.7175572519 END
START 0.797269152832 -13.8217261841 6.88572397461 250.129770992 -76.893129771 11.0229007634 END
START 0.395043273926 -13.0460048462 5.08049592285 250.129770992 -83.5648854962 10.7099236641 END
START 11.3173912476 -11.9997387207 5.43004936523 250.129770992 -80.0992366412 7.08396946565 END
START 3.94325013428 -9.30626185303 6.21774171143 250.129770992 -77.7099236641 7.38167938931 END
START 5.96395633545 -14.9541835693 8.03733497314 250.129770992 -76.2442748092 5.39694656489 END
START 7.72848295898 -15.4880905396 8.60715496826 250.129770992 -76.3358778626 0.664122137405 END
START 2.92810863037 -12.737152832 1.8507178833 250.129770992 -75.4961832061 9.60305343511 END
START 5.8107274292 -5.76044919434 12.8209498901 250.129770992 -75.2519083969 7.12977099237 END
START 0.797269152832 -6.75643708496 8.22887110596 250.129770992 -71.320610687 13.4809160305 END
START 4.10366164551 -10.9295305786 6.41885465088 250.129770992 -73.8167938931 3.41984732824 END
START -4.97036264648 -11.6070896484 4.41969626465 250.129770992 -68.106870229 18.4885496183 END
START 5.75566079102 -6.05972440186 8.9351605957 250.129770992 -63.6717557252 10.8320610687 END
START -0.92416184082 -8.63588538818 2.27209737549 250.129770992 -60.9541984733 9.62595419847 END
START 4.45082088623 -11.9686140991 4.23294853516 250.129770992 -58.4198473282 7.91603053435 END
START -7.64708010254 -10.6972930176 5.29836827393 250.129770992 -49.8473282443 13.7709923664 END
START 1.01992990723 -11.9638256958 5.2097828125 250.129770992 -56.2366412214 6.80152671756 END
START 3.01908829346 -10.1705686523 4.49391651611 250.129770992 -62.6641221374 16.6106870229 END
START 7.39329472656 -11.0636058716 6.93600220947 250.129770992 -55.1221374046 3.6641221374 END
START 2.11886846924 -10.8624929321 9.40202991943 250.129770992 -51.5572519084 4.16030534351 END
START 4.11563265381 -5.4563855835 5.57848986816 250.129770992 -56.1603053435 -2.64885496183 END
START 5.49708701172 -1.68312376709 2.4516625 250.129770992 -41.2900763359 5.52671755725 END
START 2.34152922363 -8.09479581299 7.15148035889 250.129770992 -47.0992366412 1.49618320611 END
START 3.07894333496 -11.6980693115 5.84185205078 250.129770992 -49.7709923664 2.15267175573 END
START -2.86585938721 -6.93839641113 12.9646019897 250.129770992 -43.9923664122 1.48091603053 END
START -3.924096521 -5.90649549561 8.04930598145 250.129770992 -43.3740458015 0.404580152672 END
START 2.77966812744 0.708683691406 7.83861623535 250.129770992 -25.4580152672 1.77099236641 END
START -2.44447989502 -14.702792395 6.55292994385 250.129770992 -34.0763358779 13.9618320611 END
START -0.0598550415039 -9.96706151123 11.6286374634 250.129770992 -41.0916030534 1.69465648855 END
START -0.847547387695 -2.60728560791 9.1219083252 250.129770992 -55.2442748092 6.12977099237 END
START -2.98078106689 -10.1226846191 12.4498486328 250.129770992 -65.5496183206 17.0229007634 END
START -2.17632930908 -13.0340338379 10.1155020142 250.129770992 -81.0305343511 4.74809160305 END
START -7.56328304443 -11.293449231 12.0428343506 250.129770992 -80.641221374 3.90076335878 END
START 3.56736047363 -4.92487281494 9.29668504639 250.129770992 -77.3969465649 20.9694656489 END
START 1.27610948486 -5.36061751709 11.3533042725 250.129770992 -78.7709923664 9.38167938931 END
START 1.30723410645 -6.05972440186 8.65743320312 250.129770992 -93.7938931298 5.08396946565 END
START 0.488417138672 -8.78911429443 11.5089273804 250.129770992 -102.435114504 5.29007633588 END
START -5.17626398926 -4.87459458008 7.44357296143 250.129770992 -97.3969465649 3.45801526718 END
START 6.84262834473 -8.334215979 4.3382934082 250.129770992 -104.572519084 -0.969465648855 END
START 5.61919129639 -9.93354268799 9.16260975342 250.129770992 -107.152671756 2.2213740458 END
START 7.00543405762 -1.13245738525 10.7188408325 250.129770992 -104.396946565 5.15267175573 END
START 2.69347686768 -9.34696328125 5.42286676025 250.129770992 -106.381679389 20.6488549618 END
START 7.14908615723 -11.4993505737 11.2766898193 250.129770992 -97.0839694656 -0.145038167939 END
START 6.57208355713 -8.25760152588 7.89847127686 250.129770992 -88.6335877863 8.47328244275 END
START 9.57680664062 -12.9430541748 10.793061084 250.129770992 -80.8778625954 13.6030534351 END
START 17.0012259888 -11.2623246094 3.23456644287 250.129770992 -60.6870229008 9.0534351145 END
START -0.0718260498047 -10.046070166 0.469263525391 250.129770992 -59.3893129771 -0.30534351145 END
START 2.80361014404 -7.46990917969 5.90649549561 250.129770992 -50.5419847328 6.60305343511 END
START 8.36534060059 -12.2990139282 8.69095202637 250.129770992 -41.4732824427 15.3053435115 END
START 7.72608875732 -13.2950018188 11.293449231 250.129770992 -49.7480916031 8.21374045802 END
START 4.98951625977 -3.60806190186 9.36132849121 250.129770992 -59.6488549618 -0.0534351145038 END
START 10.0484643677 -5.11401474609 12.2176110718 250.129770992 -65.7633587786 4.43511450382 END
START 5.88734188232 -5.20020600586 9.7348239502 250.129770992 -64.7633587786 5.74045801527 END
START 4.07253702393 -10.1921164673 8.827421521 250.129770992 -77.6106870229 2.35877862595 END
START -3.45962139893 -6.62715019531 8.18338127441 250.129770992 -89.1450381679 8.60305343511 END
START -2.32716401367 -14.9948849976 10.172962854 250.129770992 -79.3816793893 10.4045801527 END
START 6.34224019775 -2.53785375977 12.251129895 250.129770992 -92.8854961832 9.39694656489 END
START -3.08373173828 -10.4794206665 8.90643017578 250.129770992 -86.9618320611 0.30534351145 END