START 1.59453830566 -12.0931125854 9.28950244141 250.129770992 -75.1755725191 -0.572519083969 END
START -1.31441671143 -10.8696755371 7.06528909912 250.129770992 -83.2824427481 4.88549618321 END
START 6.04296499023 -10.3692873901 9.88565865479 250.129770992 -85.3053435115 4.03816793893 END
START -4.05098920898 -9.83298621826 8.29351455078 250.129770992 -95.7557251908 6.23664122137 END
START 2.19069451904 -9.7946789917 7.20894119873 250.129770992 -74.572519084 3.19847328244 END
START -0.998382092285 -11.8512982178 9.99100352783 250.129770992 -72.6870229008 6.72519083969 END
START 8.17141026611 -11.9207300659 5.20738861084 250.129770992 -70.5419847328 -0.0839694656489 END
START -4.83389315186 -13.5176625732 7.91044228516 250.129770992 -73.5954198473 5.06870229008 END
START 1.58974990234 -12.8448919067 4.77882651367 250.129770992 -73.5419847328 7.07633587786 END
START -0.435744702148 -8.93276639404 5.54736524658 250.129770992 -58.6564885496 11.2595419847 END
START 6.53377633057 -3.34230551758 6.15549246826 250.129770992 -66.8625954198 0.862595419847 END
START 2.60489140625 -10.8026378906 2.2170307373 250.129770992 -61.4961832061 8.27480916031 END
START 2.14759888916 -9.29668504639 5.83945784912 250.129770992 -57.3664122137 3.26717557252 END
START 0.842758984375 -11.8369330078 8.64785639648 250.129770992 -53.0152671756 5.79389312977 END
START 4.75009609375 -11.2288057861 5.1978118042 250.129770992 -61.1679389313 0.770992366412 END
START -2.39659586182 -8.42519564209 3.75171400146 250.129770992 -52.6030534351 8.00763358779 END
START -7.02219346924 -7.02219346924 8.36534060059 250.129770992 -55.6259541985 15.2824427481 END
START 6.09563742676 -4.98233365479 11.0707884766 250.129770992 -56.0229007634 13.9083969466 END
START -3.81156904297 -11.3963999023 10.0939541992 250.129770992 -57.3816793893 9.84732824427 END
START 0.91219083252 -5.99747515869 6.06211860352 250.129770992 -56.9312977099 6.93893129771 END
START -2.13562788086 -8.78432589111 10.180145459 250.129770992 -72.8396946565 3.91603053435 END
START -10.7619364624 -4.8793829834 12.4163298096 250.129770992 -78.4732824427 12.5114503817 END
START -8.62152017822 -5.23611903076 11.0420580566 250.129770992 -102.183206107 8.06106870229 END
START -5.516240625 -9.03092866211 9.90241806641 250.129770992 -87.5572519084 8.48091603053 END
START -7.06289489746 -5.49708701172 7.41005413818 250.129770992 -92.2290076336 3.48854961832 END
START 3.48356341553 -8.95431420898 6.80432111816 250.129770992 -104.41221374 7.88549618321 END
START -1.05105452881 -11.8896054443 11.025298645 250.129770992 -105.183206107 11.1297709924 END
START -3.12922156982 -9.11711992188 6.3997010376 250.129770992 -100.175572519 5.51145038168 END
START 4.9631800415 -11.5927244385 7.21372960205 250.129770992 -96.0687022901 7.77099236641 END
START 0.562637390137 -4.00071097412 8.53054051514 250.129770992 -104.809160305 3.03053435115 END
START 9.67736311035 -5.89213028564 13.596671228 250.129770992 -96.8702290076 10.6030534351 END
START 0.909796630859 -9.51695159912 10.1059252075 250.129770992 -92.6870229008 -0.526717557252 END
START -0.866701000977 -10.8146088989 9.80904420166 250.129770992 -75.7786259542 -3.72519083969 END
START 0.76853873291 -1.68312376709 11.906364856 250.129770992 -76.3435114504 11.8854961832 END
START -0.177170922852 -7.51061060791 5.51384642334 250.129770992 -70.6641221374 3.25190839695 END
START 0.045489831543 -13.0483990479 9.45470235596 250.129770992 -74.7404580153 0.160305343511 END
START 2.65756384277 -10.1849338623 9.23204160156 250.129770992 -64.2595419847 8.2213740458 END
START -0.871489404297 -5.88015927734 7.81706842041 250.129770992 -66.5038167939 9.6641221374 END
START 3.97916315918 -3.49314022217 10.7691190674 250.129770992 -72.7099236641 0.114503816794 END
START 10.2352120972 -5.20260020752 5.34864650879 250.129770992 -64.9694656489 16.4580152672 END
START 10.2471831055 -6.65348641357 6.40688364258 250.129770992 -65.7938931298 15.2595419847 END
START 7.04134708252 -4.043806604 6.0932432251 250.129770992 -53.0534351145 2.24427480916 END
START 4.14675727539 -8.74123026123 5.54736524658 250.129770992 -59.0534351145 8.00763358779 END
START -0.699106884766 -1.14203419189 5.92564910889 250.129770992 -56.5267175573 11.320610687 END
START 7.38611212158 -9.09796630859 8.66701000977 250.129770992 -49.2977099237 5.64885496183 END
START -1.5801730957 -7.4268135498 9.08360109863 250.129770992 -46.320610687 6.9465648855 END
START 1.47961662598 -0.936132849121 5.12359155273 250.129770992 -56.1603053435 10.0916030534 END
START -1.42694418945 -10.5368815063 5.79636221924 250.129770992 -52.7175572519 3.89312977099 END
START 3.09091434326 -11.1569797363 3.95043273926 250.129770992 -46.213740458 -1.50381679389 END
START 7.01740506592 -4.30716878662 2.12365687256 250.129770992 -63.2442748092 -2.9465648855 END
START -0.478840332031 -4.81473953857 2.82755216064 250.129770992 -50.1908396947 7.7786259542 END
START 2.78924493408 -4.92247861328 6.80671531982 250.129770992 -45.8778625954 15.9465648855 END
START -1.15639940186 -11.5376578003 4.57771357422 250.129770992 -59.4351145038 -1.22900763359 END
START 5.21457121582 -9.13627353516 1.01035310059 250.129770992 -55.5038167939 5.45038167939 END
START 1.94409174805 -9.93593688965 6.51941112061 250.129770992 -63.5954198473 11.7022900763 END
START 2.21224233398 -13.3213380371 8.8753055542 250.129770992 -62.9694656489 13.1832061069 END
START 10.546458313 -14.8799633179 5.08049592285 250.129770992 -70.5190839695 8.95419847328 END
START 0.557848986816 -11.7148287231 13.1681091309 250.129770992 -88.6564885496 7.06870229008 END
START 7.44836136475 -6.64390960693 3.75410820312 250.129770992 -92.5267175573 1.70229007634 END
START 4.79798012695 -10.8936175537 5.97113894043 250.129770992 -99.3282442748 8.0 END
START -0.567425793457 -7.83382783203 7.05331809082 250.129770992 -102.824427481 12.4198473282 END
START 0.478840332031 -8.17380446777 5.40610734863 250.129770992 -104.190839695 12.4961832061 END
START 3.4069489624 -5.08289012451 3.25132585449 250.129770992 -103.854961832 6.0534351145 END
START 2.82276375732 -8.96149681396 7.89368287354 250.129770992 -104.053435115 12.7251908397 END
START -0.950498059082 -10.3692873901 6.16028087158 250.129770992 -104.427480916 7.82442748092 END
START -5.78917961426 -7.9918451416 7.35259329834 250.129770992 -105.435114504 -1.32061068702 END
START 6.90248338623 -6.60560238037 9.49061538086 250.129770992 -103.977099237 2.12213740458 END
START 0.861912597656 -6.02859978027 6.31350977783 250.129770992 -104.320610687 -2.48854961832 END
START 5.10683214111 -9.1458503418 6.41646044922 250.129770992 -104.511450382 13.7557251908 END
START -1.25695587158 -4.72854827881 12.4091472046 250.129770992 -103.854961832 1.16030534351 END
START 4.68545264893 -4.77882651367 6.97430943604 250.129770992 -103.748091603 -3.56488549618 END
START -0.823605371094 -7.17063397217 4.89374819336 250.129770992 -106.015267176 5.96183206107 END
START 5.83227524414 -10.7116582275 10.4219598267 250.129770992 -104.106870229 15.3893129771 END
START 9.98142672119 -5.76523759766 10.8936175537 250.129770992 -104.664122137 2.54961832061 END
START -1.22104284668 -7.91762489014 13.1489555176 250.129770992 -104.809160305 5.10687022901 END
START 3.16992299805 -8.38688841553 9.32302126465 250.129770992 -105.083969466 7.59541984733 END
START 4.89853659668 -9.2296473999 7.47709178467 250.129770992 -96.3969465649 11.0076335878 END
START 4.68784685059 -11.4323129272 13.7355349243 250.129770992 -93.9694656489 -3.03816793893 END
START 6.64630380859 -8.47307967529 8.95670841064 250.129770992 -87.8091603053 15.2748091603 END
START 5.2337248291 -5.25527264404 6.94797321777 250.129770992 -77.2824427481 -0.137404580153 END
START 2.54264216309 -13.110648291 13.3357032471 250.129770992 -72.3053435115 3.98473282443 END
START -0.972045874023 -11.286266626 2.05183082275 250.129770992 -61.6717557252 9.9465648855 END