START -2.45405670166 -8.08043060303 8.67419261475 250.129770992 -70.0610687023 18.7938931298 END
START -0.260967980957 -3.61045610352 5.5521536499 250.129770992 -79.5419847328 7.96183206107 END
START 12.6461731689 -7.56567724609 7.31189187012 250.129770992 -59.427480916 2.03816793893 END
START -4.89374819336 -13.4051350952 4.40772525635 250.129770992 -64.1755725191 2.41221374046 END
START -2.62165081787 -8.08282480469 8.17859287109 250.129770992 -72.7022900763 12.2748091603 END
START -2.94486804199 -11.3724578857 12.1745154419 250.129770992 -65.6641221374 -0.648854961832 END
START 2.45884510498 -6.79474431152 13.596671228 250.129770992 -76.0458015267 8.45038167939 END
START 10.5105452881 -2.32955821533 6.51462271729 250.129770992 -73.9083969466 4.38167938931 END
START 10.2376062988 -5.58567247314 5.40131894531 250.129770992 -73.2671755725 12.213740458 END
START 0.0430956298828 -12.0164981323 9.29907924805 250.129770992 -91.4198473282 5.39694656489 END
START 4.3023803833 -6.00944616699 7.26879624023 250.129770992 -79.3893129771 8.95419847328 END
START -0.296881005859 -4.08450803223 7.71651195068 250.129770992 -83.3664122137 14.1450381679 END
START -3.63918652344 -11.8967880493 4.79079752197 250.129770992 -82.0 2.74809160305 END
START -3.03345350342 -10.9750204102 8.15225665283 250.129770992 -89.1832061069 14.3358778626 END
START 1.04387192383 -10.038887561 7.9200190918 250.129770992 -91.1450381679 9.93129770992 END
START -0.189141931152 -8.56166513672 8.66461580811 250.129770992 -79.0839694656 0.69465648855 END
START 0.294486804199 -5.516240625 2.38701905518 250.129770992 -80.9618320611 -5.64885496183 END
START 2.64319863281 -4.32392819824 6.39730683594 250.129770992 -82.7022900763 6.13740458015 END
START 6.43800826416 -3.90733710937 11.1881043579 250.129770992 -76.8244274809 0.465648854962 END
START 1.74776721191 -5.88494768066 14.0012913086 250.129770992 -76.6641221374 6.60305343511 END
START -3.16752879639 -2.34631762695 8.90403597412 250.129770992 -82.1832061069 6.3893129771 END
START 3.39976635742 -10.9750204102 13.7594769409 250.129770992 -70.2977099237 3.19847328244 END
START -0.873883605957 -1.11090957031 3.86663568115 250.129770992 -62.8625954198 5.81679389313 END
START 4.62559760742 -6.31350977783 5.70059415283 250.129770992 -54.1603053435 7.67938931298 END
START 10.8672813354 -5.2576668457 13.4793553467 250.129770992 -53.1755725191 4.6641221374 END
START 0.663193859863 -6.39012423096 10.0412817627 250.129770992 -54.9694656489 12.6870229008 END
START 2.35828863525 -6.25365473633 7.9319901001 250.129770992 -54.6106870229 8.25954198473 END
START 0.00718260498047 -6.80432111816 10.2687309204 250.129770992 -46.7786259542 2.09160305344 END
START 12.0811415771 -10.1083194092 6.54335313721 250.129770992 -39.7328244275 12.6030534351 END
START -3.75410820312 -7.18978758545 6.54095893555 250.129770992 -38.6106870229 11.7557251908 END
START 7.90325968018 -5.98071574707 12.6653267822 250.129770992 -38.1755725191 15.7175572519 END
START -1.5083470459 -4.07971962891 8.07564219971 250.129770992 -41.6183206107 0.312977099237 END
START 4.38138903809 -11.9542488892 7.39568892822 250.129770992 -49.7175572519 4.19847328244 END
START 10.8098204956 -2.44687409668 4.90093079834 250.129770992 -41.1908396947 4.06870229008 END
START 0.100556469727 -3.311180896 7.41005413818 250.129770992 -39.7251908397 2.9465648855 END
START -0.694318481445 -11.9590372925 8.96389101563 250.129770992 -49.9236641221 2.54198473282 END
START 0.131681091309 -11.2168347778 3.99352836914 250.129770992 -42.0534351145 2.15267175573 END
START 1.07739074707 -11.0588174683 10.4722380615 250.129770992 -41.9312977099 6.90076335878 END
START -0.392649072266 -9.09796630859 7.12514414062 250.129770992 -45.7175572519 6.5572519084 END
START 3.56017786865 -8.29351455078 3.62482131348 250.129770992 -58.7175572519 17.6335877863 END
START 1.24737906494 -5.10204373779 1.1659762085 250.129770992 -53.5038167939 7.58015267176 END
START 1.28329208984 -4.9751510498 7.9200190918 250.129770992 -59.0152671756 -2.98473282443 END
START -3.86184727783 -4.78361491699 4.88895979004 250.129770992 -64.0839694656 2.8320610687 END
START -2.93768543701 -11.2431709961 6.78277330322 250.129770992 -64.427480916 4.45801526718 END
START 0.294486804199 -9.05247647705 6.57926616211 250.129770992 -60.1908396947 14.0076335878 END
START -0.318428820801 -9.70369932861 5.54736524658 250.129770992 -53.0458015267 6.90076335878 END
START -0.76853873291 -11.540052002 9.43076033936 250.129770992 -62.7938931298 11.1603053435 END
START 7.6734163208 -18.3252195068 7.25682523193 250.129770992 -71.0763358779 7.24427480916 END
START 3.33751711426 -9.33499227295 8.27675513916 250.129770992 -83.0687022901 2.99236641221 END
START -0.679953271484 -8.63588538818 10.7308118408 250.129770992 -76.106870229 7.77099236641 END
START 3.76129080811 -4.29280357666 4.33111080322 250.129770992 -95.2442748092 7.93893129771 END
START -3.75171400146 -7.74045396729 8.30309135742 250.129770992 -88.4580152672 1.54961832061 END
START 5.20260020752 -11.2623246094 4.92487281494 250.129770992 -100.480916031 3.24427480916 END
START 4.39575424805 -9.48343277588 10.2711251221 250.129770992 -105.526717557 8.29007633588 END
START 2.06859023437 -9.560047229 5.66707532959 250.129770992 -104.786259542 9.31297709924 END
START -1.73579620361 -10.6015249512 9.56244143066 250.129770992 -103.625954198 0.419847328244 END
START 2.46602770996 -8.57603034668 6.13394465332 250.129770992 -103.312977099 -3.48854961832 END
START 3.05978972168 -9.8545340332 10.6278611694 250.129770992 -104.114503817 12.106870229 END
START -0.636857641602 -13.9558014771 7.31428607178 250.129770992 -104.328244275 11.4809160305 END
START -2.02310040283 -8.75080706787 7.0006456543 250.129770992 -105.435114504 0.908396946565 END
START 1.2737152832 -9.37808790283 10.9391073853 250.129770992 -102.854961832 7.11450381679 END
START 7.78594379883 -13.1561381226 7.49145699463 250.129770992 -104.297709924 7.48091603053 END
START -1.73100780029 -8.77235488281 3.3470939209 250.129770992 -105.938931298 3.9465648855 END
START 4.60404979248 -5.882553479 5.18105239258 250.129770992 -91.4427480916 14.5496183206 END