START -0.91697923584 -8.30069715576 6.98388624268 250.129770992 -64.4580152672 5.97709923664 END
START 10.778695874 -8.5568767334 4.24491954346 250.129770992 -70.1603053435 2.69465648855 END
START 0.976834277344 -7.26879624023 11.6046954468 250.129770992 -59.9083969466 2.7786259542 END
START 6.40688364258 -5.03500609131 12.2056400635 250.129770992 -72.1755725191 14.427480916 END
START -8.70771143799 -12.4043588013 1.5442600708 250.129770992 -66.106870229 13.0763358779 END
START 2.23857855225 -14.5160446655 11.6118780518 250.129770992 -72.8244274809 4.50381679389 END
START -0.689530078125 -15.801730957 3.45483299561 250.129770992 -77.4045801527 6.81679389313 END
START -12.1146604004 -8.15943925781 -5.18105239258 250.129770992 -75.7709923664 -1.99236641221 END
START -1.49158763428 -15.3899282715 5.76523759766 250.129770992 -70.8854961832 -0.343511450382 END
START 4.59207878418 -9.97663831787 9.03571706543 250.129770992 -52.0763358779 6.83969465649 END
START 10.2064816772 0.31124621582 10.1322614258 250.129770992 -28.9236641221 -1.48854961832 END
START -9.5361052124 -9.52652840576 9.82101520996 250.129770992 -33.1450381679 -1.92366412214 END
START 8.33661018066 -14.7410996216 7.63271489258 250.129770992 -28.5190839695 7.83969465649 END
START -4.92966121826 -10.8074262939 2.87304199219 250.129770992 -34.465648855 3.27480916031 END
START -7.09880792236 -7.14908615723 9.07881269531 250.129770992 -45.7480916031 2.11450381679 END
START -0.995987890625 -0.490811340332 5.26245524902 250.129770992 -38.4885496183 5.38167938931 END
START -1.22822545166 -3.82832845459 2.97838686523 250.129770992 -35.6335877863 3.25954198473 END
START 0.371101257324 -9.1578213501 9.65820949707 250.129770992 -29.7557251908 3.80916030534 END
START 8.31266816406 -4.52982954102 11.8489040161 250.129770992 -25.6564885496 5.16030534351 END
START 4.27125576172 -14.9278473511 13.7786305542 250.129770992 -31.4580152672 9.96946564885 END
START 4.91050760498 -9.1817633667 7.74045396729 250.129770992 -33.6870229008 -1.54961832061 END
START -0.806845959473 -4.16830509033 12.3038023315 250.129770992 -18.9541984733 2.53435114504 END
START 4.85065256348 -4.79319172363 8.80108530273 250.129770992 -11.358778626 8.06106870229 END
START -5.59524927979 -2.35350023193 6.96712683105 250.129770992 -30.6259541985 -0.267175572519 END
START 2.63601602783 -13.0436106445 6.09803162842 250.129770992 -21.1297709924 -1.61832061069 END
START -4.67108743896 -0.339976635742 6.46913288574 250.129770992 -26.1908396947 3.50381679389 END
START 3.46201560059 -0.557848986816 5.26006104736 250.129770992 -15.5114503817 13.358778626 END
START -6.40927784424 -12.9310831665 1.15879360352 250.129770992 -17.6946564885 2.13740458015 END
START 7.02219346924 -0.663193859863 6.77319649658 250.129770992 -30.5801526718 0.923664122137 END
START -4.52743533936 -7.4148425415 11.8680576294 250.129770992 -45.4732824427 8.87786259542 END
START -3.62242711182 -6.35660540771 8.69095202637 250.129770992 -69.4885496183 -1.18320610687 END
START -0.907402429199 -5.46596239014 11.5208983887 250.129770992 -82.534351145 8.21374045802 END
START 0.232237561035 -6.77319649658 9.18655177002 250.129770992 -107.244274809 3.2213740458 END
START -4.50588752441 -9.09078370361 11.7004635132 250.129770992 -103.93129771 12.7480916031 END
START -7.57764825439 -13.2112047607 3.27287366943 250.129770992 -104.839694656 11.3053435115 END
START -0.682347473145 -2.07098443604 10.7691190674 250.129770992 -106.687022901 4.14503816794 END
START -5.30076247559 -9.20331118164 9.30386765137 250.129770992 -119.366412214 6.51145038168 END
START -12.0428343506 1.19710083008 12.8137672852 250.129770992 -116.335877863 3.3358778626 END
START -0.804451757813 -6.7779848999 9.560047229 250.129770992 -116.671755725 0.458015267176 END
START 4.29998618164 -17.1736085083 3.53623585205 250.129770992 -103.86259542 5.4427480916 END
START 5.55454785156 -12.6796919922 8.28154354248 250.129770992 -104.20610687 5.20610687023 END
START 1.12527478027 -4.12042105713 15.2438819702 250.129770992 -76.1603053435 4.26717557252 END
START 3.80438643799 -13.125013501 5.8466404541 250.129770992 -65.4427480916 15.1603053435 END
START 0.488417138672 -6.0573302002 11.4849853638 250.129770992 -57.7404580153 4.01526717557 END
START 2.37265384521 -7.56088884277 15.6101948242 250.129770992 -48.3282442748 2.37404580153 END
START 6.16985767822 -8.84896933594 5.71974776611 250.129770992 -46.6335877863 12.358778626 END
START 8.44195505371 -9.04050546875 10.1250788208 250.129770992 -49.3816793893 7.43511450382 END
START -0.280121594238 -9.94790789795 0.205901342773 250.129770992 -51.4503816794 10.4732824427 END
START -0.225054956055 -10.9438957886 11.1258551147 250.129770992 -56.2519083969 8.41221374046 END
START 4.84586416016 -8.53054051514 4.62799180908 250.129770992 -62.9847328244 2.19847328244 END
START -6.68700523682 -5.61440289307 12.011709729 250.129770992 -61.9007633588 4.67938931298 END
START -2.65995804443 -7.07965430908 15.3731688599 250.129770992 -63.5267175573 10.4122137405 END
START 2.93050283203 -1.98958157959 9.28710823975 250.129770992 -46.0381679389 8.84732824427 END
START 4.65193382568 -5.47075079346 11.7267997314 250.129770992 -47.1908396947 5.68702290076 END
START 5.80833322754 -3.7373487915 10.5584293213 250.129770992 -46.4732824427 -1.29007633588 END
START 1.07260234375 -2.19787712402 4.80037432861 250.129770992 -51.427480916 19.1755725191 END
START -3.96240374756 -11.1258551147 11.6669446899 250.129770992 -49.2900763359 -1.09923664122 END
START 1.89141931152 -10.3405569702 7.03416447754 250.129770992 -58.0610687023 10.2900763359 END
START -5.77242020264 -14.5543518921 7.63032069092 250.129770992 -52.8396946565 5.50381679389 END
START -6.37336481934 -1.96085115967 0.00478840332031 250.129770992 -53.4580152672 -0.679389312977 END
START 6.90966599121 -13.8121493774 6.1052142334 250.129770992 -49.8320610687 -0.969465648855 END
START 0.45729251709 -11.4227361206 6.31829818115 250.129770992 -50.0992366412 3.51908396947 END
START -1.33357032471 -11.8369330078 12.0979009888 250.129770992 -55.4503816794 5.32061068702 END
START 2.55940157471 -9.21049378662 9.84016882324 250.129770992 -56.2519083969 7.77099236641 END
START 4.12042105713 -8.78432589111 14.2287404663 250.129770992 -55.9465648855 11.6183206107 END
START 0.325611425781 -15.2462761719 9.24640681152 250.129770992 -63.3435114504 0.412213740458 END
START -4.06535441895 -12.3947819946 6.55053574219 250.129770992 -65.4503816794 11.6259541985 END
START -6.05014759521 -19.0315089966 2.47799871826 250.129770992 -71.427480916 7.87786259542 END
START -0.0814028564453 -8.54251152344 5.94480272217 250.129770992 -78.5190839695 6.68702290076 END
START 0.404620080566 -14.5375924805 0.993593688965 250.129770992 -78.641221374 3.23664122137 END
START -9.91438907471 -10.2567599121 2.41335527344 250.129770992 -85.7099236641 -1.40458015267 END
START 2.10689746094 0.316034619141 7.62792648926 250.129770992 -82.7099236641 5.14503816794 END
START -4.28801517334 -7.63989749756 5.5042696167 250.129770992 -75.9923664122 4.6106870229 END
START -1.35990654297 -13.0244570312 3.74213719482 250.129770992 -78.0076335878 3.78625954198 END
START -0.526724365234 -10.3668931885 13.0029092163 250.129770992 -80.0763358779 10.3053435115 END
START -2.12365687256 -10.9415015869 9.27992563477 250.129770992 -89.4961832061 5.70229007634 END
START 4.8434699585 -8.80108530273 9.28710823975 250.129770992 -104.061068702 10.5038167939 END
START -0.816422766113 -2.39420166016 2.81079274902 250.129770992 -104.374045802 4.51145038168 END
START 2.25054956055 -15.8783454102 8.18577547607 250.129770992 -104.610687023 1.26717557252 END
START -7.51539901123 -2.48518132324 9.1338793335 250.129770992 -104.41221374 9.03816793893 END
START 1.51313544922 -12.8424977051 6.24407792969 250.129770992 -105.267175573 -1.32824427481 END
START -4.96557424316 -4.56334836426 4.06056601562 250.129770992 -104.076335878 3.6106870229 END
START 7.49145699463 -8.88967076416 8.83460412598 250.129770992 -96.3435114504 20.1374045802 END
START 1.00795889893 -8.17619866943 12.0164981323 250.129770992 -105.175572519 8.85496183206 END
START -10.7140524292 -8.5568767334 4.8434699585 250.129770992 -98.3129770992 3.77099236641 END
START -0.232237561035 -3.3231519043 8.31266816406 250.129770992 -103.984732824 2.52671755725 END
START -2.00873519287 -16.0794583496 7.47709178467 250.129770992 -99.4961832061 11.6870229008 END
START 0.294486804199 -6.59602557373 7.69256993408 250.129770992 -98.4503816794 0.687022900763 END
START -4.06296021729 -6.59841977539 12.5001268677 250.129770992 -96.7175572519 1.52671755725 END
START -0.292092602539 -10.5105452881 17.0108027954 250.129770992 -96.2061068702 3.93129770992 END
START -4.8434699585 -5.37737692871 14.2071926514 250.129770992 -101.763358779 4.6106870229 END
START -0.639251843262 -10.0819831909 13.3452800537 250.129770992 -102.603053435 9.92366412214 END
START 4.83868155518 -5.1379567627 12.2176110718 250.129770992 -102.847328244 10.0763358779 END
START -0.045489831543 -8.2504189209 6.20816490479 250.129770992 -105.473282443 8.6641221374 END
START -5.00627567139 -7.20894119873 13.8815812256 250.129770992 -104.41221374 -1.95419847328 END
START 0.409408483887 -6.46673868408 11.0636058716 250.129770992 -95.4427480916 10.4122137405 END
START 5.25527264404 -6.41885465088 7.32625708008 250.129770992 -85.7938931298 11.1984732824 END
START 3.54581265869 -12.4809732544 11.5831476318 250.129770992 -89.5648854962 9.53435114504 END
START 2.07577283936 -14.6788503784 7.6494743042 250.129770992 -74.1603053435 2.12213740458 END
START -2.24336695557 -13.1824743408 6.84262834473 250.129770992 -52.7709923664 12.9847328244 END
START 8.21211169434 -8.70531723633 0.572214196777 250.129770992 -54.0076335878 3.41221374046 END
START 0.816422766113 -8.947131604 5.42765516357 250.129770992 -51.427480916 4.49618320611 END
START -1.08217915039 -11.3580926758 14.2478940796 250.129770992 -53.0687022901 2.64122137405 END
START 3.80678063965 -9.57920084229 5.94959112549 250.129770992 -49.4122137405 6.80916030534 END
START 2.94486804199 -11.1162783081 11.8536924194 250.129770992 -50.1908396947 7.21374045802 END
START 4.29280357666 -7.721300354 8.06367119141 250.129770992 -57.3511450382 15.4961832061 END
START 5.29597407227 -0.509964953613 8.9591026123 250.129770992 -65.5038167939 2.54198473282 END
START -2.22181914063 -5.03500609131 11.152191333 250.129770992 -66.4961832061 13.0 END
START -2.66714064941 -7.42202514648 9.7348239502 250.129770992 -66.1679389313 10.9694656489 END
START 3.63918652344 -2.17872351074 9.193734375 250.129770992 -76.8320610687 9.00763358779 END
START 1.22104284668 -11.2288057861 2.73178409424 250.129770992 -67.5267175573 4.74809160305 END
START -3.45962139893 -3.39737215576 9.35654008789 250.129770992 -64.5954198473 11.2213740458 END
START -0.723048901367 -4.54180054932 15.4713311279 250.129770992 -63.6870229008 6.71755725191 END
START 8.21690009766 -12.0859299805 7.05810649414 250.129770992 -70.1603053435 7.47328244275 END
START 6.09803162842 -10.9438957886 13.7091987061 250.129770992 -87.4427480916 11.1755725191 END
START 4.19942971191 -8.04451757812 12.1912748535 250.129770992 -76.4503816794 2.74809160305 END
START 5.21935961914 -10.6685625977 19.5462623535 250.129770992 -81.4961832061 1.97709923664 END
START 0.0263362182617 -2.46602770996 14.0012913086 250.129770992 -82.0916030534 7.03053435115 END
START 1.96803376465 -3.42370837402 10.8241857056 250.129770992 -79.3053435115 7.58015267176 END
START -3.18428820801 0.244208569336 12.1649386353 250.129770992 -66.9618320611 11.3282442748 END