START 1.2617442749 -6.11000263672 8.24084211426 250.129770992 -90.7251908397 6.3893129771 END
START 1.60172091064 -7.34062229004 6.90248338623 250.129770992 -80.7633587786 0.992366412214 END
START 4.2784383667 -2.88261879883 8.25999572754 250.129770992 -81.2900763359 0.862595419847 END
START -1.95127435303 -9.19612857666 10.3214033569 250.129770992 -75.0763358779 7.28244274809 END
START 6.86657036133 -2.32955821533 7.27358464355 250.129770992 -70.6870229008 4.59541984733 END
START -0.14604630127 -7.21372960205 9.64863269043 250.129770992 -76.5038167939 7.37404580153 END
START 3.62242711182 -10.419565625 6.19858809814 250.129770992 -63.2824427481 -2.2213740458 END
START -0.162805712891 -7.09401951904 6.72291826172 250.129770992 -83.2366412214 17.1984732824 END
START 3.10767375488 -8.0397291748 5.96874473877 250.129770992 -88.8702290076 8.58015267176 END
START -2.4995465332 -9.2176763916 5.42047255859 250.129770992 -68.9083969466 8.24427480916 END
START -4.9751510498 -4.92008441162 1.08936175537 250.129770992 -71.0687022901 12.9694656489 END
START -4.9751510498 -7.9918451416 12.1936690552 250.129770992 -68.8473282443 6.07633587786 END
START 5.98071574707 -3.63439812012 9.4523081543 250.129770992 -78.9465648855 0.297709923664 END
START -9.33978067627 -6.73488927002 0.651222851562 250.129770992 -93.9160305344 0.977099236641 END
START -4.96796844482 -5.92564910889 5.52581743164 250.129770992 -82.1755725191 2.74809160305 END
START -5.22893642578 -10.6613799927 -0.45729251709 250.129770992 -84.893129771 5.21374045802 END
START 10.1083194092 -8.88248815918 8.10197841797 250.129770992 -81.3435114504 -2.39694656489 END
START -0.260967980957 -6.71334145508 12.2798603149 250.129770992 -90.7175572519 3.06106870229 END
START 2.67432325439 -5.17865819092 8.82981572266 250.129770992 -70.8473282443 4.10687022901 END
START -3.16034619141 -8.97346782227 7.01740506592 250.129770992 -90.0152671756 19.5114503817 END
START 5.87776507568 -3.66791694336 5.72932457275 250.129770992 -77.2061068702 2.16030534351 END
START -3.42370837402 -8.93276639404 11.3652752808 250.129770992 -79.1297709924 8.03816793893 END
START 2.67671745605 -4.73094248047 4.57531937256 250.129770992 -81.5114503817 -2.74045801527 END
START 3.51229383545 -11.7315881348 12.2247936768 250.129770992 -77.5190839695 14.1755725191 END
START -1.26413847656 -1.25456166992 7.52976422119 250.129770992 -81.8625954198 -0.503816793893 END
START -5.72453616943 2.10689746094 8.36534060059 250.129770992 -71.6183206107 0.374045801527 END
START -0.735019909668 2.66235224609 6.83544573975 250.129770992 -74.213740458 9.71755725191 END
START 9.16500395508 -2.37025964355 13.8624276123 250.129770992 -69.3893129771 7.09160305344 END
START 1.29047469482 -4.61602080078 7.7332713623 250.129770992 -66.8778625954 4.25190839695 END
START 6.67742843018 -4.70939466553 10.8193973022 250.129770992 -61.786259542 4.45038167939 END
START 4.55137735596 -4.39096584473 9.02374605713 250.129770992 -50.5572519084 0.465648854962 END
START 8.38928261719 -4.47955130615 10.4913916748 250.129770992 -53.6946564885 -3.81679389313 END
START 1.04866032715 -5.95198532715 11.4466781372 250.129770992 -49.8167938931 10.5038167939 END
START 4.92008441162 -4.19703551025 12.8041904785 250.129770992 -55.8702290076 1.35877862595 END
START 2.71741888428 -8.95192000732 12.7874310669 250.129770992 -58.0534351145 0.213740458015 END
START 5.12359155273 -2.62404501953 10.3549221802 250.129770992 -59.6106870229 8.48091603053 END
START 5.72693037109 -3.07894333496 11.4490723389 250.129770992 -44.3358778626 8.25190839695 END
START 3.93367332764 -9.29907924805 6.57687196045 250.129770992 -56.4427480916 1.73282442748 END
START 1.38384855957 -5.55694205322 8.44434925537 250.129770992 -61.3816793893 0.870229007634 END
START 4.38857164307 -10.5105452881 10.9654436035 250.129770992 -55.8702290076 15.4045801527 END
START 2.67192905273 -4.44124407959 10.8361567139 250.129770992 -59.6106870229 -0.0458015267176 END
START 1.00795889893 -10.2591541138 6.51941112061 250.129770992 -64.9312977099 2.79389312977 END
START -4.41251365967 -2.43490308838 10.539275708 250.129770992 -50.1603053435 2.19083969466 END
START -1.68072956543 -5.88973608398 7.85776984863 250.129770992 -78.0610687023 9.49618320611 END
START 0.107739074707 -6.76840809326 9.16021555176 250.129770992 -70.5877862595 1.32061068702 END
START 4.9631800415 -7.09880792236 5.44680877686 250.129770992 -70.3358778626 7.45801526718 END
START -6.1052142334 -4.75009609375 11.3317564575 250.129770992 -73.5114503817 9.85496183206 END
START 0.742202514648 -6.27759675293 9.36132849121 250.129770992 -75.1679389313 7.19083969466 END
START 0.679953271484 -4.76685550537 5.91367810059 250.129770992 -70.3282442748 0.419847328244 END
START 9.64863269043 -8.21929429932 7.67820472412 250.129770992 -67.6641221374 7.0 END
START 6.56250675049 -6.15788666992 7.97747993164 250.129770992 -74.8320610687 -0.351145038168 END
START 3.17710560303 -12.7299702271 4.86980617676 250.129770992 -78.2366412214 15.7633587786 END