START 2.23139594727 -12.5408282959 10.3190091553 250.129770992 -78.5954198473 5.51145038168 END
START 3.82832845459 -13.0747352661 10.5296989014 250.129770992 -72.2213740458 8.4427480916 END
START -5.45159718018 -2.62404501953 4.9751510498 250.129770992 -70.4503816794 5.18320610687 END
START -1.27132108154 -8.75320126953 7.39808312988 250.129770992 -68.5496183206 -0.862595419847 END
START 1.36230074463 -10.7308118408 5.76044919434 250.129770992 -58.8091603053 10.7251908397 END
START 4.18027609863 -6.21774171143 7.68778153076 250.129770992 -57.1450381679 -0.267175572519 END
START 0.210689746094 -9.19852277832 6.09563742676 250.129770992 -53.2519083969 14.8473282443 END
START -0.976834277344 -5.79636221924 5.8466404541 250.129770992 -58.4885496183 8.42748091603 END
START 6.58405456543 -6.23450112305 11.01811604 250.129770992 -53.1908396947 14.0763358779 END
START -0.397437475586 -3.03584770508 9.28231983643 250.129770992 -56.2748091603 2.0 END
START 2.99035787354 -10.2064816772 12.1816980469 250.129770992 -47.2748091603 5.18320610687 END
START -1.66636435547 -6.57926616211 8.72207664795 250.129770992 -56.5801526718 8.89312977099 END
START -0.0430956298828 -2.65756384277 12.2295820801 250.129770992 -59.4198473282 11.0305343511 END
START 2.15956989746 -8.03015236816 9.05965908203 250.129770992 -64.8473282443 2.6106870229 END
START -0.00478840332031 -8.67658681641 5.68622894287 250.129770992 -69.6030534351 -3.42748091603 END
START 2.93529123535 -9.40921252441 8.97346782227 250.129770992 -65.0229007634 4.61832061069 END
START 1.04866032715 -11.8058083862 9.13148513184 250.129770992 -65.9694656489 -1.09160305344 END
START 2.39899006348 -10.2519715088 6.59602557373 250.129770992 -67.9694656489 -1.29770992366 END
START -5.21696541748 -12.2032458618 5.90888969727 250.129770992 -78.1526717557 -3.41221374046 END
START -2.66953485107 -10.7188408325 7.87692346191 250.129770992 -83.427480916 -3.87022900763 END
START -0.574608398438 -9.69172832031 13.1465613159 250.129770992 -78.0152671756 5.17557251908 END
START 4.73333668213 -6.64151540527 10.3453453735 250.129770992 -84.1679389313 2.12213740458 END
START -2.13562788086 -7.05092388916 16.3715509521 250.129770992 -89.1908396947 4.23664122137 END
START -2.09253225098 -10.6901104126 7.80509741211 250.129770992 -87.427480916 2.70229007634 END
START -1.22343704834 -5.23611903076 9.51695159912 250.129770992 -91.106870229 5.54198473282 END
START 0.474051928711 -7.83622203369 7.54412943115 250.129770992 -93.3969465649 11.4122137405 END
START 1.28329208984 -10.5201220947 6.19140549316 250.129770992 -93.5572519084 7.0 END
START -0.591367810059 -4.17548769531 8.65025059814 250.129770992 -99.5496183206 6.27480916031 END
START 6.11000263672 -7.63032069092 10.7643306641 250.129770992 -80.3893129771 1.59541984733 END
START 0.792480749512 -6.36857641602 9.21528218994 250.129770992 -82.0458015267 4.89312977099 END
START 9.58877764893 -7.0365586792 7.84340463867 250.129770992 -67.5877862595 5.91603053435 END
START 0.00957680664062 -6.04775339355 9.8305920166 250.129770992 -70.0687022901 0.267175572519 END
START -0.0837970581055 -6.33266339111 9.93354268799 250.129770992 -70.465648855 5.09160305344 END
START 3.29202728271 -5.48511600342 11.4873795654 250.129770992 -69.679389313 14.2519083969 END
START 3.62242711182 -8.14267984619 11.1497971313 250.129770992 -62.4045801527 1.82442748092 END
START 1.64242233887 -13.8384855957 8.50659849854 250.129770992 -55.9923664122 3.19847328244 END
START 1.98000477295 -8.88009395752 7.21851800537 250.129770992 -55.3435114504 10.7022900763 END
START 4.043806604 -7.55370623779 8.53772312012 250.129770992 -43.6106870229 7.25190839695 END
START 4.15633408203 -8.73644185791 7.28794985352 250.129770992 -49.7328244275 8.61832061069 END
START 6.48589229736 -9.39245311279 3.4428619873 250.129770992 -43.0534351145 3.58015267176 END
START 2.71741888428 -12.4450602295 8.12352623291 250.129770992 -43.2366412214 8.36641221374 END
START 0.476446130371 -10.651803186 11.5232925903 250.129770992 -41.0229007634 7.45801526718 END
START 6.68939943848 -11.3413332642 8.60715496826 250.129770992 -42.9541984733 15.6717557252 END
START 7.21851800537 -10.919953772 10.3836526001 250.129770992 -43.6106870229 9.12977099237 END
START 2.53545955811 -5.52581743164 4.74291348877 250.129770992 -45.2748091603 9.91603053435 END
START 1.14203419189 -9.75637176514 3.58411988525 250.129770992 -41.1297709924 5.70992366412 END