START 0.641646044922 -12.9813614014 6.3997010376 250.129770992 -80.6106870229 5.74045801527 END
START -2.61686241455 -12.8137672852 8.29112034912 250.129770992 -82.8015267176 4.1679389313 END
START 4.74051928711 -4.5729251709 11.8417214111 250.129770992 -89.8320610687 3.14503816794 END
START 7.34062229004 -3.1124621582 8.08521900635 250.129770992 -79.9770992366 0.0992366412214 END
START 1.12766898193 -3.79959803467 5.77960280762 250.129770992 -75.7557251908 2.90839694656 END
START 1.70467158203 -8.03494077148 5.47075079346 250.129770992 -65.6106870229 9.90076335878 END
START -0.902614025879 -7.71651195068 5.97592734375 250.129770992 -67.6106870229 8.19083969466 END
START 3.37582434082 -15.6030122192 2.47321031494 250.129770992 -68.9770992366 4.93129770992 END
START 4.2544963501 -10.0748005859 3.9360675293 250.129770992 -78.2748091603 10.8702290076 END
START 1.93451494141 -7.39568892822 9.29668504639 250.129770992 -67.7328244275 7.20610687023 END
START 0.622492431641 -5.8945244873 6.79713851318 250.129770992 -71.358778626 7.11450381679 END
START -2.86585938721 -11.4706201538 12.2535240967 250.129770992 -63.9236641221 -0.793893129771 END
START 6.59363137207 -9.07163009033 12.1290256104 250.129770992 -61.6183206107 -0.190839694656 END
START -2.60489140625 -7.75960758057 12.8592571167 250.129770992 -57.2213740458 3.8320610687 END
START 4.33111080322 -10.5273046997 7.90086547852 250.129770992 -57.6641221374 11.6183206107 END
START 6.78516750488 -9.06923588867 18.0786167358 250.129770992 -45.9007633588 1.29770992366 END
START -3.88818349609 -0.809240161133 4.90811340332 250.129770992 -46.2442748092 1.10687022901 END
START 0.806845959473 -3.51468803711 7.22570061035 250.129770992 -39.320610687 6.46564885496 END
START 2.87543619385 -5.72693037109 11.391611499 250.129770992 -49.9847328244 9.41984732824 END
START 11.1976811646 -8.49941589355 13.6493436646 250.129770992 -59.572519084 4.07633587786 END
START -1.34314713135 -6.5074401123 7.46512077637 250.129770992 -62.5190839695 5.54961832061 END
START 2.88261879883 -5.02303508301 5.55454785156 250.129770992 -61.0534351145 -2.93893129771 END
START -0.31124621582 -12.7874310669 13.8073609741 250.129770992 -63.0 13.8702290076 END
START 2.30801040039 -8.8753055542 5.36540592041 250.129770992 -54.5267175573 7.62595419847 END
START -3.14358677979 -11.3772462891 7.80988581543 250.129770992 -68.9465648855 -0.778625954198 END
START -3.0047230835 -9.74918916016 4.73333668213 250.129770992 -64.1450381679 15.6259541985 END
START -4.47476290283 -6.31829818115 8.74123026123 250.129770992 -69.7251908397 8.34351145038 END
START -5.7748144043 -5.27203205566 9.55047042236 250.129770992 -66.0076335878 5.68702290076 END
START -4.62559760742 -4.23773693848 9.94311949463 250.129770992 -68.1297709924 5.98473282443 END
START -6.1171852417 -7.31428607178 7.18978758545 250.129770992 -77.9923664122 12.8396946565 END
START -3.62242711182 -6.34942280273 8.57363614502 250.129770992 -75.5038167939 -0.763358778626 END
START 1.74297880859 -4.58729038086 14.08987677 250.129770992 -72.4732824427 2.71755725191 END
START -0.940921252441 -5.79636221924 8.54011732178 250.129770992 -86.9083969466 2.49618320611 END
START -0.447715710449 -7.967903125 14.1808564331 250.129770992 -80.2595419847 -3.34351145038 END
START 1.88902510986 -7.22809481201 5.90888969727 250.129770992 -77.0305343511 8.29007633588 END
START 6.4236430542 -12.392387793 11.0109334351 250.129770992 -71.8625954198 7.88549618321 END
START 8.6167317749 -10.0795889893 7.80270321045 250.129770992 -77.0992366412 16.6335877863 END
START 4.08929643555 -7.99902774658 9.17697496338 250.129770992 -70.0992366412 0.335877862595 END
START -3.85705887451 -4.66151063232 12.512097876 250.129770992 -62.2671755725 12.786259542 END
START 7.0006456543 -8.45392606201 7.59201346436 250.129770992 -63.4732824427 9.49618320611 END
START 3.56257207031 1.04147772217 14.1353666016 250.129770992 -65.5496183206 7.0 END
START 1.66636435547 -10.785878479 6.74925447998 250.129770992 -68.2824427481 2.85496183206 END
START 5.5760956665 -7.4148425415 5.48272180176 250.129770992 -60.2977099237 5.54961832061 END
START 1.7788918335 -10.4243540283 5.05894810791 250.129770992 -64.6870229008 1.65648854962 END
START 1.04866032715 -9.77552537842 8.87769975586 250.129770992 -49.2595419847 6.40458015267 END
START 0.210689746094 -10.7954552856 10.3309801636 250.129770992 -56.6564885496 9.74809160305 END
START 6.04057078857 -8.46350286865 4.61123239746 250.129770992 -61.2061068702 13.0763358779 END
START 0.337582434082 -9.29189664307 7.25921943359 250.129770992 -44.4351145038 -1.04580152672 END
START -3.79002122803 -10.8600987305 6.30872137451 250.129770992 -52.2061068702 -2.88549618321 END
START 6.21295330811 -11.2311999878 6.27280834961 250.129770992 -52.7709923664 2.81679389313 END
START 3.10288535156 -4.72136567383 9.5121631958 250.129770992 -43.9389312977 5.42748091603 END
START 1.35751234131 -12.6485673706 6.79953271484 250.129770992 -50.641221374 12.0610687023 END
START -0.411802685547 -6.62954439697 6.60560238037 250.129770992 -58.5648854962 7.86259541985 END
START 4.66629903564 -10.2783077271 6.67982263184 250.129770992 -55.4961832061 6.47328244275 END
START -2.74136090088 -11.6142722534 2.33195241699 250.129770992 -49.3740458015 4.79389312977 END
START -5.2217538208 -10.3309801636 6.42124885254 250.129770992 -51.2519083969 4.87786259542 END
START 0.651222851562 -10.2902787354 8.97346782227 250.129770992 -49.4961832061 -0.893129770992 END
START -1.79325704346 -11.4969563721 7.24964262695 250.129770992 -55.4122137405 4.45801526718 END
START 3.10527955322 -11.631031665 7.75960758057 250.129770992 -70.8320610687 16.9618320611 END
START -1.5203180542 -3.45483299561 5.86339986572 250.129770992 -58.2900763359 11.7938931298 END
START 4.40054265137 -12.4306950195 6.07887801514 250.129770992 -66.9160305344 6.1679389313 END
START 6.67742843018 -1.97521636963 5.38216533203 250.129770992 -71.8244274809 9.34351145038 END
START 1.75494981689 -0.639251843262 5.4803276001 250.129770992 -76.9312977099 11.1526717557 END
START -0.433350500488 -7.7093293457 7.37653531494 250.129770992 -71.2824427481 8.81679389313 END
START -4.65911643066 -13.5607582031 5.72453616943 250.129770992 -81.8854961832 12.1526717557 END
START -4.89374819336 -2.94247384033 5.76523759766 250.129770992 -86.0305343511 5.6106870229 END
START -4.28083256836 -11.891999646 8.64306799316 250.129770992 -84.3740458015 19.1450381679 END
START 2.94007963867 -12.7539122437 7.48906279297 250.129770992 -86.2824427481 3.03816793893 END
START 0.107739074707 -8.88009395752 7.85298144531 250.129770992 -96.4809160305 9.40458015267 END
START -0.177170922852 -9.8784760498 5.5401826416 250.129770992 -92.5496183206 1.41984732824 END
START 7.05571229248 -9.7348239502 8.55927093506 250.129770992 -100.763358779 1.70992366412 END
START -2.95923325195 -11.8465098145 6.16267507324 250.129770992 -104.129770992 9.98473282443 END
START 11.779472168 -14.8655981079 7.34780489502 250.129770992 -95.7786259542 1.09160305344 END
START 5.4683565918 -11.0588174683 6.25365473633 250.129770992 -93.3435114504 5.24427480916 END
START -0.653617053223 -13.5032973633 9.58877764893 250.129770992 -104.022900763 0.908396946565 END
START -1.2976572998 -5.82509263916 9.10275471191 250.129770992 -104.625954198 7.74045801527 END
START 5.85142885742 -4.96557424316 4.35505281982 250.129770992 -105.20610687 13.9160305344 END
START 3.41413156738 -5.71017095947 7.48427438965 250.129770992 -104.885496183 4.90839694656 END
START 6.6702458252 -9.24640681152 9.45709655762 250.129770992 -105.404580153 5.51908396947 END
START -6.82347473145 -7.35977590332 7.18978758545 250.129770992 -104.450381679 2.18320610687 END
START -0.730231506348 -5.99268675537 7.3909005249 250.129770992 -104.053435115 -3.32824427481 END
START 3.71819517822 -3.35427652588 7.17302817383 250.129770992 -104.503816794 5.65648854962 END
START 2.65038123779 -9.97424411621 4.74530769043 250.129770992 -104.305343511 -1.01526717557 END
START 0.251391174316 -11.0923362915 0.579396801758 250.129770992 -105.396946565 2.12213740458 END
START 8.68137521973 -7.7332713623 6.86657036133 250.129770992 -104.816793893 10.7786259542 END
START -4.22097752686 -5.36780012207 12.7347586304 250.129770992 -104.061068702 2.39694656489 END
START 1.8507178833 -5.64313331299 7.91283648682 250.129770992 -104.625954198 13.3664122137 END
START -5.02542928467 -5.90410129395 11.4634375488 250.129770992 -104.198473282 13.1145038168 END
START 5.95198532715 -5.43962617188 12.4235124146 250.129770992 -104.687022901 -3.22900763359 END