START -0.806845959473 -7.33583388672 10.3692873901 250.129770992 -80.6488549618 7.27480916031 END
START 4.8913539917 -9.00459244385 10.6254669678 250.129770992 -73.9465648855 5.83969465649 END
START 1.57777889404 -10.6972930176 5.38216533203 250.129770992 -68.4427480916 6.64885496183 END
START 2.14281048584 -7.01022246094 5.80354482422 250.129770992 -65.893129771 4.04580152672 END
START 3.78762702637 -9.01416925049 6.79235010986 250.129770992 -51.8778625954 3.0534351145 END
START -8.23126530762 -14.7458880249 5.47553919678 250.129770992 -63.1908396947 8.40458015267 END
START -1.33596452637 -10.3836526001 5.88973608398 250.129770992 -74.0763358779 4.64885496183 END
START 5.2217538208 -8.8393925293 6.86178195801 250.129770992 -63.9083969466 6.97709923664 END
START -1.31441671143 1.45328040771 8.78672009277 250.129770992 -66.9236641221 3.69465648855 END
START -0.76135612793 -3.50750543213 5.96156213379 250.129770992 -70.9160305344 4.51145038168 END
START -2.19069451904 -8.82502731934 9.66778630371 250.129770992 -73.5496183206 3.85496183206 END
START 4.70221206055 -5.46356818848 6.20577070312 250.129770992 -74.0687022901 14.1908396947 END
START -0.15801730957 -10.3118265503 5.77960280762 250.129770992 -75.2671755725 4.45801526718 END
START -0.45968671875 -10.158597644 5.31033928223 250.129770992 -68.0992366412 -0.129770992366 END
START -2.00873519287 -4.73333668213 6.01184036865 250.129770992 -75.5419847328 5.31297709924 END
START 3.79720383301 -9.46188496094 6.99585725098 250.129770992 -76.7404580153 6.36641221374 END
START -0.363918652344 -3.0406361084 10.2112700806 250.129770992 -75.0534351145 5.49618320611 END
START 2.58094938965 -5.8945244873 6.39730683594 250.129770992 -70.3664122137 8.35114503817 END
START 12.2223994751 -12.8305266968 4.3502644165 250.129770992 -81.7938931298 9.65648854962 END
START -0.198718737793 -2.72460148926 8.6167317749 250.129770992 -81.1755725191 2.45801526718 END
START 2.20266552734 -3.93367332764 5.4683565918 250.129770992 -80.0 7.30534351145 END
START -4.08929643555 -7.37653531494 7.47709178467 250.129770992 -95.1679389313 2.58015267176 END
START 7.03416447754 -7.40526573486 12.3133791382 250.129770992 -95.6717557252 3.00763358779 END
START -0.0790086547852 -6.28238515625 5.69580574951 250.129770992 -95.3053435115 8.64885496183 END
START 1.61129771729 -8.84418093262 8.60236656494 250.129770992 -97.3893129771 -0.63358778626 END
START -2.33195241699 -8.18816967773 6.63912120361 250.129770992 -98.4885496183 13.2824427481 END
START -1.23540805664 -12.2774661133 6.56968935547 250.129770992 -91.5114503817 13.7099236641 END
START 4.2305543335 -11.293449231 6.97191523437 250.129770992 -99.2442748092 -2.27480916031 END
START -2.28406838379 -3.84508786621 5.35822331543 250.129770992 -87.6717557252 11.9312977099 END
START 1.81241065674 -6.55292994385 8.30069715576 250.129770992 -98.4961832061 -0.0687022900763 END
START 4.69024105225 -9.23443580322 6.36618221436 250.129770992 -71.213740458 1.92366412214 END
START 6.21295330811 -6.61278498535 12.5097036743 250.129770992 -71.2519083969 4.59541984733 END
START 5.19062919922 -6.32787498779 11.6214548584 250.129770992 -69.6183206107 15.9465648855 END
START 0.840364782715 -7.39568892822 8.63827958984 250.129770992 -54.2977099237 4.00763358779 END
START 2.89937821045 -4.46039769287 9.49061538086 250.129770992 -58.9389312977 8.64122137405 END
START 3.89297189941 -10.2974613403 10.2663367187 250.129770992 -57.427480916 5.99236641221 END
START 8.56166513672 -5.93283171387 10.4770264648 250.129770992 -43.7786259542 1.29007633588 END
START 2.98078106689 -6.53138212891 5.05176550293 250.129770992 -40.4122137405 5.85496183206 END
START 3.45722719727 -15.5982238159 9.75637176514 250.129770992 -48.9541984733 -3.12213740458 END
START 3.38061274414 -10.3692873901 5.80593902588 250.129770992 -42.1755725191 7.96183206107 END
START -3.14119257812 -11.1809217529 10.0843773926 250.129770992 -42.8244274809 -3.69465648855 END
START 5.65031591797 -10.7595422607 3.55299526367 250.129770992 -41.8702290076 -1.20610687023 END
START 1.10372696533 -11.3341506592 2.87064779053 250.129770992 -39.6946564885 1.70229007634 END
START 6.42603725586 -9.65581529541 6.41406624756 250.129770992 -54.4351145038 3.04580152672 END
START 2.1452046875 -7.721300354 9.34456907959 250.129770992 -51.3053435115 11.3511450382 END
START 8.41083043213 -7.39568892822 5.86818826904 250.129770992 -42.1526717557 9.63358778626 END
START -0.833182177734 -17.7146980835 9.30626185303 250.129770992 -54.2290076336 9.1679389313 END
START -0.574608398438 -7.9200190918 8.01099875488 250.129770992 -49.4961832061 2.8320610687 END
START 4.97036264648 -13.4625959351 12.4546370361 250.129770992 -51.465648855 7.6106870229 END
START 2.60010300293 -9.31583865967 11.6549736816 250.129770992 -50.4885496183 0.480916030534 END
START 4.74530769043 -7.3669585083 4.59447298584 250.129770992 -48.3893129771 -4.25190839695 END
START 2.02310040283 -15.1600849121 7.36456430664 250.129770992 -44.641221374 10.4122137405 END
START -0.979228479004 -6.17943448486 0.658405456543 250.129770992 -50.6641221374 1.95419847328 END
START -0.91697923584 -5.92325490723 5.08528432617 250.129770992 -57.8091603053 -0.961832061069 END
START 5.48751020508 -11.8010199829 5.86339986572 250.129770992 -65.7938931298 0.30534351145 END
START -0.323217224121 -10.7284176392 1.78607443848 250.129770992 -55.7175572519 7.84732824427 END
START 0.591367810059 -4.44603248291 6.58166036377 250.129770992 -61.534351145 -2.25190839695 END
START 1.43412679443 -11.9590372925 7.108384729 250.129770992 -62.534351145 0.824427480916 END
START 4.89853659668 -4.80755693359 8.13310303955 250.129770992 -66.3282442748 6.27480916031 END
START 2.10210905762 -3.61524450684 6.69658204346 250.129770992 -81.465648855 16.641221374 END
START 0.0191536132812 -16.3547915405 6.43800826416 250.129770992 -70.7328244275 4.85496183206 END
START -8.99740983887 -9.82340941162 5.24090743408 250.129770992 -83.106870229 -0.297709923664 END
START -1.25935007324 -12.6533557739 6.0573302002 250.129770992 -91.106870229 1.3358778626 END
START 3.430890979 -10.666168396 9.60074865723 250.129770992 -99.9541984733 13.5572519084 END
START 3.16274039307 -9.4642791626 10.6637741943 250.129770992 -100.099236641 9.06870229008 END
START -4.66151063232 -13.3476742554 5.23133062744 250.129770992 -104.809160305 4.54961832061 END
START -0.45968671875 -8.96867941895 4.61841500244 250.129770992 -105.320610687 10.9389312977 END
START -1.63284553223 -10.3908352051 5.83945784912 250.129770992 -103.763358779 10.5572519084 END
START -0.076614453125 -12.856862915 1.64242233887 250.129770992 -104.541984733 1.74045801527 END
START 6.27041414795 -11.9877677124 9.57920084229 250.129770992 -104.435114504 2.89312977099 END
START -2.35350023193 -9.08838950195 8.42040723877 250.129770992 -104.93129771 4.67175572519 END
START -3.07176072998 -9.69412252197 7.46033237305 250.129770992 -105.0 0.801526717557 END
START -1.68791217041 -7.45793817139 12.0308633423 250.129770992 -104.480916031 5.84732824427 END
START 7.0006456543 -8.0157871582 8.89685336914 250.129770992 -104.251908397 9.61832061069 END
START -4.48433970947 -14.5543518921 9.21528218994 250.129770992 -104.618320611 19.7328244275 END
START 3.53144744873 -7.4268135498 3.98155736084 250.129770992 -104.419847328 8.79389312977 END
START 8.07085379639 -9.73721815186 7.55131203613 250.129770992 -105.083969466 4.0 END
START 7.18499918213 -6.7899559082 11.279084021 250.129770992 -104.305343511 11.465648855 END
START 1.90099611816 -6.95276162109 8.57363614502 250.129770992 -105.167938931 13.7709923664 END
START 2.88022459717 -6.29675036621 5.61679709473 250.129770992 -102.687022901 -2.24427480916 END
START 7.84579884033 -6.39730683594 14.3125375244 250.129770992 -98.1908396947 6.31297709924 END
START -0.0742202514648 -3.67988795166 8.9231895874 250.129770992 -96.5648854962 12.5572519084 END
START 1.77410343018 -6.10282003174 9.02853446045 250.129770992 -91.679389313 15.2748091603 END
START 9.60553706055 -11.405976709 8.34139858398 250.129770992 -86.0381679389 4.3893129771 END
START 2.1811177124 -10.1394440308 5.4922986084 250.129770992 -86.572519084 2.72519083969 END