START -2.66474644775 -8.66461580811 14.111424585 250.129770992 -88.1526717557 8.8320610687 END
START 5.32470449219 -9.81143840332 13.1010714844 250.129770992 -89.2595419847 7.27480916031 END
START 4.06774862061 -3.75410820312 8.13070883789 250.129770992 -83.7022900763 14.4122137405 END
START -3.05021291504 -10.8361567139 6.41406624756 250.129770992 -70.4503816794 -3.27480916031 END
START 6.33984599609 -5.34385810547 7.92720169678 250.129770992 -76.7709923664 5.64885496183 END
START 12.8951701416 -4.59926138916 7.61834968262 250.129770992 -71.7251908397 7.23664122137 END
START 2.48278712158 -7.18739338379 6.26323154297 250.129770992 -64.358778626 -0.351145038168 END
START 5.94240852051 -11.7746837646 6.11000263672 250.129770992 -57.9541984733 1.46564885496 END
START 8.19774648437 -7.92480749512 9.11951412354 250.129770992 -59.0458015267 2.77099236641 END
START 0.265756384277 -8.48983908691 11.1857101562 250.129770992 -65.5190839695 7.93129770992 END
START 1.34793553467 -4.50109912109 9.15303294678 250.129770992 -51.5038167939 -3.67175572519 END
START -0.866701000977 -6.28956776123 7.25443103027 250.129770992 -56.1526717557 0.290076335878 END
START 6.375759021 -12.5073094727 6.70376464844 250.129770992 -51.2748091603 -0.427480916031 END
START 6.38294162598 -8.03733497314 5.21935961914 250.129770992 -49.8549618321 -2.92366412214 END
START -0.253785375977 -6.47631549072 8.80108530273 250.129770992 -50.427480916 2.58778625954 END
START -2.33913502197 -1.29047469482 4.70939466553 250.129770992 -49.7709923664 11.5267175573 END
START 0.395043273926 -15.4258412964 13.7546885376 250.129770992 -64.4198473282 12.0763358779 END
START 3.66073433838 -12.6437789673 6.22253011475 250.129770992 -65.9312977099 0.236641221374 END
START -5.36780012207 -9.98382092285 6.86657036133 250.129770992 -64.0458015267 9.0 END
START 1.45088620605 -8.46350286865 6.69179364014 250.129770992 -64.4122137405 8.75572519084 END
START 2.83234056396 -0.46686932373 4.8314989502 250.129770992 -75.4885496183 4.07633587786 END
START -0.15322890625 -7.98466253662 6.26562574463 250.129770992 -72.6717557252 5.04580152672 END
START -1.18273562012 -10.5201220947 9.59596025391 250.129770992 -79.0305343511 1.95419847328 END
START 1.09415015869 -10.8816465454 14.3125375244 250.129770992 -77.4351145038 5.36641221374 END
START -8.80108530273 -2.76530291748 5.60243188477 250.129770992 -81.5190839695 6.24427480916 END
START -2.93768543701 -11.532869397 3.77565601807 250.129770992 -102.236641221 9.51908396947 END
START -0.521935961914 -9.04050546875 8.10916102295 250.129770992 -99.3740458015 5.37404580153 END
START -5.49948121338 -12.1649386353 8.19535228271 250.129770992 -98.6488549618 8.67175572519 END
START -2.90895501709 -12.7299702271 11.2240173828 250.129770992 -90.3893129771 6.47328244275 END
START 0.981622680664 -11.6741272949 12.9071411499 250.129770992 -97.4045801527 9.0 END
START 2.23379014893 -7.46033237305 6.04296499023 250.129770992 -104.259541985 5.03816793893 END
START 1.19710083008 -8.31745656738 15.5982238159 250.129770992 -87.4045801527 6.46564885496 END
START 0.885854614258 -4.43406147461 8.14986245117 250.129770992 -79.1755725191 0.167938931298 END
START 2.65516964111 -4.39096584473 7.2951324585 250.129770992 -88.6641221374 11.6259541985 END
START 7.57285985107 -4.74530769043 0.0526724365234 250.129770992 -76.6259541985 9.79389312977 END
START 10.3285859619 -13.8336971924 11.4371013306 250.129770992 -87.6717557252 3.52671755725 END
START -5.92564910889 -10.8720697388 4.85304676514 250.129770992 -78.1221374046 8.83969465649 END
START 5.74847818604 0.548272180176 10.1992990723 250.129770992 -61.9847328244 10.6183206107 END
START 2.94007963867 -6.53377633057 7.73566556396 250.129770992 -65.0 11.0610687023 END
START 4.290409375 -9.21288798828 10.3381627686 250.129770992 -58.4885496183 7.83969465649 END
START 6.62954439697 -10.6494089844 17.3172606079 250.129770992 -63.0076335878 6.22900763359 END
START 5.31273348389 -5.22654222412 6.20816490479 250.129770992 -62.2671755725 9.34351145038 END
START 4.537012146 -12.392387793 5.89213028564 250.129770992 -64.3282442748 4.71755725191 END
START 5.42765516357 -8.63588538818 7.11556733398 250.129770992 -48.427480916 13.6030534351 END
START 0.785298144531 -11.5520230103 7.25203682861 250.129770992 -54.6946564885 13.4351145038 END
START -2.03028300781 -16.5798464966 12.6557499756 250.129770992 -46.6259541985 7.96946564885 END
START 3.2992098877 -5.2337248291 7.17542237549 250.129770992 -47.0 -0.984732824427 END
START 4.24491954346 -11.0061450317 9.4523081543 250.129770992 -44.0839694656 12.8625954198 END
START 5.2456958374 -11.540052002 7.92480749512 250.129770992 -59.6641221374 18.4198473282 END
START 5.69580574951 -6.08845482178 2.93529123535 250.129770992 -53.4351145038 5.74045801527 END
START 1.5562310791 -16.6708261597 7.74284816895 250.129770992 -59.465648855 3.43511450382 END
START -1.8866309082 -0.682347473145 7.19697019043 250.129770992 -55.8702290076 9.29007633588 END
START -0.354341845703 -6.89290657959 8.58081875 250.129770992 -57.7175572519 12.7022900763 END
START 1.89381351318 -0.998382092285 8.58081875 250.129770992 -55.4351145038 1.34351145038 END
START -0.718260498047 -5.30315667725 5.34625230713 250.129770992 -59.572519084 4.37404580153 END
START -2.2170307373 -11.8608750244 8.59518395996 250.129770992 -67.9770992366 7.3893129771 END
START 4.05817181396 -10.0819831909 8.86094034424 250.129770992 -62.1450381679 10.641221374 END
START -0.670376464844 -5.45399138184 11.3389390625 250.129770992 -63.679389313 8.04580152672 END
START -0.598550415039 -10.4746322632 4.87698878174 250.129770992 -72.6564885496 6.19083969466 END
START 1.27610948486 -9.45949075928 9.30626185303 250.129770992 -70.9618320611 3.51908396947 END
START -1.40300217285 -5.01345827637 5.2097828125 250.129770992 -81.6183206107 6.89312977099 END
START 2.55700737305 -11.0444522583 7.29992086182 250.129770992 -87.2595419847 7.52671755725 END
START -3.76847341309 -16.5247798584 5.80833322754 250.129770992 -84.5801526718 0.473282442748 END
START -0.873883605957 -7.30231506348 7.25921943359 250.129770992 -78.4427480916 10.0687022901 END
START 1.61848032227 -10.2160584839 7.17542237549 250.129770992 -99.3358778626 10.8473282443 END
START 2.7341782959 -17.7123038818 6.32308658447 250.129770992 -88.106870229 5.85496183206 END
START -3.21062442627 -6.11479104004 5.14274516602 250.129770992 -90.3664122137 11.0 END
START -1.51552965088 -10.0005803345 6.21534750977 250.129770992 -104.526717557 3.78625954198 END
START -1.98718737793 -9.54328781738 6.84741674805 250.129770992 -102.511450382 13.7404580153 END
START 2.817975354 -6.34702860107 4.76206710205 250.129770992 -104.427480916 0.526717557252 END
START 3.00951148682 -8.19535228271 10.2615483154 250.129770992 -104.244274809 7.97709923664 END
START 4.78600911865 -6.40448944092 5.65989272461 250.129770992 -104.618320611 0.206106870229 END
START -4.37660063477 -9.35654008789 9.51695159912 250.129770992 -104.854961832 0.679389312977 END
START 4.47715710449 -10.5656119263 5.96395633545 250.129770992 -104.122137405 4.2213740458 END
START -4.28562097168 -10.8361567139 6.55292994385 250.129770992 -104.366412214 -1.32061068702 END
START 2.20745393066 -9.11472572021 9.60553706055 250.129770992 -103.908396947 5.1679389313 END
START -2.67671745605 -18.2390282471 10.6087075562 250.129770992 -104.778625954 4.51145038168 END
START -2.04704241943 -4.54180054932 9.08599530029 250.129770992 -104.282442748 7.77099236641 END
START 5.74608398437 -9.01177504883 8.09000740967 250.129770992 -104.885496183 8.59541984733 END
START 1.94888015137 -7.75960758057 9.01656345215 250.129770992 -104.679389313 12.1526717557 END
START 3.14598098145 -10.3501337769 10.1274730225 250.129770992 -104.72519084 11.7099236641 END
START 6.29196196289 -4.26167895508 4.56334836426 250.129770992 -100.961832061 -1.03053435115 END
START 1.84114107666 -1.60890351563 5.08289012451 250.129770992 -95.2748091603 0.801526717557 END
START 4.01747038574 -3.03105930176 6.79713851318 250.129770992 -92.2061068702 5.83969465649 END
START 4.22337172852 -5.92325490723 11.6214548584 250.129770992 -85.3740458015 8.24427480916 END
START 10.6230727661 -9.39963571777 9.69172832031 250.129770992 -77.641221374 4.46564885496 END
START -0.603338818359 -6.78037910156 6.31111557617 250.129770992 -74.8778625954 11.8396946565 END
START 2.70305367432 -5.53060583496 10.8577045288 250.129770992 -63.9618320611 7.80152671756 END
START 10.0436759644 -8.6287027832 6.88093557129 250.129770992 -59.3969465649 6.1679389313 END
START 7.26400783691 -11.6046954468 9.10514891357 250.129770992 -54.7786259542 4.48854961832 END