START 2.31519300537 -18.641254126 9.30147344971 250.129770992 -85.4885496183 5.9465648855 END
START 12.3995703979 -15.8113077637 8.37970581055 250.129770992 -85.3893129771 3.70992366412 END
START 4.17788189697 -0.861912597656 10.5081510864 250.129770992 -85.7175572519 13.3969465649 END
START 0.46208092041 -17.647660437 4.44603248291 250.129770992 -89.2595419847 1.62595419847 END
START -0.31364041748 -10.5201220947 6.59123717041 250.129770992 -81.3664122137 13.0229007634 END
START -1.592144104 -11.7890489746 11.7435591431 250.129770992 -73.4427480916 6.84732824427 END
START 1.69509477539 -13.9965029053 17.0012259888 250.129770992 -77.6946564885 8.45801526718 END
START 7.04374128418 -11.2096521729 8.74362446289 250.129770992 -71.1679389313 9.48091603053 END
START -11.0971246948 -10.5943423462 2.90177241211 250.129770992 -66.893129771 9.53435114504 END
START -4.73573088379 -8.19535228271 6.23450112305 250.129770992 -65.7328244275 10.6183206107 END
START -0.663193859863 -5.80354482422 9.91917747803 250.129770992 -66.2366412214 13.1755725191 END
START -1.52510645752 -13.2159931641 10.9822030151 250.129770992 -55.6946564885 5.76335877863 END
START 4.62559760742 -17.5638633789 1.03908352051 250.129770992 -61.2900763359 4.16030534351 END
START -2.56418997803 -11.7962315796 11.7866547729 250.129770992 -57.2442748092 11.5038167939 END
START -1.5083470459 -4.92487281494 8.68137521973 250.129770992 -54.4961832061 10.2748091603 END
START 17.1879737183 -6.5074401123 7.06528909912 250.129770992 -54.5496183206 10.1145038168 END
START 1.23301385498 -7.97508572998 7.43160195312 250.129770992 -48.427480916 1.28244274809 END
START 10.8888291504 -2.04225401611 12.6868745972 250.129770992 -48.7328244275 2.06870229008 END
START -5.31033928223 -6.99585725098 5.09964953613 250.129770992 -36.7175572519 -3.41221374046 END
START -0.76375032959 -6.40448944092 10.4650554565 250.129770992 -32.1526717557 5.93893129771 END
START 7.601590271 -10.2064816772 -0.366312854004 250.129770992 -24.465648855 -1.3358778626 END
START 1.24259066162 -5.2576668457 6.00226356201 250.129770992 -20.9694656489 5.08396946565 END
START -0.174776721191 -1.22104284668 6.10042583008 250.129770992 -22.0610687023 5.29770992366 END
START 0.909796630859 -1.25695587158 12.7156050171 250.129770992 -27.7557251908 8.86259541985 END
START -1.17315881348 -5.64552751465 2.88261879883 250.129770992 -34.3435114504 1.41984732824 END
START -0.275333190918 -1.28089788818 12.7395470337 250.129770992 -33.0916030534 9.14503816794 END
START -1.01035310059 -9.43076033936 3.05978972168 250.129770992 -44.8625954198 5.32061068702 END
START -0.833182177734 -8.16662186279 8.74601866455 250.129770992 -47.9694656489 3.71755725191 END
START -7.05810649414 -6.53377633057 4.29519777832 250.129770992 -51.2442748092 -0.0992366412214 END
START 0.371101257324 -15.4210528931 6.96233842773 250.129770992 -60.0381679389 4.85496183206 END
START 0.287304199219 -6.4834980957 8.17859287109 250.129770992 -65.0305343511 -3.57251908397 END
START -3.83072265625 -10.2807019287 9.1458503418 250.129770992 -76.0076335878 11.5954198473 END
START -1.43412679443 -7.49385119629 1.43173259277 250.129770992 -79.2519083969 -5.12977099237 END
START 2.85388837891 -16.2350814575 12.2631009033 250.129770992 -80.8854961832 0.557251908397 END
START 4.49391651611 9.64384428711 3.94325013428 250.129770992 -77.679389313 0.190839694656 END
START 6.15788666992 -4.18027609863 -2.10450325928 250.129770992 -69.3435114504 6.97709923664 END
START 2.43490308838 -3.53384165039 5.30315667725 250.129770992 -68.2290076336 11.2671755725 END
START -6.20816490479 -1.22822545166 8.37731160889 250.129770992 -68.5038167939 14.534351145 END
START -1.97282216797 -7.84579884033 10.5177278931 250.129770992 -79.5496183206 18.3511450382 END
START 16.1488901978 -17.2526171631 12.2056400635 250.129770992 -82.9694656489 5.67938931298 END
START -4.72136567383 -10.2759135254 0.00239420166016 250.129770992 -90.534351145 2.20610687023 END
START -3.4069489624 -9.68693991699 2.25054956055 250.129770992 -93.2442748092 15.2213740458 END
START 3.92888492432 -7.01501086426 11.9925561157 250.129770992 -77.7099236641 9.50381679389 END
START 3.11006795654 -7.0964137207 12.2918313232 250.129770992 -74.5877862595 5.22900763359 END
START 0.263362182617 -3.7493197998 11.525686792 250.129770992 -71.1603053435 -0.030534351145 END
START 1.79325704346 -12.8329208984 8.89206496582 250.129770992 -81.9465648855 0.167938931298 END
START 1.72861359863 -3.26808526611 6.90008918457 250.129770992 -72.1450381679 -1.17557251908 END
START -4.09887324219 -10.158597644 12.5264630859 250.129770992 -71.7251908397 -1.09160305344 END
START 2.1092916626 -6.05493599854 9.48343277588 250.129770992 -79.1526717557 -3.89312977099 END
START 2.47321031494 -6.82826313477 8.0038161499 250.129770992 -75.0916030534 6.41221374046 END
START 3.45722719727 -8.99262143555 9.01177504883 250.129770992 -74.2824427481 9.84732824427 END
START -3.23456644287 -7.09880792236 7.81228001709 250.129770992 -78.9083969466 8.65648854962 END
START 7.3310454834 -9.47864437256 11.4323129272 250.129770992 -56.427480916 2.72519083969 END
START -0.421379492187 -15.8927106201 1.31920511475 250.129770992 -57.6335877863 2.24427480916 END
START -2.72460148926 -7.36456430664 6.89051237793 250.129770992 -62.1755725191 7.76335877863 END
START -0.543483776855 -0.354341845703 11.4466781372 250.129770992 -55.4351145038 7.25954198473 END
START 1.14442839355 -6.58644876709 5.26006104736 250.129770992 -53.3893129771 6.06870229008 END
START 4.52982954102 -2.56179577637 6.93360800781 250.129770992 -61.106870229 16.7480916031 END
START -6.91206019287 -3.63918652344 6.16746347656 250.129770992 -61.5038167939 6.21374045802 END
START 2.25294376221 -7.42202514648 7.38132371826 250.129770992 -62.3893129771 2.77099236641 END
START -2.86107098389 -2.60249720459 14.7554648315 250.129770992 -57.2900763359 0.152671755725 END
START 0.521935961914 0.134075292969 10.680533606 250.129770992 -54.3664122137 11.9847328244 END
START 1.18034141846 -7.17781657715 7.02219346924 250.129770992 -53.4045801527 1.78625954198 END
START -7.96072052002 -1.38384855957 7.88889447021 250.129770992 -54.4885496183 -4.09923664122 END
START -5.12359155273 -7.52976422119 4.37420643311 250.129770992 -55.8778625954 10.6183206107 END
START -2.60010300293 -7.65426270752 16.436194397 250.129770992 -61.8320610687 7.43511450382 END
START 2.3918074585 -11.0348754517 6.52898792725 250.129770992 -59.3358778626 1.18320610687 END
START -2.2170307373 -11.532869397 7.108384729 250.129770992 -58.0992366412 5.68702290076 END
START -0.512359155273 0.928950244141 11.1689507446 250.129770992 -47.9389312977 0.931297709924 END
START 3.49553442383 -2.52109434814 4.21379492187 250.129770992 -55.2900763359 -2.17557251908 END
START -1.86747729492 -0.584185205078 7.53934102783 250.129770992 -63.0687022901 5.76335877863 END
START 5.1379567627 -8.99262143555 4.19942971191 250.129770992 -61.2366412214 2.64122137405 END
START -3.82114584961 -12.5551935059 7.45554396973 250.129770992 -57.7709923664 8.28244274809 END
START 5.08528432617 -10.898405957 11.4251303223 250.129770992 -62.7251908397 15.7480916031 END
START 4.95839163818 -6.7899559082 8.80587370605 250.129770992 -62.9007633588 -3.49618320611 END
START -0.775721337891 -13.9294652588 6.92403120117 250.129770992 -66.7328244275 10.6870229008 END
START -5.53300003662 -7.12993254395 2.06140762939 250.129770992 -66.1450381679 13.3435114504 END
START 2.56418997803 -9.76834277344 7.67820472412 250.129770992 -69.2900763359 2.21374045802 END
START -1.00556469727 -6.96473262939 10.9438957886 250.129770992 -72.5648854962 13.0381679389 END
START 1.70467158203 -7.29273825684 6.54574733887 250.129770992 -74.320610687 2.40458015267 END
START -2.72938989258 -7.23288321533 2.42293208008 250.129770992 -72.6030534351 13.7480916031 END
START -3.3351229126 -11.4466781372 14.5256214722 250.129770992 -71.7786259542 11.0152671756 END
START 3.66312854004 -4.44124407959 8.09000740967 250.129770992 -74.5190839695 7.58015267176 END
START -0.00957680664062 -11.9662198975 2.74136090088 250.129770992 -67.0839694656 8.19083969466 END
START 7.75003077393 -7.93677850342 8.16662186279 250.129770992 -71.5801526718 9.81679389313 END
START 2.93529123535 -10.8361567139 6.23210692139 250.129770992 -76.9465648855 10.8473282443 END
START -4.9631800415 -12.4091472046 11.3963999023 250.129770992 -72.2213740458 7.32061068702 END
START -6.02859978027 -8.86572874756 4.58729038086 250.129770992 -74.6564885496 0.770992366412 END
START 3.09091434326 4.40533105469 14.1712796265 250.129770992 -85.4961832061 0.465648854962 END
START 0.62009822998 -7.25443103027 9.06205328369 250.129770992 -93.0534351145 5.73282442748 END
START -5.06373651123 -6.65348641357 1.59693250732 250.129770992 -104.282442748 3.06106870229 END
START -1.33117612305 -8.86812294922 8.50181009521 250.129770992 -103.854961832 5.45038167939 END
START 1.25935007324 -8.81305631104 4.94402642822 250.129770992 -104.740458015 17.7099236641 END
START -0.337582434082 -13.3189438354 8.15704505615 250.129770992 -107.038167939 3.06870229008 END
START 2.72938989258 -4.81952794189 8.00621035156 250.129770992 -104.213740458 -3.02290076336 END
START 2.37744224854 -16.4194349854 5.63355650635 250.129770992 -98.8702290076 3.27480916031 END
START 3.68707055664 -7.94635531006 0.383072265625 250.129770992 -100.687022901 3.84732824427 END
START 5.5880666748 -9.63905588379 15.1576907104 250.129770992 -99.320610687 -3.3893129771 END
START -8.95431420898 -5.19062919922 4.07014282227 250.129770992 -97.6870229008 3.08396946565 END
START -0.988805285645 -11.63821427 3.17949980469 250.129770992 -104.511450382 2.10687022901 END
START -1.62087452393 -15.2630355835 10.8385509155 250.129770992 -102.618320611 8.86259541985 END
START 5.03500609131 -12.7898252686 7.82903942871 250.129770992 -104.328244275 7.01526717557 END
START -11.7675011597 -7.26161363525 3.95282694092 250.129770992 -92.8015267176 13.427480916 END
START -3.3231519043 -13.2351467773 10.8624929321 250.129770992 -91.3969465649 -1.77099236641 END
START 2.88740720215 -11.0157218384 18.3659209351 250.129770992 -89.641221374 6.80152671756 END