START 7.6255322876 -7.21612380371 3.35427652588 250.129770992 -72.641221374 -3.71755725191 END
START 6.80432111816 -11.3461216675 7.59680186768 250.129770992 -68.6488549618 1.93129770992 END
START -4.8793829834 -13.3404916504 12.9478425781 250.129770992 -65.106870229 4.23664122137 END
START 12.3540805664 -9.50258638916 5.67904633789 250.129770992 -80.6259541985 1.5572519084 END
START 9.33499227295 -5.06373651123 5.42765516357 250.129770992 -66.9007633588 8.22900763359 END
START 10.9774146118 -7.96550892334 6.90008918457 250.129770992 -55.7251908397 -1.90076335878 END
START 4.10845004883 -7.01740506592 13.618219043 250.129770992 -64.8320610687 5.74809160305 END
START 8.43237824707 -10.4794206665 8.8992475708 250.129770992 -65.3893129771 3.50381679389 END
START 2.12844527588 -6.97191523437 7.05092388916 250.129770992 -57.1374045802 4.51145038168 END
START 8.99740983887 -7.84579884033 9.97663831787 250.129770992 -57.7099236641 10.4045801527 END
START 4.36941802979 -8.46350286865 10.5057568848 250.129770992 -53.572519084 -1.54961832061 END
START 17.0682636353 -4.69742365723 8.30309135742 250.129770992 -50.7633587786 3.46564885496 END
START -0.136469494629 -2.84431157227 6.0812722168 250.129770992 -57.6183206107 7.85496183206 END
START -1.64721074219 -12.9550251831 5.78439121094 250.129770992 -60.893129771 9.92366412214 END
START 7.84819304199 -7.91044228516 1.94169754639 250.129770992 -72.9847328244 10.6259541985 END
START 0.428562097168 -14.9254531494 6.40209523926 250.129770992 -74.0381679389 5.32061068702 END
START -2.47321031494 -7.92959589844 10.2759135254 250.129770992 -79.8473282443 2.67938931298 END
START -8.79869110107 -7.10359632568 9.440337146 250.129770992 -72.6259541985 5.87786259542 END
START -2.56658417969 -10.651803186 7.43878455811 250.129770992 -82.7633587786 17.3816793893 END
START -0.711077893066 -10.4554786499 4.39575424805 250.129770992 -78.0458015267 2.58778625954 END
START 0.507570751953 -8.11394942627 7.93677850342 250.129770992 -83.641221374 -5.41221374046 END
START -2.46123930664 -11.6262432617 6.65588061523 250.129770992 -82.3358778626 4.07633587786 END
START -7.88650026855 -10.6470147827 8.11155522461 250.129770992 -81.2519083969 12.4885496183 END
START 1.38145435791 -6.32548078613 6.53377633057 250.129770992 -95.2519083969 13.0076335878 END
START 0.213083947754 -11.5639940186 10.8313683105 250.129770992 -90.427480916 0.885496183206 END
START 3.65834013672 -5.269637854 14.4178823975 250.129770992 -101.297709924 2.1679389313 END
START 4.49631071777 -14.2933839111 12.7491238403 250.129770992 -95.1832061069 17.4885496183 END
START 3.20344182129 -6.61757338867 4.69502945557 250.129770992 -105.045801527 1.43511450382 END
START 4.05338341064 -7.1203557373 7.98226833496 250.129770992 -104.633587786 7.98473282443 END
START -2.19787712402 -11.1114899048 7.64468590088 250.129770992 -107.122137405 15.320610687 END
START 5.78199700928 0.00478840332031 5.29836827393 250.129770992 -92.8167938931 6.86259541985 END
START 0.251391174316 -7.6375032959 11.4418897339 250.129770992 -77.0305343511 17.3816793893 END
START -3.07415493164 -12.3397153564 10.1178962158 250.129770992 -79.4961832061 18.2290076336 END
START 2.11647426758 -10.6853220093 12.2774661133 250.129770992 -62.9618320611 12.4045801527 END
START 4.04620080566 -7.8960770752 9.86171663818 250.129770992 -67.2366412214 16.0458015267 END
START 2.60249720459 -11.7531359497 3.37343013916 250.129770992 -61.4885496183 7.19847328244 END
START 5.05415970459 -5.8466404541 9.34935748291 250.129770992 -59.8778625954 16.8778625954 END
START 3.68228215332 -2.09492645264 5.7508723877 250.129770992 -57.0152671756 6.29770992366 END
START 3.84987626953 -6.4356140625 9.62469067383 250.129770992 -45.0381679389 0.328244274809 END
START 14.4992852539 -8.73404765625 5.44202037354 250.129770992 -49.6488549618 7.73282442748 END
START 8.66222160645 -6.39730683594 8.19774648437 250.129770992 -48.9923664122 2.31297709924 END
START 3.47877501221 -9.26795462646 13.4554133301 250.129770992 -48.6030534351 13.9541984733 END
START 4.9631800415 -8.35097539062 5.08528432617 250.129770992 -44.572519084 12.7786259542 END
START 3.79959803467 -11.9925561157 10.1633860474 250.129770992 -38.5190839695 7.0 END
START 8.44434925537 -5.76523759766 5.55454785156 250.129770992 -37.1832061069 14.0839694656 END
START 0.893037219238 -14.6094185303 6.31111557617 250.129770992 -43.534351145 11.1755725191 END
START 2.03507141113 -1.67594116211 8.59518395996 250.129770992 -50.6870229008 6.67938931298 END
START 2.00394678955 -9.1219083252 8.89206496582 250.129770992 -44.3740458015 11.3358778626 END
START 2.84191737061 -9.94551369629 7.01022246094 250.129770992 -49.4732824427 11.5038167939 END
START 3.24174904785 -8.9112185791 -0.354341845703 250.129770992 -49.7022900763 5.01526717557 END
START -3.19386501465 -2.90416661377 8.2863319458 250.129770992 -45.8091603053 -4.92366412214 END
START 3.0765491333 -13.3596452637 7.6255322876 250.129770992 -44.534351145 17.4885496183 END
START -12.9382657715 -8.73404765625 6.95755002441 250.129770992 -48.9770992366 3.96946564885 END
START 1.60890351563 -8.09719001465 8.09479581299 250.129770992 -49.3816793893 13.5190839695 END
START -2.29603939209 -7.57285985107 5.41328995361 250.129770992 -54.3816793893 10.3129770992 END
START 4.48433970947 -9.62708487549 12.0643821655 250.129770992 -55.2595419847 15.427480916 END
START 3.52665904541 -5.40371314697 4.38378323975 250.129770992 -50.5114503817 10.8625954198 END
START -0.0814028564453 -15.5790702026 6.99825145264 250.129770992 -62.1297709924 7.2213740458 END
START 1.7669208252 -11.1019130981 10.3716815918 250.129770992 -54.2366412214 12.5954198473 END
START -4.06296021729 -6.38294162598 6.54574733887 250.129770992 -70.893129771 1.36641221374 END
START -2.4636335083 -8.19535228271 9.68215151367 250.129770992 -80.7328244275 2.86259541985 END
START -2.29125098877 -10.433930835 6.06451280518 250.129770992 -74.1755725191 4.20610687023 END
START 2.37504804687 -13.2902134155 8.83220992432 250.129770992 -85.0305343511 4.02290076336 END
START -0.60573302002 -12.1266314087 7.47230338135 250.129770992 -82.4885496183 5.80916030534 END
START -0.251391174316 -6.35421120605 6.61039078369 250.129770992 -82.3893129771 8.10687022901 END
START 5.81312163086 -3.9719805542 2.94247384033 250.129770992 -96.6717557252 13.2748091603 END
START -2.39899006348 -8.20971749268 4.44363828125 250.129770992 -89.8091603053 15.1832061069 END
START 0.818816967773 -10.4961800781 6.70855305176 250.129770992 -103.595419847 5.25190839695 END
START 3.67031114502 -11.4658317505 5.38455953369 250.129770992 -104.06870229 4.83969465649 END
START 8.75798967285 -8.97346782227 10.4363250366 250.129770992 -105.984732824 8.7786259542 END
START 0.46447512207 -13.0220628296 5.60722028809 250.129770992 -104.816793893 2.47328244275 END
START -3.46919820557 -11.5352635986 5.90410129395 250.129770992 -104.267175573 16.7175572519 END
START 3.67988795166 -9.51455739746 4.95839163818 250.129770992 -104.114503817 0.496183206107 END
START -3.40455476074 -4.5250411377 9.193734375 250.129770992 -104.572519084 2.90839694656 END
START 3.84748206787 -9.96706151123 4.96078583984 250.129770992 -104.06870229 13.6717557252 END
START 0.354341845703 -8.09479581299 9.94790789795 250.129770992 -104.076335878 6.46564885496 END
START -7.96072052002 -4.16591088867 5.66228692627 250.129770992 -104.396946565 -1.2213740458 END
START -1.80043964844 -7.74045396729 3.9839515625 250.129770992 -104.511450382 11.8473282443 END
START -1.52271225586 -5.09725533447 6.91924279785 250.129770992 -104.297709924 4.10687022901 END
START 5.27442625732 -6.27999095459 8.6167317749 250.129770992 -104.129770992 6.72519083969 END
START 3.39018955078 -12.519280481 7.63989749756 250.129770992 -104.236641221 -4.35877862595 END
START 1.63763393555 -12.5839239258 9.46667336426 250.129770992 -104.480916031 13.1526717557 END
START 2.66235224609 -8.72207664795 9.13627353516 250.129770992 -104.022900763 -1.73282442748 END
START 0.430956298828 -8.18098707275 7.83861623535 250.129770992 -104.526717557 12.4045801527 END
START -1.52271225586 -8.07085379639 5.09486113281 250.129770992 -104.13740458 9.45038167939 END
START -2.74854350586 -5.39174213867 10.2543657104 250.129770992 -104.076335878 -0.419847328244 END
START -4.47236870117 -9.40202991943 5.7987564209 250.129770992 -104.183206107 -1.8320610687 END
START 1.78607443848 -2.43490308838 11.2168347778 250.129770992 -104.534351145 17.4580152672 END
START 3.6655227417 -5.61679709473 8.2264769043 250.129770992 -103.854961832 1.9465648855 END
START 0.603338818359 -13.2135989624 10.666168396 250.129770992 -103.984732824 11.2061068702 END
START 1.22822545166 -7.13711514893 6.68461103516 250.129770992 -101.564885496 5.43511450382 END
START 6.43800826416 1.61848032227 7.25682523193 250.129770992 -96.465648855 19.2442748092 END
START -3.79480963135 -8.59039555664 6.62715019531 250.129770992 -91.7557251908 4.40458015267 END
START 4.50828172607 -8.35097539062 8.87291135254 250.129770992 -96.8854961832 15.9312977099 END
START 5.62876810303 -7.27119044189 5.86100566406 250.129770992 -87.7022900763 6.59541984733 END
START 8.48265648193 -4.12760366211 7.52976422119 250.129770992 -88.106870229 12.6106870229 END
START 5.69101734619 -6.03817658691 7.24964262695 250.129770992 -78.0152671756 4.09160305344 END
START -0.0646434448242 -2.30561619873 4.63517441406 250.129770992 -66.6259541985 7.92366412214 END
START 7.71890615234 -4.07732542725 10.3860468018 250.129770992 -66.1145038168 2.70229007634 END
START 2.89219560547 -0.689530078125 6.00226356201 250.129770992 -64.0458015267 7.73282442748 END