START 8.37491740723 -9.66539210205 6.86178195801 250.129770992 -91.7251908397 5.34351145038 END
START -1.80522805176 -12.0356517456 7.48906279297 250.129770992 -82.8396946565 0.419847328244 END
START 4.76924970703 -9.65820949707 10.3453453735 250.129770992 -76.7633587786 4.93129770992 END
START 1.38145435791 -8.20492908936 11.2288057861 250.129770992 -78.2748091603 6.3358778626 END
START -0.988805285645 -3.08133753662 6.21774171143 250.129770992 -79.320610687 6.30534351145 END
START 5.52342322998 -8.87291135254 7.93438430176 250.129770992 -73.4732824427 2.80916030534 END
START 7.31428607178 -10.4985742798 9.33738647461 250.129770992 -77.1145038168 5.8320610687 END
START 4.90093079834 -9.95269630127 8.30309135742 250.129770992 -61.0381679389 -0.75572519084 END
START 2.45645090332 -8.62152017822 7.17063397217 250.129770992 -62.0687022901 11.4885496183 END
START 11.3604868774 -8.16422766113 5.73650717773 250.129770992 -68.1832061069 -0.603053435115 END
START -1.01035310059 -13.4075292969 9.43794294434 250.129770992 -51.8702290076 13.6488549618 END
START 0.505176550293 -14.4011229858 9.17697496338 250.129770992 -63.6870229008 11.4427480916 END
START 3.7134067749 -8.43716665039 7.04374128418 250.129770992 -51.1526717557 11.8015267176 END
START 5.10204373779 -10.9103769653 10.3692873901 250.129770992 -57.0763358779 13.7328244275 END
START -0.45489831543 -8.75559547119 6.42603725586 250.129770992 -53.7557251908 -1.0534351145 END
START 0.440533105469 -3.91451971436 7.06289489746 250.129770992 -60.427480916 3.86259541985 END
START -3.19865341797 -6.54095893555 13.4506249268 250.129770992 -56.8396946565 7.03053435115 END
START -2.53785375977 -11.039663855 6.97191523437 250.129770992 -49.7480916031 3.31297709924 END
START -3.27287366943 -8.63109698486 6.95276162109 250.129770992 -64.9236641221 9.29770992366 END
START 8.32942757568 -7.80509741211 8.32942757568 250.129770992 -72.1755725191 0.221374045802 END
START 1.07260234375 -10.8385509155 3.26808526611 250.129770992 -79.5801526718 4.11450381679 END
START -3.7373487915 -1.23540805664 5.24330163574 250.129770992 -66.3053435115 9.03816793893 END
START -3.12922156982 -13.7594769409 9.55525882568 250.129770992 -71.572519084 -0.572519083969 END
START -4.86022937012 -11.4921679687 10.4099888184 250.129770992 -69.0992366412 10.0 END
START 4.5729251709 -10.3932294067 9.27513723145 250.129770992 -106.435114504 16.4503816794 END
START 0.272938989258 -9.13866773682 9.11472572021 250.129770992 -93.213740458 -0.213740458015 END
START 5.36061751709 -7.85058724365 9.90002386475 250.129770992 -88.9847328244 4.72519083969 END
START -11.0971246948 -1.66397015381 15.3971108765 250.129770992 -91.1374045802 7.25954198473 END
START -2.33913502197 -7.02219346924 16.1369191895 250.129770992 -89.8396946565 7.20610687023 END
START -2.4995465332 -8.44674345703 10.9367131836 250.129770992 -83.5038167939 10.7480916031 END
START 6.8138979248 -8.52575211182 6.02859978027 250.129770992 -83.9389312977 10.0076335878 END
START 5.00627567139 -3.59369669189 10.905588562 250.129770992 -76.7633587786 -3.18320610687 END
START 2.68150585937 -3.94085593262 11.0540290649 250.129770992 -79.358778626 12.3435114504 END
START 7.2831614502 -7.92241329346 6.7181298584 250.129770992 -74.5801526718 6.09160305344 END
START 1.90339031982 -3.03105930176 11.2431709961 250.129770992 -73.9236641221 1.18320610687 END
START 6.46673868408 -3.6655227417 4.92247861328 250.129770992 -62.0534351145 10.0839694656 END
START -2.62404501953 -9.69412252197 9.65342109375 250.129770992 -68.1374045802 -3.84732824427 END
START -0.699106884766 -8.71249984131 11.4993505737 250.129770992 -57.2290076336 13.7633587786 END
START 4.13239206543 -2.89219560547 9.32541546631 250.129770992 -67.7251908397 2.26717557252 END
START 0.873883605957 -13.230358374 7.3669585083 250.129770992 -55.572519084 4.58015267176 END
START 2.44687409668 -9.11472572021 10.0580411743 250.129770992 -60.2519083969 7.80152671756 END
START -0.031124621582 -1.90339031982 9.67736311035 250.129770992 -61.1145038168 10.641221374 END
START -5.71017095947 -12.7347586304 11.7962315796 250.129770992 -64.1145038168 0.664122137405 END
START 4.04141240234 -5.40610734863 2.41096107178 250.129770992 -53.8244274809 6.46564885496 END
START 4.26886156006 -12.8401035034 6.39012423096 250.129770992 -43.213740458 -2.62595419847 END
START 9.11711992188 -7.38611212158 7.21851800537 250.129770992 -64.7709923664 16.0992366412 END
START 0.76853873291 -10.9917798218 5.19062919922 250.129770992 -55.5954198473 6.31297709924 END
START 6.07169541016 -8.6287027832 6.29435616455 250.129770992 -60.4198473282 6.06870229008 END
START 1.2378022583 -13.0555816528 0.837970581055 250.129770992 -66.320610687 13.4198473282 END
START 2.44447989502 -12.8065846802 4.62559760742 250.129770992 -55.427480916 2.07633587786 END
START -3.34469971924 -5.08767852783 6.4595560791 250.129770992 -62.9083969466 6.63358778626 END
START -7.89128867187 -6.44519086914 8.47786807861 250.129770992 -63.0076335878 -1.90076335878 END
START -2.14759888916 -8.91840118408 5.35343491211 250.129770992 -61.4503816794 5.46564885496 END
START 6.44040246582 -10.3764699951 4.14196887207 250.129770992 -71.1374045802 4.32824427481 END
START 5.00627567139 -10.307038147 3.32554610596 250.129770992 -76.0992366412 12.7938931298 END
START 0.076614453125 -10.038887561 6.47631549072 250.129770992 -84.5190839695 6.93893129771 END
START 5.05655390625 -10.0700121826 5.4563855835 250.129770992 -87.4427480916 10.2671755725 END
START -2.26970317383 -7.92959589844 2.7102362793 250.129770992 -74.5114503817 -0.625954198473 END
START -0.893037219238 -8.58560715332 7.03895288086 250.129770992 -100.580152672 9.28244274809 END
START -0.940921252441 -9.91917747803 7.13232674561 250.129770992 -94.5801526718 11.1450381679 END
START -4.07014282227 -6.66306322021 13.1728975342 250.129770992 -94.6717557252 2.82442748092 END
START -0.711077893066 -17.7410343018 4.95599743652 250.129770992 -105.061068702 6.29770992366 END
START 0.325611425781 -10.8792523438 7.10599052734 250.129770992 -102.27480916 2.09160305344 END
START -1.83395847168 -10.5656119263 6.60560238037 250.129770992 -97.2366412214 8.06106870229 END
START 2.20984813232 -13.8408797974 5.97113894043 250.129770992 -104.603053435 7.63358778626 END
START -2.62165081787 -5.85142885742 15.1289602905 250.129770992 -104.106870229 5.24427480916 END
START 3.32075770264 -7.41723674316 5.25527264404 250.129770992 -104.396946565 15.5114503817 END
START -9.33499227295 -9.42597193604 10.0700121826 250.129770992 -105.160305344 0.358778625954 END
START 13.251906189 -10.546458313 7.47469758301 250.129770992 -100.541984733 0.458015267176 END
START -0.105344873047 -10.5680061279 5.71495936279 250.129770992 -104.72519084 14.1984732824 END
START 1.31202250977 -5.91128389893 11.137826123 250.129770992 -101.801526718 8.50381679389 END
START -2.28646258545 -8.48026228027 8.93755479736 250.129770992 -104.389312977 -1.13740458015 END