START -2.1452046875 -4.81234533691 4.76924970703 250.129770992 -74.3435114504 7.30534351145 END
START 5.7867854126 -1.26413847656 3.68467635498 250.129770992 -68.5496183206 -0.641221374046 END
START 3.68228215332 -8.64546219482 1.06781394043 250.129770992 -65.9312977099 4.35877862595 END
START 8.43477244873 -5.44680877686 11.8728460327 250.129770992 -67.9923664122 11.0839694656 END
START 4.54419475098 -13.2902134155 10.7332060425 250.129770992 -71.7022900763 5.34351145038 END
START 2.54024796143 -13.5080857666 11.3102086426 250.129770992 -78.5496183206 5.11450381679 END
START 1.90817872314 -9.19612857666 4.15393988037 250.129770992 -79.0610687023 6.54961832061 END
START 2.09013804932 -12.490550061 8.98304462891 250.129770992 -76.4885496183 2.28244274809 END
START 3.96240374756 -2.00155258789 11.286266626 250.129770992 -82.786259542 3.32824427481 END
START -5.06373651123 -8.73404765625 9.33738647461 250.129770992 -85.3969465649 5.0 END
START -3.19147081299 -6.10282003174 8.38210001221 250.129770992 -78.679389313 19.3893129771 END
START -6.50025750732 -2.90416661377 10.7691190674 250.129770992 -80.1755725191 9.68702290076 END
START -2.25054956055 -11.4754085571 3.46919820557 250.129770992 -83.9236641221 -3.84732824427 END
START 0.825999572754 -8.33661018066 5.60961448975 250.129770992 -85.2366412214 20.1755725191 END
START -3.36145913086 -3.21301862793 8.28393774414 250.129770992 -84.2671755725 12.6183206107 END
START 2.85388837891 -3.03824190674 8.25999572754 250.129770992 -82.4198473282 5.40458015267 END
START -2.76769711914 -7.33583388672 6.86178195801 250.129770992 -76.9923664122 1.56488549618 END
START 4.90811340332 -6.85938775635 9.1219083252 250.129770992 -66.5648854962 4.85496183206 END
START 0.500388146973 -4.66151063232 8.59757816162 250.129770992 -69.3969465649 6.3358778626 END
START 2.43011468506 -1.68072956543 8.22887110596 250.129770992 -64.0839694656 12.5801526718 END
START 2.98078106689 -3.67031114502 8.96867941895 250.129770992 -56.1984732824 4.90839694656 END
START 6.78037910156 -6.36139381104 10.9534725952 250.129770992 -59.893129771 11.1145038168 END
START -6.94557901611 -10.8672813354 5.80593902588 250.129770992 -61.8167938931 3.29770992366 END
START 5.42047255859 -7.45314976807 12.1912748535 250.129770992 -49.9236641221 5.32824427481 END
START 5.26245524902 -7.24246002197 11.8536924194 250.129770992 -56.6030534351 3.58015267176 END
START 3.18189400635 -5.00866987305 13.1130424927 250.129770992 -66.4045801527 4.42748091603 END
START -2.68390006104 -7.77157858887 9.4882211792 250.129770992 -61.0152671756 -2.02290076336 END
START 2.66235224609 -3.94325013428 10.6829278076 250.129770992 -41.1603053435 -0.312977099237 END
START 4.48433970947 -10.5656119263 11.7531359497 250.129770992 -46.0610687023 -0.435114503817 END
START 1.08936175537 -5.49708701172 7.29034405518 250.129770992 -56.8702290076 7.25954198473 END
START 1.7908628418 -11.3389390625 7.38850632324 250.129770992 -46.6106870229 3.83969465649 END
START 5.87537087402 -10.4698438599 4.47476290283 250.129770992 -52.4427480916 5.70229007634 END
START 2.36786544189 -1.78607443848 5.55933625488 250.129770992 -47.3435114504 11.2213740458 END
START 2.31040460205 -11.3772462891 10.919953772 250.129770992 -54.5267175573 3.37404580153 END
START 2.38941325684 -4.82671054687 12.504915271 250.129770992 -52.8854961832 7.74809160305 END
START 0.775721337891 -11.4897737671 8.80826790771 250.129770992 -53.1450381679 5.3358778626 END
START -1.83395847168 -7.27597884521 6.84981094971 250.129770992 -47.1450381679 10.0839694656 END
START 1.13963999023 -8.99740983887 9.00459244385 250.129770992 -62.8854961832 5.22900763359 END
START 6.63912120361 -4.80037432861 1.38863696289 250.129770992 -65.0 10.3053435115 END
START -2.62404501953 -9.94551369629 1.2737152832 250.129770992 -67.0076335878 9.67175572519 END
START 5.00627567139 -8.20971749268 3.07894333496 250.129770992 -64.1908396947 8.20610687023 END
START -0.509964953613 -6.29914456787 7.31189187012 250.129770992 -76.427480916 9.19083969466 END
START 3.96958635254 -15.7107512939 10.1921164673 250.129770992 -75.5496183206 11.7633587786 END
START 0.988805285645 -8.73404765625 4.92487281494 250.129770992 -78.1679389313 1.21374045802 END
START 6.17225187988 -9.20809958496 7.42441934814 250.129770992 -70.4427480916 3.37404580153 END
START -0.842758984375 -5.76523759766 10.9965682251 250.129770992 -89.6717557252 8.77099236641 END
START 0.385466467285 -7.96311472168 7.3190744751 250.129770992 -81.9465648855 2.47328244275 END
START 1.70227738037 -10.6398321777 4.51307012939 250.129770992 -86.5496183206 0.358778625954 END
START -2.30082779541 -10.1490208374 13.4099234985 250.129770992 -84.4885496183 10.0458015267 END
START 0.586579406738 -9.27274302979 1.96324536133 250.129770992 -86.5038167939 7.09923664122 END
START 5.64313331299 -9.61271966553 8.36534060059 250.129770992 -85.1145038168 8.56488549618 END
START 3.83311685791 -11.7172229248 10.4866032715 250.129770992 -85.0305343511 18.9465648855 END
START 2.16435830078 -10.2423947021 7.108384729 250.129770992 -91.8396946565 11.5267175573 END
START -1.62326872559 -10.5488525146 10.1035310059 250.129770992 -92.7633587786 -2.71755725191 END
START -1.01514150391 -9.42597193604 5.33906970215 250.129770992 -100.244274809 5.08396946565 END
START 4.903325 -13.2495119873 6.11239683838 250.129770992 -100.091603053 5.32061068702 END
START 6.07408961182 -9.40681832275 4.9152960083 250.129770992 -85.2977099237 -0.648854961832 END
START 1.95127435303 -2.58573779297 6.92163699951 250.129770992 -107.0 15.0381679389 END
START 3.87381828613 -16.8432086792 5.49708701172 250.129770992 -103.954198473 7.9465648855 END
START -1.8746598999 -9.77552537842 5.93043751221 250.129770992 -105.099236641 -5.25190839695 END
START -1.85790048828 -9.62469067383 7.6494743042 250.129770992 -93.1145038168 5.75572519084 END
START 1.01753570557 -3.56496627197 11.166556543 250.129770992 -104.86259542 2.16030534351 END
START 4.43645567627 -9.93114848633 9.5480762207 250.129770992 -103.900763359 12.7328244275 END
START -1.97761057129 -13.6349784546 2.57616098633 250.129770992 -104.404580153 15.0076335878 END
START 1.02711251221 -10.9678378052 6.5074401123 250.129770992 -102.748091603 -0.63358778626 END
START 7.29752666016 -11.779472168 8.2025348877 250.129770992 -103.801526718 5.67938931298 END
START -4.0198645874 -9.04289967041 5.50187541504 250.129770992 -103.709923664 9.03816793893 END
START -0.713472094727 -5.86100566406 10.42674823 250.129770992 -104.061068702 8.34351145038 END
START 6.39491263428 -4.87698878174 8.04451757812 250.129770992 -102.618320611 5.48091603053 END
START -4.97036264648 -9.53371101074 11.3628810791 250.129770992 -104.435114504 6.83969465649 END
START -1.33596452637 -15.435418103 11.0755768799 250.129770992 -104.488549618 8.79389312977 END
START 0.375889660645 -7.44357296143 3.89776030273 250.129770992 -103.687022901 3.74809160305 END
START 2.75093770752 -1.77410343018 12.1721212402 250.129770992 -105.183206107 15.2213740458 END
START 8.28393774414 -7.83143363037 6.90008918457 250.129770992 -88.8396946565 7.70229007634 END
START 3.11964476318 -0.931344445801 11.4323129272 250.129770992 -100.992366412 5.70992366412 END
START 3.36864173584 -12.1026893921 9.08360109863 250.129770992 -102.458015267 13.4961832061 END
START 6.00944616699 -2.70544787598 14.709975 250.129770992 -88.6564885496 1.74045801527 END
START 5.87537087402 -8.77953748779 8.66940421143 250.129770992 -84.2977099237 -0.763358778626 END
START 7.98945093994 -9.8784760498 11.4873795654 250.129770992 -74.9236641221 10.9389312977 END
START -2.48278712158 -2.05422502441 13.5344219849 250.129770992 -84.1450381679 8.93129770992 END
START 4.14915147705 -8.38688841553 11.0229044434 250.129770992 -66.3511450382 1.53435114504 END
START -2.7700913208 -9.13627353516 3.23456644287 250.129770992 -65.4732824427 7.52671755725 END
START 3.93846173096 -11.3676694824 6.73488927002 250.129770992 -59.8015267176 11.0305343511 END
START 5.28639726562 -4.77882651367 9.93593688965 250.129770992 -56.786259542 9.3893129771 END
START -2.90656081543 -5.96395633545 11.279084021 250.129770992 -56.9236641221 5.36641221374 END
START 3.22498963623 -12.1864864502 8.66701000977 250.129770992 -68.0534351145 10.6641221374 END