START 1.36708914795 -9.13866773682 -1.30005150146 250.129770992 -87.8167938931 -3.09160305344 END
START -3.88100089111 -16.0363627197 9.71327613525 250.129770992 -70.427480916 10.893129771 END
START 6.52659372559 -7.50103380127 3.35667072754 250.129770992 -67.9770992366 13.6183206107 END
START 7.63032069092 -10.4937858765 7.26640203857 250.129770992 -72.7938931298 -0.480916030534 END
START 0.239420166016 -9.56722983398 4.98233365479 250.129770992 -72.8473282443 10.7938931298 END
START 7.86495245361 -11.9518546875 9.48103857422 250.129770992 -72.5190839695 12.2900763359 END
START -4.07493122559 -10.285490332 12.4211182129 250.129770992 -75.7099236641 8.35877862595 END
START 8.85375773926 -10.2878845337 6.53377633057 250.129770992 -63.6030534351 12.2748091603 END
START 4.14196887207 -1.42694418945 9.03571706543 250.129770992 -60.358778626 14.6259541985 END
START 6.15070406494 -7.94874951172 1.09654436035 250.129770992 -51.2900763359 7.37404580153 END
START -1.42454998779 -9.23922420654 6.74446607666 250.129770992 -62.2366412214 11.8549618321 END
START 4.07732542725 -18.2270572388 5.04697709961 250.129770992 -43.5038167939 2.00763358779 END
START -0.730231506348 -5.92325490723 9.18415756836 250.129770992 -60.534351145 5.35877862595 END
START 7.18978758545 -13.3883756836 2.33195241699 250.129770992 -55.6564885496 5.40458015267 END
START -5.65989272461 -11.0612116699 4.99191046143 250.129770992 -55.7175572519 4.89312977099 END
START -0.538695373535 -10.8744639404 8.8633345459 250.129770992 -49.5572519084 7.20610687023 END
START -0.122104284668 -9.4283661377 7.3789295166 250.129770992 -53.6183206107 6.67175572519 END
START -4.14675727539 -15.3971108765 5.10683214111 250.129770992 -57.5877862595 -1.51145038168 END
START -1.31920511475 -12.6868745972 11.5544172119 250.129770992 -46.7022900763 12.7938931298 END
START -6.24886633301 -9.09557210693 5.09486113281 250.129770992 -62.6564885496 8.19083969466 END
START 0.426167895508 -12.2750719116 7.29992086182 250.129770992 -60.9541984733 6.3893129771 END
START -1.27850368652 -9.60553706055 5.22654222412 250.129770992 -61.9770992366 13.6946564885 END
START -1.62566292725 -9.33499227295 2.66714064941 250.129770992 -67.0305343511 6.48091603053 END
START -2.7700913208 -4.14675727539 6.22971271973 250.129770992 -74.641221374 5.93129770992 END
START -1.42933839111 -8.6167317749 8.15943925781 250.129770992 -81.5190839695 6.21374045802 END
START -0.598550415039 -10.9223479736 4.290409375 250.129770992 -74.5190839695 13.8167938931 END
START -7.36456430664 -8.39646522217 7.61595548096 250.129770992 -91.9770992366 -0.106870229008 END
START 7.26161363525 -7.09162531738 12.9023527466 250.129770992 -84.6335877863 15.9007633588 END
START -2.94247384033 -3.33991131592 6.71573565674 250.129770992 -83.1297709924 -2.04580152672 END
START 2.59531459961 -9.44751975098 9.8186210083 250.129770992 -102.236641221 5.6641221374 END
START -3.18907661133 -13.0483990479 12.124237207 250.129770992 -106.038167939 0.763358778626 END
START -0.00239420166016 -7.29752666016 11.3221796509 250.129770992 -105.381679389 0.748091603053 END
START -2.26012636719 -9.90002386475 8.66701000977 250.129770992 -101.488549618 -4.4427480916 END
START -0.809240161133 -11.137826123 15.7562411255 250.129770992 -100.832061069 5.49618320611 END
START 1.12288057861 -10.9582609985 12.5551935059 250.129770992 -86.4427480916 7.71755725191 END
START 4.61123239746 -12.0643821655 10.8122146973 250.129770992 -76.4809160305 1.06106870229 END
START 7.30470926514 -12.0284691406 9.65581529541 250.129770992 -78.2748091603 -3.95419847328 END
START -1.97042796631 -7.18260498047 9.99818613281 250.129770992 -76.8854961832 5.89312977099 END
START 0.284909997559 -11.0061450317 7.721300354 250.129770992 -73.9312977099 4.07633587786 END
START -3.07415493164 -6.57687196045 12.9167179565 250.129770992 -53.5190839695 3.52671755725 END
START -0.225054956055 0.229843359375 9.37090529785 250.129770992 -61.3053435115 5.40458015267 END
START 2.75093770752 -0.488417138672 7.61595548096 250.129770992 -72.8549618321 2.09160305344 END
START 5.46596239014 -8.30787976074 10.4387192383 250.129770992 -64.5648854962 10.6717557252 END
START 4.68545264893 -16.4936552368 13.0555816528 250.129770992 -58.2824427481 11.7404580153 END
START -1.96563956299 -10.6972930176 6.7061588501 250.129770992 -64.0152671756 9.58015267176 END
START 11.166556543 -4.70460626221 9.7348239502 250.129770992 -55.1755725191 11.7099236641 END
START 3.98155736084 -9.08360109863 13.0962830811 250.129770992 -55.2977099237 3.03053435115 END
START -0.823605371094 -9.10275471191 11.413159314 250.129770992 -52.9770992366 12.1526717557 END
START 8.69334622803 -7.49863959961 10.9031943604 250.129770992 -59.4045801527 7.28244274809 END
START -1.13724578857 -6.19379969482 3.19147081299 250.129770992 -58.3969465649 2.63358778626 END
START 5.81551583252 -12.9334773682 10.3692873901 250.129770992 -51.6335877863 -1.41221374046 END
START -0.375889660645 -11.9159416626 8.65503900146 250.129770992 -56.427480916 5.90076335878 END
START -1.22343704834 -14.8632039062 3.87381828613 250.129770992 -58.6259541985 7.35114503817 END
START -3.98634576416 -8.07085379639 6.8138979248 250.129770992 -61.2519083969 7.01526717557 END
START 3.0526071167 -5.47793339844 10.3573163818 250.129770992 -58.4732824427 -0.595419847328 END
START -5.09486113281 -14.9470009644 4.96078583984 250.129770992 -61.8778625954 17.0687022901 END
START 1.94169754639 -3.27766207275 3.7014357666 250.129770992 -63.679389313 15.7480916031 END
START -0.126892687988 -10.3046439453 5.44920297852 250.129770992 -56.2977099237 4.93129770992 END
START 0.107739074707 -8.38928261719 6.38294162598 250.129770992 -60.893129771 8.39694656489 END
START 2.20027132568 -7.76200178223 4.62320340576 250.129770992 -60.9312977099 6.10687022901 END
START 5.52342322998 -6.98149204102 4.97754525146 250.129770992 -70.5801526718 9.76335877863 END
START 4.69502945557 -15.9166526367 7.0245876709 250.129770992 -65.7633587786 0.030534351145 END
START 1.8267758667 -7.01979926758 11.0588174683 250.129770992 -81.7099236641 8.15267175573 END
START 1.29047469482 -14.2191636597 3.51229383545 250.129770992 -74.7404580153 22.7099236641 END
START -6.89530078125 -9.40681832275 10.1466266357 250.129770992 -89.1221374046 14.786259542 END
START -0.229843359375 -5.16908138428 5.31273348389 250.129770992 -80.9389312977 10.6564885496 END
START 4.48433970947 -11.4706201538 9.03571706543 250.129770992 -92.2977099237 11.0 END
START -1.70945998535 -10.2567599121 11.1186725098 250.129770992 -102.145038168 3.25954198473 END
START 0.596156213379 -11.9255184692 9.74918916016 250.129770992 -99.6335877863 -0.740458015267 END
START 1.39821376953 -5.73890137939 7.65426270752 250.129770992 -104.671755725 9.12977099237 END
START -6.92163699951 -10.5823713379 2.27209737549 250.129770992 -104.770992366 10.0534351145 END
START 2.12605107422 -6.44997927246 4.09647904053 250.129770992 -104.549618321 7.16030534351 END
START -2.0733786377 -9.17458076172 9.03332286377 250.129770992 -104.305343511 13.3435114504 END
START -0.342370837402 -5.37737692871 17.9349646362 250.129770992 -104.458015267 -5.71755725191 END
START 9.47864437256 -9.10275471191 8.75559547119 250.129770992 -104.603053435 2.67175572519 END
START -2.99993468018 -8.37252320557 8.20732329102 250.129770992 -102.633587786 1.03816793893 END
START -0.483628735352 -8.03015236816 15.9956612915 250.129770992 -104.022900763 3.7786259542 END
START 4.18506450195 -9.8784760498 10.8217915039 250.129770992 -105.099236641 -2.80916030534 END
START 5.26245524902 -10.6996872192 5.98550415039 250.129770992 -104.916030534 -3.77099236641 END
START 6.25604893799 -4.76446130371 12.6940572021 250.129770992 -104.450381679 8.1679389313 END
START 2.1691467041 -8.02296976318 11.0085392334 250.129770992 -104.480916031 14.8625954198 END
START 7.36935270996 -9.62229647217 9.24640681152 250.129770992 -105.053435115 5.43511450382 END
START 5.73650717773 -13.1130424927 7.69975253906 250.129770992 -97.320610687 -2.3358778626 END
START 6.35421120605 -10.1059252075 6.12676204834 250.129770992 -95.8473282443 9.58778625954 END
START 1.78607443848 -7.47230338135 13.1561381226 250.129770992 -76.9465648855 3.43511450382 END
START 0.62009822998 -11.1114899048 11.8872112427 250.129770992 -87.8473282443 3.54961832061 END
START -0.890643017578 -3.16274039307 5.64552751465 250.129770992 -66.5190839695 0.809160305344 END
START -1.11569797363 -8.07085379639 7.08204851074 250.129770992 -66.4198473282 20.5801526718 END
START 1.12527478027 -10.8888291504 5.89213028564 250.129770992 -74.8167938931 -0.206106870229 END