START -2.78685073242 -5.28639726562 9.19134017334 250.129770992 -66.8244274809 -3.87022900763 END
START 4.77643231201 -0.0215478149414 4.55855996094 250.129770992 -65.893129771 10.6946564885 END
START 5.35104071045 -10.8816465454 8.5449057251 250.129770992 -62.6564885496 0.954198473282 END
START 4.57771357422 -8.97586202393 7.00303985596 250.129770992 -65.1221374046 5.25954198473 END
START 1.7908628418 -10.8720697388 11.0803652832 250.129770992 -61.679389313 8.51145038168 END
START 0.91219083252 -5.48990440674 6.9767036377 250.129770992 -63.0229007634 10.9618320611 END
START -8.3222449707 -11.0923362915 6.53617053223 250.129770992 -62.3129770992 -0.251908396947 END
START 8.73165345459 -11.3772462891 4.73812508545 250.129770992 -63.8091603053 4.19847328244 END
START 3.74453139648 -7.72848295898 5.41568415527 250.129770992 -58.2442748092 17.4580152672 END
START 8.39885942383 -8.76756647949 5.64313331299 250.129770992 -64.5648854962 5.11450381679 END
START 2.49475812988 -1.42694418945 8.60715496826 250.129770992 -78.3435114504 -0.770992366412 END
START -1.79565124512 -7.70214674072 12.2343704834 250.129770992 -87.5496183206 1.71755725191 END
START -3.96958635254 -9.28231983643 12.0524111572 250.129770992 -73.4809160305 0.977099236641 END
START -5.73171877441 -4.68545264893 6.3877300293 250.129770992 -89.8854961832 2.58778625954 END
START -1.59693250732 -4.40533105469 8.42280144043 250.129770992 -85.9160305344 10.3969465649 END
START -1.94409174805 -6.44519086914 6.05014759521 250.129770992 -84.1679389313 10.4503816794 END
START 5.38216533203 -3.33272871094 6.18422288818 250.129770992 -87.2061068702 3.77099236641 END
START 2.59770880127 -8.80347950439 6.73967767334 250.129770992 -87.9923664122 6.81679389313 END
START 1.31202250977 -11.3556984741 7.0724717041 250.129770992 -84.4503816794 4.86259541985 END
START 0.653617053223 -13.6206132446 6.05014759521 250.129770992 -73.8167938931 -3.19847328244 END
START -2.10689746094 -0.213083947754 7.64708010254 250.129770992 -74.427480916 10.1374045802 END
START 2.89698400879 -4.55137735596 10.1011368042 250.129770992 -53.2442748092 10.9007633588 END
START 1.32878192139 -8.59757816162 10.2950671387 250.129770992 -57.2824427481 6.80916030534 END
START 2.05901342773 -3.60327349854 8.3461869873 250.129770992 -57.9236641221 14.572519084 END
START 4.6208092041 -11.4035825073 10.4722380615 250.129770992 -51.1221374046 8.2213740458 END
START 4.44363828125 -9.64863269043 13.6254016479 250.129770992 -47.6946564885 1.48091603053 END
START 5.29118566895 -1.28808049316 12.0619879639 250.129770992 -36.3740458015 9.74809160305 END
START 5.48751020508 -8.8992475708 9.76355437012 250.129770992 -42.8549618321 14.6488549618 END
START 4.06056601562 -0.684741674805 7.75721337891 250.129770992 -56.4503816794 8.35114503817 END
START -1.88902510986 -5.18823499756 10.5656119263 250.129770992 -41.4198473282 10.8015267176 END
START -7.82425102539 -10.3094323486 6.50265170898 250.129770992 -42.8778625954 2.89312977099 END
START 3.36385333252 -0.246602770996 4.48673391113 250.129770992 -33.4580152672 5.64122137405 END
START 6.47631549072 -6.59841977539 9.04768807373 250.129770992 -42.786259542 3.3893129771 END
START 5.12598575439 -5.73411297607 4.95599743652 250.129770992 -43.8244274809 11.465648855 END
START 1.5083470459 -6.96233842773 12.0380459473 250.129770992 -45.0458015267 2.62595419847 END
START 1.72621939697 -10.0005803345 7.09162531738 250.129770992 -33.4580152672 8.25190839695 END
START 5.5760956665 -7.15387456055 4.14196887207 250.129770992 -46.6946564885 11.9465648855 END
START -9.50498059082 -12.6701151855 6.29914456787 250.129770992 -61.8549618321 4.15267175573 END
START -1.01035310059 -4.2664673584 9.1219083252 250.129770992 -59.320610687 10.1679389313 END
START 6.77559069824 -10.9175595703 3.0406361084 250.129770992 -59.1679389313 2.88549618321 END
START 8.20971749268 -10.5775829346 5.15950457764 250.129770992 -57.3893129771 2.5572519084 END
START 2.51391174316 -8.48983908691 8.56645354004 250.129770992 -53.4732824427 2.80152671756 END
START -0.550666381836 -12.3133791382 6.42603725586 250.129770992 -50.4732824427 4.67938931298 END
START -0.699106884766 -15.9884786865 9.13627353516 250.129770992 -66.0 7.84732824427 END
START -4.92487281494 -11.5017447754 9.77313117676 250.129770992 -55.5572519084 12.0229007634 END
START 8.03254656982 -7.86734665527 5.5760956665 250.129770992 -60.9541984733 11.9923664122 END
START -2.03746561279 -8.16422766113 7.17542237549 250.129770992 -70.4809160305 11.8854961832 END
START 1.5203180542 -13.5942770264 7.61834968262 250.129770992 -73.7175572519 15.7938931298 END
START 4.03901820068 -14.6908213867 2.53306535645 250.129770992 -80.9236641221 19.4961832061 END
START -0.718260498047 -14.9230589478 8.19056387939 250.129770992 -78.6946564885 8.79389312977 END
START -3.45243879395 -2.05901342773 4.96796844482 250.129770992 -84.3664122137 5.93893129771 END
START -3.66312854004 -7.92720169678 3.04781871338 250.129770992 -82.2442748092 9.1679389313 END
START -3.53863005371 -9.02135185547 8.30787976074 250.129770992 -90.3969465649 8.78625954198 END
START -5.97592734375 -13.0005150146 3.16513459473 250.129770992 -80.6488549618 -3.35114503817 END
START 0.14844050293 -8.03733497314 8.15704505615 250.129770992 -90.9923664122 6.48091603053 END
START 0.375889660645 -6.51701691895 6.52659372559 250.129770992 -100.58778626 3.93893129771 END
START 4.91290180664 -5.56173045654 5.85382305908 250.129770992 -104.93129771 23.1832061069 END
START 9.01895765381 -16.7330754028 3.79720383301 250.129770992 -105.20610687 9.09160305344 END
START 2.05661922607 -10.1250788208 4.33589920654 250.129770992 -104.809160305 13.9923664122 END
START 3.47638081055 -13.46977854 5.91367810059 250.129770992 -104.290076336 12.3511450382 END
START 8.55448253174 -8.58560715332 5.94240852051 250.129770992 -104.664122137 4.71755725191 END
START 3.36864173584 -8.14746824951 8.59997236328 250.129770992 -105.20610687 6.60305343511 END
START 1.80522805176 -4.74291348877 9.43315454102 250.129770992 -104.251908397 2.48854961832 END
START -4.17309349365 -6.92163699951 7.62313808594 250.129770992 -104.160305344 8.85496183206 END
START -2.31758720703 -10.9151653687 3.35427652588 250.129770992 -104.770992366 5.52671755725 END
START 4.50588752441 -10.3333743652 4.08211383057 250.129770992 -104.13740458 8.17557251908 END
START 2.67671745605 -9.02853446045 5.59285507812 250.129770992 -111.755725191 8.03053435115 END
START 5.79636221924 -11.3963999023 13.9510130737 250.129770992 -102.076335878 10.0992366412 END
START 4.92966121826 -3.88339509277 12.7802484619 250.129770992 -104.374045802 8.6641221374 END
START 3.35188232422 -6.66306322021 10.4650554565 250.129770992 -104.732824427 11.0610687023 END
START 9.28231983643 -10.2519715088 8.02296976318 250.129770992 -98.8549618321 19.4198473282 END
START 2.62883342285 0.713472094727 4.90811340332 250.129770992 -104.465648855 10.7786259542 END
START 3.31596929932 -9.20809958496 7.61834968262 250.129770992 -103.954198473 13.1450381679 END
START 3.42610257568 -4.29998618164 9.31105025635 250.129770992 -99.3282442748 0.916030534351 END
START 7.89128867187 -1.23540805664 6.4236430542 250.129770992 -86.3435114504 4.58778625954 END
START 6.85220515137 -6.19858809814 4.02944139404 250.129770992 -82.0916030534 13.9236641221 END
START 1.90817872314 -6.67264002686 12.983755603 250.129770992 -80.4122137405 16.358778626 END