START -1.49877023926 -4.95360323486 4.66390483398 250.129770992 -82.8702290076 14.8091603053 END
START -0.105344873047 -8.53532891846 6.7540428833 250.129770992 -75.7633587786 14.6488549618 END
START 1.49877023926 -3.72058937988 7.24724842529 250.129770992 -76.8396946565 11.3053435115 END
START 8.70771143799 -5.2337248291 5.8346694458 250.129770992 -70.9618320611 13.0839694656 END
START 9.50976899414 -11.4011883057 6.81868632812 250.129770992 -57.1145038168 8.67175572519 END
START 6.30632717285 -2.00634099121 6.87375296631 250.129770992 -57.8244274809 7.69465648855 END
START 6.00705196533 -13.103465686 12.86404552 250.129770992 -60.1450381679 9.76335877863 END
START 10.053252771 -10.7523596558 8.71010563965 250.129770992 -58.2671755725 7.48091603053 END
START -1.42694418945 -8.76756647949 3.94325013428 250.129770992 -60.786259542 10.7251908397 END
START 7.1203557373 -8.73883605957 11.997344519 250.129770992 -56.4732824427 4.90839694656 END
START 5.41328995361 -5.35822331543 10.3357685669 250.129770992 -57.8854961832 -3.36641221374 END
START 4.62320340576 -10.4818148682 10.6901104126 250.129770992 -73.0458015267 9.74045801527 END
START 1.44609780273 -9.45709655762 7.17063397217 250.129770992 -64.106870229 2.40458015267 END
START 4.62559760742 -10.0101571411 6.86417615967 250.129770992 -48.2213740458 10.3435114504 END
START -2.39420166016 -8.70771143799 7.92720169678 250.129770992 -44.0381679389 10.2213740458 END
START 1.8866309082 -11.7435591431 4.79558592529 250.129770992 -47.0534351145 15.5877862595 END
START -2.57616098633 -11.2383825928 5.96874473877 250.129770992 -49.4732824427 0.580152671756 END
START -0.268150585937 -9.55047042236 9.53131680908 250.129770992 -49.0152671756 17.2213740458 END
START -1.68791217041 -10.7882726807 5.93043751221 250.129770992 -50.7022900763 2.29007633588 END
START -0.282515795898 -5.73650717773 8.53772312012 250.129770992 -71.4122137405 17.8473282443 END
START 1.62805712891 -7.57764825439 6.27041414795 250.129770992 -62.2290076336 7.03053435115 END
START -1.96085115967 -6.04057078857 2.70305367432 250.129770992 -60.0610687023 2.10687022901 END
START 2.59531459961 -8.70052883301 5.84185205078 250.129770992 -75.9236641221 15.4045801527 END
START 5.93283171387 -5.47075079346 13.3548568604 250.129770992 -77.3969465649 10.4427480916 END
START -4.28562097168 -5.15471617432 6.82347473145 250.129770992 -78.7709923664 18.2442748092 END
START 1.66397015381 -10.9582609985 11.9470662842 250.129770992 -68.5419847328 11.6870229008 END
START -0.998382092285 2.10450325928 7.17781657715 250.129770992 -80.1755725191 -1.30534351145 END
START 2.29603939209 -9.79228479004 7.85058724365 250.129770992 -91.7404580153 3.48091603053 END
START -1.64481654053 -7.78833800049 5.97832154541 250.129770992 -85.6641221374 10.8778625954 END
START 0.124498486328 -11.4873795654 4.5609541626 250.129770992 -88.8167938931 7.32824427481 END
START 4.39575424805 -4.70939466553 6.51222851562 250.129770992 -67.6106870229 5.31297709924 END
START 0.469263525391 -15.7706063354 13.4434423218 250.129770992 -79.0839694656 4.45038167939 END
START 3.09809694824 -11.03248125 6.78037910156 250.129770992 -77.9618320611 11.8549618321 END
START 3.41413156738 -2.8299463623 5.03021768799 250.129770992 -66.9923664122 12.2442748092 END
START 0.0957680664062 -5.51384642334 9.69891092529 250.129770992 -60.572519084 12.7786259542 END
START 4.13957467041 -2.95444484863 3.58651408691 250.129770992 -62.9847328244 -3.52671755725 END
START 6.10282003174 -4.87698878174 11.8896054443 250.129770992 -64.5190839695 5.31297709924 END
START 1.98958157959 -8.15943925781 10.7978494873 250.129770992 -59.7251908397 7.78625954198 END
START 0.177170922852 -7.82903942871 8.06367119141 250.129770992 -52.8167938931 4.16030534351 END
START 2.4636335083 3.21062442627 11.8417214111 250.129770992 -57.6717557252 1.13740458015 END
START 4.92966121826 -12.8137672852 9.98621512451 250.129770992 -55.1526717557 9.50381679389 END
START 3.95043273926 -14.7434938232 6.17225187988 250.129770992 -61.7557251908 10.6641221374 END
START 0.241814367676 -9.24880101318 6.12676204834 250.129770992 -65.8320610687 4.40458015267 END
START 1.22583125 -8.33900438232 7.07726010742 250.129770992 -78.1145038168 8.83969465649 END
START 3.25372005615 -5.05415970459 8.84418093262 250.129770992 -63.1755725191 21.0763358779 END
START 1.92254393311 -6.3997010376 9.04529387207 250.129770992 -60.0381679389 15.0076335878 END
START 2.3918074585 -9.33978067627 8.29112034912 250.129770992 -70.4961832061 -1.42748091603 END
START -0.658405456543 -13.4123177002 6.86417615967 250.129770992 -61.8244274809 9.69465648855 END
START 2.15478149414 -12.7970078735 3.88339509277 250.129770992 -70.9694656489 12.8320610687 END
START -3.24174904785 -10.4842090698 7.54652363281 250.129770992 -66.1526717557 5.95419847328 END
START 5.07570751953 -8.54011732178 7.43160195312 250.129770992 -65.7480916031 3.59541984733 END
START -0.541089575195 -5.98550415039 6.62475599365 250.129770992 -65.0687022901 12.6870229008 END
START -1.79565124512 -8.24802471924 6.65109221191 250.129770992 -73.8625954198 8.9465648855 END
START -3.40216055908 -10.299855542 6.77080229492 250.129770992 -86.1908396947 -0.946564885496 END
START 1.44370360107 -2.65277543945 4.97754525146 250.129770992 -83.4809160305 1.32824427481 END
START 7.79312640381 -9.61032546387 5.50905802002 250.129770992 -86.9541984733 13.534351145 END
START 1.08696755371 -6.66545742187 7.4148425415 250.129770992 -89.641221374 9.1679389313 END
START -3.89536610107 -12.2343704834 12.751518042 250.129770992 -94.3664122137 13.6564885496 END
START -5.32949289551 -12.3061965332 7.75242497559 250.129770992 -102.610687023 4.96946564885 END
START -2.57137258301 -12.4666080444 3.87142408447 250.129770992 -103.893129771 3.12213740458 END