START 1.29047469482 -4.66151063232 5.00388146973 250.129770992 -67.5877862595 -0.572519083969 END
START 1.06302553711 -9.06923588867 6.65109221191 250.129770992 -71.8778625954 -1.06870229008 END
START -2.83952316895 -12.5025210693 5.53060583496 250.129770992 -66.8854961832 11.5419847328 END
START -0.031124621582 -11.1569797363 7.52737001953 250.129770992 -60.641221374 8.32824427481 END
START -1.64481654053 -9.65581529541 8.75320126953 250.129770992 -65.5572519084 6.81679389313 END
START -3.90733710937 -10.0245223511 7.98705673828 250.129770992 -67.534351145 3.19083969466 END
START 1.1779472168 -11.8943938477 10.5273046997 250.129770992 -66.7633587786 5.02290076336 END
START 2.78685073242 -8.62391437988 12.1002951904 250.129770992 -57.7175572519 0.984732824427 END
START -0.474051928711 -9.63666168213 4.33589920654 250.129770992 -64.572519084 2.59541984733 END
START -0.287304199219 -8.72686505127 8.76277807617 250.129770992 -59.8167938931 3.32061068702 END
START -2.74375510254 -4.02465299072 4.79079752197 250.129770992 -65.4045801527 4.3893129771 END
START 0.031124621582 -9.11951412354 3.05978972168 250.129770992 -55.4045801527 -1.12977099237 END
START 0.782903942871 -16.0962177612 9.56722983398 250.129770992 -67.1832061069 -1.47328244275 END
START 3.97437475586 -6.65588061523 8.77235488281 250.129770992 -59.106870229 9.79389312977 END
START 2.65995804443 -11.1833159546 1.29047469482 250.129770992 -66.7633587786 7.92366412214 END
START -2.41096107178 -12.2583125 8.10197841797 250.129770992 -62.5877862595 2.81679389313 END
START -5.8945244873 -11.3796404907 -0.258573779297 250.129770992 -71.5267175573 18.3129770992 END
START 7.04134708252 -11.0971246948 5.60722028809 250.129770992 -71.3969465649 -1.06106870229 END
START -4.40293685303 -9.05726488037 13.5009031616 250.129770992 -85.8396946565 2.80152671756 END
START -0.754173522949 -8.49941589355 7.42441934814 250.129770992 -74.8244274809 8.48854961832 END
START -2.01591779785 -9.86171663818 6.96952103271 250.129770992 -82.0 17.5496183206 END
START -1.11809217529 -4.39814844971 7.87692346191 250.129770992 -77.6106870229 14.0763358779 END
START 5.73411297607 -8.04691177979 8.73404765625 250.129770992 -83.9541984733 8.96946564885 END
START -3.45722719727 -5.49469281006 5.15711037598 250.129770992 -90.8320610687 4.19083969466 END
START -4.46758029785 -1.77410343018 6.68700523682 250.129770992 -79.679389313 5.26717557252 END
START 4.36941802979 -5.68862314453 9.87368764648 250.129770992 -78.572519084 12.9160305344 END
START 3.67988795166 -8.78193168945 11.2671130127 250.129770992 -78.2671755725 -0.458015267176 END
START 4.6327802124 -6.52180532227 8.32463917236 250.129770992 -80.5954198473 8.14503816794 END
START 4.67587584229 1.22104284668 12.2487356934 250.129770992 -78.3129770992 15.6641221374 END
START 4.18027609863 -7.967903125 8.95192000732 250.129770992 -77.8167938931 15.0229007634 END
START 3.74692559814 -14.1162129883 9.88565865479 250.129770992 -74.7633587786 11.0687022901 END
START 3.9121255127 -12.6222311523 9.57920084229 250.129770992 -68.1679389313 14.5267175573 END
START 7.8960770752 0.395043273926 10.4626612549 250.129770992 -70.2671755725 2.41984732824 END
START 3.23935484619 -1.60650931396 8.81066210937 250.129770992 -53.6259541985 3.46564885496 END
START -1.93690914307 -0.60812722168 5.37019432373 250.129770992 -62.2595419847 -0.664122137405 END
START 7.46751497803 -13.6349784546 5.83227524414 250.129770992 -55.6641221374 10.0534351145 END
START -3.21062442627 -10.9510783936 8.20732329102 250.129770992 -58.4732824427 6.82442748092 END
START 5.78917961426 -6.5074401123 9.68215151367 250.129770992 -45.1603053435 4.49618320611 END
START 2.32716401367 -11.4945621704 10.2639425171 250.129770992 -45.1984732824 13.1832061069 END
START 4.27604416504 -5.67425793457 11.4658317505 250.129770992 -45.7328244275 6.30534351145 END
START 7.29273825684 -6.67264002686 10.6326495728 250.129770992 -40.1755725191 -0.984732824427 END
START 10.0197339478 -7.38611212158 6.4715270874 250.129770992 -44.320610687 10.1145038168 END
START -2.90656081543 -9.2535894165 11.5041389771 250.129770992 -46.2061068702 -3.90076335878 END
START 11.9398836792 -6.54814154053 12.7227876221 250.129770992 -47.7557251908 6.04580152672 END
START 5.09246693115 -11.0492406616 8.46829127197 250.129770992 -54.1526717557 -1.61832061069 END
START -2.32716401367 -10.4866032715 7.74284816895 250.129770992 -53.4351145038 -3.86259541985 END
START 3.9121255127 -9.01177504883 6.22013591309 250.129770992 -54.7786259542 6.25954198473 END
START 0.0718260498047 -10.9031943604 7.0126166626 250.129770992 -52.6183206107 0.358778625954 END
START 2.11408006592 -10.9558667969 6.00705196533 250.129770992 -56.358778626 4.09923664122 END
START 3.83311685791 -3.03824190674 7.01740506592 250.129770992 -55.0381679389 1.70992366412 END
START -4.24970794678 -4.04141240234 8.2025348877 250.129770992 -49.5190839695 12.8549618321 END
START -8.42519564209 -7.50342800293 7.50582220459 250.129770992 -61.5419847328 8.35877862595 END
START 2.15478149414 -10.6470147827 6.36139381104 250.129770992 -62.9694656489 0.984732824427 END
START 0.785298144531 -5.31752188721 4.44363828125 250.129770992 -62.0763358779 5.41221374046 END
START -0.316034619141 -11.631031665 9.33499227295 250.129770992 -61.6183206107 8.96183206107 END
START 3.44525618896 -11.1043072998 3.39258375244 250.129770992 -70.1374045802 10.8854961832 END
START 3.0885201416 -10.5895539429 8.27914934082 250.129770992 -73.8091603053 2.96946564885 END
START -6.8138979248 -7.20175859375 10.9343189819 250.129770992 -86.6030534351 8.29770992366 END
START -2.09253225098 -6.82108052979 7.24246002197 250.129770992 -83.7404580153 2.62595419847 END
START -1.29526309814 -5.38216533203 9.5001921875 250.129770992 -93.9389312977 -1.60305343511 END
START -0.234631762695 -11.025298645 9.83298621826 250.129770992 -104.282442748 0.534351145038 END
START -1.01514150391 -12.265495105 10.8577045288 250.129770992 -101.72519084 7.13740458015 END
START -2.52109434814 -9.41400092773 2.42293208008 250.129770992 -96.1374045802 7.08396946565 END
START 6.22013591309 -10.2902787354 2.7940333374 250.129770992 -104.312977099 -1.36641221374 END
START 1.53947166748 -7.20175859375 3.51229383545 250.129770992 -103.923664122 5.48091603053 END
START 1.2737152832 -9.90241806641 7.44357296143 250.129770992 -102.099236641 5.32061068702 END
START 4.49870491943 -9.62708487549 5.45159718018 250.129770992 -109.541984733 2.72519083969 END
START 10.6829278076 -9.12909093018 11.391611499 250.129770992 -104.27480916 11.6870229008 END
START -0.76375032959 -8.20492908936 3.41413156738 250.129770992 -108.816793893 7.76335877863 END
START -1.472434021 -11.0276928467 6.31350977783 250.129770992 -102.473282443 9.24427480916 END
START 7.55849464111 -4.80276853027 5.11401474609 250.129770992 -117.290076336 7.09160305344 END
START -3.28723887939 -9.90960067139 1.99436998291 250.129770992 -114.282442748 -6.62595419847 END
START -4.49631071777 -2.12605107422 7.27837304687 250.129770992 -105.465648855 6.24427480916 END
START -0.92176763916 -7.55610043945 11.4610433472 250.129770992 -110.534351145 -2.54198473282 END
START 4.67827004395 -10.1298672241 7.53455262451 250.129770992 -105.129770992 5.15267175573 END
START 2.76290871582 -4.64953962402 6.01662877197 250.129770992 -105.122137405 5.74045801527 END
START -5.59285507812 -4.42209046631 9.1697923584 250.129770992 -102.977099237 10.3893129771 END
START 5.05415970459 -10.5344873047 10.8768581421 250.129770992 -104.290076336 3.24427480916 END
START 6.90248338623 -10.3333743652 8.59039555664 250.129770992 -100.557251908 -0.557251908397 END
START 9.60553706055 -11.6813098999 6.45476767578 250.129770992 -97.0305343511 -0.404580152672 END
START 4.58729038086 -8.88967076416 7.6973583374 250.129770992 -81.1832061069 -4.64885496183 END
START 2.77248552246 -9.81143840332 12.5671645142 250.129770992 -76.9770992366 11.5572519084 END
START 8.13789144287 -7.62313808594 5.28639726562 250.129770992 -75.7328244275 3.04580152672 END
START -1.65199914551 -8.75320126953 10.8481277222 250.129770992 -68.3893129771 4.00763358779 END
START -6.57208355713 -5.04458289795 6.78037910156 250.129770992 -72.4427480916 2.40458015267 END