START 3.08373173828 -9.68933411865 8.65025059814 250.129770992 -57.7938931298 5.3358778626 END
START -2.56418997803 -13.4506249268 8.14507404785 250.129770992 -64.3969465649 0.358778625954 END
START -1.04387192383 -5.7867854126 5.81551583252 250.129770992 -93.5801526718 6.24427480916 END
START -8.26957253418 -11.9638256958 8.28872614746 250.129770992 -86.1145038168 11.2977099237 END
START -2.80361014404 -6.1411272583 1.1779472168 250.129770992 -80.2671755725 15.4427480916 END
START 4.2305543335 -7.16105716553 5.70777675781 250.129770992 -99.893129771 12.9465648855 END
START 2.54024796143 -10.7068698242 7.26161363525 250.129770992 -97.0305343511 14.0610687023 END
START 5.34625230713 -6.67264002686 12.4761848511 250.129770992 -88.427480916 17.0458015267 END
START 0.509964953613 -10.5416699097 11.1881043579 250.129770992 -89.3435114504 8.18320610687 END
START -5.08767852783 -7.86495245361 8.93755479736 250.129770992 -82.9236641221 4.68702290076 END
START 1.4604630127 -7.26879624023 3.29202728271 250.129770992 -91.4351145038 7.43511450382 END
START 4.9392380249 -7.0964137207 9.65102689209 250.129770992 -100.72519084 15.0381679389 END
START 2.49236392822 -15.4761195312 9.71327613525 250.129770992 -97.2977099237 6.29007633588 END
START 5.20499440918 -3.69185895996 8.91361278076 250.129770992 -97.3740458015 5.56488549618 END
START 2.90416661377 -9.4283661377 8.64546219482 250.129770992 -75.5954198473 3.29007633588 END
START 4.93205541992 -7.3071034668 12.0452285522 250.129770992 -71.8549618321 2.48854961832 END
START 1.24019645996 -9.68933411865 7.36935270996 250.129770992 -69.7480916031 1.63358778626 END
START 5.38455953369 -7.57764825439 4.60404979248 250.129770992 -79.7175572519 10.8778625954 END
START 1.74537301025 -12.504915271 11.9662198975 250.129770992 -85.2824427481 3.88549618321 END
START 6.85459935303 -5.06373651123 5.28639726562 250.129770992 -78.9923664122 5.48091603053 END
START -1.36230074463 -1.45328040771 7.36217010498 250.129770992 -62.7786259542 15.7938931298 END
START 5.01106407471 -18.1839616089 8.30069715576 250.129770992 -59.7557251908 12.8473282443 END
START 4.34787021484 -13.1369845093 5.25527264404 250.129770992 -62.5496183206 7.11450381679 END
START 9.09557210693 -1.88423670654 6.54574733887 250.129770992 -53.5496183206 3.91603053435 END
START 0.61770402832 -5.69819995117 1.91296712646 250.129770992 -46.427480916 10.2442748092 END
START 1.73819040527 -9.71806453857 5.95198532715 250.129770992 -49.2824427481 -0.961832061069 END
START 1.37666595459 -9.20331118164 7.95832631836 250.129770992 -45.2290076336 2.38167938931 END
START 3.23696064453 -13.5320277832 14.1736738281 250.129770992 -44.4809160305 1.42748091603 END
START 4.66390483398 -4.35265861816 5.09246693115 250.129770992 -52.9694656489 -4.13740458015 END
START 0.859518395996 -8.99022723389 7.13711514893 250.129770992 -39.1832061069 15.2900763359 END
START 2.10210905762 -4.38617744141 5.76044919434 250.129770992 -31.7175572519 3.83969465649 END
START 4.09647904053 -9.39484731445 9.28231983643 250.129770992 -32.5190839695 4.04580152672 END
START -1.12288057861 -12.758700647 7.26161363525 250.129770992 -31.5419847328 19.0687022901 END
START 2.7820623291 -4.74530769043 7.0485296875 250.129770992 -38.2442748092 6.29770992366 END
START 2.56897838135 -7.3071034668 8.10676682129 250.129770992 -36.3816793893 6.2213740458 END
START -1.82198746338 -13.2902134155 8.20971749268 250.129770992 -27.8244274809 3.30534351145 END
START 0.435744702148 -11.4035825073 -1.69748897705 250.129770992 -52.4885496183 10.8396946565 END
START 0.220266552734 -2.48996972656 11.4754085571 250.129770992 -52.3664122137 8.49618320611 END
START 1.6041151123 -9.98621512451 7.967903125 250.129770992 -51.0839694656 12.9541984733 END
START -0.337582434082 -9.65342109375 1.09415015869 250.129770992 -61.5648854962 8.7786259542 END
START 4.46758029785 -7.12274993896 9.43794294434 250.129770992 -62.0152671756 4.73282442748 END
START -0.816422766113 -4.91050760498 6.1411272583 250.129770992 -66.6946564885 11.427480916 END
START -11.659762085 -7.45314976807 5.85142885742 250.129770992 -78.1832061069 6.18320610687 END
START 3.15316358643 -9.71088193359 5.64313331299 250.129770992 -74.3664122137 2.9465648855 END
START -1.92493813477 -9.04768807373 9.59356605225 250.129770992 -88.8244274809 10.8167938931 END
START -0.471657727051 -7.14669195557 5.72214196777 250.129770992 -92.0763358779 2.41221374046 END
START -5.61200869141 -13.1657149292 9.21528218994 250.129770992 -107.13740458 -1.91603053435 END
START 0.727837304687 -4.64953962402 7.84819304199 250.129770992 -104.679389313 10.8702290076 END
START -11.4538607422 -5.93762011719 12.1050835937 250.129770992 -104.534351145 6.51908396947 END
START -5.40610734863 -9.11951412354 15.0954414673 250.129770992 -107.404580153 19.3893129771 END
START -4.43406147461 -5.63834490967 11.3030260376 250.129770992 -104.778625954 9.31297709924 END
START -1.98718737793 -8.14267984619 6.67264002686 250.129770992 -105.625954198 1.58778625954 END
START -1.74776721191 -5.64313331299 10.8217915039 250.129770992 -125.86259542 10.2442748092 END
START -0.988805285645 -3.53863005371 9.76116016846 250.129770992 -122.320610687 6.70992366412 END
START 2.69347686768 -6.01902297363 13.2782424072 250.129770992 -103.893129771 0.145038167939 END
START 0.0359130249023 -8.2863319458 11.1282493164 250.129770992 -105.389312977 0.526717557252 END
START -1.39103116455 -11.5304751953 9.52652840576 250.129770992 -104.732824427 10.7175572519 END
START -3.96240374756 -9.01416925049 5.10443793945 250.129770992 -104.038167939 10.7633587786 END
START 10.4291424316 2.66474644775 8.89445916748 250.129770992 -104.557251908 10.4732824427 END
START 0.45968671875 -4.86022937012 13.7187755127 250.129770992 -104.229007634 15.5954198473 END
START 1.10612116699 -14.8871459229 0.517147558594 250.129770992 -104.374045802 7.64885496183 END
START 7.9080480835 -8.16662186279 7.41244833984 250.129770992 -102.27480916 3.31297709924 END
START 9.43076033936 -1.27132108154 11.7315881348 250.129770992 -90.4503816794 -1.21374045802 END
START -3.22498963623 -12.3325327515 7.57046564941 250.129770992 -88.1603053435 0.297709923664 END
START 8.66940421143 -13.5009031616 9.64863269043 250.129770992 -75.4427480916 8.02290076336 END
START 11.0276928467 -6.88572397461 11.4490723389 250.129770992 -85.1755725191 0.0763358778626 END
START 4.42687886963 -14.8560213013 9.95509050293 250.129770992 -77.4198473282 -2.53435114504 END
START 5.54975944824 -8.33182177734 6.62236179199 250.129770992 -69.0152671756 3.49618320611 END
START 9.30865605469 -14.5016794556 6.02381137695 250.129770992 -64.0839694656 9.5572519084 END
START 0.622492431641 -5.99986936035 8.86812294922 250.129770992 -54.7099236641 12.3129770992 END
START 8.82023891602 -10.7403886475 8.99740983887 250.129770992 -55.5190839695 15.2519083969 END
START 6.88572397461 -3.00951148682 4.84107575684 250.129770992 -50.9083969466 -3.20610687023 END
START 4.290409375 -12.4283008179 6.85220515137 250.129770992 -54.893129771 7.68702290076 END
START 3.4069489624 -2.9927520752 6.4475850708 250.129770992 -60.7099236641 16.7175572519 END
START 5.72693037109 -15.8065193604 7.967903125 250.129770992 -64.5190839695 10.5648854962 END
START -8.07803640137 -13.0675526611 11.8465098145 250.129770992 -74.106870229 7.01526717557 END
START -2.45645090332 -9.1578213501 8.10437261963 250.129770992 -75.0229007634 5.70992366412 END
START 4.35984122314 -3.53384165039 8.0397291748 250.129770992 -76.7480916031 6.12977099237 END