START 0.165199914551 -10.7260234375 8.20971749268 250.129770992 -66.8167938931 10.4503816794 END
START -0.105344873047 -6.742071875 14.5950533203 250.129770992 -66.7938931298 11.6030534351 END
START 7.55849464111 -12.0763531738 8.36534060059 250.129770992 -70.4961832061 4.13740458015 END
START 4.68784685059 -8.60236656494 5.78439121094 250.129770992 -72.7938931298 9.78625954198 END
START -0.031124621582 -14.2885955078 13.0843120728 250.129770992 -81.5877862595 6.60305343511 END
START -0.356736047363 -13.6134306396 6.04296499023 250.129770992 -87.6030534351 0.648854961832 END
START -1.10851536865 -10.7164466309 9.77552537842 250.129770992 -79.9847328244 4.58015267176 END
START 14.3245085327 -11.5687824219 11.6980693115 250.129770992 -84.7480916031 5.95419847328 END
START -0.0957680664062 -6.95994422607 7.0485296875 250.129770992 -75.572519084 -1.50381679389 END
START -1.39581956787 -10.778695874 6.56250675049 250.129770992 -72.0839694656 6.35114503817 END
START -2.48996972656 -1.49158763428 5.26006104736 250.129770992 -86.4198473282 11.2290076336 END
START 6.52180532227 -18.6747729492 6.19858809814 250.129770992 -86.1450381679 3.71755725191 END
START -3.06936652832 -6.78516750488 7.77397279053 250.129770992 -101.511450382 9.99236641221 END
START 0.713472094727 -7.6734163208 7.72369455566 250.129770992 -103.27480916 4.74045801527 END
START 1.27610948486 -4.06774862061 2.88740720215 250.129770992 -103.625954198 7.29770992366 END
START -4.97993945312 -12.1218430054 3.29442148437 250.129770992 -105.648854962 -2.80916030534 END
START -4.74770189209 -8.02536396484 10.5440641113 250.129770992 -104.480916031 5.68702290076 END
START 0.493205541992 -4.49631071777 5.18823499756 250.129770992 -111.045801527 7.4427480916 END
START 3.04303031006 -8.54251152344 8.5209637085 250.129770992 -105.236641221 9.1679389313 END
START 9.7827079834 -1.07499654541 14.1138187866 250.129770992 -104.801526718 9.51908396947 END
START -6.33505759277 3.20823022461 6.95036741943 250.129770992 -95.0 6.93893129771 END
START 6.3877300293 -10.8337625122 13.0627642578 250.129770992 -94.0534351145 5.30534351145 END
START -4.03662399902 -8.48265648193 6.79474431152 250.129770992 -98.5190839695 2.57251908397 END
START 3.50511123047 -11.7459533447 -0.430956298828 250.129770992 -92.7938931298 0.69465648855 END
START -4.80995113525 -2.91134921875 -4.12760366211 250.129770992 -91.4122137405 5.7786259542 END
START -3.11485635986 -4.28801517334 8.81305631104 250.129770992 -83.6870229008 6.28244274809 END
START 2.61207401123 -4.80516273193 5.82030423584 250.129770992 -60.3664122137 4.59541984733 END
START 0.45489831543 -5.50666381836 11.6860983032 250.129770992 -60.4809160305 -0.648854961832 END
START 2.82276375732 -8.334215979 6.18661708984 250.129770992 -51.1755725191 15.3435114504 END
START 6.6702458252 -9.40681832275 12.0763531738 250.129770992 -40.9465648855 13.3053435115 END
START 2.93289703369 -15.3133138184 6.81150372314 250.129770992 -33.7557251908 3.50381679389 END
START 9.19612857666 -3.15795198975 3.90015450439 250.129770992 -31.5877862595 17.1221374046 END
START 15.1217776855 -19.6133 13.2926076172 250.129770992 -28.1221374046 0.24427480916 END
START -3.09091434326 -3.78283862305 6.99346304932 250.129770992 -33.7786259542 -0.229007633588 END
START -1.2976572998 -10.3836526001 16.048333728 250.129770992 -33.7709923664 5.48854961832 END
START -3.17231719971 -11.271901416 7.77636699219 250.129770992 -34.0152671756 6.32824427481 END
START 1.04387192383 -11.1809217529 9.5121631958 250.129770992 -34.6030534351 4.40458015267 END
START -0.220266552734 -9.31583865967 13.0436106445 250.129770992 -43.2213740458 18.8549618321 END
START 10.546458313 -0.205901342773 4.68545264893 250.129770992 -41.6946564885 6.18320610687 END
START -7.98705673828 -14.5950533203 3.80917484131 250.129770992 -40.1374045802 8.3893129771 END
START -1.472434021 -11.3269680542 3.9719805542 250.129770992 -43.5190839695 7.73282442748 END
START 1.70945998535 -9.18415756836 4.57531937256 250.129770992 -49.4122137405 -3.50381679389 END
START 2.39659586182 -0.775721337891 15.7897599487 250.129770992 -43.5267175573 5.31297709924 END
START -3.0885201416 -15.6030122192 9.03571706543 250.129770992 -46.7938931298 9.52671755725 END
START -1.23540805664 -8.41322463379 4.34308181152 250.129770992 -52.0687022901 -3.30534351145 END
START -4.10845004883 -4.81234533691 8.25999572754 250.129770992 -50.6030534351 -1.97709923664 END
START 1.64721074219 -8.57603034668 9.84495722656 250.129770992 -54.4885496183 7.1679389313 END
START 5.08049592285 -12.24394729 8.24802471924 250.129770992 -60.7557251908 -1.92366412214 END
START 8.02536396484 -5.762843396 8.03015236816 250.129770992 -44.106870229 6.77099236641 END
START -9.7467949585 -5.26484945068 2.72938989258 250.129770992 -47.4045801527 -0.412213740458 END
START 5.05894810791 -9.1817633667 6.90008918457 250.129770992 -51.2366412214 -1.11450381679 END
START -4.45082088623 -6.15070406494 3.27287366943 250.129770992 -59.9160305344 -0.847328244275 END
START -1.73100780029 -12.8999585449 5.01106407471 250.129770992 -59.0687022901 4.2213740458 END
START -1.55862528076 0.507570751953 5.01345827637 250.129770992 -63.213740458 5.80152671756 END
START -4.49391651611 -9.92157167969 10.1921164673 250.129770992 -56.3282442748 3.99236641221 END
START 0.500388146973 -9.92396588135 10.5967365479 250.129770992 -57.4809160305 9.47328244275 END
START 1.06302553711 -11.03248125 9.89762966309 250.129770992 -48.679389313 0.0 END
START -3.2992098877 8.82023891602 9.87608184814 250.129770992 -60.0763358779 5.5572519084 END
START -4.98951625977 -11.8441156128 7.74284816895 250.129770992 -59.1603053435 1.10687022901 END
START 1.20907183838 -6.17225187988 6.80671531982 250.129770992 -59.465648855 6.86259541985 END
START -11.6621562866 -9.54328781738 9.40442412109 250.129770992 -65.0229007634 5.74809160305 END
START -0.253785375977 -16.055516333 8.62152017822 250.129770992 -74.1603053435 11.465648855 END
START 0.122104284668 -8.93276639404 10.8888291504 250.129770992 -74.427480916 4.87786259542 END
START -1.51792385254 -13.4817495483 6.56729515381 250.129770992 -78.8244274809 3.99236641221 END
START 4.62559760742 -12.4043588013 15.5192151611 250.129770992 -67.5190839695 1.42748091603 END
START -4.71897147217 -2.93768543701 7.59201346436 250.129770992 -74.8702290076 16.1145038168 END
START -0.682347473145 -10.6709567993 5.5641246582 250.129770992 -80.534351145 3.12977099237 END
START 4.98951625977 -5.5282116333 3.0166940918 250.129770992 -78.4732824427 4.71755725191 END
START 4.93444962158 -1.97282216797 4.75009609375 250.129770992 -87.4809160305 13.5572519084 END
START 7.49863959961 -6.07887801514 5.24809003906 250.129770992 -95.4198473282 3.06106870229 END
START 2.04704241943 -3.32554610596 14.8201082764 250.129770992 -87.6717557252 14.0458015267 END
START -6.41646044922 -1.66157595215 6.93600220947 250.129770992 -78.320610687 4.51145038168 END
START -4.46279189453 -4.22576593018 15.2510645752 250.129770992 -68.106870229 7.64885496183 END
START -2.98078106689 -4.33350500488 6.91206019287 250.129770992 -61.8854961832 7.92366412214 END
START -0.885854614258 2.72460148926 7.90086547852 250.129770992 -61.1145038168 -0.748091603053 END
START 4.2544963501 -5.99508095703 6.35181700439 250.129770992 -74.3511450382 -5.36641221374 END
START -12.4187240112 -7.28076724854 9.98382092285 250.129770992 -87.786259542 4.10687022901 END
START -3.70382996826 -19.5702043701 9.1458503418 250.129770992 -107.129770992 14.4045801527 END
START -3.7253777832 -12.2750719116 9.32780966797 250.129770992 -102.351145038 18.4122137405 END
START -5.36301171875 -11.8417214111 4.18506450195 250.129770992 -93.0534351145 7.21374045802 END
START 6.30872137451 -3.50511123047 9.63426748047 250.129770992 -84.679389313 16.5572519084 END
START -5.14035096436 -12.2678893066 19.4672536987 250.129770992 -81.2442748092 10.427480916 END
START 1.44130939941 -1.15639940186 1.93690914307 250.129770992 -78.8854961832 9.6106870229 END
START -0.177170922852 -16.4912610352 4.19224710693 250.129770992 -90.3740458015 11.7709923664 END
START 3.75410820312 -11.3245738525 5.61679709473 250.129770992 -89.8091603053 5.19083969466 END
START 7.1203557373 -6.21055910645 6.61996759033 250.129770992 -92.4122137405 0.587786259542 END
START -1.72861359863 -9.25598361816 6.84741674805 250.129770992 -92.0152671756 7.45801526718 END
START -8.79150849609 0.507570751953 9.45709655762 250.129770992 -84.5190839695 2.3893129771 END
START -1.67833536377 -14.0276275269 16.3476089355 250.129770992 -87.1374045802 4.89312977099 END
START 5.55694205322 -6.80910952148 5.25048424072 250.129770992 -85.5267175573 -0.984732824427 END
START 6.61039078369 -4.69024105225 4.17069929199 250.129770992 -80.5648854962 4.11450381679 END
START -7.58243665771 -14.8584155029 -1.06541973877 250.129770992 -71.9541984733 12.5496183206 END
START -1.12048637695 -5.48990440674 11.5520230103 250.129770992 -66.8244274809 5.00763358779 END
START -1.43412679443 -12.0380459473 8.30309135742 250.129770992 -68.9465648855 3.98473282443 END
START 1.35272393799 -5.82748684082 2.50672913818 250.129770992 -77.1145038168 7.88549618321 END
START -5.22414802246 -11.0803652832 11.0492406616 250.129770992 -76.5954198473 14.0992366412 END
START -6.17225187988 -10.5919481445 8.67898101807 250.129770992 -73.7557251908 9.03816793893 END
START 5.94240852051 -4.18267030029 5.47075079346 250.129770992 -84.0534351145 6.14503816794 END
START -6.66785162354 -11.631031665 4.49152231445 250.129770992 -79.8244274809 1.41984732824 END
START 1.95845695801 -10.5105452881 17.8751095947 250.129770992 -66.6488549618 4.96183206107 END