START 2.54743056641 -13.5416045898 5.00866987305 250.129770992 -72.4045801527 9.08396946565 END
START -5.89213028564 -9.71088193359 8.85375773926 250.129770992 -54.6335877863 15.8473282443 END
START 3.01908829346 -4.10126744385 4.49391651611 250.129770992 -60.1526717557 7.77099236641 END
START -1.60890351563 -8.03733497314 3.44765039062 250.129770992 -64.1526717557 2.83969465649 END
START 0.76135612793 -11.6046954468 4.81473953857 250.129770992 -49.6183206107 -5.39694656489 END
START 2.57137258301 -8.20971749268 11.1330377197 250.129770992 -83.7786259542 3.60305343511 END
START 2.92810863037 -15.6461078491 9.11233151855 250.129770992 -85.4503816794 8.82442748092 END
START 2.34152922363 -11.9829793091 7.22330640869 250.129770992 -91.786259542 7.74809160305 END
START 0.46447512207 -8.86572874756 9.26077202148 250.129770992 -95.6183206107 10.4045801527 END
START 6.35181700439 -4.63756861572 8.82023891602 250.129770992 -89.8091603053 5.35877862595 END
START -2.1930887207 -7.38371791992 5.87776507568 250.129770992 -83.8473282443 7.96183206107 END
START 1.50595284424 -5.20738861084 7.91523068848 250.129770992 -86.1984732824 1.16030534351 END
START 0.928950244141 -11.518504187 5.23611903076 250.129770992 -86.1679389313 15.5419847328 END
START 4.10126744385 -12.4330892212 4.64714542236 250.129770992 -98.4198473282 4.02290076336 END
START -1.45088620605 -10.6613799927 6.7061588501 250.129770992 -103.358778626 4.59541984733 END
START 2.47081611328 -5.60243188477 7.75242497559 250.129770992 -104.595419847 9.10687022901 END
START -4.903325 -8.79869110107 11.2695072144 250.129770992 -104.145038168 7.7786259542 END
START -2.43490308838 -4.3502644165 5.48272180176 250.129770992 -104.610687023 1.76335877863 END
START 6.3637880127 -7.57285985107 8.04451757812 250.129770992 -104.519083969 -0.740458015267 END
START -3.6415807251 -4.49152231445 7.68299312744 250.129770992 -104.083969466 0.564885496183 END
START 0.660799658203 -10.3046439453 7.88889447021 250.129770992 -103.671755725 5.34351145038 END
START 1.8148048584 -5.06373651123 8.55448253174 250.129770992 -104.335877863 1.87022900763 END
START -1.8866309082 -4.44603248291 8.03015236816 250.129770992 -104.083969466 6.99236641221 END
START 1.78607443848 -3.07176072998 13.9174942505 250.129770992 -104.122137405 2.6641221374 END
START 1.37666595459 -3.94085593262 12.4354834229 250.129770992 -104.664122137 7.95419847328 END
START 3.04542451172 -4.94163222656 11.0540290649 250.129770992 -104.748091603 6.11450381679 END
START 8.39885942383 -9.10514891357 11.8058083862 250.129770992 -104.480916031 5.85496183206 END
START 5.86339986572 -9.69172832031 5.09725533447 250.129770992 -94.5496183206 -1.08396946565 END
START 8.8633345459 -7.19218178711 7.49145699463 250.129770992 -98.6335877863 2.15267175573 END
START 3.10527955322 -7.49624539795 12.737152832 250.129770992 -97.8549618321 0.374045801527 END
START -2.05183082275 -8.31506236572 7.05571229248 250.129770992 -86.2061068702 7.11450381679 END
START 4.38857164307 -6.88332977295 10.7284176392 250.129770992 -84.4045801527 6.35877862595 END
START 7.78833800049 -0.263362182617 4.95839163818 250.129770992 -83.4809160305 -0.0992366412214 END
START 2.67432325439 -6.21295330811 8.14028564453 250.129770992 -83.1908396947 13.4427480916 END
START 4.72854827881 -9.98860932617 3.79720383301 250.129770992 -73.2442748092 10.0 END
START 12.8975643433 -5.77002600098 3.33272871094 250.129770992 -75.2213740458 26.5419847328 END
START 6.30153876953 -5.86818826904 5.4444145752 250.129770992 -57.3053435115 13.1374045802 END
START 3.03824190674 -4.9751510498 7.78354959717 250.129770992 -37.6641221374 3.52671755725 END
START -0.45489831543 -1.4963760376 6.63912120361 250.129770992 -54.0305343511 12.4961832061 END
START 11.2910550293 -12.6940572021 6.22253011475 250.129770992 -31.5038167939 10.7328244275 END
START 1.81719906006 -8.99501563721 2.12365687256 250.129770992 -27.641221374 8.92366412214 END
START 10.1849338623 -5.56651885986 2.17632930908 250.129770992 -33.9618320611 9.35114503817 END
START 2.13083947754 -13.3596452637 6.24168372803 250.129770992 -31.9389312977 3.45038167939 END
START 3.72298358154 -8.97107362061 0.0885854614258 250.129770992 -34.2290076336 4.60305343511 END
START 2.56179577637 -12.6413847656 7.50342800293 250.129770992 -26.2519083969 8.62595419847 END
START 7.6973583374 -1.06781394043 4.28083256836 250.129770992 -31.0992366412 12.7938931298 END
START 6.54574733887 -8.827421521 9.76594857178 250.129770992 -26.4045801527 8.81679389313 END
START -11.5496288086 -4.43884987793 8.61194337158 250.129770992 -24.8549618321 4.58015267176 END
START 4.68784685059 0.399831677246 7.53694682617 250.129770992 -26.6106870229 14.7251908397 END
START 0.533906970215 -11.5304751953 10.658985791 250.129770992 -35.4045801527 2.18320610687 END
START 5.5042696167 -7.16584556885 7.19457598877 250.129770992 -33.3435114504 18.8549618321 END
START 4.94402642822 -9.78989058838 6.1052142334 250.129770992 -31.4045801527 2.54198473282 END
START 1.45088620605 -10.785878479 5.50187541504 250.129770992 -42.0534351145 -3.76335877863 END
START -2.05183082275 -11.0564232666 10.6565915894 250.129770992 -46.358778626 8.0 END
START 2.50672913818 -7.71411774902 4.37660063477 250.129770992 -47.7175572519 14.2595419847 END
START -5.60243188477 -12.9669961914 12.8329208984 250.129770992 -39.4885496183 8.09160305344 END
START -5.16668718262 -9.56962403564 4.043806604 250.129770992 -50.9312977099 16.572519084 END
START -1.7669208252 -10.3429511719 4.11802685547 250.129770992 -53.8320610687 11.9694656489 END
START -0.823605371094 -12.4737906494 8.36534060059 250.129770992 -66.7175572519 7.07633587786 END
START 3.26808526611 -10.6996872192 9.45470235596 250.129770992 -73.9618320611 2.5572519084 END
START -2.04943662109 -8.40364782715 10.3573163818 250.129770992 -73.9312977099 5.16030534351 END
START -1.22822545166 -8.2504189209 9.96227310791 250.129770992 -85.9007633588 11.3511450382 END
START -7.67820472412 -6.19140549316 11.2335941895 250.129770992 -83.6335877863 4.12213740458 END
START 0.256179577637 -4.39336004639 11.7531359497 250.129770992 -104.984732824 3.77099236641 END
START -4.3382934082 -11.2120463745 9.95269630127 250.129770992 -104.625954198 2.26717557252 END
START 1.06063133545 -4.52982954102 5.1618987793 250.129770992 -103.977099237 12.9770992366 END
START -3.45483299561 -3.65834013672 10.4650554565 250.129770992 -104.641221374 11.0076335878 END
START -0.713472094727 -4.25210214844 12.512097876 250.129770992 -105.015267176 2.49618320611 END
START -1.39103116455 -1.75016141357 17.17600271 250.129770992 -103.786259542 5.20610687023 END
START 3.88100089111 -6.60320817871 7.3549875 250.129770992 -104.160305344 -3.41984732824 END
START 2.88501300049 -1.69509477539 10.8361567139 250.129770992 -104.610687023 8.15267175573 END
START 3.66312854004 -6.77559069824 14.4849200439 250.129770992 -104.221374046 8.3358778626 END
START -5.60482608643 -2.60249720459 14.3412679443 250.129770992 -103.954198473 6.12213740458 END
START 2.34392342529 -9.50498059082 10.0364933594 250.129770992 -105.358778626 6.14503816794 END
START 3.16752879639 -7.76679018555 12.0069213257 250.129770992 -104.160305344 14.5267175573 END
START 9.27034882812 -10.8050320923 10.7020814209 250.129770992 -103.854961832 3.88549618321 END
START -2.20745393066 -9.35654008789 10.5344873047 250.129770992 -104.290076336 19.4045801527 END
START -1.57299049072 -8.58800135498 5.15950457764 250.129770992 -104.290076336 8.03816793893 END
START 1.93212073975 -8.48505068359 1.76213242187 250.129770992 -109.473282443 15.6106870229 END
START 6.96473262939 -3.28484467773 9.15063874512 250.129770992 -116.419847328 17.8854961832 END
START 3.74453139648 -11.5592056152 13.2327525757 250.129770992 -102.129770992 5.08396946565 END
START 2.95923325195 -8.22408270264 10.2639425171 250.129770992 -110.526717557 7.34351145038 END
START 0.246602770996 -4.46518609619 9.21288798828 250.129770992 -108.091603053 16.786259542 END
START 0.045489831543 -5.5042696167 8.94234320068 250.129770992 -104.465648855 6.70229007634 END
START 0.603338818359 -4.49391651611 3.75171400146 250.129770992 -105.992366412 5.51145038168 END
START 8.17141026611 -6.53856473389 0.665588061523 250.129770992 -102.65648855 7.06870229008 END
START 0.270544787598 -4.55616575928 9.78510218506 250.129770992 -104.27480916 5.16030534351 END
START 6.25844313965 -3.01429989014 7.77636699219 250.129770992 -100.503816794 1.74809160305 END
START 10.8217915039 -3.23217224121 8.73883605957 250.129770992 -103.954198473 4.87022900763 END
START 9.02614025879 -11.2910550293 10.9031943604 250.129770992 -105.977099237 5.41984732824 END
START 0.181959326172 -9.23443580322 6.88093557129 250.129770992 -100.297709924 0.587786259542 END
START 8.44674345703 -7.88410606689 8.61912597656 250.129770992 -96.2213740458 4.68702290076 END
START 5.23851323242 4.75009609375 3.21780703125 250.129770992 -89.5572519084 13.5190839695 END
START 4.22337172852 -8.15943925781 8.57603034668 250.129770992 -81.9770992366 0.175572519084 END
START -0.328005627441 -12.6461731689 6.66066901855 250.129770992 -86.6870229008 4.29770992366 END
START 1.94888015137 -7.65665690918 10.3644989868 250.129770992 -68.427480916 13.3664122137 END
START -0.818816967773 -7.87692346191 8.6526447998 250.129770992 -69.2442748092 -1.27480916031 END
START 6.0932432251 -4.97993945312 6.00226356201 250.129770992 -70.9618320611 11.8091603053 END
START -1.37187755127 -7.89368287354 9.86411083984 250.129770992 -52.4503816794 4.36641221374 END
START 4.77643231201 -5.35104071045 10.2639425171 250.129770992 -59.2671755725 4.17557251908 END
START 8.37970581055 -6.03338818359 7.82185682373 250.129770992 -70.6641221374 4.88549618321 END
START 8.86812294922 -8.33182177734 10.5871597412 250.129770992 -64.4122137405 6.68702290076 END
START 7.05331809082 -12.8185556885 11.03248125 250.129770992 -78.5801526718 4.11450381679 END
START -0.45968671875 -6.02859978027 10.0340991577 250.129770992 -72.1221374046 13.4732824427 END
START 3.27287366943 -10.4219598267 8.84657513428 250.129770992 -63.8396946565 5.88549618321 END
START 5.7748144043 -9.90002386475 8.36294639893 250.129770992 -73.0381679389 8.70229007634 END
START 3.81396324463 -10.1538092407 8.99740983887 250.129770992 -76.320610687 -1.97709923664 END
START 1.08936175537 -1.87944830322 11.0803652832 250.129770992 -63.8091603053 8.70992366412 END