START -1.67115275879 -11.1210667114 12.6437789673 250.129770992 -70.3893129771 7.48091603053 END
START 3.12203896484 -9.48582697754 4.47955130615 250.129770992 -78.1297709924 3.30534351145 END
START 6.76840809326 -13.6852566895 5.73171877441 250.129770992 -81.7557251908 4.09923664122 END
START 6.69658204346 -3.82114584961 9.45949075928 250.129770992 -85.3816793893 5.57251908397 END
START -4.28801517334 -9.73242974854 6.15788666992 250.129770992 -86.4198473282 2.58015267176 END
START 2.02549460449 -6.82347473145 8.80826790771 250.129770992 -97.6259541985 9.54961832061 END
START 3.44046778564 -9.32062706299 5.59764348145 250.129770992 -84.0381679389 8.07633587786 END
START 7.32625708008 -2.46602770996 6.85699355469 250.129770992 -84.2671755725 0.0687022900763 END
START 3.11725056152 -11.293449231 10.5273046997 250.129770992 -80.6488549618 9.64885496183 END
START -4.19464130859 -0.502782348633 7.0006456543 250.129770992 -87.3816793893 11.2061068702 END
START 6.39491263428 -16.9102463257 7.16823977051 250.129770992 -93.7404580153 4.21374045802 END
START 0.969651672363 -1.54186586914 11.2599304077 250.129770992 -91.2900763359 -0.526717557252 END
START -2.55221896973 -10.0125513428 4.37660063477 250.129770992 -87.8778625954 4.36641221374 END
START -0.46686932373 -8.67658681641 5.62637390137 250.129770992 -105.473282443 13.6641221374 END
START -1.69030637207 -2.55940157471 6.21295330811 250.129770992 -86.8015267176 11.7633587786 END
START 1.93690914307 -5.40131894531 4.290409375 250.129770992 -83.534351145 9.97709923664 END
START 5.13316835937 -8.8393925293 7.39329472656 250.129770992 -88.0763358779 10.1145038168 END
START 0.873883605957 -8.75080706787 11.4945621704 250.129770992 -93.6259541985 0.717557251908 END
START -0.967257470703 -6.44519086914 9.94551369629 250.129770992 -86.7709923664 4.07633587786 END
START -0.9193734375 -7.71651195068 9.52652840576 250.129770992 -82.9160305344 13.3664122137 END
START 5.41328995361 -4.80037432861 7.00303985596 250.129770992 -79.4503816794 12.2442748092 END
START 6.41646044922 -7.77157858887 14.7003981934 250.129770992 -81.1984732824 3.09923664122 END
START 5.43962617188 -6.16985767822 5.83706364746 250.129770992 -79.786259542 4.85496183206 END
START -1.04387192383 -9.2535894165 8.02057556152 250.129770992 -72.9465648855 12.8702290076 END
START 3.69425316162 -1.35751234131 12.2223994751 250.129770992 -73.7709923664 7.43511450382 END
START 3.26569106445 -8.06606539307 10.3381627686 250.129770992 -72.4351145038 10.0534351145 END
START 7.97508572998 -11.166556543 12.1649386353 250.129770992 -79.9236641221 13.0076335878 END
START 1.96085115967 -7.74763657227 11.0229044434 250.129770992 -68.7938931298 9.02290076336 END
START 8.24563051758 -6.11239683838 8.47547387695 250.129770992 -67.0458015267 1.37404580153 END
START -0.641646044922 -9.04768807373 7.9439611084 250.129770992 -66.2061068702 9.81679389313 END
START 5.05894810791 -7.30231506348 11.5735708252 250.129770992 -56.9923664122 6.64122137405 END
START 3.90494290771 -13.1537439209 10.2447889038 250.129770992 -62.0687022901 8.20610687023 END
START 3.32794030762 -11.6860983032 5.14035096436 250.129770992 -51.7328244275 -0.839694656489 END
START 3.32554610596 -9.48343277588 6.68461103516 250.129770992 -44.8244274809 0.748091603053 END
START -0.864306799316 -12.3732341797 12.1625444336 250.129770992 -49.9541984733 6.90076335878 END
START 2.88740720215 -8.33182177734 10.6853220093 250.129770992 -48.4580152672 11.3893129771 END
START -4.6088381958 -8.76038387451 11.4993505737 250.129770992 -56.0839694656 9.77099236641 END
START 6.86417615967 -10.4291424316 11.9590372925 250.129770992 -42.3129770992 14.786259542 END
START -2.2170307373 -13.4649901367 10.3357685669 250.129770992 -41.2519083969 8.27480916031 END
START 5.36780012207 -9.8425630249 6.50504591064 250.129770992 -43.106870229 8.51908396947 END
START -3.43328518066 -7.80988581543 9.18655177002 250.129770992 -53.7328244275 4.82442748092 END
START 0.0407014282227 -10.5033626831 9.60553706055 250.129770992 -55.5267175573 10.6259541985 END
START 0.497993945312 -3.9719805542 7.08204851074 250.129770992 -54.5267175573 5.23664122137 END
START 0.390254870605 -3.06218392334 4.656722229 250.129770992 -63.6641221374 7.56488549618 END
START 4.03901820068 -14.0348101318 6.70855305176 250.129770992 -67.0381679389 8.32061068702 END
START -4.07493122559 -7.80749161377 9.31823286133 250.129770992 -67.534351145 4.96946564885 END
START 9.33738647461 -13.7977841675 9.55765302734 250.129770992 -72.3740458015 9.27480916031 END
START 2.74854350586 -6.3637880127 3.94564433594 250.129770992 -80.6946564885 9.74809160305 END
START -3.26569106445 -8.75320126953 11.3126028442 250.129770992 -90.8473282443 22.7175572519 END
START -6.17225187988 -5.95677373047 11.9398836792 250.129770992 -87.893129771 7.38167938931 END
START 2.91853182373 0.495599743652 4.47476290283 250.129770992 -99.8244274809 8.64885496183 END
START -2.4516625 -6.05493599854 7.17302817383 250.129770992 -95.2213740458 0.618320610687 END
START -1.11090957031 -14.3891519775 3.96479794922 250.129770992 -101.633587786 7.96946564885 END
START -2.69347686768 -4.37899483643 10.6781394043 250.129770992 -107.358778626 10.4351145038 END
START 7.94874951172 -4.54180054932 8.8393925293 250.129770992 -104.526717557 3.58778625954 END
START -1.88902510986 -2.44447989502 10.8433393188 250.129770992 -105.290076336 13.1145038168 END
START -2.06380183105 -5.16668718262 8.69334622803 250.129770992 -104.305343511 17.9847328244 END
START -6.16985767822 -13.005303418 6.46434448242 250.129770992 -104.511450382 15.0229007634 END
START -4.0198645874 -9.38287630615 9.96227310791 250.129770992 -103.86259542 13.4122137405 END
START -2.22421334229 -10.6015249512 6.58166036377 250.129770992 -110.213740458 7.31297709924 END
START 0.227449157715 -0.426167895508 6.46195028076 250.129770992 -105.366412214 9.98473282443 END
START 1.66157595215 -7.60877287598 5.76763179932 250.129770992 -103.664122137 10.1374045802 END
START 4.81473953857 -14.3388737427 8.98065042725 250.129770992 -104.328244275 7.0 END
START -0.287304199219 -12.6078659424 4.97754525146 250.129770992 -103.748091603 0.236641221374 END
START 7.49145699463 -10.3740757935 8.47307967529 250.129770992 -105.083969466 5.64885496183 END
START 3.79241542969 -10.8936175537 8.39167681885 250.129770992 -101.755725191 7.2213740458 END
START -3.45722719727 -10.651803186 1.2976572998 250.129770992 -96.6564885496 4.09160305344 END
START 5.34146390381 -13.364433667 12.9598135864 250.129770992 -91.1984732824 4.67938931298 END
START 5.68383474121 -11.6166664551 7.06528909912 250.129770992 -97.1145038168 4.81679389313 END
START 9.98142672119 -8.947131604 8.68855782471 250.129770992 -88.9770992366 11.9160305344 END
START 8.2384479126 -10.3261917603 14.1210013916 250.129770992 -97.2290076336 8.00763358779 END
START 0.493205541992 -2.97599266357 7.37653531494 250.129770992 -76.0381679389 13.6183206107 END
START 0.76375032959 -6.06451280518 3.18189400635 250.129770992 -87.5496183206 3.80916030534 END
START 1.56341368408 -8.57124194336 8.03254656982 250.129770992 -84.9694656489 -1.67938931298 END
START 6.11479104004 -0.198718737793 13.237540979 250.129770992 -75.9083969466 5.58015267176 END
START 4.71418306885 -1.76931502686 5.16908138428 250.129770992 -73.0458015267 7.62595419847 END
START 1.79804544678 -9.39724151611 2.30082779541 250.129770992 -70.0229007634 10.9312977099 END
START 2.79642753906 -8.8513635376 13.9581956787 250.129770992 -82.9618320611 7.61832061069 END
START -6.92403120117 -6.08845482178 10.9941740234 250.129770992 -66.3740458015 10.6106870229 END
START 2.70305367432 -0.857124194336 4.51546433105 250.129770992 -75.2290076336 0.0839694656489 END
START 8.28154354248 -8.37970581055 10.2040874756 250.129770992 -69.9083969466 6.96946564885 END
START 3.90973131104 -12.9957266113 13.0914946777 250.129770992 -63.7251908397 12.5877862595 END
START 6.96712683105 -10.2495773071 11.2623246094 250.129770992 -61.1297709924 7.4427480916 END
START -4.37660063477 0.16041151123 10.673351001 250.129770992 -74.9236641221 4.20610687023 END
START -0.823605371094 -8.30787976074 12.0141039307 250.129770992 -61.358778626 16.5648854962 END