START 4.87459458008 -4.44363828125 3.52187064209 250.129770992 -93.8702290076 9.67938931298 END
START 5.72453616943 -11.1928927612 6.16267507324 250.129770992 -84.4580152672 16.7022900763 END
START -3.35188232422 -5.04218869629 6.37097061768 250.129770992 -73.6717557252 3.9465648855 END
START 1.36948334961 -11.152191333 6.99106884766 250.129770992 -97.5801526718 12.9847328244 END
START 1.94169754639 -9.76594857178 6.30393297119 250.129770992 -97.7480916031 11.8396946565 END
START 3.25372005615 -13.7714479492 5.29357987061 250.129770992 -104.335877863 5.20610687023 END
START -2.91853182373 -8.28393774414 10.4961800781 250.129770992 -102.801526718 3.74045801527 END
START 1.02471831055 -6.78277330322 10.6565915894 250.129770992 -91.1755725191 0.297709923664 END
START 0.122104284668 1.27850368652 13.251906189 250.129770992 -88.641221374 5.27480916031 END
START 0.735019909668 -6.48589229736 6.57926616211 250.129770992 -94.4503816794 10.8549618321 END
START 4.28083256836 -10.4099888184 3.96479794922 250.129770992 -97.2290076336 10.7328244275 END
START 6.17943448486 -4.45560928955 9.27513723145 250.129770992 -104.282442748 0.549618320611 END
START 6.1411272583 -9.86889924316 15.2702181885 250.129770992 -104.358778626 11.4885496183 END
START 11.5879360352 -11.6621562866 12.7323644287 250.129770992 -82.9389312977 -3.45801526718 END
START 0.995987890625 -7.63032069092 3.91930811768 250.129770992 -88.8167938931 10.320610687 END
START 2.60967980957 -7.59440766602 8.62630858154 250.129770992 -90.8091603053 10.2213740458 END
START 2.51630594482 -9.59596025391 12.3349269531 250.129770992 -104.832061069 8.18320610687 END
START -4.5489831543 -11.5639940186 2.67671745605 250.129770992 -104.885496183 -2.51145038168 END
START 3.03824190674 -10.2400005005 9.05726488037 250.129770992 -79.9160305344 13.9465648855 END
START 3.4428619873 -8.5089927002 7.75721337891 250.129770992 -79.5038167939 2.70992366412 END
START 5.54975944824 -9.78989058838 7.33343968506 250.129770992 -60.0916030534 9.43511450382 END
START 2.06619603271 -7.34541069336 6.60320817871 250.129770992 -61.8473282443 3.64122137405 END
START 3.27047946777 -6.40209523926 8.54011732178 250.129770992 -55.1832061069 2.76335877863 END
START 0.478840332031 -8.49462749023 6.74686027832 250.129770992 -68.8167938931 6.13740458015 END
START 1.52271225586 -5.83227524414 3.90494290771 250.129770992 -56.0076335878 1.70992366412 END
START 7.77876119385 -3.9480385376 5.02542928467 250.129770992 -57.2366412214 4.07633587786 END
START 7.48427438965 -11.9805851074 11.1067015015 250.129770992 -48.5877862595 3.32061068702 END
START 7.33583388672 -7.20415279541 6.74925447998 250.129770992 -52.534351145 14.2442748092 END
START 3.22977803955 -10.6637741943 9.50498059082 250.129770992 -40.1221374046 0.618320610687 END
START 9.96227310791 -11.7435591431 3.90494290771 250.129770992 -34.2748091603 8.6106870229 END
START 6.33984599609 -4.95839163818 11.0875478882 250.129770992 -38.3511450382 9.70229007634 END
START 5.74608398437 -12.5432224976 7.24964262695 250.129770992 -34.1526717557 -0.519083969466 END
START 4.19224710693 -13.0771294678 4.45560928955 250.129770992 -37.2061068702 15.3511450382 END
START 4.56813676758 -9.05487067871 6.63193859863 250.129770992 -37.893129771 7.48091603053 END
START 13.2159931641 -4.60165559082 6.53856473389 250.129770992 -35.8396946565 2.92366412214 END
START 0.368707055664 -8.13310303955 7.82185682373 250.129770992 -41.641221374 4.98473282443 END
START -6.08606062012 -2.23618435059 7.22330640869 250.129770992 -50.1755725191 4.04580152672 END
START 0.505176550293 -7.20654699707 6.7660138916 250.129770992 -54.6335877863 13.4885496183 END
START 0.672770666504 -10.6422263794 0.806845959473 250.129770992 -72.2061068702 9.35877862595 END
START -2.64319863281 -11.0779710815 6.01662877197 250.129770992 -71.5496183206 11.2290076336 END
START -2.56418997803 -6.28238515625 8.82023891602 250.129770992 -75.5267175573 6.02290076336 END
START -0.201112939453 -5.07810172119 8.29351455078 250.129770992 -76.8549618321 7.85496183206 END
START 5.92086070557 -9.77552537842 12.6844803955 250.129770992 -75.8702290076 12.7709923664 END
START 1.03668931885 -6.85459935303 5.16668718262 250.129770992 -80.6488549618 8.74809160305 END
START -0.883460412598 -11.7914431763 6.33745179443 250.129770992 -89.465648855 7.74045801527 END
START -2.34631762695 -10.2471831055 9.68693991699 250.129770992 -88.2824427481 6.86259541985 END
START 4.31674559326 -1.17315881348 7.01740506592 250.129770992 -105.396946565 -3.69465648855 END
START -0.0909796630859 -5.72453616943 6.41646044922 250.129770992 -89.6564885496 12.2748091603 END
START -0.775721337891 -7.71651195068 6.37336481934 250.129770992 -96.9541984733 5.43511450382 END
START -3.09570274658 -7.43639035645 8.9591026123 250.129770992 -96.4580152672 10.2900763359 END
START -7.92241329346 -9.75637176514 5.62876810303 250.129770992 -104.34351145 11.5877862595 END
START 0.600944616699 -11.5831476318 7.16823977051 250.129770992 -101.93129771 11.2366412214 END
START -1.38384855957 -8.827421521 9.63187327881 250.129770992 -103.809160305 15.1526717557 END
START 0.876277807617 0.557848986816 9.36851109619 250.129770992 -114.86259542 8.64122137405 END
START -2.03028300781 -19.4696479004 10.9415015869 250.129770992 -125.923664122 11.9618320611 END
START 1.30723410645 -7.89128867187 6.49307490234 250.129770992 -114.236641221 16.1832061069 END
START 2.81318695068 -6.43800826416 7.69496413574 250.129770992 -103.977099237 10.3740458015 END
START 4.72615407715 0.756567724609 7.86974085693 250.129770992 -104.488549618 7.72519083969 END
START 9.90002386475 -5.57370146484 6.5074401123 250.129770992 -104.480916031 11.3358778626 END
START 8.47547387695 -8.78672009277 10.2663367187 250.129770992 -104.72519084 3.51145038168 END
START 12.2223994751 -3.32075770264 4.83389315186 250.129770992 -104.030534351 7.26717557252 END
START 19.5462623535 -10.1705686523 9.47385596924 250.129770992 -104.473282443 6.2213740458 END
START 9.10036051025 -6.21295330811 8.30069715576 250.129770992 -103.320610687 -4.54961832061 END
START 15.1361428955 -6.0573302002 7.70214674072 250.129770992 -96.0610687023 -2.79389312977 END
START 8.51856950684 0.15322890625 6.73488927002 250.129770992 -74.213740458 7.80152671756 END
START 1.91775552979 -4.78122071533 12.6533557739 250.129770992 -60.9847328244 9.35877862595 END
START 3.28723887939 -4.93684382324 8.76756647949 250.129770992 -52.9389312977 11.3129770992 END
START 2.7940333374 -14.4250650024 10.2663367187 250.129770992 -47.1908396947 2.98473282443 END
START 3.61524450684 -9.42118353271 2.89219560547 250.129770992 -44.1679389313 9.49618320611 END
START -1.83395847168 -9.22725319824 3.90973131104 250.129770992 -37.3053435115 7.37404580153 END
START 8.24563051758 -2.94247384033 5.99268675537 250.129770992 -50.3358778626 10.6335877863 END
START 0.833182177734 -8.71010563965 12.8760165283 250.129770992 -48.4351145038 1.3358778626 END
START 1.50595284424 -6.92642540283 3.98155736084 250.129770992 -60.358778626 -1.95419847328 END
START 4.71657727051 -9.71088193359 11.4682259521 250.129770992 -58.4885496183 6.87022900763 END
START -0.201112939453 -8.5329347168 8.79629689941 250.129770992 -53.9847328244 8.22900763359 END