START -0.818816967773 -3.80199223633 10.8744639404 250.129770992 -93.4122137405 -5.78625954198 END
START 6.10760843506 -9.75397756348 4.37181223145 250.129770992 -80.8702290076 0.358778625954 END
START 0.0191536132812 2.4875755249 4.57531937256 250.129770992 -89.4427480916 4.9465648855 END
START 1.13006318359 -12.9717845947 8.13549724121 250.129770992 -81.3893129771 3.91603053435 END
START 5.63834490967 -7.71890615234 6.52898792725 250.129770992 -90.7709923664 4.09160305344 END
START -0.646434448242 -12.5887123291 5.35104071045 250.129770992 -87.4503816794 -0.458015267176 END
START -7.35738170166 -15.2534587769 6.90966599121 250.129770992 -89.4198473282 -2.0534351145 END
START 4.12760366211 -13.8767928223 4.48433970947 250.129770992 -99.3740458015 4.71755725191 END
START 6.4834980957 -9.59835445557 6.65588061523 250.129770992 -106.839694656 -2.97709923664 END
START -0.3064578125 -11.5424462036 9.73721815186 250.129770992 -100.580152672 10.8320610687 END
START -4.27364996338 -9.40681832275 6.04775339355 250.129770992 -97.6259541985 14.1145038168 END
START -0.368707055664 -9.84495722656 7.67581052246 250.129770992 -88.7709923664 -1.96946564885 END
START -4.79079752197 -8.77714328613 8.98783303223 250.129770992 -83.4122137405 2.80916030534 END
START 2.85867678223 -10.4219598267 7.73087716064 250.129770992 -89.2595419847 11.5496183206 END
START 3.48356341553 -5.2456958374 7.75003077393 250.129770992 -95.3511450382 -3.1679389313 END
START -0.385466467285 -5.95916793213 6.15070406494 250.129770992 -104.160305344 9.12213740458 END
START -2.085349646 -10.4482960449 7.52018741455 250.129770992 -99.4427480916 9.56488549618 END
START 3.95761534424 -14.209586853 6.87614716797 250.129770992 -99.6564885496 7.35114503817 END
START 12.6557499756 -3.19865341797 8.24323631592 250.129770992 -91.7251908397 10.9465648855 END
START -5.1978118042 -16.8767275024 7.31428607178 250.129770992 -84.8473282443 8.35877862595 END
START -0.323217224121 -12.2870429199 9.59835445557 250.129770992 -88.6564885496 13.7251908397 END
START 7.03177027588 -3.56257207031 11.2982376343 250.129770992 -93.4503816794 11.0229007634 END
START 4.58010777588 -10.3405569702 8.5688477417 250.129770992 -105.977099237 3.7786259542 END
START -1.5322890625 -6.1770402832 11.6621562866 250.129770992 -103.893129771 6.11450381679 END
START -3.08133753662 -8.20014068604 13.3548568604 250.129770992 -104.282442748 15.5419847328 END
START 7.04374128418 -7.6494743042 14.2862013062 250.129770992 -93.0839694656 16.9923664122 END
START -0.967257470703 -7.17781657715 5.93043751221 250.129770992 -96.4122137405 11.7938931298 END
START 5.5042696167 -5.68144053955 6.73488927002 250.129770992 -97.427480916 5.87022900763 END
START -0.825999572754 -3.46201560059 5.15950457764 250.129770992 -94.4503816794 8.93129770992 END
START 5.30315667725 -12.4187240112 7.63510909424 250.129770992 -88.2366412214 4.04580152672 END
START 3.16513459473 -9.40202991943 11.2503536011 250.129770992 -69.9923664122 10.786259542 END
START 4.043806604 -4.41490786133 5.93043751221 250.129770992 -77.0 2.64122137405 END
START 9.82580361328 -12.0763531738 5.99986936035 250.129770992 -64.2290076336 -3.36641221374 END
START 13.9605898804 -9.46667336426 6.57447775879 250.129770992 -52.1145038168 11.106870229 END
START 6.16985767822 -3.0166940918 11.9279126709 250.129770992 -41.5877862595 12.7328244275 END
START 1.63523973389 -5.50187541504 8.20732329102 250.129770992 -39.7251908397 5.50381679389 END
START 2.4875755249 -8.22887110596 6.78037910156 250.129770992 -59.1908396947 3.6641221374 END
START 7.11317313232 -12.5001268677 5.05655390625 250.129770992 -57.320610687 10.7633587786 END
START 6.20337650146 -8.82981572266 5.65989272461 250.129770992 -34.0839694656 -2.63358778626 END
START 14.970942981 -13.1776859375 8.5688477417 250.129770992 -18.641221374 2.39694656489 END
START 0.675164868164 -6.82347473145 5.72932457275 250.129770992 -9.11450381679 4.51908396947 END
START 6.63433280029 -6.14830986328 6.59841977539 250.129770992 -17.3664122137 5.11450381679 END
START 6.56968935547 -12.0715647705 5.11401474609 250.129770992 -27.0 3.27480916031 END
START 5.38695373535 -4.8674119751 3.90015450439 250.129770992 -34.0610687023 0.282442748092 END
START -1.04626612549 -11.5544172119 9.08599530029 250.129770992 -42.0610687023 14.4427480916 END
START 7.81706842041 -6.24886633301 4.72136567383 250.129770992 -42.2900763359 9.02290076336 END
START 6.20337650146 -12.3205617432 5.31991608887 250.129770992 -42.5114503817 10.0992366412 END
START 8.00621035156 -1.08936175537 8.22408270264 250.129770992 -50.9923664122 7.79389312977 END
START 0.277727392578 -8.78911429443 6.34463439941 250.129770992 -53.5648854962 0.465648854962 END
START 7.52737001953 -9.42118353271 5.69341154785 250.129770992 -63.572519084 10.0229007634 END
START 4.74291348877 -7.17542237549 7.23527741699 250.129770992 -75.534351145 -0.30534351145 END
START -2.91374342041 -12.0907183838 5.90170709229 250.129770992 -82.5954198473 13.7251908397 END
START -3.14837518311 -6.16746347656 8.96867941895 250.129770992 -91.4122137405 10.9160305344 END
START 3.30878669434 -7.67820472412 11.5831476318 250.129770992 -91.9694656489 6.51145038168 END
START -1.73100780029 -11.7675011597 9.35414588623 250.129770992 -105.213740458 3.93129770992 END
START -1.8028338501 -2.57376678467 10.2567599121 250.129770992 -104.0 15.9770992366 END
START 2.84909997559 -4.56813676758 11.6956751099 250.129770992 -104.595419847 4.26717557252 END
START -3.44525618896 -13.8983406372 6.31111557617 250.129770992 -106.671755725 14.5801526718 END
START -5.97592734375 -5.72693037109 7.86016405029 250.129770992 -118.519083969 -1.86259541985 END
START -2.5234885498 -4.08450803223 6.62954439697 250.129770992 -113.755725191 10.9541984733 END
START -1.20428343506 -9.2535894165 13.5176625732 250.129770992 -120.435114504 9.0534351145 END
START -1.2378022583 -13.2997902222 6.33026918945 250.129770992 -112.015267176 8.34351145038 END
START -3.3470939209 -9.02135185547 10.771513269 250.129770992 -115.702290076 4.25190839695 END
START 0.519541760254 -5.16668718262 4.12281525879 250.129770992 -107.534351145 -3.88549618321 END
START 0.888248815918 -7.39808312988 13.7522943359 250.129770992 -107.694656489 8.10687022901 END
START 2.78924493408 -5.76044919434 5.37498272705 250.129770992 -104.320610687 3.9465648855 END
START 4.28083256836 -2.26252056885 7.59680186768 250.129770992 -87.9770992366 -0.290076335878 END
START -0.76853873291 -8.79869110107 6.6822168335 250.129770992 -96.5190839695 10.7175572519 END
START 4.89614239502 -3.6056677002 0.883460412598 250.129770992 -95.0534351145 10.4198473282 END
START 10.2256352905 -7.99902774658 7.26400783691 250.129770992 -100.65648855 6.45801526718 END
START 9.56962403564 -6.72052406006 8.947131604 250.129770992 -100.923664122 3.80152671756 END
START 4.3502644165 -12.2631009033 7.47948598633 250.129770992 -87.8167938931 0.442748091603 END
START 6.53617053223 -4.56574256592 5.55933625488 250.129770992 -93.2900763359 5.89312977099 END
START 13.0483990479 -2.38701905518 7.69496413574 250.129770992 -90.9083969466 2.64122137405 END
START 1.2138602417 -5.70538255615 7.0724717041 250.129770992 -82.1450381679 4.95419847328 END
START -3.7014357666 -7.721300354 3.84508786621 250.129770992 -90.9618320611 10.0534351145 END
START 7.30949766846 -3.85705887451 7.8960770752 250.129770992 -84.7251908397 8.95419847328 END
START 2.50433493652 -10.8768581421 11.4107651123 250.129770992 -71.6488549618 8.8320610687 END
START 7.41244833984 -5.20260020752 3.36864173584 250.129770992 -72.5190839695 2.64122137405 END
START 9.53849941406 -6.46434448242 2.24576115723 250.129770992 -64.4427480916 3.28244274809 END
START 8.79869110107 -9.02614025879 4.71897147217 250.129770992 -59.1145038168 5.21374045802 END
START -2.86585938721 -11.5017447754 10.7044756226 250.129770992 -70.7633587786 12.1145038168 END
START 1.27610948486 -11.7028577148 8.24563051758 250.129770992 -70.2977099237 5.29770992366 END
START 2.26730897217 -11.0300870483 6.08845482178 250.129770992 -58.9541984733 3.61832061069 END
START -3.83311685791 -10.2615483154 7.80749161377 250.129770992 -55.3358778626 1.62595419847 END
START -3.1244331665 -11.6669446899 3.47638081055 250.129770992 -53.6030534351 -0.81679389313 END
START -2.22421334229 -6.72052406006 9.8425630249 250.129770992 -61.7328244275 15.4809160305 END
START 6.49307490234 -3.31357509766 9.63666168213 250.129770992 -59.5954198473 14.8396946565 END
START 1.77649763184 -11.1833159546 3.90494290771 250.129770992 -57.0152671756 9.95419847328 END
START 6.60799658203 -10.4818148682 7.05331809082 250.129770992 -52.2977099237 10.1450381679 END
START 4.24013114014 -11.8297504028 7.69975253906 250.129770992 -59.4961832061 14.1984732824 END
START 0.632069238281 -11.5520230103 5.40371314697 250.129770992 -61.9770992366 10.4961832061 END
START -1.69988317871 -13.0412164429 11.7483475464 250.129770992 -62.9389312977 6.81679389313 END
START -0.256179577637 -14.6692735718 10.5009684814 250.129770992 -64.7938931298 12.4885496183 END