START 6.95755002441 -9.90960067139 9.193734375 250.129770992 -92.9312977099 6.3358778626 END
START 6.76361968994 -6.35181700439 12.2391588867 250.129770992 -89.7938931298 8.46564885496 END
START 3.24174904785 -9.92636008301 10.0173397461 250.129770992 -83.0305343511 5.07633587786 END
START -1.2617442749 -18.1767790039 7.20175859375 250.129770992 -70.465648855 0.24427480916 END
START -1.69030637207 -13.3620394653 5.96395633545 250.129770992 -74.7786259542 5.2213740458 END
START 4.77643231201 -7.80749161377 14.5615344971 250.129770992 -73.1755725191 6.15267175573 END
START -11.0037508301 -9.91438907471 11.3604868774 250.129770992 -65.2290076336 4.93893129771 END
START 5.2097828125 -18.2414224487 13.8145435791 250.129770992 -82.4809160305 4.90076335878 END
START -0.811634362793 -12.1170546021 6.35660540771 250.129770992 -83.4809160305 1.88549618321 END
START -1.98958157959 -16.9102463257 10.6278611694 250.129770992 -72.6870229008 -2.72519083969 END
START -0.751779321289 -11.6860983032 5.50666381836 250.129770992 -67.0534351145 -1.37404580153 END
START -6.05014759521 -19.5510507568 5.79636221924 250.129770992 -68.7557251908 8.67175572519 END
START 1.03429511719 -12.6030775391 6.3637880127 250.129770992 -67.2824427481 9.07633587786 END
START -1.63763393555 -10.9582609985 7.35259329834 250.129770992 -69.106870229 9.20610687023 END
START 0.584185205078 -12.6653267822 15.7275107056 250.129770992 -76.5190839695 10.2824427481 END
START 0.244208569336 -14.1377608032 3.33272871094 250.129770992 -80.3969465649 4.96183206107 END
START -2.88980140381 -10.4411134399 6.24886633301 250.129770992 -70.8091603053 9.81679389313 END
START 0.114921679688 -1.75973822021 6.82108052979 250.129770992 -67.2900763359 3.86259541985 END
START 4.29759197998 -5.34864650879 7.31428607178 250.129770992 -77.3129770992 6.51145038168 END
START 4.98712205811 -9.7827079834 5.2816088623 250.129770992 -64.572519084 -4.15267175573 END
START 6.6822168335 -14.0707231567 11.2096521729 250.129770992 -54.3740458015 0.847328244275 END
START -2.4277204834 -10.8529161255 5.8226984375 250.129770992 -56.8244274809 14.0763358779 END
START 7.76918438721 -11.1282493164 13.5535755981 250.129770992 -54.4198473282 3.90839694656 END
START 1.23061965332 -11.5448404053 7.53455262451 250.129770992 -48.6717557252 -3.40458015267 END
START 7.86495245361 -5.73411297607 6.29914456787 250.129770992 -51.893129771 8.56488549618 END
START 6.00465776367 -12.9310831665 6.86896456299 250.129770992 -38.0610687023 6.32824427481 END
START 7.97747993164 -2.93768543701 8.62391437988 250.129770992 -34.0534351145 11.5954198473 END
START 5.26245524902 -11.525686792 8.62152017822 250.129770992 -27.1450381679 3.21374045802 END
START -0.0933738647461 -11.5448404053 8.84418093262 250.129770992 -7.19847328244 -1.03816793893 END
START 5.28400306396 -8.35576379395 10.1466266357 250.129770992 -10.8091603053 -0.328244274809 END
START -2.32716401367 -11.1833159546 5.59285507812 250.129770992 -9.09160305344 -3.30534351145 END
START 8.36294639893 -10.7834842773 5.43483776855 250.129770992 -22.5190839695 4.68702290076 END
START 3.88339509277 -2.67911165771 4.44124407959 250.129770992 -43.1526717557 10.0381679389 END
START 15.4713311279 -2.5234885498 13.9151000488 250.129770992 -42.679389313 3.80916030534 END
START 3.65834013672 -14.4537954224 6.79953271484 250.129770992 -39.8167938931 6.29007633588 END
START 3.6415807251 -10.6398321777 8.97346782227 250.129770992 -18.1145038168 -3.46564885496 END
START 4.74770189209 -9.91438907471 6.16267507324 250.129770992 -13.8549618321 -2.93893129771 END
START 7.92241329346 -9.26316622314 2.21463653564 250.129770992 -19.8625954198 0.900763358779 END
START 8.28393774414 -11.5687824219 5.76763179932 250.129770992 -17.8625954198 5.11450381679 END
START 8.07564219971 -10.2495773071 9.37569370117 250.129770992 -27.0534351145 2.00763358779 END
START 7.96072052002 -8.96149681396 7.4268135498 250.129770992 -31.641221374 1.58015267176 END
START 0.512359155273 -14.0491753418 4.68784685059 250.129770992 -35.0305343511 7.13740458015 END
START 4.19224710693 -11.9159416626 8.60715496826 250.129770992 -41.4732824427 0.671755725191 END
START 0.502782348633 -11.2192289795 8.16901606445 250.129770992 -44.2061068702 9.23664122137 END
START 8.31745656738 -12.138602417 7.57046564941 250.129770992 -43.9770992366 4.70992366412 END
START 2.83712896729 -7.3669585083 7.23288321533 250.129770992 -52.1832061069 11.9389312977 END
START 1.84114107666 -7.60877287598 8.72925925293 250.129770992 -61.9007633588 13.572519084 END
START -1.90817872314 -13.2973960205 3.12682736816 250.129770992 -55.7633587786 4.97709923664 END
START 4.41490786133 -9.49779798584 4.84825836182 250.129770992 -67.7709923664 13.3511450382 END
START 4.22097752686 -8.31506236572 10.3621047852 250.129770992 -63.1145038168 9.41221374046 END
START -4.07732542725 -5.51145222168 7.60637867432 250.129770992 -67.2061068702 8.41984732824 END
START 2.1212626709 -3.70382996826 0.30166940918 250.129770992 -73.7709923664 9.57251908397 END
START -4.90571920166 -2.98796367187 8.30548555908 250.129770992 -67.6030534351 3.58778625954 END
START -2.28167418213 -2.95444484863 4.47236870117 250.129770992 -72.8702290076 5.47328244275 END
START 6.4475850708 -6.33026918945 4.6088381958 250.129770992 -82.5496183206 0.396946564885 END
START 3.14598098145 -7.65426270752 5.57130726318 250.129770992 -97.7786259542 9.63358778626 END
START -8.09000740967 -6.86657036133 3.3590649292 250.129770992 -94.7099236641 13.6030534351 END
START 1.59693250732 -6.57687196045 3.29202728271 250.129770992 -96.2290076336 5.06106870229 END
START 1.40539637451 -4.93205541992 8.75798967285 250.129770992 -100.687022901 8.25954198473 END
START -1.68551796875 -13.1537439209 10.3573163818 250.129770992 -99.7709923664 12.465648855 END
START -1.72861359863 -5.762843396 3.87381828613 250.129770992 -106.671755725 5.92366412214 END
START 1.5322890625 -4.903325 6.25604893799 250.129770992 -97.8320610687 8.78625954198 END
START -0.0790086547852 -9.47385596924 8.13310303955 250.129770992 -96.0763358779 2.48091603053 END
START -1.35511813965 -10.5009684814 7.73566556396 250.129770992 -88.6183206107 3.4427480916 END
START -4.41251365967 -8.17380446777 9.99818613281 250.129770992 -104.076335878 6.15267175573 END
START 1.7908628418 -11.039663855 7.0485296875 250.129770992 -104.13740458 8.2213740458 END
START -3.48356341553 -16.4649248169 5.15232197266 250.129770992 -104.564885496 8.22900763359 END
START -1.59693250732 -5.84185205078 9.17218656006 250.129770992 -104.732824427 -1.83969465649 END
START -0.852335791016 -2.68868846436 4.36941802979 250.129770992 -107.732824427 8.8320610687 END
START -5.27442625732 -6.70137044678 10.42674823 250.129770992 -105.526717557 -5.48854961832 END
START -6.71094725342 -3.1364041748 6.73728347168 250.129770992 -104.938931298 -0.572519083969 END
START -4.6447512207 -7.3669585083 11.4538607422 250.129770992 -105.312977099 5.27480916031 END
START 2.24576115723 -7.47948598633 5.99986936035 250.129770992 -102.435114504 4.27480916031 END
START 2.00634099121 -11.891999646 12.87841073 250.129770992 -104.916030534 1.03816793893 END
START 0.481234533691 -4.57771357422 10.4459018433 250.129770992 -104.893129771 0.809160305344 END
START -1.54665427246 -9.08838950195 7.06528909912 250.129770992 -104.534351145 -0.458015267176 END
START 4.70700046387 -9.75397756348 10.9486841919 250.129770992 -104.717557252 7.54961832061 END
START 3.1364041748 -10.9175595703 9.56722983398 250.129770992 -97.2977099237 4.1679389313 END
START -0.639251843262 -9.31823286133 7.51779321289 250.129770992 -95.5801526718 7.0534351145 END
START -14.3173259277 -15.2366993652 13.589488623 250.129770992 -89.2824427481 12.9236641221 END
START -2.17154090576 -5.31033928223 6.81868632812 250.129770992 -85.1908396947 7.91603053435 END
START -2.13802208252 -6.19379969482 9.10275471191 250.129770992 -79.6717557252 11.4045801527 END
START 0.442927307129 -7.03416447754 6.97191523437 250.129770992 -74.6717557252 14.3893129771 END
START -4.5729251709 -5.86339986572 4.24491954346 250.129770992 -74.572519084 10.427480916 END
START 6.31350977783 -9.66060369873 5.60961448975 250.129770992 -84.0381679389 4.6106870229 END
START 7.52018741455 -5.90649549561 5.05415970459 250.129770992 -84.3282442748 14.0 END
START 1.10133276367 -8.12352623291 7.71411774902 250.129770992 -76.2900763359 6.80152671756 END
START 7.58004245605 -8.75559547119 9.08599530029 250.129770992 -73.3282442748 6.93129770992 END
START 3.67749375 -7.86495245361 10.1849338623 250.129770992 -62.0763358779 6.01526717557 END
START 12.0380459473 -7.77397279053 6.90727178955 250.129770992 -66.6259541985 1.02290076336 END
START 8.86094034424 -12.8520745117 8.27675513916 250.129770992 -45.427480916 9.3358778626 END
START -1.00077629395 -6.03578238525 5.40131894531 250.129770992 -42.572519084 3.97709923664 END
START 3.26090266113 -7.4268135498 5.68383474121 250.129770992 -33.9007633588 -1.45038167939 END