START 1.23540805664 -9.42597193604 7.43878455811 250.129770992 -74.8167938931 9.63358778626 END
START 2.37265384521 -6.92403120117 8.2623899292 250.129770992 -92.3511450382 8.67175572519 END
START -2.22900174561 -8.83220992432 7.75960758057 250.129770992 -82.2748091603 3.11450381679 END
START 1.17555301514 -12.5312514893 9.7348239502 250.129770992 -90.1908396947 2.65648854962 END
START 0.955286462402 -7.13232674561 9.97903251953 250.129770992 -72.8473282443 8.45038167939 END
START 7.03416447754 -15.4521775146 10.1825396606 250.129770992 -77.9618320611 8.15267175573 END
START 3.82593425293 -9.4523081543 10.8457335205 250.129770992 -64.7099236641 2.74045801527 END
START 6.11957944336 -8.12113203125 6.11957944336 250.129770992 -83.3435114504 9.59541984733 END
START -2.26970317383 -9.19852277832 5.76763179932 250.129770992 -91.534351145 -1.74809160305 END
START 6.21774171143 -5.93283171387 9.7827079834 250.129770992 -99.9770992366 3.67175572519 END
START 1.22343704834 -6.81629212646 12.4019645996 250.129770992 -98.0992366412 6.06106870229 END
START 1.84114107666 -7.26879624023 4.55616575928 250.129770992 -92.0916030534 4.52671755725 END
START 2.77966812744 -16.3308495239 2.45645090332 250.129770992 -89.6183206107 13.1374045802 END
START 4.27125576172 -11.0564232666 5.99986936035 250.129770992 -86.9541984733 9.69465648855 END
START -11.7483475464 -7.45075556641 7.15626876221 250.129770992 -74.8396946565 6.15267175573 END
START -2.61925661621 -4.44603248291 5.15950457764 250.129770992 -69.6106870229 8.61832061069 END
START -0.814028564453 -8.2623899292 12.1433908203 250.129770992 -83.4198473282 9.12977099237 END
START 4.22337172852 -11.6142722534 6.77319649658 250.129770992 -72.8320610687 10.6641221374 END
START -1.838746875 -9.01177504883 7.3430164917 250.129770992 -78.7557251908 1.47328244275 END
START 6.43082565918 -11.2048637695 6.04057078857 250.129770992 -73.2977099237 10.1679389313 END
START -1.97761057129 -11.63821427 13.3859814819 250.129770992 -76.679389313 -2.28244274809 END
START 0.404620080566 -10.6685625977 7.48666859131 250.129770992 -68.7786259542 1.83969465649 END
START -2.60010300293 -8.80347950439 4.9152960083 250.129770992 -84.0 5.97709923664 END
START 4.01268198242 -13.5439987915 5.34385810547 250.129770992 -68.1603053435 14.6717557252 END
START 6.33266339111 -8.89206496582 8.36534060059 250.129770992 -61.7557251908 -2.71755725191 END
START 4.26407315674 -10.1442324341 10.7044756226 250.129770992 -66.7633587786 11.6259541985 END
START -0.368707055664 -9.5241342041 7.33822808838 250.129770992 -65.7480916031 9.62595419847 END
START 6.52659372559 -12.6557499756 8.96389101563 250.129770992 -43.0076335878 2.47328244275 END
START 7.56088884277 -8.81305631104 7.55610043945 250.129770992 -37.0229007634 10.0458015267 END
START 16.5175972534 -14.7219460083 9.37329949951 250.129770992 -35.1450381679 5.30534351145 END
START 7.14429775391 -7.51779321289 3.28245047607 250.129770992 -18.7328244275 5.32824427481 END
START 1.86029468994 -9.61511386719 9.31105025635 250.129770992 -11.7328244275 4.79389312977 END
START 8.8753055542 -12.976572998 12.1649386353 250.129770992 -17.1679389313 9.51145038168 END
START 13.7499001343 -9.04289967041 11.413159314 250.129770992 -24.2748091603 6.31297709924 END
START 8.43477244873 -4.82192214355 8.04212337646 250.129770992 -37.8396946565 9.48091603053 END
START 4.03662399902 -14.8991169312 3.0406361084 250.129770992 -40.0534351145 4.43511450382 END
START 5.30794508057 -10.2591541138 11.8153851929 250.129770992 -36.7786259542 12.0381679389 END
START 7.04613548584 -4.0198645874 7.15626876221 250.129770992 -32.5877862595 5.1679389313 END
START 12.3061965332 -9.56722983398 2.22181914063 250.129770992 -24.8702290076 13.427480916 END
START -3.7493197998 -15.1529023071 6.32069238281 250.129770992 -9.8320610687 3.14503816794 END
START 12.4833674561 -11.7148287231 10.9008001587 250.129770992 -21.0076335878 7.80916030534 END
START -0.91219083252 -10.785878479 4.07732542725 250.129770992 -15.106870229 9.97709923664 END
START -1.21146604004 -13.1944453491 8.74362446289 250.129770992 -39.3740458015 3.62595419847 END
START 6.04775339355 -13.9749550903 7.07965430908 250.129770992 -32.7328244275 6.08396946565 END
START 1.62805712891 -5.20260020752 0.835576379395 250.129770992 -45.5267175573 6.37404580153 END
START -4.07732542725 -11.9207300659 1.53707746582 250.129770992 -51.7099236641 6.06870229008 END
START -0.873883605957 -8.02296976318 6.67503422852 250.129770992 -60.0992366412 8.52671755725 END
START -1.54186586914 -11.7291939331 3.16034619141 250.129770992 -69.9007633588 14.6564885496 END
START 7.3430164917 -6.36618221436 7.92720169678 250.129770992 -69.1603053435 6.51145038168 END
START -1.93212073975 -7.43639035645 6.63193859863 250.129770992 -95.0305343511 6.22900763359 END
START -3.6296097168 -9.39963571777 5.57130726318 250.129770992 -102.244274809 5.16030534351 END
START 2.09971485596 -9.88326445312 3.3351229126 250.129770992 -94.9694656489 14.9083969466 END
START 5.78199700928 -3.86663568115 5.15471617432 250.129770992 -88.2061068702 9.00763358779 END
START 1.66636435547 -10.7691190674 5.34385810547 250.129770992 -99.5572519084 4.29770992366 END
START -5.55933625488 -2.67911165771 8.90164177246 250.129770992 -101.816793893 3.13740458015 END
START -6.35660540771 -4.9751510498 6.25844313965 250.129770992 -98.9541984733 -5.86259541985 END
START -3.14119257812 -11.6884925049 7.6255322876 250.129770992 -105.877862595 2.00763358779 END
START 1.72143099365 -7.15626876221 11.3054202393 250.129770992 -91.5572519084 8.0534351145 END
START -0.0909796630859 -5.70059415283 4.90811340332 250.129770992 -102.992366412 -0.679389312977 END
START -3.3710359375 -9.8186210083 6.58644876709 250.129770992 -101.916030534 16.8244274809 END
START -1.39821376953 -10.6948988159 6.53856473389 250.129770992 -104.41221374 8.63358778626 END
START -1.72143099365 -5.36301171875 4.74291348877 250.129770992 -104.0 6.93893129771 END
START -3.90254870605 -6.91924279785 4.63756861572 250.129770992 -104.458015267 8.74809160305 END
START -4.37181223145 -11.9303068726 8.24323631592 250.129770992 -104.213740458 6.31297709924 END
START -0.538695373535 -13.4338655151 8.2264769043 250.129770992 -109.320610687 0.190839694656 END
START -4.42687886963 -9.66299790039 9.27992563477 250.129770992 -116.442748092 -5.64885496183 END
START 1.18273562012 -10.3908352051 7.42920775146 250.129770992 -110.603053435 4.18320610687 END
START -0.979228479004 -5.03500609131 5.82988104248 250.129770992 -114.809160305 4.19847328244 END
START 1.60890351563 -9.1697923584 3.72058937988 250.129770992 -111.152671756 4.9465648855 END
START -1.04147772217 -7.24006582031 7.0964137207 250.129770992 -107.129770992 8.58015267176 END
START -2.60489140625 -13.4961147583 4.44842668457 250.129770992 -105.923664122 3.62595419847 END
START -0.593762011719 -5.97113894043 12.3612631714 250.129770992 -104.152671756 1.07633587786 END
START 9.46188496094 -7.92480749512 6.93121380615 250.129770992 -104.374045802 8.49618320611 END
START 6.78037910156 -8.75320126953 7.63510909424 250.129770992 -104.06870229 5.25954198473 END
START 1.83156427002 -10.785878479 7.20415279541 250.129770992 -102.213740458 6.78625954198 END
START 8.17380446777 -11.5376578003 10.9151653687 250.129770992 -99.4198473282 4.87022900763 END
START 4.72136567383 -15.5024557495 10.3309801636 250.129770992 -91.8549618321 2.32061068702 END
START -8.24323631592 -10.4937858765 6.7181298584 250.129770992 -87.0992366412 6.6641221374 END
START 3.32794030762 -7.57285985107 6.22253011475 250.129770992 -96.3816793893 5.09160305344 END
START 2.62643922119 -4.09169063721 10.6182843628 250.129770992 -104.13740458 -3.36641221374 END
START 0.471657727051 -8.52814631348 5.30315667725 250.129770992 -104.20610687 9.3893129771 END
START 13.3740104736 -7.81467421875 7.54412943115 250.129770992 -104.404580153 4.87022900763 END
START 9.71088193359 -13.8384855957 7.57525405273 250.129770992 -103.809160305 7.47328244275 END
START 7.41723674316 -7.13472094727 6.69658204346 250.129770992 -104.06870229 2.5572519084 END
START 11.0492406616 -9.1697923584 4.79319172363 250.129770992 -104.389312977 8.51908396947 END
START 14.5782939087 -6.39012423096 5.29836827393 250.129770992 -92.8625954198 6.7786259542 END
START 7.95114371338 -9.19612857666 5.51145222168 250.129770992 -88.0229007634 9.80916030534 END
START 9.14824454346 -11.4754085571 9.85213983154 250.129770992 -67.5419847328 -0.473282442748 END
START 1.15879360352 -0.0790086547852 6.36857641602 250.129770992 -81.9770992366 9.2213740458 END
START 7.37414111328 -11.4179477173 6.77080229492 250.129770992 -72.8396946565 4.67175572519 END
START 4.6088381958 -5.62158549805 7.06289489746 250.129770992 -65.9618320611 7.7786259542 END
START 8.48983908691 -15.1002298706 7.23288321533 250.129770992 -65.4351145038 6.0534351145 END
START 1.9105729248 -10.0628295776 7.26640203857 250.129770992 -66.7022900763 1.29007633588 END
START 7.74763657227 -10.3261917603 5.36540592041 250.129770992 -65.9007633588 8.10687022901 END
START 4.99909306641 -11.6262432617 6.06211860352 250.129770992 -67.4580152672 -2.04580152672 END
START 0.823605371094 -9.52174000244 -0.277727392578 250.129770992 -58.641221374 5.11450381679 END
START -0.679953271484 -16.5175972534 7.21372960205 250.129770992 -62.4045801527 -0.793893129771 END
START -3.54102425537 -2.14281048584 8.02536396484 250.129770992 -54.8778625954 10.8091603053 END
START 5.1858407959 -8.42758984375 9.7707369751 250.129770992 -66.4580152672 -0.992366412214 END
START 7.3789295166 -7.59440766602 9.09078370361 250.129770992 -63.0763358779 6.37404580153 END