START -1.72861359863 -11.6669446899 5.4922986084 250.129770992 -75.5496183206 8.42748091603 END
START -0.0526724365234 -12.3157733398 6.80910952148 250.129770992 -64.9389312977 1.32824427481 END
START 6.58166036377 -11.7196171265 8.77474908447 250.129770992 -77.534351145 -3.21374045802 END
START -0.739808312988 -9.07402429199 10.3333743652 250.129770992 -89.8473282443 7.86259541985 END
START -0.871489404297 -10.3381627686 9.69651672363 250.129770992 -92.6870229008 1.72519083969 END
START -4.34068760986 -11.0971246948 8.37252320557 250.129770992 -95.9923664122 6.87786259542 END
START 4.51307012939 -10.5081510864 7.21133540039 250.129770992 -81.0916030534 10.2748091603 END
START 10.8337625122 -9.00459244385 5.94719692383 250.129770992 -72.2595419847 1.84732824427 END
START -2.50194073486 -10.405200415 13.3357032471 250.129770992 -75.9923664122 1.15267175573 END
START 0.92176763916 -11.9470662842 7.55849464111 250.129770992 -78.9083969466 10.1145038168 END
START 5.60722028809 -5.98789835205 6.23689532471 250.129770992 -89.7786259542 4.06870229008 END
START 3.59848509521 -14.8943285278 6.1650692749 250.129770992 -99.5877862595 7.96946564885 END
START -1.64002813721 -7.16584556885 13.2782424072 250.129770992 -96.2900763359 -1.57251908397 END
START 6.7899559082 -11.4873795654 8.34139858398 250.129770992 -91.7557251908 16.0152671756 END
START -0.474051928711 -15.3971108765 6.21534750977 250.129770992 -69.0610687023 7.23664122137 END
START 2.65277543945 -8.8992475708 8.72686505127 250.129770992 -75.2977099237 9.4427480916 END
START 3.86184727783 -8.31985076904 9.19852277832 250.129770992 -70.5496183206 9.4427480916 END
START 2.94486804199 -8.07324799805 11.8752402344 250.129770992 -75.3969465649 8.21374045802 END
START 2.88022459717 -6.74686027832 7.44596716309 250.129770992 -79.213740458 0.229007633588 END
START -1.28808049316 -11.3676694824 10.7954552856 250.129770992 -78.6335877863 4.0534351145 END
START 6.64390960693 -10.5153336914 7.43160195312 250.129770992 -66.8854961832 8.51908396947 END
START -0.569819995117 -8.80826790771 10.7020814209 250.129770992 -63.4351145038 -1.30534351145 END
START 5.24809003906 -6.91445439453 5.75566079102 250.129770992 -60.2366412214 5.93893129771 END
START 13.3069728271 -9.81143840332 5.69580574951 250.129770992 -51.2442748092 7.23664122137 END
START 5.09246693115 -11.7387707397 6.85699355469 250.129770992 -44.7251908397 6.46564885496 END
START 4.81713374023 -5.74129558105 5.5042696167 250.129770992 -43.1603053435 5.98473282443 END
START 5.84424625244 -8.77714328613 7.23767161865 250.129770992 -33.3358778626 3.3358778626 END
START 6.85220515137 -7.64229169922 6.63193859863 250.129770992 -39.6488549618 7.54198473282 END
START 2.33434661865 -11.413159314 7.00543405762 250.129770992 -53.4580152672 -0.0229007633588 END
START 2.03507141113 -12.1481792236 6.46913288574 250.129770992 -54.786259542 -4.52671755725 END
START 7.29034405518 -13.723563916 7.43399615479 250.129770992 -50.2977099237 7.26717557252 END
START 6.02620557861 -10.1992990723 5.21696541748 250.129770992 -40.0152671756 1.17557251908 END
START -0.423773693848 -10.9391073853 2.94486804199 250.129770992 -31.358778626 10.6717557252 END
START 9.72524714355 -9.58159504395 7.17302817383 250.129770992 -45.641221374 5.32824427481 END
START 8.31266816406 -7.45793817139 5.49469281006 250.129770992 -42.534351145 4.92366412214 END
START 6.13873305664 -9.90002386475 7.52497581787 250.129770992 -52.8396946565 6.0 END
START 2.22660754395 -10.3597105835 8.19295808105 250.129770992 -62.5877862595 5.25190839695 END
START -5.77002600098 -10.7475712524 9.47864437256 250.129770992 -48.9007633588 -1.0534351145 END
START -2.45884510498 -11.1162783081 5.63355650635 250.129770992 -63.8473282443 -3.51145038168 END
START 1.1899182251 -7.75960758057 10.3597105835 250.129770992 -74.7480916031 3.4427480916 END
START 3.20344182129 -11.4083709106 7.64708010254 250.129770992 -66.5648854962 16.5496183206 END
START 2.69347686768 -8.87051715088 5.47553919678 250.129770992 -66.7404580153 6.6641221374 END
START 2.30561619873 -10.6278611694 13.3404916504 250.129770992 -63.0839694656 11.9694656489 END
START -7.49385119629 -3.32554610596 7.49863959961 250.129770992 -73.7633587786 7.90076335878 END
START -2.14999309082 -9.34696328125 6.44040246582 250.129770992 -80.0 3.81679389313 END
START 2.42053787842 -13.9103116455 12.7539122437 250.129770992 -85.0916030534 4.7786259542 END
START 1.73340200195 -11.645396875 10.5632177246 250.129770992 -92.4503816794 6.76335877863 END
START 1.79565124512 -2.37025964355 5.77960280762 250.129770992 -98.8015267176 4.69465648855 END
START 4.54658895264 -6.67503422852 13.7642653442 250.129770992 -104.236641221 0.0610687022901 END
START -2.12844527588 -8.95670841064 6.87854136963 250.129770992 -104.022900763 14.4045801527 END
START 1.99197578125 -5.97592734375 6.59363137207 250.129770992 -104.633587786 6.41984732824 END
START -2.90895501709 -12.2535240967 6.95276162109 250.129770992 -104.244274809 11.5419847328 END
START 2.4636335083 -10.1633860474 7.54652363281 250.129770992 -104.366412214 5.56488549618 END
START -3.40934316406 -10.0293107544 13.0675526611 250.129770992 -107.839694656 5.50381679389 END
START 4.15872828369 -3.20344182129 9.7707369751 250.129770992 -104.496183206 5.78625954198 END
START -4.25689055176 -16.302119104 10.9941740234 250.129770992 -103.893129771 3.17557251908 END
START 1.47722242432 -9.54089361572 6.38054742432 250.129770992 -101.93129771 19.4503816794 END
START -2.44447989502 -7.6973583374 6.90487758789 250.129770992 -105.053435115 7.01526717557 END
START 5.46117398682 -2.40138426514 6.76361968994 250.129770992 -104.458015267 1.95419847328 END
START 1.08217915039 -9.05965908203 6.22492431641 250.129770992 -104.27480916 9.78625954198 END
START -0.505176550293 -7.24006582031 10.666168396 250.129770992 -106.526717557 11.1374045802 END
START 4.01507618408 -11.3149970459 8.08761320801 250.129770992 -110.603053435 3.52671755725 END
START 11.3365448608 -15.9405946533 7.40526573486 250.129770992 -110.595419847 2.57251908397 END
START -0.15801730957 -11.5017447754 6.22013591309 250.129770992 -101.832061069 0.0610687022901 END
START -0.0167594116211 -1.26413847656 6.75643708496 250.129770992 -112.541984733 15.3282442748 END
START 1.17555301514 -8.92079538574 8.9112185791 250.129770992 -102.106870229 -1.11450381679 END
START 6.61996759033 -3.59609089355 6.31829818115 250.129770992 -104.442748092 3.42748091603 END
START 4.07493122559 -8.90882437744 8.90882437744 250.129770992 -103.687022901 12.0076335878 END
START 6.34224019775 -9.91438907471 11.9015764526 250.129770992 -96.3435114504 -2.21374045802 END
START 4.76685550537 -1.89141931152 5.04218869629 250.129770992 -104.679389313 -0.87786259542 END
START 2.33674082031 -10.8361567139 5.27442625732 250.129770992 -106.496183206 -0.0763358778626 END
START 9.8305920166 -6.99585725098 7.16823977051 250.129770992 -106.290076336 8.42748091603 END
START -0.811634362793 -13.0938888794 2.54503636475 250.129770992 -92.3053435115 2.53435114504 END
START -0.0718260498047 -9.78031378174 2.63122762451 250.129770992 -89.3664122137 5.82442748092 END
START 15.2462761719 -12.9717845947 13.371616272 250.129770992 -76.4122137405 7.17557251908 END
START 10.3333743652 -9.70130512695 7.85537564697 250.129770992 -58.213740458 8.96183206107 END
START -2.66474644775 -8.44434925537 6.15070406494 250.129770992 -68.7175572519 0.297709923664 END
START 6.93839641113 -11.2742956177 6.11000263672 250.129770992 -64.4961832061 11.1832061069 END
START 3.4189199707 -12.392387793 5.12119735107 250.129770992 -60.5877862595 6.21374045802 END
START 6.24647213135 -6.10282003174 5.90888969727 250.129770992 -62.3664122137 0.0152671755725 END
START 3.02148249512 -8.39646522217 6.14591566162 250.129770992 -58.4045801527 -0.473282442748 END
START 2.14759888916 -5.74608398437 6.52419952393 250.129770992 -61.8473282443 0.0152671755725 END
START 5.94001431885 -3.65834013672 6.62954439697 250.129770992 -65.1755725191 10.7328244275 END
START 0.979228479004 -10.3692873901 8.86812294922 250.129770992 -65.3358778626 5.06870229008 END
START 12.4354834229 -5.91846650391 6.27999095459 250.129770992 -65.6488549618 7.99236641221 END