START 2.44447989502 -13.3859814819 2.95683905029 250.129770992 -77.2748091603 9.29770992366 END
START -2.16675250244 -1.94409174805 7.81946262207 250.129770992 -69.6106870229 5.93129770992 END
START 1.30005150146 -14.9829139893 7.34541069336 250.129770992 -67.3435114504 4.62595419847 END
START 0.744596716309 -8.69095202637 9.87368764648 250.129770992 -78.1908396947 12.5419847328 END
START 3.20823022461 -9.47146176758 6.49307490234 250.129770992 -83.1374045802 12.4580152672 END
START 7.0485296875 -5.26245524902 4.2544963501 250.129770992 -81.0763358779 5.02290076336 END
START 4.51785853271 -13.6493436646 8.58321295166 250.129770992 -72.9770992366 13.7633587786 END
START 6.39491263428 -14.3101433228 5.62397969971 250.129770992 -68.0687022901 12.3664122137 END
START 3.54581265869 -7.13950935059 5.64792171631 250.129770992 -88.1221374046 1.22900763359 END
START 7.88650026855 -12.9574193848 7.00782825928 250.129770992 -79.3282442748 7.62595419847 END
START 5.4444145752 -4.54419475098 8.08761320801 250.129770992 -76.7175572519 14.6564885496 END
START -1.81001645508 -11.039663855 7.6255322876 250.129770992 -72.5801526718 14.5877862595 END
START 2.27688577881 -13.4865379517 10.1059252075 250.129770992 -75.7480916031 10.5648854962 END
START 0.684741674805 -8.17619866943 3.71101257324 250.129770992 -65.9618320611 7.92366412214 END
START 5.2097828125 -16.1369191895 10.9917798218 250.129770992 -78.3053435115 7.29007633588 END
START 3.12922156982 -5.79636221924 6.93360800781 250.129770992 -83.0458015267 0.358778625954 END
START 7.05331809082 -8.31985076904 6.82586893311 250.129770992 -79.8320610687 -0.427480916031 END
START 1.40300217285 -6.69897624512 10.800243689 250.129770992 -74.1145038168 11.2519083969 END
START 5.02782348633 -11.4466781372 6.37336481934 250.129770992 -88.4045801527 10.3816793893 END
START 2.27688577881 -13.2040221558 7.9798741333 250.129770992 -89.1297709924 7.86259541985 END
START 6.97191523437 -7.57764825439 7.6494743042 250.129770992 -79.1603053435 17.0839694656 END
START 6.67982263184 -10.3094323486 9.80425579834 250.129770992 -79.1984732824 -1.72519083969 END
START 3.86424147949 -5.72214196777 4.75967290039 250.129770992 -85.2824427481 10.0534351145 END
START -2.42293208008 -8.6167317749 8.47068547363 250.129770992 -107.007633588 5.64885496183 END
START -0.0981622680664 -11.3868230957 9.84016882324 250.129770992 -89.3358778626 17.1221374046 END
START 9.1338793335 0.342370837402 4.72375987549 250.129770992 -84.6641221374 4.50381679389 END
START 3.54341845703 -3.69185895996 10.3501337769 250.129770992 -70.3740458015 5.70992366412 END
START 9.29668504639 -10.5799771362 6.64390960693 250.129770992 -51.6641221374 5.09923664122 END
START 9.37808790283 -6.14591566162 9.8665050415 250.129770992 -36.6488549618 9.77099236641 END
START 5.11401474609 -14.3269027344 0.876277807617 250.129770992 -46.4351145038 13.465648855 END
START 4.97275684814 -7.79552060547 11.1234609131 250.129770992 -46.0 1.41984732824 END
START 3.83311685791 -6.07408961182 9.50258638916 250.129770992 -49.8167938931 14.5419847328 END
START 8.84896933594 -7.96072052002 5.94959112549 250.129770992 -60.3969465649 10.0 END
START 7.4148425415 -9.35893428955 2.70784207764 250.129770992 -46.320610687 11.3816793893 END
START 7.98705673828 -7.86734665527 7.08204851074 250.129770992 -35.358778626 10.786259542 END
START 3.58651408691 -7.55131203613 2.5234885498 250.129770992 -28.5419847328 5.41984732824 END
START 1.8986019165 -11.2455651978 5.05176550293 250.129770992 -26.3358778626 14.0458015267 END
START 1.03190091553 -14.4825258423 6.10282003174 250.129770992 -34.8473282443 1.03053435115 END
START 0.0837970581055 -5.66707532959 2.78924493408 250.129770992 -34.6564885496 12.0610687023 END
START 2.83712896729 -5.85382305908 5.03979449463 250.129770992 -35.8473282443 11.5572519084 END
START 0.876277807617 -4.40293685303 3.81396324463 250.129770992 -32.2061068702 -1.53435114504 END
START 1.10133276367 -17.8463791748 5.86339986572 250.129770992 -30.106870229 11.1755725191 END
START 7.78115539551 -9.30626185303 8.45871446533 250.129770992 -41.0381679389 12.7404580153 END
START 0.450109912109 -11.0660000732 3.92649072266 250.129770992 -45.1221374046 -1.07633587786 END
START -5.39653054199 -8.03494077148 8.06367119141 250.129770992 -45.534351145 13.6641221374 END
START -1.42694418945 -8.19774648437 4.14915147705 250.129770992 -67.4732824427 2.32061068702 END
START -2.92332022705 -7.13232674561 3.09570274658 250.129770992 -75.0 8.28244274809 END
START -2.4396914917 -9.95748470459 7.63271489258 250.129770992 -74.6183206107 -1.91603053435 END
START -1.06302553711 -8.80347950439 5.75566079102 250.129770992 -63.1297709924 8.11450381679 END
START -7.43160195312 -8.11873782959 10.4004120117 250.129770992 -62.8625954198 1.00763358779 END
START -1.53468326416 -12.2128226685 6.05014759521 250.129770992 -72.6870229008 7.96183206107 END
START -11.0157218384 -3.77086761475 9.71567033691 250.129770992 -83.8015267176 13.7328244275 END
START -2.30801040039 -8.74841286621 7.22091220703 250.129770992 -94.8549618321 5.98473282443 END
START 3.13879837646 -1.17315881348 4.01268198242 250.129770992 -105.41221374 10.4885496183 END
START 2.698265271 -5.86818826904 6.16746347656 250.129770992 -104.419847328 9.84732824427 END
START 3.67988795166 -5.8346694458 15.195997937 250.129770992 -104.030534351 4.40458015267 END
START 0.375889660645 -2.49236392822 8.54969412842 250.129770992 -104.297709924 21.5038167939 END
START 2.67911165771 -6.87135876465 4.77643231201 250.129770992 -104.519083969 7.1679389313 END
START -7.0126166626 -11.4371013306 6.4475850708 250.129770992 -104.251908397 7.60305343511 END
START -2.72699569092 -10.6446205811 5.40131894531 250.129770992 -105.351145038 6.6106870229 END
START -3.62003291016 -9.58398924561 12.4450602295 250.129770992 -105.06870229 4.6641221374 END
START 4.35505281982 -12.0691705688 9.63905588379 250.129770992 -104.106870229 2.64885496183 END
START -3.24653745117 -5.32470449219 4.46518609619 250.129770992 -104.564885496 7.99236641221 END
START -1.92733233643 -4.68545264893 5.33906970215 250.129770992 -103.86259542 0.274809160305 END
START 4.62559760742 -4.24731374512 10.5344873047 250.129770992 -105.13740458 7.35877862595 END
START 2.50433493652 -9.90720646973 8.47068547363 250.129770992 -104.450381679 4.02290076336 END
START 6.93360800781 -3.44765039062 10.0173397461 250.129770992 -80.3740458015 9.34351145038 END
START 1.70467158203 -5.59285507812 11.7315881348 250.129770992 -75.358778626 -2.12977099237 END
START 1.35272393799 -11.8536924194 8.12113203125 250.129770992 -82.3435114504 9.59541984733 END
START 4.63517441406 -12.5360398926 7.75721337891 250.129770992 -95.0076335878 9.81679389313 END
START 10.6972930176 -12.2774661133 9.34935748291 250.129770992 -93.2519083969 0.152671755725 END
START 5.02064088135 -12.265495105 6.7660138916 250.129770992 -84.5038167939 11.4580152672 END
START 11.2982376343 -9.65581529541 7.75721337891 250.129770992 -85.5496183206 5.21374045802 END
START 3.55778366699 -10.9391073853 -0.244208569336 250.129770992 -69.2442748092 0.534351145038 END
START 10.5105452881 -11.9829793091 8.56405933838 250.129770992 -58.6030534351 15.3816793893 END
START 6.34224019775 -5.69580574951 4.25928475342 250.129770992 -55.9770992366 14.0152671756 END
START 1.81719906006 -11.0971246948 11.0731826782 250.129770992 -56.786259542 4.62595419847 END
START 1.08217915039 -10.3309801636 5.98550415039 250.129770992 -57.6946564885 11.2748091603 END
START 12.4259066162 -9.8665050415 7.13232674561 250.129770992 -67.893129771 18.534351145 END
START 4.60644399414 -6.64869801025 9.32541546631 250.129770992 -54.9083969466 14.7328244275 END
START 1.83635267334 -9.74440075684 0.689530078125 250.129770992 -43.1297709924 5.35114503817 END