START -11.0157218384 -9.69651672363 5.82748684082 250.129770992 -104.908396947 12.3740458015 END
START -4.58968458252 -9.73721815186 13.7403233276 250.129770992 -96.6717557252 4.37404580153 END
START 5.99747515869 -11.9327010742 12.4618196411 250.129770992 -78.2519083969 6.83969465649 END
START -3.54820686035 -8.45153186035 8.42040723877 250.129770992 -71.9618320611 3.41984732824 END
START 1.35990654297 -10.3836526001 7.62792648926 250.129770992 -74.6259541985 4.29770992366 END
START -6.99585725098 -7.42920775146 2.20027132568 250.129770992 -74.6641221374 5.00763358779 END
START 3.90733710937 -1.01992990723 5.27442625732 250.129770992 -96.2213740458 2.87022900763 END
START 0.361524450684 -12.624625354 12.8951701416 250.129770992 -86.7099236641 -1.19083969466 END
START 13.6804682861 -14.6812445801 7.65665690918 250.129770992 -101.366412214 3.99236641221 END
START 4.78840332031 -8.99740983887 15.4402065063 250.129770992 -102.419847328 6.3893129771 END
START -2.50194073486 -6.29435616455 11.5520230103 250.129770992 -96.1526717557 9.58015267176 END
START -3.22259543457 2.23139594727 11.2407767944 250.129770992 -95.8473282443 16.5190839695 END
START -0.960074865723 -10.3788641968 9.2296473999 250.129770992 -97.7328244275 4.7786259542 END
START -1.38624276123 -10.4674496582 9.48343277588 250.129770992 -98.7099236641 12.8854961832 END
START 5.22893642578 -7.2831614502 12.018892334 250.129770992 -90.0534351145 4.12977099237 END
START 4.86022937012 -18.4664774048 10.5847655396 250.129770992 -81.4732824427 5.67175572519 END
START 8.51617530518 -2.62883342285 7.40047733154 250.129770992 -82.641221374 10.3282442748 END
START 4.46279189453 -4.74051928711 3.10288535156 250.129770992 -75.8167938931 9.69465648855 END
START 0.397437475586 -2.90656081543 9.82101520996 250.129770992 -72.0 10.0152671756 END
START -6.01184036865 -9.17458076172 11.5568114136 250.129770992 -63.6259541985 8.74809160305 END
START 11.2455651978 -8.43237824707 1.56341368408 250.129770992 -63.572519084 9.49618320611 END
START 5.08289012451 -6.82586893311 14.5112562622 250.129770992 -63.6335877863 7.36641221374 END
START 10.3908352051 -11.4299187256 7.06768330078 250.129770992 -61.2366412214 9.58778625954 END
START 0.804451757813 -6.85459935303 7.6853873291 250.129770992 -66.9618320611 8.35114503817 END
START 2.69347686768 -9.20809958496 6.11957944336 250.129770992 -55.3358778626 8.68702290076 END
START 0.91458503418 -5.43004936523 8.89685336914 250.129770992 -39.1450381679 10.3740458015 END
START 6.58884296875 -11.7818663696 8.11873782959 250.129770992 -41.2061068702 4.93129770992 END
START 12.2176110718 -6.65588061523 8.79150849609 250.129770992 -32.4580152672 17.7404580153 END
START 3.48116921387 -13.0364280396 7.49385119629 250.129770992 -32.0458015267 -0.290076335878 END
START 3.1004911499 -19.6133 5.80354482422 250.129770992 -38.534351145 19.0076335878 END
START 6.77080229492 -5.11162054443 6.97191523437 250.129770992 -21.0839694656 -0.717557251908 END
START 4.10845004883 -2.7102362793 10.6350437744 250.129770992 -17.4885496183 15.4045801527 END
START -2.4396914917 -9.05008227539 5.23851323242 250.129770992 -21.1908396947 9.59541984733 END
START 4.31913979492 -10.2160584839 7.15387456055 250.129770992 -34.0 6.57251908397 END
START 0.395043273926 -11.0707884766 7.58004245605 250.129770992 -30.5648854962 13.6259541985 END
START 4.8913539917 -11.1402203247 6.25844313965 250.129770992 -26.2671755725 0.87786259542 END
START 5.882553479 -6.28717355957 1.838746875 250.129770992 -31.7938931298 13.2442748092 END
START -1.8148048584 -9.07402429199 8.85854614258 250.129770992 -33.8091603053 19.6259541985 END
START -1.00317049561 -8.71968244629 8.13070883789 250.129770992 -34.1526717557 5.37404580153 END
START 1.35032973633 -4.48433970947 5.77960280762 250.129770992 -35.8396946565 11.4198473282 END
START -0.60812722168 -10.6422263794 5.53539423828 250.129770992 -41.3893129771 16.1984732824 END
START 4.88177718506 -7.98705673828 9.11233151855 250.129770992 -45.0534351145 9.35877862595 END
START -1.93212073975 -9.04768807373 7.49385119629 250.129770992 -57.4503816794 8.93129770992 END
START 0.567425793457 -2.54982476807 3.99113416748 250.129770992 -52.7251908397 8.90076335878 END
START -1.85790048828 -9.33259807129 7.73805976562 250.129770992 -63.5190839695 6.70229007634 END
START -7.20415279541 0.107739074707 7.12274993896 250.129770992 -65.1603053435 -0.526717557252 END
START -5.81312163086 -8.44913765869 6.47870969238 250.129770992 -66.9541984733 4.48854961832 END
START 4.03901820068 -14.4250650024 7.66383951416 250.129770992 -82.1603053435 9.80152671756 END
START -6.3877300293 -12.7802484619 8.30309135742 250.129770992 -93.2748091603 4.83969465649 END
START -3.78762702637 -9.76834277344 11.5304751953 250.129770992 -98.2824427481 13.0610687023 END
START 7.62792648926 3.90494290771 13.1561381226 250.129770992 -99.641221374 0.0992366412214 END
START -1.2138602417 -4.75249029541 5.60722028809 250.129770992 -103.633587786 10.5114503817 END
START -2.19069451904 -3.18428820801 6.95755002441 250.129770992 -102.519083969 15.3969465649 END
START 2.43729729004 -5.60961448975 11.8632692261 250.129770992 -103.854961832 2.40458015267 END
START -5.07810172119 -6.95276162109 3.63679232178 250.129770992 -103.213740458 -3.11450381679 END
START -1.82438166504 -12.265495105 7.23048901367 250.129770992 -104.129770992 8.54198473282 END
START -4.56334836426 -11.884817041 13.1202250977 250.129770992 -101.786259542 1.67938931298 END
START 1.32399351807 -9.47385596924 9.67257470703 250.129770992 -104.320610687 -5.26717557252 END
START 0.426167895508 -17.5949880005 7.84101043701 250.129770992 -112.419847328 7.83969465649 END
START 3.6176387085 -12.3205617432 9.84974562988 250.129770992 -131.79389313 9.90076335878 END
START -0.972045874023 -4.74291348877 7.38132371826 250.129770992 -139.603053435 9.12213740458 END
START 3.9959225708 -11.9398836792 7.02937607422 250.129770992 -140.480916031 -0.351145038168 END
START 9.09317790527 -0.45250411377 8.2504189209 250.129770992 -145.541984733 15.1832061069 END
START 3.55538946533 -4.92008441162 4.31195718994 250.129770992 -129.351145038 4.95419847328 END
START 14.9374241577 -9.52174000244 9.03092866211 250.129770992 -121.244274809 12.9923664122 END
START 1.86508309326 -7.85298144531 10.4698438599 250.129770992 -111.305343511 1.97709923664 END
START -1.04866032715 -0.976834277344 9.73003554687 250.129770992 -104.496183206 7.23664122137 END
START 14.3771809692 -13.1393787109 9.53131680908 250.129770992 -102.236641221 6.14503816794 END
START 1.55862528076 -9.92636008301 5.41089575195 250.129770992 -103.93129771 10.9694656489 END
START 5.56173045654 0.0430956298828 9.78510218506 250.129770992 -104.648854962 9.74045801527 END
START 6.9767036377 -9.46188496094 9.30147344971 250.129770992 -104.465648855 2.90076335878 END
START -2.03985981445 -7.98466253662 9.38766470947 250.129770992 -99.1374045802 5.9465648855 END
START 1.93212073975 -8.88248815918 7.1203557373 250.129770992 -97.7099236641 0.916030534351 END
START 5.35582911377 -8.83699832764 12.1218430054 250.129770992 -81.5190839695 0.824427480916 END
START 10.1633860474 -13.3548568604 7.24006582031 250.129770992 -71.8167938931 9.8320610687 END
START 2.93289703369 -6.6822168335 7.3909005249 250.129770992 -67.3664122137 0.610687022901 END
START 11.039663855 -10.1992990723 8.39407102051 250.129770992 -61.1908396947 2.19083969466 END
START 8.57363614502 -7.64468590088 4.05817181396 250.129770992 -59.3740458015 15.4122137405 END
START 1.93690914307 -9.23204160156 6.742071875 250.129770992 -62.572519084 12.5267175573 END
START 1.78368023682 -4.75727869873 9.2416184082 250.129770992 -57.0992366412 1.23664122137 END
START 8.40364782715 -6.93839641113 1.88184250488 250.129770992 -55.7557251908 -2.23664122137 END
START 5.55694205322 -12.4594254395 7.61834968262 250.129770992 -53.0687022901 5.25954198473 END
START 7.10359632568 -13.1369845093 6.59602557373 250.129770992 -51.2977099237 7.35877862595 END
START 8.75798967285 -5.32231029053 10.9941740234 250.129770992 -38.4809160305 4.37404580153 END
START 2.57137258301 -16.9389767456 7.65426270752 250.129770992 -50.6870229008 12.7022900763 END
START 0.92655604248 -9.13148513184 11.540052002 250.129770992 -40.3282442748 10.9694656489 END
START -1.06541973877 -2.43490308838 9.28950244141 250.129770992 -42.5038167939 15.7709923664 END