START 4.11563265381 -5.33906970215 8.25999572754 250.129770992 -71.2748091603 21.2824427481 END
START 0.237025964355 -10.1059252075 8.47307967529 250.129770992 -70.6259541985 12.8854961832 END
START -2.22660754395 -7.48427438965 5.25048424072 250.129770992 -78.4809160305 9.87022900763 END
START -6.77559069824 -7.90325968018 9.72524714355 250.129770992 -86.534351145 3.32824427481 END
START 6.78756170654 0.706289489746 8.00142194824 250.129770992 -87.3816793893 21.0076335878 END
START 4.29519777832 -6.02141717529 14.1449434082 250.129770992 -92.213740458 7.74809160305 END
START 6.99106884766 -11.7698953613 6.78516750488 250.129770992 -80.2442748092 11.2213740458 END
START 3.28963308105 -13.0795236694 7.97508572998 250.129770992 -86.3129770992 20.1450381679 END
START 4.69502945557 -10.546458313 9.76116016846 250.129770992 -86.5496183206 2.57251908397 END
START -4.5250411377 -8.78911429443 9.39724151611 250.129770992 -107.79389313 7.98473282443 END
START 3.56017786865 -15.682020874 5.93762011719 250.129770992 -99.679389313 8.17557251908 END
START -2.26012636719 -8.71968244629 -1.06541973877 250.129770992 -97.320610687 16.8396946565 END
START -3.11006795654 -11.2311999878 11.7938373779 250.129770992 -93.8778625954 4.0 END
START -4.30956298828 -7.25682523193 11.8512982178 250.129770992 -104.72519084 13.2977099237 END
START 1.36469494629 -3.93367332764 5.92086070557 250.129770992 -95.2748091603 12.4503816794 END
START -2.91853182373 -6.4475850708 12.638990564 250.129770992 -96.0916030534 13.7633587786 END
START -0.411802685547 -6.86417615967 9.8186210083 250.129770992 -96.572519084 3.45801526718 END
START 4.51546433105 -7.3549875 2.88261879883 250.129770992 -98.7480916031 5.5572519084 END
START -0.557848986816 -11.5903302368 6.05254179687 250.129770992 -97.893129771 14.534351145 END
START -1.84832368164 -8.54251152344 6.67503422852 250.129770992 -88.3816793893 6.51908396947 END
START 0.29927520752 -7.17781657715 8.32942757568 250.129770992 -86.3816793893 13.3664122137 END
START 2.04225401611 -11.3533042725 5.05894810791 250.129770992 -85.8549618321 -1.82442748092 END
START 2.62404501953 -5.72214196777 8.39885942383 250.129770992 -87.2290076336 11.8778625954 END
START 5.10922634277 -12.2415530884 11.0157218384 250.129770992 -77.358778626 3.68702290076 END
START 6.06211860352 -11.9853735107 3.71819517822 250.129770992 -88.0381679389 0.69465648855 END
START 7.79791480713 -10.6996872192 10.6996872192 250.129770992 -73.5267175573 10.7938931298 END
START 4.5489831543 -3.73016618652 4.83868155518 250.129770992 -75.8702290076 -3.20610687023 END
START 4.13478626709 -5.5641246582 5.21935961914 250.129770992 -81.5572519084 7.16030534351 END
START 13.4506249268 -9.95987890625 4.38378323975 250.129770992 -82.358778626 -4.74809160305 END
START 8.16901606445 -11.8321446045 8.72925925293 250.129770992 -76.3511450382 12.7633587786 END
START 5.25048424072 -5.86100566406 10.6446205811 250.129770992 -66.1755725191 2.2213740458 END
START 3.28963308105 -12.3373211548 3.54581265869 250.129770992 -57.6488549618 9.95419847328 END
START 4.80755693359 -9.71567033691 12.5025210693 250.129770992 -68.2671755725 9.7786259542 END
START 10.0580411743 -10.3549221802 7.11796153564 250.129770992 -54.3435114504 5.98473282443 END
START 3.12682736816 -6.96712683105 10.7739074707 250.129770992 -57.0152671756 16.0076335878 END
START 3.84508786621 -4.32153399658 16.1704380127 250.129770992 -46.7251908397 9.03053435115 END
START -1.42215578613 -19.507955127 9.39484731445 250.129770992 -55.2671755725 3.65648854962 END
START 1.71903679199 -12.6964514038 5.79396801758 250.129770992 -50.8854961832 7.35114503817 END
START 4.28322677002 -8.22887110596 5.26484945068 250.129770992 -47.2671755725 3.0 END
START 8.03733497314 -12.6940572021 7.35259329834 250.129770992 -43.3511450382 -3.57251908397 END
START 4.98951625977 -14.9877023926 8.2623899292 250.129770992 -57.6030534351 3.21374045802 END
START 3.88339509277 -9.12669672852 7.17781657715 250.129770992 -49.8854961832 -2.51145038168 END
START 5.61679709473 -12.1745154419 9.84016882324 250.129770992 -50.641221374 11.4045801527 END
START -0.644040246582 -14.8177140747 9.560047229 250.129770992 -55.6183206107 15.9160305344 END
START 4.13957467041 -3.0526071167 7.24246002197 250.129770992 -69.9160305344 12.4427480916 END
START 9.64145008545 -10.9031943604 12.8688339233 250.129770992 -70.6335877863 0.824427480916 END
START -3.22498963623 -14.0491753418 -0.469263525391 250.129770992 -73.106870229 -2.63358778626 END
START 1.25935007324 -7.44836136475 5.7508723877 250.129770992 -85.7404580153 13.3435114504 END
START 2.38701905518 -10.3668931885 9.96466730957 250.129770992 -71.3664122137 11.7022900763 END
START -4.68784685059 -7.60637867432 10.9798088135 250.129770992 -80.5419847328 7.28244274809 END
START -2.83473476562 -12.4402718262 4.86501777344 250.129770992 -94.1755725191 14.8396946565 END
START 6.04296499023 -7.76679018555 7.63271489258 250.129770992 -97.8854961832 7.19847328244 END
START 0.852335791016 -8.09479581299 10.5751887329 250.129770992 -94.5648854962 9.9465648855 END
START 2.7341782959 -6.99346304932 5.07091911621 250.129770992 -104.091603053 5.09160305344 END
START -3.83551105957 -11.7459533447 5.72932457275 250.129770992 -104.167938931 10.7938931298 END
START -7.0245876709 -15.4330239014 8.05170018311 250.129770992 -104.641221374 4.26717557252 END
START -4.62799180908 -1.77410343018 8.91600698242 250.129770992 -104.389312977 6.46564885496 END
START -3.30160408936 -0.0407014282227 12.4115414062 250.129770992 -104.381679389 7.4427480916 END
START -5.4683565918 -18.7202627808 11.2359883911 250.129770992 -104.473282443 7.67938931298 END
START -4.08929643555 -10.5847655396 5.95916793213 250.129770992 -105.419847328 16.7404580153 END
START -4.09887324219 -8.71489404297 8.72447084961 250.129770992 -104.198473282 3.97709923664 END
START -6.14830986328 -6.21774171143 6.54335313721 250.129770992 -103.816793893 6.0534351145 END
START -0.993593688965 -7.79073220215 6.77559069824 250.129770992 -103.007633588 8.73282442748 END
START -1.98958157959 -4.54419475098 7.70214674072 250.129770992 -98.9694656489 5.61832061069 END
START -0.802057556152 -2.85388837891 9.64623848877 250.129770992 -105.458015267 11.3511450382 END
START -2.76290871582 -6.88093557129 10.8265799072 250.129770992 -103.992366412 3.67175572519 END
START -1.13724578857 0.45729251709 6.22971271973 250.129770992 -104.175572519 6.59541984733 END
START -1.30962830811 -3.82354005127 4.45321508789 250.129770992 -104.13740458 9.49618320611 END
START -2.70544787598 -11.4754085571 10.6925046143 250.129770992 -97.3511450382 5.45801526718 END
START 4.00310517578 -2.77727392578 8.34379278564 250.129770992 -104.534351145 0.923664122137 END
START -0.320823022461 -14.0372043335 7.97269152832 250.129770992 -103.786259542 14.3435114504 END
START 5.64552751465 -6.04775339355 7.70693514404 250.129770992 -97.0152671756 9.32824427481 END
START 2.48518132324 -10.3549221802 3.29681568604 250.129770992 -105.435114504 10.7557251908 END
START 7.31189187012 -10.5033626831 8.67179841309 250.129770992 -99.0 -3.19847328244 END
START 8.66222160645 -4.42448466797 7.54412943115 250.129770992 -88.8091603053 1.10687022901 END
START -0.553060583496 -8.35815799561 13.49850896 250.129770992 -87.3816793893 10.3358778626 END
START 5.71256516113 -5.07810172119 14.449007019 250.129770992 -74.4885496183 2.12213740458 END
START -2.80121594238 -8.51856950684 10.2519715088 250.129770992 -58.7022900763 5.35114503817 END
START 10.6206785645 -3.48356341553 2.83712896729 250.129770992 -57.7251908397 7.51145038168 END
START 4.97993945312 -6.73728347168 7.45075556641 250.129770992 -63.4503816794 -1.20610687023 END
START 7.26400783691 -6.97430943604 12.7036340088 250.129770992 -63.4885496183 6.67938931298 END
START -1.30005150146 -10.8361567139 6.18182868652 250.129770992 -60.893129771 1.58778625954 END
START 6.84023414307 -6.49068070068 11.4179477173 250.129770992 -58.6717557252 -0.580152671756 END