START 1.64002813721 -8.49223328857 9.4762501709 250.129770992 -95.2748091603 -1.92366412214 END
START -0.936132849121 -9.94551369629 10.5751887329 250.129770992 -89.8702290076 4.56488549618 END
START 0.208295544434 -11.1426145264 9.88326445312 250.129770992 -98.8473282443 4.53435114504 END
START -0.0430956298828 -10.785878479 6.60799658203 250.129770992 -90.0 5.03053435115 END
START 1.67354696045 3.37821854248 10.2687309204 250.129770992 -86.9694656489 1.12977099237 END
START -1.2737152832 -11.4706201538 7.94874951172 250.129770992 -97.0610687023 7.47328244275 END
START -6.79235010986 -11.0731826782 7.77876119385 250.129770992 -94.1755725191 10.8549618321 END
START 0.696712683105 -4.63996281738 13.3189438354 250.129770992 -82.2213740458 -4.80916030534 END
START 0.634463439941 -11.4562549438 5.37498272705 250.129770992 -87.2290076336 3.91603053435 END
START -0.541089575195 -6.09803162842 12.1218430054 250.129770992 -91.1374045802 -1.28244274809 END
START 1.838746875 -9.11951412354 6.59602557373 250.129770992 -84.1374045802 9.68702290076 END
START -2.83712896729 -6.60320817871 10.3812583984 250.129770992 -99.2442748092 7.67175572519 END
START 2.7222072876 -11.7986257812 10.8600987305 250.129770992 -96.4732824427 1.79389312977 END
START 3.47638081055 -4.65193382568 10.2567599121 250.129770992 -90.5114503817 9.25954198473 END
START -7.60637867432 -3.84508786621 9.41639512939 250.129770992 -104.748091603 3.48091603053 END
START -0.335188232422 -3.66791694336 5.65749852295 250.129770992 -91.7938931298 8.12213740458 END
START 2.97359846191 -3.38779534912 5.90888969727 250.129770992 -99.3816793893 1.25954198473 END
START 5.8705824707 -12.6485673706 7.01022246094 250.129770992 -96.1297709924 10.9083969466 END
START -1.00077629395 -12.0212865356 8.28154354248 250.129770992 -101.328244275 5.09923664122 END
START 0.555454785156 -8.33900438232 6.86178195801 250.129770992 -104.58778626 5.52671755725 END
START 0.943315454102 -7.61834968262 12.1338140137 250.129770992 -84.9541984733 18.5496183206 END
START -1.70467158203 -13.8743986206 9.11951412354 250.129770992 -78.1755725191 12.9312977099 END
START 3.0406361084 -11.7531359497 9.62947907715 250.129770992 -79.2213740458 10.2595419847 END
START 1.96324536133 -8.42040723877 11.3628810791 250.129770992 -76.4961832061 2.36641221374 END
START 6.50025750732 -4.3263223999 9.51695159912 250.129770992 -75.1755725191 10.8549618321 END
START 3.16992299805 -9.74440075684 13.5032973633 250.129770992 -77.9160305344 -1.02290076336 END
START 5.02064088135 1.46764561768 6.66545742187 250.129770992 -63.4961832061 3.90839694656 END
START 9.24401260986 -11.9877677124 5.45877978516 250.129770992 -70.3664122137 -4.6641221374 END
START -2.37744224854 -6.78516750488 6.15070406494 250.129770992 -62.9389312977 4.75572519084 END
START 4.27125576172 -9.96945571289 6.02620557861 250.129770992 -59.0916030534 1.0534351145 END
START 5.58088406982 -0.816422766113 3.12203896484 250.129770992 -63.9770992366 14.7480916031 END
START 5.37737692871 -8.5209637085 6.7660138916 250.129770992 -46.9923664122 7.6641221374 END
START 10.1083194092 -11.2527478027 6.45237347412 250.129770992 -60.0458015267 1.51145038168 END
START 7.99423934326 -9.48582697754 7.58243665771 250.129770992 -60.4198473282 -2.78625954198 END
START -0.519541760254 -10.4363250366 6.12197364502 250.129770992 -40.1374045802 6.93893129771 END
START 2.64798703613 -9.91199487305 5.72693037109 250.129770992 -51.9847328244 13.0839694656 END
START 8.0157871582 -7.98226833496 6.80432111816 250.129770992 -47.320610687 18.3816793893 END
START 4.75967290039 -9.51455739746 12.5527993042 250.129770992 -43.786259542 10.9541984733 END
START 2.78685073242 -3.45722719727 5.06134230957 250.129770992 -35.9007633588 10.213740458 END
START -0.517147558594 -10.8768581421 8.86572874756 250.129770992 -54.0152671756 5.64122137405 END
START 3.66312854004 -11.9039706543 5.2337248291 250.129770992 -47.2061068702 5.45801526718 END
START 2.21224233398 -5.06134230957 6.25844313965 250.129770992 -49.8702290076 5.95419847328 END
START 5.5760956665 -8.89206496582 8.15225665283 250.129770992 -52.106870229 14.5419847328 END
START 0.577002600098 -4.21618912354 12.7610948486 250.129770992 -45.9007633588 5.96946564885 END
START -2.02788880615 -6.03338818359 5.4922986084 250.129770992 -47.4809160305 15.5648854962 END
START -2.91613762207 -11.2407767944 5.70777675781 250.129770992 -69.213740458 -2.74045801527 END
START -2.45884510498 -14.3245085327 7.52976422119 250.129770992 -69.1374045802 4.32061068702 END
START -9.11472572021 -11.532869397 11.1976811646 250.129770992 -80.7022900763 8.70229007634 END
START -0.653617053223 -6.1052142334 3.6415807251 250.129770992 -82.786259542 9.78625954198 END
START 1.96085115967 -7.76918438721 5.09246693115 250.129770992 -90.1374045802 10.7633587786 END
START -1.31202250977 -6.39730683594 7.64229169922 250.129770992 -92.1221374046 -1.63358778626 END
START 0.347159240723 -10.4818148682 9.77552537842 250.129770992 -99.0305343511 1.06870229008 END
START -1.03908352051 -6.65827481689 9.64384428711 250.129770992 -105.038167939 6.51908396947 END
START 3.16034619141 -5.52102902832 7.01022246094 250.129770992 -104.282442748 7.02290076336 END
START -6.76361968994 -7.82185682373 10.9845972168 250.129770992 -102.610687023 4.51908396947 END
START -0.196324536133 -6.74925447998 10.9295305786 250.129770992 -104.419847328 -3.06870229008 END
START -3.97676895752 -8.40125362549 10.2735193237 250.129770992 -104.770992366 4.80916030534 END
START -5.54497104492 -10.666168396 5.37737692871 250.129770992 -104.786259542 3.08396946565 END
START -6.35421120605 -5.21696541748 9.43794294434 250.129770992 -104.72519084 -1.85496183206 END
START -5.85142885742 -6.27280834961 6.95994422607 250.129770992 -104.091603053 8.32824427481 END
START -4.02465299072 -9.40202991943 11.2335941895 250.129770992 -104.679389313 9.29770992366 END
START -1.61369191895 -8.46110866699 9.44512554932 250.129770992 -104.221374046 10.4351145038 END
START 3.22020123291 -4.17548769531 6.15788666992 250.129770992 -103.900763359 13.3664122137 END
START 7.84340463867 -8.9231895874 8.71249984131 250.129770992 -108.534351145 13.5648854962 END
START -3.31357509766 -2.88740720215 12.4761848511 250.129770992 -105.229007634 1.14503816794 END
START -1.73100780029 -2.27449157715 9.43076033936 250.129770992 -104.564885496 4.19083969466 END
START 3.08133753662 -9.89284125977 12.6006833374 250.129770992 -106.572519084 1.20610687023 END
START 5.71256516113 -8.79629689941 7.11796153564 250.129770992 -96.7786259542 8.40458015267 END
START 2.46842191162 -3.47638081055 4.05338341064 250.129770992 -104.664122137 12.2442748092 END
START 0.684741674805 -8.34858118896 10.6422263794 250.129770992 -91.9847328244 4.40458015267 END
START 6.49786330566 -6.34702860107 7.83622203369 250.129770992 -94.5572519084 10.4885496183 END
START 5.37498272705 -8.30069715576 4.12281525879 250.129770992 -88.6488549618 17.8625954198 END
START 0.210689746094 -9.47385596924 10.6757452026 250.129770992 -84.6335877863 18.106870229 END
START 4.78122071533 -7.92959589844 6.62715019531 250.129770992 -75.427480916 9.40458015267 END
START 6.48110389404 -6.76122548828 5.88734188232 250.129770992 -79.465648855 4.67938931298 END
START 1.85550628662 -5.28639726562 6.34942280273 250.129770992 -61.0229007634 17.4427480916 END
START 8.83460412598 -12.5575877075 7.3669585083 250.129770992 -63.4427480916 7.54961832061 END