START -10.0819831909 -9.83298621826 3.69185895996 250.129770992 -78.5572519084 3.25190839695 END
START 5.09246693115 -11.0971246948 10.7068698242 250.129770992 -77.4580152672 2.43511450382 END
START 2.5115175415 -1.86029468994 7.55610043945 250.129770992 -76.3969465649 11.427480916 END
START -5.7987564209 -4.09887324219 15.6676556641 250.129770992 -77.0229007634 7.92366412214 END
START -0.749385119629 -2.70544787598 8.0157871582 250.129770992 -70.9389312977 7.32061068702 END
START 2.88740720215 -14.6285721436 8.74123026123 250.129770992 -71.5190839695 7.25954198473 END
START -0.280121594238 -6.12676204834 11.6214548584 250.129770992 -61.0763358779 4.59541984733 END
START 4.65432802734 -11.6908867065 11.145008728 250.129770992 -63.9312977099 1.95419847328 END
START -4.13957467041 -14.2526824829 9.25598361816 250.129770992 -58.7557251908 12.0305343511 END
START 4.68305844727 -4.06296021729 7.42920775146 250.129770992 -68.9541984733 5.67175572519 END
START 1.40779057617 -11.4275245239 -4.93205541992 250.129770992 -60.0687022901 1.45801526718 END
START 7.36456430664 -10.4554786499 5.68622894287 250.129770992 -65.2290076336 2.04580152672 END
START 5.47553919678 -9.2655604248 7.59440766602 250.129770992 -72.7328244275 5.4427480916 END
START 0.658405456543 -5.46356818848 10.0245223511 250.129770992 -75.6335877863 3.95419847328 END
START 3.82354005127 -7.75960758057 12.7275760254 250.129770992 -77.572519084 11.3282442748 END
START -5.23611903076 -10.5847655396 10.8217915039 250.129770992 -70.1145038168 9.11450381679 END
START 1.82438166504 -2.68868846436 7.19457598877 250.129770992 -68.3435114504 6.57251908397 END
START -0.282515795898 -17.6596314453 8.57124194336 250.129770992 -68.1221374046 15.534351145 END
START 3.09091434326 -8.05409438477 0.509964953613 250.129770992 -61.7480916031 4.64885496183 END
START -5.8945244873 -9.91917747803 12.5432224976 250.129770992 -55.6870229008 4.71755725191 END
START -0.536301171875 -8.63349118652 6.7181298584 250.129770992 -57.3740458015 11.6641221374 END
START 1.4963760376 -13.7929957642 9.99579193115 250.129770992 -60.2442748092 10.6870229008 END
START 4.6208092041 -3.04781871338 3.77326181641 250.129770992 -49.3358778626 13.8015267176 END
START 0.488417138672 -4.10366164551 5.08289012451 250.129770992 -35.3816793893 4.63358778626 END
START 1.56580788574 -4.53222374268 10.8170031006 250.129770992 -16.3893129771 9.65648854962 END
START 2.95683905029 -12.0332575439 5.28400306396 250.129770992 5.26717557252 9.27480916031 END
START -1.28808049316 -19.6133 9.22007059326 250.129770992 13.7175572519 5.2213740458 END
START 1.92493813477 -9.38766470947 6.40209523926 250.129770992 7.71755725191 23.4427480916 END
START 7.38850632324 -6.93121380615 8.82263311768 250.129770992 -6.58778625954 11.6717557252 END
START -0.162805712891 -9.05487067871 2.085349646 250.129770992 -33.8015267176 9.32824427481 END
START -2.80839854736 -8.09240161133 3.86424147949 250.129770992 -48.8625954198 4.54961832061 END
START 2.88980140381 -8.41561883545 6.93839641113 250.129770992 -46.3129770992 11.1603053435 END
START 1.13245738525 -14.6477257568 7.89847127686 250.129770992 -38.5877862595 8.18320610687 END
START -2.82515795898 -11.7315881348 14.6285721436 250.129770992 -32.786259542 3.12213740458 END
START 7.97029732666 -2.50912333984 12.0476227539 250.129770992 -37.5419847328 3.04580152672 END
START -4.6208092041 -13.618219043 6.04775339355 250.129770992 -40.679389313 6.06106870229 END
START -8.75080706787 -3.7253777832 5.23133062744 250.129770992 -49.0229007634 6.83969465649 END
START -1.99436998291 -3.15795198975 13.9821376953 250.129770992 -50.5877862595 4.11450381679 END
START -9.58159504395 -7.94635531006 6.07408961182 250.129770992 -38.0916030534 -0.618320610687 END
START -2.36068283691 -6.92881960449 9.23922420654 250.129770992 -40.4580152672 6.02290076336 END
START 1.75016141357 -13.7187755127 10.7356002441 250.129770992 -48.4122137405 2.6106870229 END
START -2.08056124268 -2.16435830078 0.553060583496 250.129770992 -38.7786259542 6.27480916031 END
START -4.34547601318 -7.70454094238 3.44525618896 250.129770992 -50.3129770992 10.6335877863 END
START 2.72699569092 -12.3109849365 7.64708010254 250.129770992 -32.7022900763 8.64122137405 END
START 3.08612593994 -15.7993367554 7.08923111572 250.129770992 -31.3129770992 6.61832061069 END
START -2.14759888916 -9.78749638672 18.4760542114 250.129770992 -39.4961832061 5.04580152672 END
START 2.95683905029 -8.39407102051 9.50976899414 250.129770992 -33.6870229008 11.7175572519 END
START -0.225054956055 -4.16112248535 10.8481277222 250.129770992 -30.3816793893 1.79389312977 END
START 5.45159718018 -8.42040723877 9.26077202148 250.129770992 -37.3511450382 12.1145038168 END
START -2.17632930908 -7.98466253662 0.687135876465 250.129770992 -40.2595419847 4.36641221374 END
START 1.95366855469 -7.56328304443 1.10612116699 250.129770992 -40.7175572519 5.54961832061 END
START 9.81143840332 -15.93580625 1.33596452637 250.129770992 -31.3664122137 11.2748091603 END
START -0.00957680664062 -7.31428607178 5.31033928223 250.129770992 -40.2213740458 -3.60305343511 END
START -1.94169754639 -5.42765516357 4.65193382568 250.129770992 -41.2366412214 13.6183206107 END
START 4.16112248535 -10.7763016724 7.01022246094 250.129770992 -49.6717557252 5.49618320611 END
START -3.72298358154 -7.31668027344 0.497993945312 250.129770992 -48.5572519084 8.41221374046 END
START -2.73657249756 -7.78833800049 4.20661231689 250.129770992 -51.5801526718 7.91603053435 END
START -5.43962617188 -11.5472346069 14.6596967651 250.129770992 -54.1603053435 17.1297709924 END
START -2.78445653076 -4.77643231201 4.21140072021 250.129770992 -59.8549618321 -3.06106870229 END
START 9.67257470703 -7.45075556641 3.29681568604 250.129770992 -68.3053435115 7.67175572519 END
START 3.4069489624 -10.5033626831 9.40681832275 250.129770992 -68.5190839695 -1.29770992366 END
START 1.22343704834 -15.7275107056 10.5751887329 250.129770992 -78.427480916 1.51908396947 END
START 2.99514627686 -3.46201560059 6.31350977783 250.129770992 -64.7328244275 5.26717557252 END
START -2.90177241211 -11.7627127563 7.13472094727 250.129770992 -70.9770992366 6.74809160305 END
START 10.0245223511 -10.9678378052 12.7946136719 250.129770992 -77.4122137405 14.0152671756 END
START -0.835576379395 -7.42441934814 7.79073220215 250.129770992 -75.0610687023 -2.20610687023 END
START 2.59052619629 -15.0020676025 5.269637854 250.129770992 -77.0687022901 11.2671755725 END
START 1.56580788574 -10.9486841919 8.37731160889 250.129770992 -78.3664122137 8.58778625954 END
START -2.7102362793 -13.1992337524 8.99262143555 250.129770992 -81.213740458 7.20610687023 END
START -5.98789835205 -8.59518395996 8.2623899292 250.129770992 -78.1221374046 2.96183206107 END
START 7.88410606689 -2.59292039795 10.2495773071 250.129770992 -85.9236641221 -3.12213740458 END
START 3.27047946777 -3.35667072754 12.504915271 250.129770992 -77.641221374 0.664122137405 END
START -6.95036741943 -14.7770126465 16.0531221313 250.129770992 -76.9236641221 6.91603053435 END
START 9.17218656006 -3.68467635498 11.7291939331 250.129770992 -74.8549618321 5.35877862595 END
START 0.268150585937 -8.96628521729 8.05409438477 250.129770992 -71.8320610687 9.47328244275 END
START -6.89530078125 -13.5799118164 6.44279666748 250.129770992 -72.6564885496 12.5572519084 END
START 1.40060797119 -9.560047229 8.36534060059 250.129770992 -81.4198473282 12.5954198473 END
START 5.26006104736 -3.56496627197 7.04374128418 250.129770992 -85.6106870229 3.50381679389 END
START 11.772289563 -5.08767852783 9.72764134521 250.129770992 -87.9312977099 -1.93893129771 END
START 7.27358464355 -5.8107274292 10.5440641113 250.129770992 -85.8396946565 2.98473282443 END
START -5.65510432129 -3.03824190674 13.5080857666 250.129770992 -93.6717557252 12.6870229008 END
START 6.50265170898 -0.177170922852 8.23365950928 250.129770992 -93.679389313 -0.221374045802 END
START 0.0263362182617 -14.0252333252 7.90086547852 250.129770992 -95.5877862595 1.26717557252 END
START -8.76517227783 -15.93580625 9.58398924561 250.129770992 -85.6870229008 5.93129770992 END
START 0.46208092041 -2.29125098877 0.92416184082 250.129770992 -92.5496183206 9.62595419847 END
START -0.809240161133 -10.8313683105 13.125013501 250.129770992 -93.2442748092 7.1679389313 END
START -1.11809217529 -6.59363137207 4.80995113525 250.129770992 -92.3358778626 1.90839694656 END
START -4.3382934082 -7.87452926025 3.26329686279 250.129770992 -82.7709923664 9.58778625954 END
START -2.59052619629 -7.967903125 4.02944139404 250.129770992 -84.7786259542 -1.57251908397 END