START 3.47159240723 -14.4825258423 7.07007750244 250.129770992 -84.1526717557 3.04580152672 END
START -0.100556469727 -8.23126530762 4.56813676758 250.129770992 -85.572519084 6.97709923664 END
START 5.18344659424 -12.3373211548 8.77474908447 250.129770992 -94.7022900763 8.74045801527 END
START -2.0973206543 -15.1936037354 4.45082088623 250.129770992 -79.4198473282 6.0 END
START 4.68784685059 -10.2735193237 6.38054742432 250.129770992 -84.465648855 9.87786259542 END
START -4.87220037842 -8.53532891846 7.3190744751 250.129770992 -64.5038167939 12.3740458015 END
START 3.09809694824 -17.9876370728 5.22893642578 250.129770992 -88.465648855 -1.50381679389 END
START -0.737414111328 -6.61039078369 6.41406624756 250.129770992 -70.0992366412 8.92366412214 END
START -4.92247861328 -8.2384479126 5.41807835693 250.129770992 -76.3053435115 7.67175572519 END
START 0.0430956298828 -13.1058598877 7.71411774902 250.129770992 -83.1297709924 2.98473282443 END
START 3.09570274658 -11.3533042725 7.0365586792 250.129770992 -78.4351145038 11.9236641221 END
START 0.869095202637 -8.29112034912 1.36948334961 250.129770992 -83.7404580153 13.4961832061 END
START 3.43567938232 -10.2136642822 8.97107362061 250.129770992 -85.2671755725 5.70229007634 END
START -5.65271011963 -3.92888492432 12.9478425781 250.129770992 -84.0381679389 13.1679389313 END
START 4.39336004639 -7.52497581787 4.92247861328 250.129770992 -81.1450381679 9.98473282443 END
START -0.275333190918 -3.47398660889 2.60489140625 250.129770992 -82.0534351145 15.5038167939 END
START 5.00388146973 -10.927136377 7.01501086426 250.129770992 -89.4503816794 8.83969465649 END
START -0.363918652344 -13.3764046753 4.47715710449 250.129770992 -93.8320610687 11.534351145 END
START 1.94169754639 -10.4004120117 5.11401474609 250.129770992 -76.9541984733 14.4961832061 END
START -3.49314022217 -8.14986245117 11.7315881348 250.129770992 -90.2366412214 3.27480916031 END
START 0.60573302002 -10.3453453735 8.77714328613 250.129770992 -97.7557251908 4.73282442748 END
START -2.68868846436 -15.2343051636 6.01902297363 250.129770992 -99.893129771 4.14503816794 END
START -8.25999572754 -0.385466467285 6.31829818115 250.129770992 -101.770992366 4.26717557252 END
START -6.98388624268 -12.9598135864 7.99663354492 250.129770992 -86.4809160305 14.8854961832 END
START 3.28245047607 -8.2863319458 13.7762363525 250.129770992 -82.3664122137 -1.80916030534 END
START -3.59130249023 -7.55610043945 11.3580926758 250.129770992 -95.2671755725 13.0229007634 END
START 2.4157494751 -5.77720860596 8.11394942627 250.129770992 -88.2595419847 2.29770992366 END
START 7.30949766846 -13.2878192139 3.56257207031 250.129770992 -79.465648855 0.198473282443 END
START 1.95127435303 -2.52588275146 10.6541973877 250.129770992 -80.8702290076 5.65648854962 END
START 2.20984813232 -11.9039706543 12.0571995605 250.129770992 -75.9618320611 12.4198473282 END
START 1.44849200439 -11.1282493164 3.88818349609 250.129770992 -83.465648855 5.06870229008 END
START -0.998382092285 -7.02937607422 9.19852277832 250.129770992 -74.2595419847 7.89312977099 END
START 1.27132108154 -5.05176550293 13.8289087891 250.129770992 -74.6870229008 12.3893129771 END
START 5.41568415527 -5.66946953125 8.63349118652 250.129770992 -70.1221374046 7.51145038168 END
START 2.31758720703 -10.292672937 10.5225162964 250.129770992 -70.3282442748 -0.450381679389 END
START -2.98556947021 -4.8913539917 8.38688841553 250.129770992 -76.3816793893 7.75572519084 END
START -1.69988317871 -9.09317790527 12.5815297241 250.129770992 -72.1832061069 5.87022900763 END
START -0.881066210937 -10.9941740234 15.1768443237 250.129770992 -62.9160305344 1.8320610687 END
START 3.64636912842 -5.79396801758 11.2024695679 250.129770992 -58.7175572519 -1.58778625954 END
START 3.34230551758 -6.61996759033 9.66299790039 250.129770992 -63.786259542 7.39694656489 END
START -7.24485422363 -17.7961009399 4.2544963501 250.129770992 -69.8320610687 6.51908396947 END
START 5.17626398926 -6.65827481689 4.5848961792 250.129770992 -69.7175572519 3.40458015267 END
START 5.73411297607 -7.35738170166 5.98310994873 250.129770992 -52.4885496183 8.64885496183 END
START 4.54419475098 -5.91128389893 5.1738697876 250.129770992 -57.9312977099 11.1374045802 END
START 5.04937130127 -12.8975643433 6.32787498779 250.129770992 -51.0458015267 5.91603053435 END
START 5.42526096191 -7.20894119873 9.56244143066 250.129770992 -52.2824427481 3.18320610687 END
START 4.08690223389 -5.14753356934 6.83544573975 250.129770992 -59.3969465649 -3.31297709924 END
START 2.65038123779 -12.751518042 2.67911165771 250.129770992 -68.0610687023 2.36641221374 END
START 4.41490786133 -5.67425793457 7.77636699219 250.129770992 -60.0152671756 1.28244274809 END
START 4.07014282227 -12.0476227539 8.57603034668 250.129770992 -63.4961832061 6.08396946565 END
START 0.596156213379 0.579396801758 5.91846650391 250.129770992 -65.5190839695 1.25954198473 END
START -2.30801040039 -8.79150849609 6.51462271729 250.129770992 -71.3053435115 -0.954198473282 END
START 0.569819995117 -10.5296989014 4.8554409668 250.129770992 -77.0381679389 2.21374045802 END
START 4.2185833252 -11.7172229248 2.67192905273 250.129770992 -75.2595419847 2.90076335878 END
START -1.74776721191 -8.43237824707 7.64468590088 250.129770992 -74.1908396947 -0.0458015267176 END
START -5.95916793213 -16.5080204468 4.34308181152 250.129770992 -73.7557251908 -3.67175572519 END
START 0.560243188477 -3.44046778564 5.4444145752 250.129770992 -80.1221374046 -1.13740458015 END
START -3.80917484131 -10.9726262085 0.287304199219 250.129770992 -79.2748091603 15.3816793893 END
START -4.70460626221 -0.227449157715 4.19464130859 250.129770992 -106.748091603 1.96946564885 END
START 1.20907183838 -12.138602417 4.51307012939 250.129770992 -98.8549618321 8.03816793893 END
START 0.162805712891 -11.1067015015 9.40681832275 250.129770992 -97.6488549618 8.81679389313 END
START -3.46440980225 -7.13472094727 4.25689055176 250.129770992 -103.687022901 4.65648854962 END
START -1.22822545166 -7.07726010742 9.49061538086 250.129770992 -96.572519084 6.03816793893 END
START -4.41490786133 -5.41089575195 6.42603725586 250.129770992 -104.282442748 13.9465648855 END
START -3.28484467773 -11.8297504028 4.75009609375 250.129770992 -105.145038168 3.45801526718 END
START -2.86825358887 -9.56722983398 4.88656558838 250.129770992 -104.366412214 2.00763358779 END
START 2.32237561035 -10.8193973022 8.91840118408 250.129770992 -104.27480916 4.74809160305 END
START -9.77791958008 -11.9398836792 4.90093079834 250.129770992 -103.740458015 -2.74045801527 END
START -3.11964476318 -9.11472572021 11.6932809082 250.129770992 -104.007633588 18.7557251908 END
START -2.93289703369 -0.359130249023 5.43004936523 250.129770992 -104.633587786 -2.67938931298 END
START -5.48272180176 -7.6734163208 5.68862314453 250.129770992 -105.190839695 5.54961832061 END
START 0.794874951172 -4.77403811035 3.03345350342 250.129770992 -104.534351145 4.0534351145 END
START 0.416591088867 -10.5656119263 12.9454483765 250.129770992 -104.190839695 15.0610687023 END
START -7.93917270508 -9.02853446045 6.84741674805 250.129770992 -102.847328244 10.1145038168 END
START 6.31829818115 -5.93043751221 10.0819831909 250.129770992 -104.236641221 6.40458015267 END
START -0.325611425781 -12.0141039307 8.18098707275 250.129770992 -104.625954198 11.0992366412 END
START -0.323217224121 -8.80826790771 9.39484731445 250.129770992 -104.41221374 4.5572519084 END
START 2.97359846191 -9.49300958252 10.0987426025 250.129770992 -104.595419847 0.900763358779 END
START -0.0526724365234 -7.75003077393 8.18338127441 250.129770992 -108.709923664 19.1908396947 END
START -4.89614239502 -7.03895288086 4.37181223145 250.129770992 -102.496183206 5.93893129771 END
START 1.02711251221 -9.94790789795 4.17069929199 250.129770992 -103.732824427 12.6259541985 END
START -0.61530982666 -1.8507178833 6.87614716797 250.129770992 -104.93129771 14.1221374046 END
START 9.88087025146 -8.50659849854 4.52025273438 250.129770992 -90.4503816794 10.7175572519 END
START 6.1171852417 -12.145785022 11.3772462891 250.129770992 -96.358778626 9.15267175573 END
START 5.62637390137 -10.2304236938 11.3126028442 250.129770992 -86.5190839695 4.16030534351 END
START -0.428562097168 -9.80904420166 7.07486590576 250.129770992 -81.9007633588 2.59541984733 END
START 5.24330163574 -8.78193168945 8.42280144043 250.129770992 -72.6870229008 9.97709923664 END
START 10.3453453735 -6.52898792725 8.50420429687 250.129770992 -74.2671755725 11.8473282443 END
START 7.77636699219 -2.88501300049 6.15070406494 250.129770992 -71.7099236641 5.04580152672 END
START 2.72938989258 -5.22414802246 9.57441243896 250.129770992 -64.2519083969 14.1984732824 END
START 0.414196887207 -10.9223479736 7.69496413574 250.129770992 -63.6641221374 2.96183206107 END
START 4.9272670166 -14.2957781128 13.0867062744 250.129770992 -70.320610687 2.54961832061 END
START 2.93289703369 -8.30548555908 6.63433280029 250.129770992 -64.1908396947 2.46564885496 END
START 6.00944616699 -12.5623761108 7.22809481201 250.129770992 -59.5801526718 3.96946564885 END