START 4.60644399414 -10.5368815063 8.55927093506 250.129770992 -71.893129771 -2.3358778626 END
START 2.88022459717 -12.87841073 6.37815322266 250.129770992 -72.8549618321 5.96183206107 END
START 4.58250197754 -12.3660515747 -1.00317049561 250.129770992 -78.4961832061 10.9389312977 END
START -0.711077893066 -5.95198532715 8.36534060059 250.129770992 -79.3511450382 14.3664122137 END
START 0.131681091309 -10.7403886475 10.0436759644 250.129770992 -83.1145038168 4.28244274809 END
START -3.9121255127 -15.9908728882 10.9319247803 250.129770992 -90.6641221374 14.5877862595 END
START 0.383072265625 -12.5456166992 9.07641849365 250.129770992 -78.786259542 9.80152671756 END
START -0.438138903809 -7.32386287842 4.15633408203 250.129770992 -94.7099236641 19.4580152672 END
START 4.83389315186 -10.0580411743 10.405200415 250.129770992 -101.458015267 3.60305343511 END
START -5.51145222168 -10.2208468872 10.6254669678 250.129770992 -99.5954198473 -1.01526717557 END
START 3.83072265625 -8.04691177979 8.8633345459 250.129770992 -93.6030534351 -1.29770992366 END
START 2.88501300049 -4.83868155518 4.74770189209 250.129770992 -95.5572519084 20.3740458015 END
START 4.47715710449 -2.87304199219 6.51701691895 250.129770992 -97.6030534351 1.75572519084 END
START 6.02859978027 -11.8034141846 6.12676204834 250.129770992 -95.9312977099 5.06106870229 END
START 3.15795198975 -2.56897838135 8.42998404541 250.129770992 -103.679389313 16.4503816794 END
START 7.98466253662 -11.5424462036 6.46434448242 250.129770992 -77.3816793893 5.30534351145 END
START -1.73579620361 -15.1002298706 7.108384729 250.129770992 -84.9694656489 3.9465648855 END
START 2.96881005859 -5.85142885742 10.180145459 250.129770992 -103.65648855 0.0229007633588 END
START -1.09654436035 -9.60074865723 8.53054051514 250.129770992 -88.3664122137 12.6717557252 END
START -0.46686932373 0.500388146973 6.742071875 250.129770992 -91.8473282443 13.3740458015 END
START -2.40138426514 -7.03895288086 10.3956236084 250.129770992 -92.7404580153 5.43511450382 END
START -3.311180896 -7.87452926025 5.53539423828 250.129770992 -81.2519083969 2.82442748092 END
START 2.73657249756 -12.0500169556 13.1657149292 250.129770992 -79.7786259542 11.2213740458 END
START 8.54011732178 -9.71806453857 7.76679018555 250.129770992 -75.1755725191 0.778625954198 END
START 0.569819995117 -10.2016932739 9.61511386719 250.129770992 -80.0152671756 -0.328244274809 END
START 1.07020814209 -6.36857641602 6.14352145996 250.129770992 -70.1679389313 1.18320610687 END
START 2.82515795898 -11.3006318359 9.54328781738 250.129770992 -82.0076335878 11.9770992366 END
START -1.98239897461 -6.4116720459 5.92086070557 250.129770992 -71.6488549618 10.2061068702 END
START 5.94001431885 -6.03099398193 9.65342109375 250.129770992 -89.9618320611 13.1297709924 END
START 5.53778843994 -10.2016932739 11.6717330933 250.129770992 -78.9007633588 15.0610687023 END
START 10.3549221802 -8.0397291748 8.37012900391 250.129770992 -77.4885496183 3.56488549618 END
START 9.82340941162 -5.83945784912 5.69580574951 250.129770992 -76.6106870229 -1.50381679389 END
START 5.39413634033 -3.64876333008 7.31668027344 250.129770992 -81.9312977099 7.52671755725 END
START -1.87226569824 -10.8098204956 8.38449421387 250.129770992 -70.2748091603 7.51908396947 END
START 0.818816967773 -10.6302553711 7.59440766602 250.129770992 -64.7480916031 6.35877862595 END
START -2.14999309082 -3.00951148682 6.77080229492 250.129770992 -62.9847328244 6.57251908397 END
START 0.316034619141 -9.80665 9.34456907959 250.129770992 -68.1374045802 14.3435114504 END
START 3.72298358154 -4.79319172363 7.6734163208 250.129770992 -56.0992366412 -2.12213740458 END
START -5.26484945068 -4.18506450195 7.81706842041 250.129770992 -55.3129770992 10.1755725191 END
START -7.18021077881 -6.375759021 2.20745393066 250.129770992 -51.4961832061 8.48854961832 END
START 6.10282003174 -12.1098719971 9.36372269287 250.129770992 -41.786259542 6.58015267176 END
START 0.775721337891 -7.46751497803 5.03261188965 250.129770992 -56.9236641221 8.19847328244 END
START 6.67264002686 -12.9885440063 5.88015927734 250.129770992 -51.7480916031 9.35114503817 END
START 3.70622416992 -11.5280809937 3.84987626953 250.129770992 -48.1755725191 -4.28244274809 END
START -2.66953485107 -7.40047733154 4.97275684814 250.129770992 -52.0 11.8244274809 END
START -2.82755216064 -14.1329723999 10.6996872192 250.129770992 -49.6946564885 5.93129770992 END
START 1.20907183838 -3.47638081055 9.4762501709 250.129770992 -50.572519084 15.1984732824 END
START 6.83783994141 -17.1424838867 3.40934316406 250.129770992 -48.7022900763 2.59541984733 END
START -4.67108743896 -11.0348754517 6.00944616699 250.129770992 -58.1145038168 2.90076335878 END
START -0.61052142334 -8.46829127197 5.02064088135 250.129770992 -53.1679389313 5.85496183206 END
START 2.22900174561 -6.4475850708 4.48912811279 250.129770992 -69.1984732824 3.93893129771 END
START -0.967257470703 -6.87854136963 6.47870969238 250.129770992 -60.0534351145 2.60305343511 END
START -4.25689055176 -5.86339986572 1.45088620605 250.129770992 -75.6870229008 9.67938931298 END
START 3.78762702637 -5.31512768555 5.65031591797 250.129770992 -80.7633587786 20.9236641221 END
START -1.57538469238 -6.75164868164 3.95043273926 250.129770992 -95.8702290076 4.00763358779 END
START -4.19224710693 -11.8082025879 12.4737906494 250.129770992 -89.5954198473 8.28244274809 END
START 1.22822545166 -3.00711728516 9.50258638916 250.129770992 -86.4122137405 5.4427480916 END
START -0.60573302002 -11.3030260376 6.84262834473 250.129770992 -99.5419847328 -3.18320610687 END
START -0.359130249023 -11.9087590576 5.44202037354 250.129770992 -99.7557251908 4.06870229008 END
START -8.40843623047 -11.2431709961 6.88811817627 250.129770992 -106.541984733 5.51908396947 END
START -2.91853182373 -12.4474544312 5.71017095947 250.129770992 -98.2595419847 -0.221374045802 END
START -3.76847341309 -9.63905588379 8.99501563721 250.129770992 -88.8244274809 5.92366412214 END
START 1.62805712891 -8.71489404297 8.28154354248 250.129770992 -106.038167939 4.80152671756 END
START 7.58243665771 -5.58088406982 4.903325 250.129770992 -105.282442748 15.4809160305 END
START -0.991199487305 1.68072956543 8.02536396484 250.129770992 -101.129770992 5.99236641221 END
START -6.73249506836 -8.92079538574 12.370839978 250.129770992 -104.65648855 12.7480916031 END
START -4.76446130371 -8.84178673096 4.77882651367 250.129770992 -104.503816794 11.6183206107 END
START 0.840364782715 -5.00627567139 6.33984599609 250.129770992 -103.534351145 9.27480916031 END
START 3.58172568359 -4.5250411377 8.50420429687 250.129770992 -104.198473282 12.8167938931 END
START -1.24498486328 -4.33589920654 8.12831463623 250.129770992 -104.41221374 8.41221374046 END
START -0.435744702148 -11.9350952759 7.37174691162 250.129770992 -105.41221374 15.2061068702 END
START -2.10450325928 -4.12042105713 3.47877501221 250.129770992 -105.015267176 7.50381679389 END
START 1.41497318115 -8.95670841064 11.5999070435 250.129770992 -105.076335878 -3.09923664122 END
START -0.117315881348 -11.4778027588 6.85938775635 250.129770992 -102.541984733 4.22900763359 END
START 1.51552965088 -8.37970581055 6.73728347168 250.129770992 -104.41221374 5.59541984733 END
START 0.263362182617 0.675164868164 9.34456907959 250.129770992 -105.572519084 -3.71755725191 END
START 2.06619603271 -9.84974562988 11.9566430908 250.129770992 -93.8702290076 2.2213740458 END
START 0.905008227539 -6.67503422852 11.5927244385 250.129770992 -101.633587786 3.69465648855 END
START 5.93043751221 -8.69334622803 6.89051237793 250.129770992 -103.709923664 3.65648854962 END
START 7.14669195557 -5.65031591797 10.0628295776 250.129770992 -98.9541984733 8.49618320611 END
START -0.385466467285 -12.5911065308 10.3190091553 250.129770992 -104.045801527 5.35877862595 END
START -4.94881483154 -9.32541546631 3.7014357666 250.129770992 -97.1832061069 2.93893129771 END
START 1.39103116455 -11.2742956177 13.48414375 250.129770992 -98.3893129771 10.8473282443 END
START 10.2591541138 -9.58159504395 6.17464608154 250.129770992 -78.5648854962 8.41984732824 END
START 1.09415015869 -10.4818148682 3.10767375488 250.129770992 -94.8473282443 3.20610687023 END
START 7.44357296143 -2.04464821777 7.80030900879 250.129770992 -86.3893129771 6.2213740458 END
START 1.25695587158 -13.5607582031 5.96635053711 250.129770992 -101.923664122 8.19847328244 END
START 4.79558592529 -12.1840922485 7.06768330078 250.129770992 -87.7480916031 9.51145038168 END
START 2.42053787842 -9.7587659668 4.69502945557 250.129770992 -76.8396946565 4.40458015267 END
START 3.13400997314 -0.110133276367 6.50265170898 250.129770992 -85.1526717557 14.6106870229 END
START 1.92972653809 -10.2423947021 1.78846864014 250.129770992 -66.4198473282 -0.946564885496 END