START -2.74854350586 -6.71094725342 7.12753834229 250.129770992 -100.923664122 5.87022900763 END
START 6.60320817871 -7.30949766846 18.3276137085 250.129770992 -70.5877862595 12.4351145038 END
START 0.390254870605 -7.67581052246 12.2008516602 250.129770992 -74.6564885496 4.1679389313 END
START -3.16274039307 -9.27513723145 11.3054202393 250.129770992 -77.106870229 3.62595419847 END
START -4.26407315674 -4.14436307373 9.38527050781 250.129770992 -81.3129770992 3.28244274809 END
START 1.5442600708 -8.99022723389 8.15225665283 250.129770992 -71.6183206107 11.8549618321 END
START -0.141257897949 -5.68622894287 11.9255184692 250.129770992 -78.6564885496 5.25190839695 END
START -9.22246479492 -5.36301171875 10.8289741089 250.129770992 -65.8320610687 9.46564885496 END
START -0.936132849121 -9.83538041992 5.43723197021 250.129770992 -62.0 4.22900763359 END
START 5.18105239258 -2.99993468018 6.1770402832 250.129770992 -63.9770992366 4.43511450382 END
START 2.31279880371 -12.6916630005 4.06296021729 250.129770992 -65.7938931298 8.61832061069 END
START 6.75164868164 -14.8344734863 6.71334145508 250.129770992 -53.6870229008 8.52671755725 END
START 5.65031591797 -9.30386765137 10.6853220093 250.129770992 -57.6335877863 14.0763358779 END
START 1.51074124756 -6.95755002441 15.0738936523 250.129770992 -54.2748091603 9.3358778626 END
START -1.39821376953 -4.41730206299 3.06218392334 250.129770992 -53.1221374046 7.8320610687 END
START 5.09486113281 -1.81241065674 7.04613548584 250.129770992 -60.2290076336 4.77099236641 END
START 1.00077629395 -7.63989749756 11.9638256958 250.129770992 -52.7251908397 6.35114503817 END
START 10.785878479 -7.108384729 8.46589707031 250.129770992 -40.2977099237 5.32061068702 END
START 1.10372696533 -4.52743533936 8.12592043457 250.129770992 -46.2366412214 8.42748091603 END
START -13.9653782837 3.93846173096 13.0124860229 250.129770992 -32.641221374 18.1221374046 END
START 5.34146390381 -10.3621047852 5.68862314453 250.129770992 -31.4122137405 1.11450381679 END
START 4.86501777344 -17.9253878296 8.14028564453 250.129770992 -25.6259541985 5.03816793893 END
START 8.11873782959 -4.86262357178 12.3253501465 250.129770992 -31.9160305344 15.9618320611 END
START 3.07176072998 -6.95755002441 9.69651672363 250.129770992 -32.893129771 4.50381679389 END
START 5.53300003662 -5.71735356445 12.2559182983 250.129770992 -31.5572519084 -2.40458015267 END
START 6.72291826172 -12.2080342651 4.85304676514 250.129770992 -49.8015267176 10.465648855 END
START -1.77649763184 -9.37329949951 5.04218869629 250.129770992 -49.8625954198 13.4580152672 END
START -4.9512090332 -13.7091987061 7.34780489502 250.129770992 -51.9618320611 14.9541984733 END
START -10.1466266357 -7.52737001953 8.02536396484 250.129770992 -65.465648855 4.18320610687 END
START -5.25048424072 -6.31590397949 10.419565625 250.129770992 -69.3816793893 0.610687022901 END
START 3.62721551514 -8.28872614746 9.05726488037 250.129770992 -72.3969465649 6.27480916031 END
START -3.35188232422 -7.47469758301 3.6415807251 250.129770992 -76.4732824427 11.3282442748 END
START 7.26400783691 -3.69425316162 7.20654699707 250.129770992 -74.9541984733 4.80152671756 END
START -0.30166940918 -10.1681744507 1.82917006836 250.129770992 -84.3740458015 10.0916030534 END
START -5.04697709961 -14.7650416382 8.48983908691 250.129770992 -97.1297709924 15.106870229 END
START -4.88895979004 -6.56250675049 5.23851323242 250.129770992 -95.2519083969 15.5496183206 END
START -5.2337248291 -3.62721551514 3.41173736572 250.129770992 -98.2595419847 10.1374045802 END
START 8.83220992432 -17.4872489258 3.04542451172 250.129770992 -89.9770992366 10.427480916 END
START -1.41018477783 -12.0308633423 11.4083709106 250.129770992 -104.541984733 16.4122137405 END
START 3.21541282959 -10.0867715942 6.13873305664 250.129770992 -104.229007634 17.0229007634 END
START 2.04464821777 -9.26795462646 2.26252056885 250.129770992 -95.4198473282 9.2213740458 END
START -1.42215578613 -11.7483475464 5.01585247803 250.129770992 -105.328244275 9.41221374046 END
START 5.43723197021 -7.40526573486 8.57603034668 250.129770992 -99.5496183206 0.931297709924 END
START 3.24174904785 -10.9223479736 3.48116921387 250.129770992 -92.7099236641 1.64885496183 END
START 6.22013591309 -8.37731160889 7.53215842285 250.129770992 -84.5267175573 10.6259541985 END
START 2.63841022949 -8.65982740479 12.8424977051 250.129770992 -90.6488549618 6.15267175573 END
START 1.04866032715 -4.48673391113 3.76847341309 250.129770992 -71.0992366412 5.35114503817 END
START 12.5743471191 -4.24491954346 8.13549724121 250.129770992 -77.6183206107 1.0534351145 END
START 3.66073433838 -10.1562034424 8.59518395996 250.129770992 -73.572519084 13.358778626 END
START 0.215478149414 -7.10120212402 5.04937130127 250.129770992 -81.4351145038 8.09923664122 END
START 1.29047469482 -9.30865605469 10.180145459 250.129770992 -71.0076335878 10.0534351145 END
START 9.94551369629 -9.15063874512 10.546458313 250.129770992 -58.4198473282 10.2519083969 END
START 1.81959326172 -11.5041389771 7.45075556641 250.129770992 -57.9160305344 5.92366412214 END
START 7.60398447266 -4.70939466553 5.29118566895 250.129770992 -58.9236641221 -1.29770992366 END
START 5.67186373291 -10.7044756226 10.0556469727 250.129770992 -56.2366412214 4.08396946565 END
START 0.909796630859 -11.750741748 6.06211860352 250.129770992 -51.2519083969 1.52671755725 END
START -2.1332336792 -4.81234533691 7.11077893066 250.129770992 -57.1984732824 12.534351145 END
START 5.87297667236 -9.24880101318 14.4681606323 250.129770992 -66.213740458 6.29770992366 END
START -2.15238729248 -10.0987426025 7.32146867676 250.129770992 -74.6488549618 1.32061068702 END
START 4.26407315674 -14.0419927368 9.80904420166 250.129770992 -69.3664122137 8.46564885496 END
START -4.55855996094 -12.0428343506 8.00142194824 250.129770992 -68.5877862595 2.06870229008 END
START -1.84114107666 -9.39245311279 14.8105314697 250.129770992 -69.1679389313 5.37404580153 END
START 1.45088620605 -10.0173397461 3.32075770264 250.129770992 -97.679389313 6.91603053435 END
START -0.787692346191 -10.433930835 4.66390483398 250.129770992 -73.0610687023 4.96946564885 END
START -4.10126744385 -8.5449057251 10.3644989868 250.129770992 -89.0152671756 15.2900763359 END
START -4.47715710449 -6.35421120605 5.47793339844 250.129770992 -76.9694656489 4.45801526718 END
START -4.80037432861 -4.21618912354 8.90882437744 250.129770992 -89.7022900763 -3.78625954198 END
START -1.8746598999 -11.8129909912 8.2504189209 250.129770992 -80.0839694656 10.8702290076 END
START -3.05739552002 -9.00698664551 16.5798464966 250.129770992 -83.5190839695 5.43511450382 END
START 1.30005150146 -12.5839239258 11.0923362915 250.129770992 -78.6641221374 8.3893129771 END
START -0.505176550293 -1.64721074219 4.537012146 250.129770992 -82.8091603053 5.47328244275 END
START 5.82030423584 -10.9510783936 8.55208833008 250.129770992 -95.320610687 5.80916030534 END
START -2.37265384521 -12.1601502319 14.1305781982 250.129770992 -101.480916031 3.77099236641 END
START -0.646434448242 -12.4594254395 6.90487758789 250.129770992 -100.358778626 14.0916030534 END
START -7.62792648926 -7.01501086426 6.30632717285 250.129770992 -102.473282443 8.25190839695 END
START 0.0502782348633 -2.04943662109 8.5089927002 250.129770992 -96.2595419847 2.19083969466 END
START -1.838746875 -9.14824454346 5.62876810303 250.129770992 -97.1145038168 13.8778625954 END
START 0.375889660645 -14.4897084473 5.5760956665 250.129770992 -104.389312977 -3.41221374046 END
START 8.49223328857 -9.49779798584 6.14830986328 250.129770992 -104.251908397 9.43511450382 END
START 2.37265384521 -7.71411774902 5.60482608643 250.129770992 -86.0839694656 14.4198473282 END
START 8.05409438477 -8.53532891846 7.65905111084 250.129770992 -78.9236641221 8.19847328244 END
START 9.65820949707 -10.6278611694 7.33583388672 250.129770992 -97.7099236641 3.00763358779 END
START -0.632069238281 -14.6908213867 5.762843396 250.129770992 -71.0534351145 5.52671755725 END
START 1.96563956299 -6.79235010986 12.124237207 250.129770992 -65.786259542 2.51145038168 END
START 4.07493122559 -11.532869397 16.5798464966 250.129770992 -57.0687022901 5.1679389313 END
START 5.51863482666 -6.03099398193 4.53222374268 250.129770992 -61.1603053435 4.59541984733 END