START -6.77080229492 -5.62876810303 4.67587584229 250.129770992 -75.4885496183 12.9465648855 END
START -3.53623585205 -4.85304676514 10.8600987305 250.129770992 -67.4198473282 11.2824427481 END
START -6.82586893311 -12.6916630005 8.41801303711 250.129770992 -69.3740458015 11.1526717557 END
START 1.1659762085 -9.09317790527 5.31991608887 250.129770992 -51.4809160305 3.42748091603 END
START 5.49469281006 -5.57848986816 10.1107136108 250.129770992 -66.358778626 7.58778625954 END
START -0.792480749512 -7.36935270996 5.18823499756 250.129770992 -63.358778626 0.549618320611 END
START -0.0335188232422 -6.56490095215 7.35259329834 250.129770992 -69.8473282443 -2.23664122137 END
START 5.34385810547 -7.08683691406 10.6278611694 250.129770992 -59.7786259542 10.0076335878 END
START 1.4844050293 -17.6596314453 9.79946739502 250.129770992 -56.2977099237 13.6488549618 END
START -5.41089575195 -12.2870429199 4.52025273438 250.129770992 -56.0992366412 4.9465648855 END
START 2.27209737549 -5.40610734863 4.73812508545 250.129770992 -57.9083969466 15.5114503817 END
START 7.97269152832 -6.78516750488 11.2072579712 250.129770992 -45.5190839695 6.80916030534 END
START -0.0646434448242 -10.1418382324 7.56807144775 250.129770992 -40.0 -0.0992366412214 END
START 0.337582434082 -2.23857855225 15.5335803711 250.129770992 -48.641221374 -1.81679389313 END
START 6.05254179687 -6.3877300293 7.99902774658 250.129770992 -46.106870229 8.84732824427 END
START -2.085349646 -2.47081611328 9.4762501709 250.129770992 -50.0534351145 16.7099236641 END
START -1.10851536865 -9.07402429199 5.88734188232 250.129770992 -58.9923664122 4.6641221374 END
START 0.514753356934 1.09654436035 6.65588061523 250.129770992 -51.5572519084 9.72519083969 END
START -6.10760843506 -8.68137521973 11.6046954468 250.129770992 -49.9694656489 13.1679389313 END
START -4.87220037842 -8.55208833008 4.78361491699 250.129770992 -61.0839694656 3.73282442748 END
START -3.17949980469 0.893037219238 7.6494743042 250.129770992 -57.4503816794 4.37404580153 END
START 0.730231506348 -10.2447889038 10.2136642822 250.129770992 -58.8473282443 15.8244274809 END
START 2.19548292236 -8.31985076904 7.45793817139 250.129770992 -67.786259542 14.8015267176 END
START 7.4148425415 -9.26795462646 10.4171714233 250.129770992 -71.4885496183 10.3816793893 END
START -1.56101948242 -10.8720697388 6.60320817871 250.129770992 -74.2595419847 9.49618320611 END
START 4.07493122559 -8.04212337646 12.9358715698 250.129770992 -76.9236641221 -3.61832061069 END
START -2.79882174072 -14.8464444946 11.8943938477 250.129770992 -72.2519083969 21.9465648855 END
START 4.62799180908 -10.5967365479 6.24886633301 250.129770992 -75.9083969466 12.5496183206 END
START 1.98000477295 -4.18027609863 7.53694682617 250.129770992 -80.5190839695 3.1679389313 END
START -2.07577283936 -5.51863482666 8.96149681396 250.129770992 -86.5038167939 4.58015267176 END
START -6.40927784424 -9.95030209961 8.54969412842 250.129770992 -84.6946564885 0.458015267176 END
START -0.186747729492 -9.32541546631 8.38210001221 250.129770992 -96.0610687023 -1.73282442748 END
START -0.0909796630859 -8.63349118652 5.88734188232 250.129770992 -98.9618320611 2.67175572519 END
START 9.05726488037 -9.03092866211 8.46110866699 250.129770992 -100.503816794 11.1526717557 END
START -4.31913979492 -14.5519576904 12.3157733398 250.129770992 -104.832061069 17.9770992366 END
START 2.90656081543 -5.02303508301 7.84819304199 250.129770992 -100.27480916 12.7480916031 END
START -1.21146604004 -10.2400005005 7.17063397217 250.129770992 -97.7557251908 7.43511450382 END
START 6.24886633301 -14.9661545776 7.65665690918 250.129770992 -87.893129771 10.4809160305 END
START 10.927136377 -9.80425579834 2.94007963867 250.129770992 -84.0687022901 0.732824427481 END
START 0.646434448242 -7.54412943115 7.83382783203 250.129770992 -83.0534351145 4.41221374046 END
START 0.895431420898 -13.6852566895 5.58088406982 250.129770992 -90.1221374046 0.63358778626 END
START -1.29526309814 -9.71327613525 0.727837304687 250.129770992 -95.6946564885 -3.58778625954 END
START 2.09253225098 -11.1474029297 5.95916793213 250.129770992 -93.9847328244 2.88549618321 END
START -3.20823022461 -7.67102211914 2.66235224609 250.129770992 -95.106870229 14.2748091603 END
START 6.85938775635 -3.9360675293 6.30153876953 250.129770992 -105.015267176 11.0458015267 END
START 0.739808312988 -12.4857616577 13.3117612305 250.129770992 -78.1755725191 18.9847328244 END
START 10.7643306641 -8.09958421631 3.28963308105 250.129770992 -89.106870229 14.8549618321 END
START 2.76051451416 -5.90410129395 8.91361278076 250.129770992 -84.4961832061 6.45801526718 END
START 1.72382519531 -10.053252771 6.01423457031 250.129770992 -85.1755725191 5.74045801527 END
START 1.01992990723 -9.78510218506 9.2296473999 250.129770992 -75.893129771 -0.81679389313 END
START 8.3461869873 -5.26724365234 3.48595761719 250.129770992 -65.6259541985 3.45038167939 END
START 0.756567724609 -10.285490332 9.33978067627 250.129770992 -67.5038167939 3.73282442748 END
START 1.42694418945 -7.96550892334 10.3094323486 250.129770992 -73.2519083969 3.32824427481 END
START 1.08936175537 -7.98226833496 6.67982263184 250.129770992 -64.572519084 4.14503816794 END
START 0.538695373535 -11.8800286377 1.68072956543 250.129770992 -58.7022900763 6.29007633588 END
START -1.36230074463 -5.54736524658 6.43321986084 250.129770992 -62.1984732824 6.21374045802 END
START 6.42124885254 -10.41238302 8.60236656494 250.129770992 -59.0229007634 17.1297709924 END
START 7.65186850586 -7.58722506104 4.91050760498 250.129770992 -51.3893129771 6.04580152672 END
START -0.0790086547852 -10.0436759644 7.64229169922 250.129770992 -64.679389313 7.14503816794 END
START -4.12760366211 -6.90727178955 7.9798741333 250.129770992 -70.3664122137 3.16030534351 END
START -2.17872351074 -4.34308181152 4.21618912354 250.129770992 -84.2290076336 8.85496183206 END
START 3.59130249023 -4.69981785889 5.32470449219 250.129770992 -65.2824427481 10.7099236641 END
START 4.90093079834 -16.6588551514 8.3222449707 250.129770992 -70.0687022901 11.4885496183 END
START -2.99514627686 -6.988674646 10.0340991577 250.129770992 -66.5190839695 17.4961832061 END
START 1.21864864502 -13.4171061035 4.14915147705 250.129770992 -71.6030534351 1.47328244275 END
START -6.7181298584 -9.95030209961 8.70292303467 250.129770992 -76.5114503817 10.358778626 END
START -4.10605584717 -9.86411083984 12.9669961914 250.129770992 -78.2290076336 3.54961832061 END
START -2.15238729248 -13.49850896 9.48582697754 250.129770992 -81.9007633588 10.5496183206 END
START 1.00317049561 -8.85615194092 3.93846173096 250.129770992 -79.4503816794 5.4427480916 END
START -3.52665904541 -5.63595070801 7.38132371826 250.129770992 -80.7251908397 -1.40458015267 END
START -0.885854614258 -10.8433393188 4.8674119751 250.129770992 -95.4809160305 13.2366412214 END
START -4.290409375 -9.72045874023 8.19535228271 250.129770992 -94.2900763359 2.51908396947 END
START -10.9798088135 -4.69263525391 7.108384729 250.129770992 -103.480916031 2.29007633588 END
START -5.12837995605 -10.3740757935 6.57447775879 250.129770992 -90.0152671756 4.12977099237 END
START -2.29603939209 -5.7867854126 12.5527993042 250.129770992 -90.8091603053 2.59541984733 END
START 1.15879360352 -11.7004635132 6.01902297363 250.129770992 -87.572519084 0.374045801527 END
START -1.84592947998 -5.88494768066 8.80108530273 250.129770992 -83.213740458 3.09923664122 END
START -0.00478840332031 -15.076287854 9.00459244385 250.129770992 -96.7557251908 9.34351145038 END
START 0.888248815918 -11.4107651123 3.68467635498 250.129770992 -104.503816794 14.5190839695 END
START 4.12281525879 -8.08043060303 7.81228001709 250.129770992 -94.1984732824 2.82442748092 END
START 1.55862528076 -8.05170018311 6.70855305176 250.129770992 -101.885496183 9.12977099237 END
START -2.65995804443 -10.2687309204 11.384428894 250.129770992 -96.5954198473 7.28244274809 END
START 4.3263223999 -6.64630380859 12.7036340088 250.129770992 -109.435114504 5.25954198473 END
START 9.04050546875 -14.1617028198 3.72058937988 250.129770992 -90.9083969466 -1.43511450382 END
START 1.30962830811 -4.40293685303 9.13627353516 250.129770992 -86.3969465649 15.4809160305 END
START 8.77953748779 -14.1449434082 6.24647213135 250.129770992 -81.0381679389 -1.31297709924 END
START 5.93283171387 0.720654699707 6.19140549316 250.129770992 -71.6030534351 11.8091603053 END
START 7.47230338135 -10.0340991577 10.2208468872 250.129770992 -58.1984732824 14.9312977099 END
START 3.35427652588 -6.61039078369 7.16345136719 250.129770992 -50.9236641221 14.3740458015 END
START 9.37808790283 -7.42441934814 5.5760956665 250.129770992 -54.358778626 2.69465648855 END
START -5.35343491211 -8.45392606201 7.75960758057 250.129770992 -47.7022900763 9.32061068702 END