START 2.3798364502 -12.7467296387 4.73812508545 250.129770992 -79.3740458015 6.51145038168 END
START 1.19949503174 -6.56490095215 3.13400997314 250.129770992 -86.5190839695 13.0458015267 END
START 2.71741888428 -4.86022937012 12.6557499756 250.129770992 -86.8396946565 3.47328244275 END
START -0.0287304199219 -14.1090303833 6.23928952637 250.129770992 -84.8549618321 0.786259541985 END
START 3.00951148682 -11.0037508301 9.16739815674 250.129770992 -76.5038167939 6.36641221374 END
START 6.43082565918 -4.36462962646 10.6446205811 250.129770992 -80.8549618321 10.1450381679 END
START 6.63193859863 -5.95437952881 11.1258551147 250.129770992 -75.0839694656 5.17557251908 END
START 0.600944616699 -4.97754525146 12.2008516602 250.129770992 -76.5419847328 -0.526717557252 END
START 4.60404979248 -2.4396914917 16.548721875 250.129770992 -68.9389312977 6.38167938931 END
START 0.847547387695 -8.25760152588 9.90481226807 250.129770992 -71.8015267176 8.4427480916 END
START 8.24084211426 -10.6398321777 8.93276639404 250.129770992 -74.3664122137 9.65648854962 END
START 3.73256038818 -3.90494290771 5.03500609131 250.129770992 -65.320610687 13.4198473282 END
START 6.1052142334 -6.44997927246 14.358027356 250.129770992 -55.1145038168 5.27480916031 END
START -1.42215578613 -11.65257948 8.71489404297 250.129770992 -68.1679389313 10.5190839695 END
START -0.134075292969 -5.7987564209 9.5720182373 250.129770992 -47.5572519084 -0.0152671755725 END
START 9.39484731445 -6.55771834717 7.62313808594 250.129770992 -60.2671755725 -1.37404580153 END
START -1.70467158203 -5.09486113281 7.27119044189 250.129770992 -53.1755725191 -2.36641221374 END
START 2.19787712402 -4.00549937744 6.04057078857 250.129770992 -49.1297709924 0.984732824427 END
START 9.07163009033 -2.4396914917 14.6980039917 250.129770992 -66.320610687 9.0 END
START 3.83072265625 -9.83538041992 3.96719215088 250.129770992 -64.8320610687 -4.32061068702 END
START 0.514753356934 -5.26484945068 8.10437261963 250.129770992 -54.9083969466 8.68702290076 END
START 5.69341154785 -9.31344445801 8.44913765869 250.129770992 -68.2519083969 9.00763358779 END
START -3.19625921631 -7.84340463867 11.2168347778 250.129770992 -63.1450381679 16.0839694656 END
START 4.73812508545 -17.415422876 6.95755002441 250.129770992 -59.5801526718 9.38167938931 END
START -0.976834277344 -7.46990917969 10.2878845337 250.129770992 -49.9541984733 9.67938931298 END
START -0.344765039063 -4.99669886475 1.8746598999 250.129770992 -53.1679389313 17.4885496183 END
START 0.948103857422 -8.36294639893 4.40293685303 250.129770992 -55.9618320611 3.72519083969 END
START 0.234631762695 -8.55448253174 9.61750806885 250.129770992 -54.8549618321 8.87786259542 END
START -5.73411297607 -9.66778630371 7.77397279053 250.129770992 -66.8320610687 7.28244274809 END
START 1.01753570557 -6.73728347168 1.06541973877 250.129770992 -61.6641221374 12.641221374 END
START -3.07894333496 -10.1777512573 6.88332977295 250.129770992 -50.9389312977 -2.04580152672 END
START 8.41083043213 -12.3397153564 9.07641849365 250.129770992 -53.320610687 12.9160305344 END
START -2.28167418213 -11.8417214111 6.00226356201 250.129770992 -52.1374045802 16.7404580153 END
START 2.01831199951 -8.74601866455 5.31991608887 250.129770992 -50.641221374 6.92366412214 END
START 3.79480963135 -11.3269680542 9.1458503418 250.129770992 -56.4122137405 2.4427480916 END
START 2.83952316895 -8.8992475708 -0.497993945312 250.129770992 -57.6641221374 12.9083969466 END
START -0.481234533691 -13.0316396362 10.6134959595 250.129770992 -63.2671755725 -2.12977099237 END
START -2.63122762451 -12.8448919067 3.73016618652 250.129770992 -62.5419847328 9.14503816794 END
START -1.09893856201 -5.61440289307 6.40927784424 250.129770992 -69.0687022901 2.96946564885 END
START -5.84185205078 -7.67581052246 14.8823575195 250.129770992 -60.5954198473 7.96946564885 END
START -8.04930598145 -16.302119104 5.14035096436 250.129770992 -58.1297709924 11.9389312977 END
START 6.99346304932 -12.3540805664 -0.0526724365234 250.129770992 -69.213740458 14.0305343511 END
START 1.13485158691 -6.93121380615 8.21929429932 250.129770992 -73.9312977099 1.29770992366 END
START -2.43490308838 -10.6829278076 6.77080229492 250.129770992 -69.427480916 2.40458015267 END
START -1.69988317871 -4.74770189209 4.37181223145 250.129770992 -70.6488549618 4.54961832061 END
START -10.4913916748 -12.2176110718 7.24724842529 250.129770992 -78.4503816794 3.09923664122 END
START 7.30949766846 -7.74284816895 12.3899935913 250.129770992 -72.5496183206 1.90076335878 END
START -0.727837304687 -1.96803376465 9.1697923584 250.129770992 -85.7938931298 11.8625954198 END
START -1.66397015381 -12.2846487183 6.82826313477 250.129770992 -58.0839694656 9.15267175573 END
START -1.72143099365 -12.0931125854 5.12598575439 250.129770992 -71.1526717557 8.0 END
START -1.64481654053 -10.7332060425 8.99262143555 250.129770992 -78.2061068702 -4.70229007634 END
START -1.32399351807 -4.91290180664 5.31033928223 250.129770992 -82.679389313 10.6641221374 END
START 3.924096521 -9.22007059326 6.70376464844 250.129770992 -85.4580152672 9.82442748092 END
START -1.68791217041 -5.23851323242 5.03740029297 250.129770992 -88.893129771 7.31297709924 END
START -3.75889660645 -16.5918175049 3.7373487915 250.129770992 -77.9618320611 4.83969465649 END
START 2.99993468018 -15.2893718018 7.03895288086 250.129770992 -82.3664122137 8.3358778626 END
START 3.86663568115 -7.68059892578 3.50032282715 250.129770992 -92.4503816794 9.06870229008 END
START 2.24815535889 -9.66060369873 8.72447084961 250.129770992 -90.7175572519 -0.030534351145 END
START 1.14921679688 -12.3468979614 -0.732625708008 250.129770992 -77.1984732824 5.27480916031 END
START 7.06768330078 -8.20492908936 5.75805499268 250.129770992 -83.9007633588 6.62595419847 END
START 5.57370146484 -8.21929429932 5.24330163574 250.129770992 -81.4351145038 3.8320610687 END
START 2.37025964355 -12.2870429199 1.5562310791 250.129770992 -92.1145038168 20.8015267176 END
START -1.84592947998 -11.5927244385 7.42441934814 250.129770992 -79.2442748092 0.175572519084 END
START 0.416591088867 -10.1633860474 9.05008227539 250.129770992 -85.7938931298 7.84732824427 END
START -1.15161099854 -8.69334622803 8.30309135742 250.129770992 -78.7480916031 -2.09923664122 END
START 5.22893642578 -11.0612116699 10.067617981 250.129770992 -73.2366412214 2.81679389313 END
START 2.36068283691 -13.364433667 4.70939466553 250.129770992 -73.2061068702 14.2900763359 END
START 5.04458289795 -10.7068698242 2.39659586182 250.129770992 -96.3358778626 13.3282442748 END
START -0.579396801758 -3.95761534424 11.6956751099 250.129770992 -67.641221374 12.7022900763 END
START 10.5296989014 -14.0779057617 10.3597105835 250.129770992 -77.8091603053 6.48854961832 END
START 6.07169541016 -5.68622894287 6.78516750488 250.129770992 -68.8396946565 3.20610687023 END
START -2.60728560791 -13.5296335815 10.0724063843 250.129770992 -72.4427480916 4.54198473282 END
START 5.70538255615 -8.86812294922 12.1050835937 250.129770992 -75.8244274809 11.7633587786 END
START 5.09486113281 -5.31752188721 8.09479581299 250.129770992 -71.106870229 12.2061068702 END
START 2.93529123535 -9.78989058838 3.13400997314 250.129770992 -79.6564885496 11.0687022901 END
START 5.41089575195 -9.88805285645 6.36618221436 250.129770992 -78.9007633588 4.51145038168 END
START 4.02704719238 -11.5592056152 9.32302126465 250.129770992 -79.2977099237 10.7557251908 END
START 0.270544787598 -13.8384855957 10.4075946167 250.129770992 -72.8091603053 3.19847328244 END
START 3.51468803711 -6.90727178955 11.8584808228 250.129770992 -69.9541984733 6.56488549618 END
START 0.665588061523 -11.137826123 10.0101571411 250.129770992 -66.0992366412 2.03053435115 END
START 6.49786330566 -8.10197841797 9.78749638672 250.129770992 -73.2900763359 3.96183206107 END
START 4.73094248047 -12.0907183838 9.62469067383 250.129770992 -62.1755725191 -0.954198473282 END
START 4.40533105469 -9.48343277588 8.67658681641 250.129770992 -62.1374045802 3.25954198473 END
START 5.25527264404 -8.30787976074 2.89698400879 250.129770992 -64.4122137405 12.2595419847 END
START 1.87944830322 -8.36055219727 6.26801994629 250.129770992 -65.4503816794 9.97709923664 END
START 2.63122762451 -8.57124194336 3.30160408936 250.129770992 -63.7633587786 2.92366412214 END
START 2.09492645264 -8.81784471436 7.89368287354 250.129770992 -74.6564885496 7.86259541985 END
START 1.64721074219 -12.9095353516 12.8951701416 250.129770992 -71.320610687 13.0687022901 END
START -4.77403811035 -15.6078006226 6.05972440186 250.129770992 -72.6946564885 6.11450381679 END
START -0.287304199219 -8.42040723877 10.3118265503 250.129770992 -77.4580152672 -5.3893129771 END
START 4.69742365723 -12.0979009888 6.83544573975 250.129770992 -78.4809160305 3.3893129771 END
START -8.53054051514 -7.11317313232 6.16028087158 250.129770992 -81.2442748092 5.19847328244 END
START -10.5967365479 -12.7634890503 11.8082025879 250.129770992 -79.5496183206 11.6641221374 END
START -1.57299049072 -3.29681568604 7.00543405762 250.129770992 -86.8549618321 5.12977099237 END
START 4.65193382568 -13.0172744263 11.8393272095 250.129770992 -82.6106870229 22.6259541985 END
START -3.36385333252 -11.1114899048 11.779472168 250.129770992 -96.6946564885 4.29770992366 END
START -1.07020814209 -12.026074939 7.78833800049 250.129770992 -93.7022900763 5.07633587786 END
START 2.39420166016 -7.61116707764 9.28231983643 250.129770992 -97.3435114504 1.63358778626 END
START -3.50750543213 -7.51300480957 7.9200190918 250.129770992 -93.1526717557 13.1755725191 END
START -0.593762011719 -18.1600195923 7.25921943359 250.129770992 -91.5877862595 -3.07633587786 END
START -7.42202514648 -5.72214196777 10.9510783936 250.129770992 -97.6717557252 11.0992366412 END
START 2.48518132324 -7.52497581787 3.47159240723 250.129770992 -90.8854961832 3.8320610687 END
START -1.8148048584 -9.80904420166 7.43399615479 250.129770992 -104.580152672 3.34351145038 END
START -5.67904633789 -5.39892474365 12.512097876 250.129770992 -95.0 4.70229007634 END
START -1.84114107666 -4.26407315674 6.64630380859 250.129770992 -85.7404580153 10.7251908397 END
START 0.708683691406 -11.9207300659 6.54574733887 250.129770992 -104.503816794 16.4580152672 END
START 2.11647426758 -5.95916793213 7.53694682617 250.129770992 -105.358778626 2.42748091603 END
START 3.36385333252 -12.1338140137 9.37808790283 250.129770992 -103.854961832 7.47328244275 END
START 8.88967076416 -8.46110866699 9.38287630615 250.129770992 -99.8854961832 7.9465648855 END
START 8.25520732422 -8.57363614502 12.5025210693 250.129770992 -97.7709923664 3.14503816794 END
START 7.90325968018 -10.666168396 6.51941112061 250.129770992 -89.8854961832 4.36641221374 END
START 7.17302817383 -9.61511386719 10.3405569702 250.129770992 -71.2366412214 9.12977099237 END
START 9.72764134521 -10.9582609985 6.82826313477 250.129770992 -78.8396946565 10.534351145 END
START 6.39730683594 -2.53306535645 4.38378323975 250.129770992 -70.7251908397 0.297709923664 END
START 12.9071411499 -11.7938373779 8.43477244873 250.129770992 -68.2748091603 5.50381679389 END
START 0.682347473145 -16.421829187 9.86171663818 250.129770992 -57.0381679389 11.8015267176 END
START 1.95845695801 -4.2305543335 3.15316358643 250.129770992 -52.5114503817 -3.89312977099 END
START 2.68150585937 -8.13789144287 12.0643821655 250.129770992 -58.465648855 9.45801526718 END
START 1.56580788574 -9.21049378662 13.4506249268 250.129770992 -54.0076335878 7.80152671756 END
START -5.10204373779 -6.00465776367 7.89128867187 250.129770992 -69.572519084 10.2824427481 END
START -9.1219083252 -10.8864349487 3.74213719482 250.129770992 -72.3664122137 3.42748091603 END
START -1.84353527832 -8.42519564209 12.983755603 250.129770992 -63.5801526718 7.69465648855 END
START -3.34948812256 -11.3413332642 14.0204449219 250.129770992 -70.4809160305 2.80152671756 END
START 1.4604630127 -9.15542714844 6.79953271484 250.129770992 -69.6870229008 8.0534351145 END