START -1.13245738525 -11.2958434326 10.5632177246 250.129770992 -82.7099236641 2.69465648855 END
START -0.275333190918 -4.74770189209 7.6135612793 250.129770992 -76.4045801527 10.9312977099 END
START 4.60165559082 -8.6526447998 12.885593335 250.129770992 -74.1755725191 12.0076335878 END
START -1.80522805176 -11.3126028442 3.48356341553 250.129770992 -74.1374045802 5.02290076336 END
START 3.430890979 -6.95994422607 7.14190355225 250.129770992 -78.3740458015 12.5419847328 END
START -0.29927520752 -11.779472168 6.38054742432 250.129770992 -76.4809160305 6.72519083969 END
START -0.948103857422 -5.62397969971 10.9295305786 250.129770992 -79.5648854962 5.22900763359 END
START -3.84029946289 -7.11077893066 8.39646522217 250.129770992 -67.4732824427 2.96183206107 END
START 6.27041414795 -9.44273134766 8.64306799316 250.129770992 -75.427480916 2.62595419847 END
START -0.739808312988 -7.91044228516 6.6941878418 250.129770992 -70.1221374046 8.41984732824 END
START -2.31998140869 -9.77791958008 10.6134959595 250.129770992 -64.3435114504 7.00763358779 END
START 12.2870429199 1.07739074707 6.26083734131 250.129770992 -67.2061068702 -2.00763358779 END
START -0.0981622680664 -7.37174691162 7.84340463867 250.129770992 -60.1679389313 13.7022900763 END
START 0.869095202637 -9.54328781738 8.04930598145 250.129770992 -69.5038167939 3.69465648855 END
START 8.13789144287 -7.52976422119 15.5455513794 250.129770992 -64.9160305344 7.09160305344 END
START 7.45314976807 -8.95431420898 11.1761333496 250.129770992 -60.9694656489 1.79389312977 END
START 7.75721337891 -6.20577070312 6.41885465088 250.129770992 -58.427480916 4.61832061069 END
START -0.201112939453 -11.4514665405 7.06528909912 250.129770992 -53.320610687 3.72519083969 END
START 0.129286889648 -3.57214887695 9.99818613281 250.129770992 -53.8549618321 7.02290076336 END
START 3.42370837402 -8.89206496582 6.16985767822 250.129770992 -52.6641221374 5.10687022901 END
START 3.36624753418 -7.11556733398 3.13161577148 250.129770992 -56.6259541985 6.67175572519 END
START 0.577002600098 -5.4803276001 10.905588562 250.129770992 -47.7633587786 -5.41984732824 END
START -2.44208569336 -5.70298835449 4.53222374268 250.129770992 -55.3282442748 11.7480916031 END
START 1.64481654053 -11.1497971313 11.9446720825 250.129770992 -52.9770992366 3.90839694656 END
START 8.10197841797 -1.34793553467 7.74284816895 250.129770992 -65.0534351145 2.87022900763 END
START 1.09175595703 -9.63187327881 6.19619389648 250.129770992 -59.465648855 9.18320610687 END
START 4.80276853027 -4.10366164551 4.79079752197 250.129770992 -50.8702290076 11.4732824427 END
START -4.06774862061 -8.31266816406 8.42040723877 250.129770992 -54.8396946565 5.42748091603 END
START -5.37498272705 -11.2407767944 7.29034405518 250.129770992 -58.5648854962 4.20610687023 END
START 3.82832845459 -12.4666080444 6.50025750732 250.129770992 -69.5038167939 11.6870229008 END
START -6.62954439697 -10.5273046997 7.43878455811 250.129770992 -72.8091603053 2.16030534351 END
START 0.905008227539 -6.7181298584 6.84741674805 250.129770992 -67.7786259542 3.58778625954 END
START 0.397437475586 -9.11711992188 8.37731160889 250.129770992 -79.5038167939 -2.41221374046 END
START 1.14921679688 -7.07726010742 9.1578213501 250.129770992 -64.7709923664 7.20610687023 END
START -1.73340200195 -10.6494089844 4.99669886475 250.129770992 -79.7175572519 11.1908396947 END
START -2.19548292236 -11.1833159546 6.44279666748 250.129770992 -73.8778625954 11.9312977099 END
START 2.15238729248 -8.97825622559 14.0611463501 250.129770992 -70.8778625954 7.29007633588 END
START -5.74847818604 -10.2639425171 5.8705824707 250.129770992 -83.9465648855 13.5419847328 END
START 1.97761057129 -13.850456604 11.9327010742 250.129770992 -77.427480916 5.80152671756 END
START 3.42131417236 -11.9757967041 9.02135185547 250.129770992 -74.9465648855 3.80152671756 END
START 3.57933148193 -12.1002951904 6.79474431152 250.129770992 -76.8091603053 9.51908396947 END
START 4.38617744141 -3.84987626953 11.391611499 250.129770992 -75.9694656489 0.0 END
START 3.10767375488 -10.6446205811 7.3909005249 250.129770992 -86.2595419847 6.82442748092 END
START 3.04542451172 -8.6287027832 10.6422263794 250.129770992 -73.4580152672 6.58015267176 END
START 2.09492645264 -12.0452285522 5.13077415771 250.129770992 -86.8244274809 -5.67175572519 END
START -3.86424147949 -7.75481917725 10.553640918 250.129770992 -89.8244274809 4.60305343511 END
START -2.69587106934 -13.7618711426 6.71334145508 250.129770992 -78.9541984733 10.1679389313 END
START 1.19231242676 -11.4251303223 7.74524237061 250.129770992 -82.5801526718 13.9160305344 END
START 1.74776721191 -8.92558378906 8.27196673584 250.129770992 -89.5190839695 1.12977099237 END
START 2.09492645264 -12.7036340088 1.74537301025 250.129770992 -93.1679389313 8.22900763359 END
START 1.17315881348 -12.6413847656 3.12203896484 250.129770992 -100.938931298 4.45801526718 END
START 4.75009609375 -8.2264769043 9.18415756836 250.129770992 -91.9160305344 6.36641221374 END
START -1.77170922852 -13.1848685425 7.56328304443 250.129770992 -83.0534351145 12.2671755725 END
START 2.07577283936 -10.4650554565 7.3789295166 250.129770992 -86.8625954198 11.4427480916 END
START 7.24246002197 -9.44991395264 6.85220515137 250.129770992 -68.7480916031 0.145038167939 END
START -4.46758029785 -5.269637854 6.29435616455 250.129770992 -74.3282442748 0.81679389313 END
START -0.337582434082 -8.74841286621 6.67503422852 250.129770992 -78.5419847328 11.7786259542 END
START 9.31105025635 -9.29429084473 6.96473262939 250.129770992 -61.4503816794 0.381679389313 END
START 1.89381351318 -6.84262834473 6.1530982666 250.129770992 -66.106870229 2.74045801527 END
START -2.45405670166 -9.76355437012 3.56975467529 250.129770992 -62.1679389313 -2.80916030534 END
START -1.61129771729 -12.3085907349 8.19535228271 250.129770992 -67.2366412214 -4.75572519084 END
START 1.85790048828 -1.21146604004 11.1689507446 250.129770992 -74.0916030534 0.152671755725 END
START 0.555454785156 -6.06451280518 10.0317049561 250.129770992 -74.534351145 6.83969465649 END
START -0.186747729492 -11.3963999023 5.49948121338 250.129770992 -72.5190839695 6.64885496183 END
START 1.10133276367 -9.1219083252 7.12753834229 250.129770992 -68.8549618321 13.1603053435 END
START -5.86579406738 -7.3071034668 6.12436784668 250.129770992 -81.1297709924 4.13740458015 END
START 3.90973131104 -15.9812960815 3.78044442139 250.129770992 -66.4427480916 1.4427480916 END
START 7.7332713623 -9.22007059326 7.57764825439 250.129770992 -65.7709923664 9.63358778626 END
START 3.6296097168 -13.9174942505 9.93114848633 250.129770992 -62.3893129771 5.29770992366 END
START -2.38701905518 -5.79157381592 7.87452926025 250.129770992 -60.7938931298 12.5419847328 END
START -3.35427652588 -14.5447750854 12.3468979614 250.129770992 -51.2824427481 3.38167938931 END
START 4.88895979004 -12.4642138428 7.46272657471 250.129770992 -62.6259541985 14.1145038168 END
START -0.550666381836 -7.08683691406 4.26407315674 250.129770992 -67.2519083969 1.10687022901 END
START 3.79002122803 -10.8026378906 7.46990917969 250.129770992 -68.9923664122 6.15267175573 END
START -1.41736738281 -12.3828109863 5.92325490723 250.129770992 -70.0610687023 1.61832061069 END
START 1.24737906494 -3.16034619141 5.39653054199 250.129770992 -67.2442748092 11.2900763359 END
START 0.588973608398 -11.9494604858 6.77559069824 250.129770992 -82.6106870229 3.17557251908 END
START -2.90416661377 -10.7619364624 6.97909783936 250.129770992 -82.7633587786 10.0610687023 END
START -2.91134921875 -7.3310454834 14.0276275269 250.129770992 -93.6564885496 -3.41984732824 END
START 2.38462485352 -8.93994899902 7.90086547852 250.129770992 -90.6564885496 4.98473282443 END
START -0.524330163574 -10.3285859619 6.19140549316 250.129770992 -93.465648855 15.1145038168 END
START -1.16837041016 -1.12527478027 3.66791694336 250.129770992 -104.519083969 11.0381679389 END
START -4.61362659912 -10.8696755371 5.40850155029 250.129770992 -104.351145038 9.03053435115 END
START -7.01740506592 -6.27999095459 10.0245223511 250.129770992 -104.061068702 11.0305343511 END
START 5.03979449463 -7.83622203369 10.5368815063 250.129770992 -103.488549618 7.3893129771 END
START -8.72925925293 -6.23928952637 6.41406624756 250.129770992 -104.72519084 11.0534351145 END
START -1.03429511719 -5.40371314697 4.73333668213 250.129770992 -102.534351145 4.51145038168 END
START 6.45716187744 -11.5208983887 2.15238729248 250.129770992 -104.282442748 -1.50381679389 END
START -0.280121594238 -16.3188785156 7.61834968262 250.129770992 -88.4198473282 11.1832061069 END
START 6.26562574463 -10.6134959595 5.75805499268 250.129770992 -90.7938931298 6.98473282443 END
START 4.58010777588 -10.7451770508 7.87692346191 250.129770992 -84.2900763359 4.87022900763 END
START 8.20971749268 -10.673351001 6.84741674805 250.129770992 -89.1450381679 11.2671755725 END
START 6.10042583008 -6.17225187988 13.6684972778 250.129770992 -66.8167938931 17.3893129771 END
START 10.5488525146 -6.66785162354 -0.600944616699 250.129770992 -65.3893129771 8.89312977099 END
START 7.18260498047 -7.29752666016 4.13478626709 250.129770992 -68.2671755725 -2.57251908397 END
START -2.79163913574 -12.3397153564 14.5160446655 250.129770992 -48.1374045802 -4.88549618321 END
START 5.80354482422 -11.0516348633 4.58250197754 250.129770992 -54.6488549618 6.63358778626 END