START 5.54497104492 -10.6039191528 12.0404401489 250.129770992 -62.4885496183 -2.31297709924 END
START -2.93768543701 -5.1618987793 11.1354319214 250.129770992 -60.0839694656 3.45038167939 END
START 5.95437952881 -14.2862013062 13.1944453491 250.129770992 -47.427480916 9.19847328244 END
START -0.854729992676 -10.6877162109 7.13472094727 250.129770992 -58.8167938931 6.19847328244 END
START 6.22253011475 0.0646434448242 6.73249506836 250.129770992 -59.9541984733 2.67175572519 END
START -0.991199487305 -11.9829793091 6.98388624268 250.129770992 -50.3129770992 10.5801526718 END
START -2.83712896729 -8.08521900635 4.87698878174 250.129770992 -63.6335877863 16.2671755725 END
START 0.588973608398 -10.2663367187 8.11634362793 250.129770992 -59.6259541985 10.0305343511 END
START 2.71981308594 -5.36540592041 10.905588562 250.129770992 -61.7099236641 7.47328244275 END
START 4.19464130859 -7.51779321289 5.64552751465 250.129770992 -55.6106870229 7.10687022901 END
START 2.63362182617 -13.6684972778 8.25760152588 250.129770992 -50.9541984733 3.93893129771 END
START 4.9631800415 -0.92416184082 12.3109849365 250.129770992 -49.2290076336 -3.87022900763 END
START -1.43891519775 -7.15626876221 8.91840118408 250.129770992 -49.534351145 13.213740458 END
START 0.842758984375 -11.5783592285 6.70855305176 250.129770992 -49.3969465649 11.0229007634 END
START 3.22259543457 -5.72214196777 10.2830961304 250.129770992 -68.8167938931 12.2290076336 END
START -2.04225401611 -12.4809732544 5.53778843994 250.129770992 -60.0152671756 1.16030534351 END
START 1.11809217529 -8.5209637085 8.20014068604 250.129770992 -70.6641221374 5.6106870229 END
START -3.06697232666 -15.0523458374 6.27280834961 250.129770992 -78.0839694656 7.39694656489 END
START 1.2737152832 -8.76996068115 7.24964262695 250.129770992 -75.3282442748 -0.832061068702 END
START -8.52575211182 -11.0133276367 4.22816013184 250.129770992 -63.7404580153 12.1450381679 END
START -1.29286889648 -9.00698664551 5.48990440674 250.129770992 -71.9389312977 12.3664122137 END
START 1.99436998291 -9.90241806641 8.97825622559 250.129770992 -89.3893129771 13.4503816794 END
START 0.213083947754 -4.19703551025 3.56736047363 250.129770992 -77.9236641221 4.09160305344 END
START 0.696712683105 -9.73242974854 4.79319172363 250.129770992 -95.0305343511 5.78625954198 END
START -9.05965908203 -11.9494604858 5.37977113037 250.129770992 -99.4809160305 -3.12977099237 END
START -3.6535517334 -11.04684646 7.07965430908 250.129770992 -103.610687023 14.2595419847 END
START 7.44357296143 -6.79474431152 4.76206710205 250.129770992 -96.5877862595 11.786259542 END
START 2.48278712158 -4.23534273682 2.75093770752 250.129770992 -101.198473282 14.4198473282 END
START 0.191536132812 -12.2128226685 7.53694682617 250.129770992 -100.564885496 7.12977099237 END
START -6.53617053223 -8.36773480225 8.82023891602 250.129770992 -100.702290076 -0.519083969466 END
START 1.35511813965 -6.05972440186 5.97113894043 250.129770992 -100.358778626 4.64885496183 END
START 8.14028564453 -7.23048901367 3.89297189941 250.129770992 -100.86259542 10.7328244275 END
START 2.38462485352 -14.6908213867 11.8943938477 250.129770992 -91.3358778626 -1.16030534351 END
START 5.45877978516 -10.7332060425 9.74200655518 250.129770992 -86.534351145 1.48091603053 END
START 5.33428129883 -15.3683804565 8.23605371094 250.129770992 -83.4809160305 5.32061068702 END
START 5.28879146729 -10.7140524292 3.99352836914 250.129770992 -90.5954198473 -0.0992366412214 END
START 7.34780489502 -11.9901619141 12.385205188 250.129770992 -78.6870229008 8.18320610687 END
START 8.35097539062 -9.30147344971 6.84502254639 250.129770992 -65.1755725191 17.2366412214 END
START 3.56736047363 -13.2973960205 3.96958635254 250.129770992 -63.7175572519 -0.358778625954 END
START 4.48433970947 -10.9750204102 7.50582220459 250.129770992 -63.534351145 5.68702290076 END
START 13.0124860229 -7.65186850586 4.16112248535 250.129770992 -56.5572519084 13.0 END
START 7.94874951172 -9.39005891113 8.39407102051 250.129770992 -47.1221374046 9.69465648855 END
START 2.80839854736 -16.175226416 12.3804167847 250.129770992 -54.1832061069 12.4122137405 END
START 7.97508572998 -8.21690009766 5.88494768066 250.129770992 -60.893129771 2.80152671756 END
START 5.33188709717 -10.0867715942 9.09317790527 250.129770992 -62.0152671756 8.82442748092 END
START -8.3461869873 -15.5359745728 7.56328304443 250.129770992 -64.9847328244 9.06870229008 END
START -1.81001645508 -4.55377155762 15.703568689 250.129770992 -61.7786259542 9.9465648855 END
START -4.42927307129 -6.85459935303 9.27034882812 250.129770992 -61.4961832061 -4.40458015267 END
START -1.52989486084 -6.82826313477 6.37097061768 250.129770992 -68.2061068702 7.09923664122 END
START 2.03746561279 -13.0220628296 8.46110866699 250.129770992 -68.0381679389 6.1679389313 END
START -4.537012146 -0.500388146973 7.32146867676 250.129770992 -69.6488549618 -3.81679389313 END
START 4.31913979492 -12.2032458618 4.60165559082 250.129770992 -77.7709923664 7.34351145038 END
START -1.41497318115 -9.560047229 4.93684382324 250.129770992 -75.465648855 5.37404580153 END
START -1.592144104 -9.11951412354 7.40526573486 250.129770992 -79.6488549618 7.98473282443 END
START -8.0157871582 -14.6189953369 9.16739815674 250.129770992 -74.6946564885 9.40458015267 END
START -5.57370146484 -10.7691190674 5.68622894287 250.129770992 -92.5114503817 0.854961832061 END
START -2.86825358887 -6.4715270874 4.59207878418 250.129770992 -85.0076335878 10.4198473282 END
START -0.220266552734 -11.2407767944 6.07887801514 250.129770992 -86.5496183206 9.02290076336 END
START -4.5729251709 -10.3453453735 6.7181298584 250.129770992 -81.4122137405 18.8702290076 END
START -4.73094248047 -15.0930472656 9.85692823486 250.129770992 -79.1908396947 2.26717557252 END
START 2.91374342041 -8.83460412598 6.22971271973 250.129770992 -86.3893129771 3.35114503817 END
START -1.45567460937 -4.0318355957 5.12837995605 250.129770992 -95.6183206107 -2.7786259542 END
START 2.26252056885 -8.05409438477 5.75805499268 250.129770992 -91.3282442748 9.48854961832 END
START 0.287304199219 -3.84748206787 10.038887561 250.129770992 -98.4961832061 0.503816793893 END
START -5.29118566895 -9.95269630127 8.87051715088 250.129770992 -90.4503816794 9.7786259542 END
START -1.38624276123 -1.11569797363 11.1881043579 250.129770992 -97.7480916031 11.5877862595 END
START -1.55144267578 -10.067617981 11.0755768799 250.129770992 -92.9389312977 10.9541984733 END
START 1.92014973145 -11.1426145264 11.7890489746 250.129770992 -90.9007633588 9.3358778626 END
START -0.174776721191 -9.29189664307 5.98071574707 250.129770992 -103.641221374 7.29007633588 END
START 6.6702458252 -1.40539637451 11.511321582 250.129770992 -95.3053435115 1.35114503817 END
START 1.48919343262 -11.6406084717 8.20014068604 250.129770992 -90.7175572519 6.99236641221 END
START 3.42849677734 -6.61039078369 8.97346782227 250.129770992 -70.6717557252 3.06106870229 END
START -0.344765039063 -5.65031591797 6.44040246582 250.129770992 -68.4732824427 14.4198473282 END
START 6.6941878418 -11.3197854492 7.07007750244 250.129770992 -66.5419847328 5.4427480916 END
START 3.12682736816 -3.69904156494 7.51779321289 250.129770992 -63.4351145038 8.48854961832 END
START -7.07965430908 -10.1705686523 9.48103857422 250.129770992 -56.1679389313 11.7480916031 END
START 4.76685550537 -6.98388624268 7.38132371826 250.129770992 -59.8778625954 7.06106870229 END
START 8.04451757812 -12.6126543457 7.73087716064 250.129770992 -56.2061068702 8.3358778626 END
START 1.45567460937 -11.5687824219 7.24485422363 250.129770992 -56.2671755725 2.57251908397 END