START -2.93529123535 -5.45877978516 10.3692873901 250.129770992 -76.6564885496 21.3511450382 END
START -1.68551796875 -6.27759675293 11.286266626 250.129770992 -80.7099236641 -2.95419847328 END
START 3.0406361084 -6.51222851562 8.12592043457 250.129770992 -71.6946564885 3.49618320611 END
START 9.98142672119 -2.68868846436 6.58405456543 250.129770992 -67.7099236641 5.03053435115 END
START 1.81001645508 -5.1618987793 7.39808312988 250.129770992 -76.5572519084 8.13740458015 END
START 4.77164390869 -10.6182843628 7.76918438721 250.129770992 -71.0305343511 4.42748091603 END
START 0.234631762695 -13.7810247559 7.88650026855 250.129770992 -65.1679389313 5.64885496183 END
START 11.7818663696 -3.34230551758 6.24647213135 250.129770992 -61.106870229 6.11450381679 END
START 2.82036955566 -4.82431634521 10.9079827637 250.129770992 -54.3664122137 20.7022900763 END
START -1.55862528076 -1.00317049561 7.95114371338 250.129770992 -58.3664122137 5.57251908397 END
START 2.4037784668 -7.61116707764 10.4411134399 250.129770992 -66.6335877863 -1.5572519084 END
START 4.55137735596 -7.4028715332 4.64953962402 250.129770992 -53.1526717557 2.21374045802 END
START -2.55700737305 -12.124237207 7.2951324585 250.129770992 -64.0076335878 9.88549618321 END
START -5.32470449219 -7.6973583374 6.29196196289 250.129770992 -54.7175572519 14.0076335878 END
START 7.57285985107 -5.60243188477 6.75883128662 250.129770992 -55.572519084 17.1984732824 END
START -5.11640894775 -10.0508585693 10.2663367187 250.129770992 -51.7786259542 9.36641221374 END
START -1.76452662354 -8.09958421631 6.1650692749 250.129770992 -58.2595419847 2.58015267176 END
START -3.99352836914 -7.47709178467 3.78762702637 250.129770992 -56.0458015267 3.32824427481 END
START 1.38863696289 -3.46440980225 11.1761333496 250.129770992 -45.6488549618 8.64122137405 END
START -0.77093293457 -8.17619866943 7.82185682373 250.129770992 -63.5038167939 10.679389313 END
START 6.71573565674 -5.40850155029 2.84431157227 250.129770992 -53.2824427481 2.41984732824 END
START -5.27442625732 -10.4746322632 10.5919481445 250.129770992 -58.9541984733 4.48854961832 END
START -2.27209737549 -10.1346556274 8.15943925781 250.129770992 -54.7251908397 11.7022900763 END
START -4.91769020996 -3.6535517334 6.16746347656 250.129770992 -52.0610687023 5.6106870229 END
START -3.43567938232 -9.29189664307 11.5496288086 250.129770992 -50.0992366412 8.90839694656 END
START 0.00718260498047 -9.41639512939 6.42843145752 250.129770992 -52.0305343511 16.6717557252 END
START -3.07176072998 -8.66940421143 5.34385810547 250.129770992 -56.1603053435 -1.08396946565 END
START 5.07810172119 -15.3995050781 6.14591566162 250.129770992 -63.3893129771 9.74809160305 END
START 6.4715270874 -14.111424585 10.7164466309 250.129770992 -72.2671755725 6.67938931298 END
START 0.713472094727 -7.60637867432 8.34379278564 250.129770992 -80.3893129771 9.30534351145 END
START -4.81713374023 -7.59201346436 11.1785275513 250.129770992 -76.6335877863 3.82442748092 END
START -0.577002600098 -1.27132108154 9.31105025635 250.129770992 -83.7404580153 19.5114503817 END
START 5.47075079346 -9.42597193604 6.50983431396 250.129770992 -73.786259542 2.62595419847 END
START -2.57855518799 -2.14041628418 7.65665690918 250.129770992 -76.9694656489 11.6183206107 END
START -6.6702458252 -9.70848773193 5.64313331299 250.129770992 -77.8091603053 2.54198473282 END
START 2.85388837891 -12.0428343506 3.97916315918 250.129770992 -78.3969465649 15.1450381679 END
START 7.46512077637 -8.3461869873 5.87776507568 250.129770992 -71.9770992366 16.3816793893 END
START 1.8507178833 -9.83777462158 11.1138841064 250.129770992 -77.1832061069 8.21374045802 END
START -1.50595284424 -7.96311472168 11.2288057861 250.129770992 -81.3664122137 9.22900763359 END
START 2.68868846436 -7.28076724854 10.1250788208 250.129770992 -77.2977099237 5.00763358779 END
START -4.65193382568 -5.29118566895 7.81467421875 250.129770992 -86.893129771 11.3129770992 END
START 2.53785375977 -11.9566430908 9.97424411621 250.129770992 -86.7022900763 11.7480916031 END
START 5.63355650635 -10.7308118408 7.19697019043 250.129770992 -94.0229007634 8.96946564885 END
START -3.30160408936 -4.8554409668 3.05500131836 250.129770992 -94.0152671756 7.43511450382 END
START -4.86262357178 -10.1633860474 4.18745870361 250.129770992 -100.076335878 13.0687022901 END
START 0.186747729492 -4.84825836182 3.90494290771 250.129770992 -94.2900763359 13.7633587786 END
START 3.18907661133 -11.3820346924 5.66946953125 250.129770992 -96.2366412214 16.6335877863 END
START 2.00155258789 -7.54891783447 11.7531359497 250.129770992 -92.7175572519 12.8702290076 END
START 0.366312854004 -13.1728975342 6.49786330566 250.129770992 -100.938931298 11.8396946565 END
START 3.73256038818 -10.9893856201 9.76834277344 250.129770992 -87.0992366412 3.93893129771 END
START 5.19062919922 -6.06690700684 5.71974776611 250.129770992 -97.5190839695 12.9312977099 END
START 1.00317049561 -8.0277581665 4.48673391113 250.129770992 -87.465648855 8.87786259542 END
START 8.32703337402 -3.22020123291 9.62947907715 250.129770992 -77.1603053435 15.6183206107 END
START 6.7061588501 -7.88650026855 3.76368500977 250.129770992 -70.2213740458 3.98473282443 END
START 5.19541760254 -9.29429084473 7.04613548584 250.129770992 -76.9465648855 9.15267175573 END
START 3.04303031006 -8.48026228027 11.5663882202 250.129770992 -73.0534351145 0.152671755725 END
START 4.18745870361 -7.83382783203 5.29836827393 250.129770992 -63.3053435115 12.6106870229 END
START 2.65756384277 -12.5480109009 6.08606062012 250.129770992 -53.0916030534 13.2366412214 END
START 8.47307967529 -10.4530844482 5.22654222412 250.129770992 -55.0916030534 9.60305343511 END
START 10.0317049561 -10.8337625122 6.51222851562 250.129770992 -54.465648855 8.93129770992 END
START 1.65439334717 -9.04050546875 2.51870014648 250.129770992 -47.4885496183 8.76335877863 END
START 6.95276162109 -11.8393272095 13.0029092163 250.129770992 -52.3053435115 5.68702290076 END
START 1.17315881348 -12.392387793 11.4825911621 250.129770992 -41.9923664122 7.74809160305 END
START 2.26012636719 -7.00303985596 11.0492406616 250.129770992 -37.0534351145 10.8244274809 END
START 1.85790048828 -2.84670577393 11.3533042725 250.129770992 -48.641221374 13.0610687023 END
START 0.229843359375 -8.29351455078 1.4604630127 250.129770992 -47.6870229008 4.54961832061 END
START -3.51947644043 -11.8728460327 12.4019645996 250.129770992 -52.4732824427 3.0534351145 END
START -12.3157733398 -7.64708010254 7.50821640625 250.129770992 -54.6259541985 11.2213740458 END
START 4.61362659912 -10.3980178101 6.49307490234 250.129770992 -58.2366412214 15.5801526718 END
START -3.87381828613 -11.7531359497 11.3006318359 250.129770992 -65.3053435115 7.95419847328 END
START -2.52827695312 -13.2351467773 11.5232925903 250.129770992 -70.8320610687 6.74809160305 END
START -5.47793339844 -1.65918175049 7.49624539795 250.129770992 -79.0458015267 3.60305343511 END
START 1.86747729492 -8.30787976074 0.102950671387 250.129770992 -77.8244274809 5.18320610687 END
START -2.085349646 -9.28231983643 8.63588538818 250.129770992 -81.2595419847 11.5496183206 END
START -0.629675036621 -9.60553706055 9.86889924316 250.129770992 -75.9160305344 8.42748091603 END
START -2.00394678955 -13.8025725708 4.6447512207 250.129770992 -76.7557251908 9.15267175573 END
START -8.84896933594 -3.69185895996 11.3940057007 250.129770992 -73.4427480916 -3.19083969466 END
START -2.75093770752 -8.50181009521 3.88100089111 250.129770992 -85.5954198473 20.0381679389 END
START -2.18351191406 -14.2143752563 10.0700121826 250.129770992 -78.358778626 17.427480916 END
START 0.584185205078 -5.54975944824 9.06923588867 250.129770992 -96.6030534351 8.08396946565 END
START -2.35589443359 -11.8560866211 8.3102739624 250.129770992 -99.5190839695 6.87022900763 END
START -0.76614453125 -12.0428343506 7.58243665771 250.129770992 -93.7480916031 4.90076335878 END
START -2.28167418213 -9.61032546387 3.67270534668 250.129770992 -100.351145038 1.72519083969 END
START 0.167594116211 -11.5520230103 11.2575362061 250.129770992 -100.145038168 2.0534351145 END
START -0.864306799316 -9.8784760498 6.41885465088 250.129770992 -103.961832061 5.54961832061 END
START -1.92733233643 -9.72285294189 5.73890137939 250.129770992 -104.053435115 3.25954198473 END
START -0.229843359375 -9.73721815186 2.31279880371 250.129770992 -105.213740458 2.29770992366 END
START 5.46117398682 -8.55208833008 5.98310994873 250.129770992 -104.41221374 9.8320610687 END
START -2.32716401367 -7.58722506104 10.5296989014 250.129770992 -104.458015267 -1.93893129771 END
START 4.2185833252 -3.41413156738 -2.4875755249 250.129770992 -91.2595419847 7.04580152672 END
START 4.95599743652 -9.61032546387 10.8912233521 250.129770992 -79.3511450382 -0.229007633588 END
START 5.86100566406 -11.2216231812 10.9582609985 250.129770992 -71.6106870229 11.6030534351 END
START 9.99818613281 -9.70848773193 4.05338341064 250.129770992 -63.4427480916 14.9541984733 END
START 3.01908829346 -11.3341506592 2.4756045166 250.129770992 -51.0687022901 3.51145038168 END
START 1.25935007324 -10.4913916748 10.2974613403 250.129770992 -49.2366412214 6.27480916031 END
START 2.64798703613 -6.52180532227 7.35019909668 250.129770992 -44.5877862595 9.3358778626 END
START 3.83311685791 -8.41801303711 8.10437261963 250.129770992 -66.2366412214 -2.51145038168 END
START 3.77565601807 -4.290409375 12.4522428345 250.129770992 -49.5877862595 7.46564885496 END