START -0.545877978516 -7.22570061035 12.6796919922 250.129770992 -97.8549618321 11.9007633588 END
START -2.13802208252 -10.8840407471 8.70531723633 250.129770992 -92.9923664122 10.8702290076 END
START 5.77242020264 -2.25054956055 9.99339772949 250.129770992 -92.3969465649 -1.32824427481 END
START 5.61919129639 -11.5208983887 8.02057556152 250.129770992 -83.1374045802 13.427480916 END
START 8.96149681396 -3.48116921387 9.66778630371 250.129770992 -63.7633587786 2.08396946565 END
START -4.81473953857 -8.96628521729 4.34547601318 250.129770992 -58.9007633588 3.51908396947 END
START -0.00957680664062 -11.4682259521 10.7643306641 250.129770992 -64.4961832061 2.06106870229 END
START -1.63523973389 -4.65193382568 12.1673328369 250.129770992 -61.7633587786 8.0534351145 END
START -0.744596716309 -3.36385333252 8.97825622559 250.129770992 -73.3282442748 -3.35114503817 END
START 1.01753570557 -8.56166513672 11.5089273804 250.129770992 -61.427480916 0.320610687023 END
START 1.91775552979 -10.9079827637 7.55370623779 250.129770992 -62.5801526718 -3.45801526718 END
START 3.76129080811 -8.39167681885 9.91199487305 250.129770992 -59.5877862595 8.1679389313 END
START -11.2024695679 -0.727837304687 12.0787473755 250.129770992 -69.7786259542 2.36641221374 END
START 0.0 -8.11634362793 6.6822168335 250.129770992 -74.3129770992 11.5572519084 END
START 5.1618987793 -9.11233151855 8.20014068604 250.129770992 -70.5648854962 2.51145038168 END
START -3.82593425293 -6.99106884766 11.9015764526 250.129770992 -57.4122137405 0.328244274809 END
START 0.237025964355 -7.24485422363 4.2544963501 250.129770992 -53.679389313 -1.60305343511 END
START 0.411802685547 -2.79642753906 9.44991395264 250.129770992 -53.1984732824 0.793893129771 END
START 3.75410820312 -10.3932294067 3.65834013672 250.129770992 -57.2900763359 7.10687022901 END
START -4.34547601318 -9.95269630127 6.91684859619 250.129770992 -48.8854961832 15.3969465649 END
START 3.25850845947 -5.269637854 7.91283648682 250.129770992 -52.5267175573 4.89312977099 END
START -1.64242233887 -14.2957781128 12.0332575439 250.129770992 -57.2290076336 11.7938931298 END
START 0.217872351074 -3.94085593262 5.32709869385 250.129770992 -60.2519083969 -1.97709923664 END
START 0.555454785156 -5.28879146729 7.06768330078 250.129770992 -53.2290076336 6.54961832061 END
START -2.82755216064 -8.59518395996 6.62715019531 250.129770992 -63.5496183206 15.1832061069 END
START 1.5682020874 -7.00303985596 8.88009395752 250.129770992 -71.4580152672 5.58778625954 END
START 1.31920511475 -5.21696541748 5.5760956665 250.129770992 -69.3435114504 4.54198473282 END
START -4.85065256348 -1.78846864014 12.0859299805 250.129770992 -58.8854961832 6.96946564885 END
START 5.52342322998 -13.117830896 8.48744488525 250.129770992 -63.0305343511 8.97709923664 END
START -7.90086547852 -6.75643708496 5.00148726807 250.129770992 -64.9389312977 11.5190839695 END
START -0.825999572754 -4.88177718506 8.09000740967 250.129770992 -67.3664122137 3.53435114504 END
START 0.119710083008 -5.4563855835 8.82023891602 250.129770992 -69.6106870229 0.946564885496 END
START -1.11090957031 -14.5088620605 6.90487758789 250.129770992 -79.8625954198 1.71755725191 END
START -0.538695373535 -13.1345903076 9.32302126465 250.129770992 -79.2366412214 2.64885496183 END
START -2.13083947754 -3.33033450928 5.82030423584 250.129770992 -90.2519083969 -0.885496183206 END
START -2.09971485596 -10.8696755371 7.84819304199 250.129770992 -92.1145038168 3.82442748092 END
START 0.416591088867 -13.7594769409 6.22253011475 250.129770992 -96.6564885496 -2.50381679389 END
START 1.73100780029 -6.63912120361 6.01662877197 250.129770992 -86.9541984733 5.4427480916 END
START -7.02698187256 -7.83861623535 6.87854136963 250.129770992 -105.946564885 8.64122137405 END
START -0.505176550293 -4.01507618408 6.32069238281 250.129770992 -100.610687023 -3.68702290076 END
START 7.24485422363 -10.0819831909 5.15471617432 250.129770992 -99.4427480916 -0.893129770992 END
START 2.53785375977 -13.3740104736 10.3046439453 250.129770992 -90.0076335878 3.80916030534 END
START 8.38449421387 -7.17063397217 6.0932432251 250.129770992 -89.6870229008 13.1832061069 END
START 2.12844527588 -10.0029745361 7.56807144775 250.129770992 -104.389312977 9.53435114504 END
START 4.68545264893 -11.7004635132 6.17464608154 250.129770992 -104.641221374 14.0992366412 END
START 3.06697232666 -6.11479104004 5.87776507568 250.129770992 -105.305343511 15.2595419847 END
START 7.39568892822 -6.16267507324 9.04768807373 250.129770992 -87.0458015267 3.1679389313 END
START 4.04141240234 -9.68933411865 5.78439121094 250.129770992 -89.1755725191 14.6259541985 END
START 5.61440289307 -8.3102739624 8.82502731934 250.129770992 -86.9847328244 1.32824427481 END
START 5.60722028809 -10.7499654541 4.92966121826 250.129770992 -76.5801526718 4.60305343511 END
START 6.49786330566 -9.440337146 7.33583388672 250.129770992 -69.2213740458 -2.03816793893 END
START -0.938527050781 -3.04303031006 3.75650240479 250.129770992 -63.8015267176 -0.290076335878 END
START -1.86987149658 -12.3109849365 5.87297667236 250.129770992 -61.1603053435 -0.81679389313 END
START 0.421379492187 -11.2264115845 6.33026918945 250.129770992 -55.0534351145 1.3358778626 END
START 4.99191046143 -8.6526447998 6.71573565674 250.129770992 -58.6717557252 8.43511450382 END
START 11.01811604 -11.166556543 13.5009031616 250.129770992 -51.4198473282 7.25954198473 END
START 5.62397969971 -7.60398447266 5.1978118042 250.129770992 -43.3664122137 1.25954198473 END
START 5.84185205078 -5.82748684082 14.1545202148 250.129770992 -44.4503816794 1.6106870229 END
START 6.64151540527 -7.80749161377 6.14352145996 250.129770992 -48.3282442748 3.67938931298 END
START -3.46919820557 -8.71728824463 7.87931766357 250.129770992 -50.2519083969 0.427480916031 END
START 0.373495458984 -9.61271966553 7.83143363037 250.129770992 -43.1297709924 13.1450381679 END
START 1.36230074463 -9.68215151367 7.51061060791 250.129770992 -51.9160305344 6.43511450382 END
START -2.44926829834 -8.42998404541 5.65031591797 250.129770992 -50.0381679389 13.2748091603 END
START -3.17949980469 -10.7332060425 7.0485296875 250.129770992 -53.4732824427 -5.77099236641 END
START -2.38941325684 -11.8082025879 8.09000740967 250.129770992 -58.4961832061 5.1679389313 END
START -2.97120426025 -10.7260234375 6.63912120361 250.129770992 -62.6564885496 6.72519083969 END
START 0.825999572754 -8.54011732178 8.72207664795 250.129770992 -59.3282442748 9.45038167939 END
START -6.1171852417 -9.20331118164 3.4069489624 250.129770992 -64.8625954198 -1.8320610687 END
START -2.26491477051 -3.49314022217 10.5368815063 250.129770992 -70.6183206107 12.4961832061 END
START 1.61369191895 -8.90643017578 7.9918451416 250.129770992 -75.3969465649 1.26717557252 END
START -2.38941325684 -9.20091697998 6.62475599365 250.129770992 -76.9541984733 13.7633587786 END
START -8.41322463379 -9.59596025391 13.6804682861 250.129770992 -85.9770992366 8.27480916031 END
START 7.28555565186 -10.3022497437 11.1402203247 250.129770992 -84.9618320611 11.0839694656 END
START -1.09175595703 -11.2120463745 13.9079174438 250.129770992 -90.6488549618 -2.1679389313 END
START -2.65756384277 -6.02381137695 7.0964137207 250.129770992 -91.5648854962 4.10687022901 END
START 0.105344873047 -7.47230338135 12.3492921631 250.129770992 -95.9770992366 6.39694656489 END
START -1.75494981689 -8.37012900391 7.37174691162 250.129770992 -106.625954198 6.72519083969 END
START 3.90254870605 -15.5862528076 14.4992852539 250.129770992 -104.022900763 2.96183206107 END
START -7.4028715332 -10.800243689 11.0516348633 250.129770992 -104.778625954 -4.00763358779 END
START 0.134075292969 -8.03494077148 11.5759650269 250.129770992 -94.4351145038 5.61832061069 END
START 2.38223065186 -13.2279641724 9.88087025146 250.129770992 -103.992366412 3.04580152672 END
START 0.881066210937 -2.97599266357 10.1633860474 250.129770992 -98.4885496183 3.25190839695 END
START -2.31758720703 -4.62799180908 6.92403120117 250.129770992 -96.5648854962 4.23664122137 END
START 8.57842454834 -8.05648858643 13.984531897 250.129770992 -97.3969465649 11.7022900763 END
START 10.4291424316 -9.00459244385 6.4715270874 250.129770992 -72.4503816794 6.4427480916 END
START 7.62792648926 -9.65342109375 3.65594593506 250.129770992 -65.1374045802 4.0534351145 END
START 5.86579406738 -6.7061588501 4.20900651855 250.129770992 -67.4732824427 12.0381679389 END
START 6.06211860352 -7.01979926758 6.24168372803 250.129770992 -57.1526717557 8.06106870229 END
START 2.14999309082 -4.07971962891 3.49314022217 250.129770992 -53.9083969466 0.0839694656489 END
START -1.98958157959 -11.4275245239 7.88410606689 250.129770992 -51.0763358779 -0.641221374046 END