START 5.33188709717 -11.1737391479 7.6853873291 250.129770992 -79.4198473282 7.88549618321 END
START -0.955286462402 -11.0827594849 7.97269152832 250.129770992 -78.7099236641 7.20610687023 END
START 0.0383072265625 -7.98226833496 3.75889660645 250.129770992 -67.5496183206 9.84732824427 END
START 7.13711514893 -6.74925447998 9.52652840576 250.129770992 -71.9312977099 9.28244274809 END
START 5.57130726318 -8.99262143555 4.45560928955 250.129770992 -76.9312977099 2.06106870229 END
START -2.55940157471 -9.87368764648 7.29992086182 250.129770992 -72.0458015267 11.6717557252 END
START -1.67115275879 -12.9717845947 13.3764046753 250.129770992 -60.1984732824 12.0839694656 END
START 4.17548769531 -7.84340463867 7.16345136719 250.129770992 -64.4580152672 5.50381679389 END
START -4.06056601562 -8.10197841797 11.2407767944 250.129770992 -58.3282442748 1.38167938931 END
START 11.1402203247 -14.9900965942 9.39484731445 250.129770992 -60.9770992366 12.4732824427 END
START -0.505176550293 -5.77960280762 2.29843359375 250.129770992 -62.9770992366 10.6717557252 END
START 1.95127435303 -0.512359155273 6.02381137695 250.129770992 -60.213740458 -1.80916030534 END
START 8.06367119141 -15.7921541504 8.90643017578 250.129770992 -64.534351145 3.84732824427 END
START 5.5880666748 -4.27125576172 12.7946136719 250.129770992 -48.4427480916 9.92366412214 END
START -3.80917484131 -14.9254531494 8.86812294922 250.129770992 -53.0305343511 11.4198473282 END
START -4.24970794678 -9.2535894165 10.0484643677 250.129770992 -55.9923664122 8.11450381679 END
START 0.955286462402 -8.43477244873 13.7906015625 250.129770992 -58.6030534351 11.4427480916 END
START 1.55144267578 -5.02303508301 9.95269630127 250.129770992 -49.6564885496 8.46564885496 END
START -1.30962830811 -8.84657513428 8.24323631592 250.129770992 -46.7633587786 6.13740458015 END
START 5.8226984375 -7.10599052734 5.62637390137 250.129770992 -46.641221374 18.2671755725 END
START -1.64002813721 -0.272938989258 10.5512467163 250.129770992 -48.3435114504 -1.99236641221 END
START 1.28329208984 -0.579396801758 10.42674823 250.129770992 -49.1145038168 12.7022900763 END
START -3.35667072754 -11.5807534302 11.6070896484 250.129770992 -52.4045801527 12.5496183206 END
START -0.928950244141 -7.22091220703 9.81622680664 250.129770992 -57.5496183206 18.2671755725 END
START -4.53222374268 -12.1194488037 9.27753143311 250.129770992 -63.0916030534 2.67938931298 END
START 5.35104071045 -14.4992852539 11.1497971313 250.129770992 -55.4122137405 12.358778626 END
START 4.18267030029 -11.5639940186 6.03817658691 250.129770992 -61.7175572519 13.9694656489 END
START -0.237025964355 -5.09486113281 4.9152960083 250.129770992 -70.106870229 -2.63358778626 END
START -2.36307703857 -11.384428894 1.472434021 250.129770992 -85.106870229 5.65648854962 END
START 0.560243188477 -8.3222449707 8.14028564453 250.129770992 -75.427480916 8.17557251908 END
START 7.0485296875 -7.04613548584 10.0317049561 250.129770992 -79.3129770992 5.63358778626 END
START -0.699106884766 -6.23450112305 0.60573302002 250.129770992 -90.465648855 5.70229007634 END
START 6.87614716797 -9.71327613525 10.038887561 250.129770992 -91.5267175573 4.74809160305 END
START 2.47081611328 -10.4578728516 8.214505896 250.129770992 -85.1145038168 8.87786259542 END
START 6.44997927246 -4.537012146 6.7540428833 250.129770992 -104.541984733 4.19847328244 END
START -1.49877023926 -9.69412252197 8.37252320557 250.129770992 -103.664122137 6.92366412214 END
START -0.703895288086 -9.93833109131 6.94318481445 250.129770992 -90.6641221374 13.213740458 END
START 2.80121594238 -9.35414588623 9.45470235596 250.129770992 -96.9160305344 0.274809160305 END
START 3.48835181885 -8.69813463135 8.52814631348 250.129770992 -104.328244275 7.76335877863 END
START -2.12844527588 -4.15872828369 7.79552060547 250.129770992 -104.740458015 5.52671755725 END
START 4.53940634766 -8.48505068359 -0.854729992676 250.129770992 -101.580152672 2.58015267176 END
START 2.86346518555 -8.5568767334 7.17302817383 250.129770992 -103.923664122 1.90076335878 END
START 1.44849200439 -8.93994899902 3.1004911499 250.129770992 -91.1984732824 9.61832061069 END
START 6.13155045166 -9.72285294189 2.3798364502 250.129770992 -93.0610687023 0.603053435115 END
START 1.28089788818 -11.3772462891 6.21295330811 250.129770992 -79.9770992366 11.5419847328 END
START 4.71418306885 -8.8513635376 4.63517441406 250.129770992 -72.2824427481 -0.763358778626 END
START 3.86184727783 -11.2503536011 7.46751497803 250.129770992 -68.5496183206 5.51145038168 END
START 10.8912233521 -8.33182177734 6.24647213135 250.129770992 -70.6946564885 6.64885496183 END
START 6.62954439697 -10.0652237793 6.61278498535 250.129770992 -68.1145038168 -4.41221374046 END
START 9.23443580322 -7.98705673828 5.5282116333 250.129770992 -51.465648855 1.51908396947 END
START 0.885854614258 -11.7483475464 10.0340991577 250.129770992 -51.3358778626 4.80916030534 END
START -2.92571442871 -10.7691190674 6.42124885254 250.129770992 -52.0458015267 0.36641221374 END
START 7.25682523193 -19.6133 6.1650692749 250.129770992 -37.2671755725 12.8473282443 END
START 4.18506450195 -9.61990227051 5.72214196777 250.129770992 -53.3816793893 3.32061068702 END
START 0.395043273926 -5.42286676025 10.8098204956 250.129770992 -47.6488549618 10.9312977099 END
START 0.0119710083008 -12.1888806519 9.39484731445 250.129770992 -68.1450381679 11.0610687023 END
START -4.39575424805 -12.2271878784 3.94325013428 250.129770992 -63.7938931298 4.08396946565 END
START -2.61207401123 -4.03901820068 9.04529387207 250.129770992 -70.1526717557 15.4427480916 END
START 1.32638771973 -10.9103769653 3.21301862793 250.129770992 -73.0076335878 13.1984732824 END
START -2.27449157715 -11.2288057861 11.9183358643 250.129770992 -77.7328244275 10.3816793893 END
START -2.89219560547 -5.09246693115 6.73967767334 250.129770992 -81.3816793893 -0.931297709924 END
START -0.184353527832 -8.96149681396 4.5489831543 250.129770992 -67.4961832061 -4.57251908397 END
START -10.1178962158 -8.19535228271 10.7020814209 250.129770992 -83.3816793893 5.14503816794 END
START 0.495599743652 -7.72369455566 6.00944616699 250.129770992 -78.5190839695 2.5572519084 END
START 0.536301171875 -10.2088758789 7.29273825684 250.129770992 -88.2900763359 6.08396946565 END
START -1.92014973145 -4.07253702393 14.0467811401 250.129770992 -92.0381679389 12.2748091603 END
START -5.08528432617 -10.6374379761 9.99339772949 250.129770992 -90.4122137405 -3.8320610687 END
START 4.9272670166 -8.8633345459 9.35175168457 250.129770992 -105.038167939 4.15267175573 END
START -0.632069238281 -11.3820346924 12.378022583 250.129770992 -96.465648855 14.6335877863 END
START -3.88818349609 -6.97909783936 9.06205328369 250.129770992 -104.679389313 3.40458015267 END
START -2.698265271 -14.3628157593 8.19056387939 250.129770992 -88.6717557252 3.73282442748 END
START -0.45729251709 -12.885593335 5.58567247314 250.129770992 -103.083969466 2.7786259542 END
START -1.25216746826 -3.4069489624 17.7865241333 250.129770992 -100.938931298 0.312977099237 END
START -3.34230551758 -10.8792523438 8.22168850098 250.129770992 -102.595419847 9.20610687023 END
START -3.93367332764 -8.97107362061 8.68616362305 250.129770992 -92.213740458 10.8778625954 END
START -4.45800349121 -12.0883241821 8.90643017578 250.129770992 -90.6564885496 6.40458015267 END
START 3.56496627197 -10.9079827637 9.82819781494 250.129770992 -93.679389313 13.5419847328 END
START -5.04697709961 -10.2902787354 6.57926616211 250.129770992 -98.7175572519 -2.87786259542 END
START -2.10450325928 -9.60793126221 9.67975731201 250.129770992 -87.8396946565 4.18320610687 END
START 5.61919129639 -10.2447889038 10.6182843628 250.129770992 -74.6717557252 9.27480916031 END
START 5.70059415283 -5.26245524902 6.4116720459 250.129770992 -80.5114503817 5.60305343511 END
START 2.07816704102 -8.77474908447 7.24006582031 250.129770992 -77.5801526718 10.9389312977 END
START 6.56968935547 -11.0803652832 6.91684859619 250.129770992 -74.4885496183 5.52671755725 END
START 9.10275471191 -11.2431709961 12.4929442627 250.129770992 -62.0305343511 3.64122137405 END
START 4.25689055176 -9.99818613281 11.1210667114 250.129770992 -53.5648854962 6.76335877863 END
START 7.58243665771 -16.316484314 5.71974776611 250.129770992 -49.0305343511 7.42748091603 END
START 2.39899006348 -3.1364041748 8.19295808105 250.129770992 -37.1832061069 11.6183206107 END
START 7.26879624023 -5.27442625732 9.08120689697 250.129770992 -50.0534351145 -3.00763358779 END