START 4.07253702393 -5.58567247314 6.39012423096 250.129770992 -81.8549618321 17.3282442748 END
START 2.50194073486 -8.80826790771 8.34858118896 250.129770992 -63.9923664122 11.0916030534 END
START -5.04697709961 -9.82101520996 6.91684859619 250.129770992 -53.3740458015 14.1297709924 END
START 1.64242233887 -9.13866773682 3.87621248779 250.129770992 -65.1145038168 10.8625954198 END
START -3.19865341797 -3.14119257812 10.2040874756 250.129770992 -52.0152671756 11.9618320611 END
START 0.0646434448242 -8.01099875488 12.4570312378 250.129770992 -67.5801526718 8.3358778626 END
START 2.58573779297 -2.70305367432 6.90008918457 250.129770992 -58.3664122137 -1.90076335878 END
START -4.07253702393 -4.26167895508 8.05648858643 250.129770992 -61.7480916031 12.0763358779 END
START 1.61369191895 -9.74200655518 4.77403811035 250.129770992 -62.8473282443 6.87786259542 END
START -3.71819517822 -7.39808312988 7.21612380371 250.129770992 -66.6259541985 18.7099236641 END
START -0.339976635742 -3.58411988525 8.52575211182 250.129770992 -66.0 8.29007633588 END
START -3.12922156982 -6.03099398193 7.53215842285 250.129770992 -67.893129771 9.61832061069 END
START -7.17542237549 -9.1458503418 4.82671054687 250.129770992 -46.6870229008 2.37404580153 END
START 10.314220752 -3.68707055664 7.61834968262 250.129770992 -53.3435114504 5.18320610687 END
START -0.550666381836 -6.36857641602 10.1705686523 250.129770992 -57.1984732824 -3.16030534351 END
START -1.34793553467 -13.1537439209 9.78031378174 250.129770992 -42.9694656489 6.02290076336 END
START 10.1155020142 -4.14196887207 9.71327613525 250.129770992 -47.7328244275 15.0992366412 END
START 3.27526787109 -8.01818135986 10.6182843628 250.129770992 -55.4427480916 4.37404580153 END
START 4.26886156006 -13.4506249268 12.5480109009 250.129770992 -50.893129771 6.08396946565 END
START 0.888248815918 -15.3468326416 4.82431634521 250.129770992 -63.0458015267 6.79389312977 END
START 2.26491477051 -14.3532389526 8.45392606201 250.129770992 -53.2977099237 10.0916030534 END
START -1.68791217041 -10.7356002441 9.18894597168 250.129770992 -51.465648855 11.0458015267 END
START -7.03177027588 -8.65503900146 -0.282515795898 250.129770992 -54.4198473282 11.9618320611 END
START -2.94726224365 -9.44751975098 9.67257470703 250.129770992 -49.2213740458 12.1908396947 END
START 0.61530982666 -9.2057053833 6.33745179443 250.129770992 -57.9847328244 13.6183206107 END
START -1.80043964844 -8.05648858643 11.3389390625 250.129770992 -59.7633587786 5.96946564885 END
START -1.4604630127 -10.8217915039 5.02782348633 250.129770992 -64.8854961832 8.28244274809 END
START 7.49863959961 -12.2128226685 5.13556256104 250.129770992 -77.427480916 9.72519083969 END
START -2.96402165527 -9.09796630859 7.84819304199 250.129770992 -70.5114503817 9.07633587786 END
START 0.91697923584 -12.1338140137 5.98071574707 250.129770992 -91.8320610687 1.02290076336 END
START -0.61052142334 -1.14921679688 6.6702458252 250.129770992 -87.4732824427 13.106870229 END
START 1.2138602417 -11.8225677979 8.39407102051 250.129770992 -82.2824427481 11.4885496183 END
START -3.32794030762 -8.11155522461 8.42998404541 250.129770992 -98.2213740458 -1.46564885496 END
START 1.2737152832 -0.0670376464844 2.64319863281 250.129770992 -99.1221374046 5.75572519084 END
START -2.68150585937 -16.7043449829 12.1481792236 250.129770992 -105.801526718 11.0152671756 END
START 0.337582434082 -7.42920775146 4.12760366211 250.129770992 -98.0839694656 11.8854961832 END
START -0.713472094727 -15.5000615479 11.8489040161 250.129770992 -103.839694656 11.0381679389 END
START 3.19147081299 -8.39167681885 3.98873996582 250.129770992 -85.7175572519 12.3664122137 END
START 2.29364519043 -9.30865605469 5.24090743408 250.129770992 -87.2519083969 5.36641221374 END
START 2.51391174316 -4.48433970947 4.46758029785 250.129770992 -78.9465648855 2.96946564885 END
START 8.39167681885 -14.6812445801 10.0819831909 250.129770992 -84.9083969466 2.35114503817 END
START 2.50672913818 -14.4466128174 5.02782348633 250.129770992 -74.0992366412 13.6641221374 END
START -1.51313544922 -8.8154505127 13.3692220703 250.129770992 -87.213740458 4.88549618321 END
START 5.93043751221 -11.2910550293 1.50116444092 250.129770992 -65.6564885496 6.96183206107 END
START 2.19069451904 -13.4386539185 3.21301862793 250.129770992 -75.8473282443 0.69465648855 END
START 2.28406838379 -14.3412679443 4.41969626465 250.129770992 -71.0076335878 15.5114503817 END
START 0.258573779297 -3.6056677002 11.6118780518 250.129770992 -77.4809160305 -0.0916030534351 END
START 2.69347686768 -11.6884925049 6.72531246338 250.129770992 -68.9160305344 11.7633587786 END
START 7.21851800537 -0.835576379395 10.9989624268 250.129770992 -78.572519084 4.98473282443 END
START 4.80995113525 -14.8105314697 9.16500395508 250.129770992 -75.9007633588 8.32824427481 END
START 2.4157494751 -11.2503536011 6.91445439453 250.129770992 -68.5877862595 15.2366412214 END
START 0.521935961914 -6.88093557129 1.49158763428 250.129770992 -79.534351145 5.09923664122 END
START -1.87705410156 -5.93762011719 9.39724151611 250.129770992 -81.8549618321 2.12977099237 END
START 9.64863269043 -3.93127912598 9.44991395264 250.129770992 -76.7557251908 4.26717557252 END
START 7.05331809082 -11.6645504883 10.0077629395 250.129770992 -66.7022900763 14.6946564885 END
START 9.64623848877 -10.8936175537 4.61123239746 250.129770992 -62.2442748092 5.22900763359 END
START 6.1411272583 -10.1514150391 5.54497104492 250.129770992 -63.8473282443 8.67175572519 END
START -2.1452046875 -9.06444748535 8.67658681641 250.129770992 -65.6335877863 -1.69465648855 END
START -0.77332713623 -5.58088406982 4.02225878906 250.129770992 -71.6488549618 6.9465648855 END
START 5.49948121338 -12.4809732544 3.58651408691 250.129770992 -62.893129771 5.06106870229 END
START 0.196324536133 -7.78354959717 4.86501777344 250.129770992 -56.9847328244 1.45801526718 END
START -6.54574733887 -9.440337146 5.69101734619 250.129770992 -61.4885496183 3.69465648855 END
START -1.7908628418 -4.79319172363 5.88494768066 250.129770992 -47.3129770992 6.67175572519 END
START -2.92571442871 -7.95353791504 9.84735142822 250.129770992 -64.465648855 0.0610687022901 END
START -1.93930334473 -5.21935961914 7.91044228516 250.129770992 -64.8167938931 3.11450381679 END
START -3.10288535156 -6.37097061768 12.6940572021 250.129770992 -70.3358778626 2.84732824427 END
START -2.84431157227 -9.69891092529 9.29189664307 250.129770992 -77.6717557252 10.2442748092 END
START -5.09486113281 -7.47709178467 7.88650026855 250.129770992 -67.6717557252 18.7709923664 END
START -1.12288057861 -12.3971761963 8.98543883057 250.129770992 -75.7557251908 5.25954198473 END
START -3.77805021973 -13.1657149292 9.33499227295 250.129770992 -90.9312977099 9.68702290076 END
START -3.23456644287 -8.54969412842 12.4139356079 250.129770992 -98.8778625954 11.534351145 END
START 1.06063133545 -8.13789144287 12.1793038452 250.129770992 -105.312977099 8.87786259542 END
START -4.8554409668 -4.82671054687 9.90481226807 250.129770992 -105.404580153 3.96183206107 END
START 2.25054956055 -9.68454571533 8.8872765625 250.129770992 -104.755725191 13.2366412214 END
START -2.42053787842 -11.3389390625 7.84819304199 250.129770992 -104.175572519 10.0992366412 END
START 2.98556947021 -11.1426145264 8.50420429687 250.129770992 -104.183206107 14.3053435115 END
START -5.59046087646 -12.1936690552 9.8186210083 250.129770992 -104.221374046 5.3358778626 END
START -1.68551796875 -5.75566079102 6.68700523682 250.129770992 -104.625954198 5.80152671756 END
START 1.69270057373 -9.23204160156 5.25048424072 250.129770992 -104.251908397 0.030534351145 END
START -9.22485899658 -3.90973131104 8.66940421143 250.129770992 -105.190839695 2.24427480916 END
START -3.0286651001 -18.2174804321 4.11563265381 250.129770992 -104.236641221 5.97709923664 END
START 10.7236292358 -10.771513269 10.1083194092 250.129770992 -101.679389313 5.17557251908 END
START 6.41646044922 -1.33117612305 2.26252056885 250.129770992 -84.5954198473 2.80916030534 END
START 1.96563956299 -6.22253011475 1.38145435791 250.129770992 -78.7328244275 0.137404580153 END
START 9.48343277588 -10.3764699951 7.59919606934 250.129770992 -75.8549618321 8.01526717557 END
START 10.8577045288 -8.10197841797 6.06451280518 250.129770992 -66.3740458015 19.6488549618 END
START 3.00951148682 -4.16591088867 6.90248338623 250.129770992 -64.2366412214 7.85496183206 END
START 5.39413634033 -4.92008441162 8.09719001465 250.129770992 -56.4045801527 -1.03816793893 END
START 6.97909783936 -9.55525882568 3.42849677734 250.129770992 -53.3511450382 12.3893129771 END
START 4.06056601562 -7.01979926758 10.9774146118 250.129770992 -54.8549618321 4.54198473282 END
START 2.63601602783 -8.99740983887 8.78672009277 250.129770992 -47.4045801527 6.02290076336 END
START 0.962469067383 -17.034744812 10.3501337769 250.129770992 -62.3435114504 7.31297709924 END
START 6.27280834961 -6.01662877197 5.29118566895 250.129770992 -62.4732824427 10.7633587786 END