START 1.51074124756 -6.1171852417 6.35660540771 250.129770992 -79.1450381679 4.25190839695 END
START -4.49870491943 -2.06859023437 5.54736524658 250.129770992 -89.427480916 11.2977099237 END
START -0.107739074707 -6.49068070068 12.2559182983 250.129770992 -76.1221374046 9.28244274809 END
START 3.25372005615 -7.61595548096 10.6374379761 250.129770992 -75.8778625954 10.2213740458 END
START -3.35667072754 -9.13866773682 4.67827004395 250.129770992 -70.9541984733 0.106870229008 END
START -1.84592947998 -10.9869914185 8.80347950439 250.129770992 -77.2061068702 9.40458015267 END
START -0.845153186035 -14.6501199585 11.4227361206 250.129770992 -70.2595419847 5.43511450382 END
START 0.0143652099609 -7.1203557373 8.53532891846 250.129770992 -77.6564885496 3.41221374046 END
START 6.90248338623 -6.63672700195 8.03015236816 250.129770992 -72.2213740458 9.39694656489 END
START 10.3477395752 -4.71418306885 13.0483990479 250.129770992 -68.0687022901 7.95419847328 END
START -4.80516273193 -7.97747993164 11.6573678833 250.129770992 -60.9083969466 2.54961832061 END
START -0.823605371094 -5.86579406738 10.7475712524 250.129770992 -71.0305343511 15.8778625954 END
START -1.89141931152 2.91134921875 8.10676682129 250.129770992 -62.5190839695 12.6488549618 END
START 7.40765993652 -11.2120463745 8.30069715576 250.129770992 -69.0763358779 0.564885496183 END
START 0.193930334473 -10.0053687378 6.08845482178 250.129770992 -54.3129770992 3.59541984733 END
START -1.14921679688 -2.10210905762 7.14669195557 250.129770992 -59.5801526718 3.9465648855 END
START 8.17380446777 -12.9167179565 9.69651672363 250.129770992 -52.0 5.14503816794 END
START -1.32638771973 -2.4157494751 4.63996281738 250.129770992 -55.2519083969 2.19847328244 END
START -1.17555301514 -7.84819304199 4.98233365479 250.129770992 -59.8091603053 13.9694656489 END
START -1.5203180542 -8.59518395996 9.98142672119 250.129770992 -56.9618320611 4.35877862595 END
START -0.725443103027 -3.79241542969 9.5720182373 250.129770992 -71.1603053435 1.97709923664 END
START -0.16041151123 -5.65989272461 9.10275471191 250.129770992 -67.8778625954 8.81679389313 END
START 6.50025750732 -16.4745016235 6.08845482178 250.129770992 -58.5190839695 14.6564885496 END
START 2.45645090332 -6.4236430542 5.65510432129 250.129770992 -63.1755725191 10.6183206107 END
START -3.03345350342 -7.9080480835 13.1776859375 250.129770992 -49.9160305344 4.73282442748 END
START -4.25210214844 -5.65749852295 6.86417615967 250.129770992 -53.0687022901 9.19847328244 END
START 1.45806881104 -9.69651672363 9.99579193115 250.129770992 -66.7099236641 4.3358778626 END
START -3.23217224121 -2.65038123779 6.30153876953 250.129770992 -63.8549618321 11.5801526718 END
START 1.69509477539 -7.57046564941 7.00303985596 250.129770992 -60.7404580153 21.1603053435 END
START -3.82114584961 -5.51384642334 5.20260020752 250.129770992 -67.8091603053 5.48091603053 END
START -3.27766207275 -5.67186373291 5.68383474121 250.129770992 -67.9312977099 8.85496183206 END
START 0.76375032959 -6.49307490234 2.28406838379 250.129770992 -65.6183206107 3.02290076336 END
START -1.78128603516 -1.98000477295 6.77559069824 250.129770992 -75.641221374 12.6030534351 END
START -0.849941589355 -12.5982891357 7.96550892334 250.129770992 -72.6946564885 7.15267175573 END
START -0.940921252441 -11.1497971313 4.22576593018 250.129770992 -83.5038167939 5.89312977099 END
START -6.31111557617 -8.80108530273 4.65432802734 250.129770992 -87.0763358779 6.35114503817 END
START -0.45729251709 -8.36294639893 7.63510909424 250.129770992 -98.6717557252 6.29007633588 END
START -3.28963308105 -7.51539901123 3.91930811768 250.129770992 -95.3740458015 4.52671755725 END
START -1.75973822021 -14.1377608032 11.8417214111 250.129770992 -103.152671756 -5.57251908397 END
START 0.854729992676 -12.6940572021 11.5831476318 250.129770992 -100.717557252 2.19083969466 END
START -6.54335313721 -6.15549246826 4.6208092041 250.129770992 -97.1755725191 2.8320610687 END
START 1.2497732666 -8.10676682129 4.98951625977 250.129770992 -106.72519084 11.2595419847 END
START -0.0670376464844 -11.540052002 3.83790526123 250.129770992 -98.1679389313 0.267175572519 END
START 3.54581265869 -3.17710560303 15.2558529785 250.129770992 -91.358778626 0.908396946565 END
START 6.81629212646 -10.285490332 4.9751510498 250.129770992 -81.8320610687 12.4885496183 END
START 3.20823022461 -6.83783994141 6.54335313721 250.129770992 -65.2595419847 12.1984732824 END
START 7.38132371826 -7.15387456055 7.72848295898 250.129770992 -59.5572519084 7.0 END
START 2.00155258789 -11.391611499 6.29196196289 250.129770992 -58.8473282443 4.03816793893 END
START 1.71185418701 -11.3940057007 7.92720169678 250.129770992 -63.4198473282 9.84732824427 END
START -0.122104284668 -15.4114760864 3.45004459229 250.129770992 -63.3129770992 12.9312977099 END
START 1.72143099365 -6.21774171143 -0.272938989258 250.129770992 -64.1450381679 12.6946564885 END
START -0.0478840332031 -6.23689532471 12.9119295532 250.129770992 -70.3511450382 11.1755725191 END
START -0.191536132812 -14.702792395 11.4442839355 250.129770992 -57.1832061069 4.47328244275 END
START 0.385466467285 -8.48983908691 9.58398924561 250.129770992 -66.2519083969 14.2900763359 END
START 7.59919606934 -7.89128867187 7.11077893066 250.129770992 -58.4122137405 5.99236641221 END
START 3.04542451172 -7.92720169678 6.12197364502 250.129770992 -61.2748091603 1.80916030534 END
START -4.63038601074 -12.9885440063 7.49863959961 250.129770992 -62.6259541985 4.69465648855 END
START 8.38449421387 -8.46110866699 3.17471140137 250.129770992 -62.3053435115 11.2061068702 END
START -3.12682736816 -8.58321295166 11.4562549438 250.129770992 -74.4122137405 -4.2213740458 END
START 2.37025964355 -16.429011792 10.0891657959 250.129770992 -79.0152671756 9.82442748092 END
START 2.5234885498 -8.51138690186 6.41885465088 250.129770992 -72.7022900763 1.09160305344 END
START -0.555454785156 -12.5911065308 5.46356818848 250.129770992 -82.8473282443 7.51908396947 END
START -4.3023803833 -16.1536786011 13.7187755127 250.129770992 -85.9541984733 3.30534351145 END
START -0.952892260742 -3.04781871338 9.16021555176 250.129770992 -87.8702290076 6.90839694656 END
START -1.69030637207 -5.34864650879 4.44363828125 250.129770992 -85.3664122137 7.7786259542 END
START 5.35582911377 -9.49061538086 9.71567033691 250.129770992 -88.213740458 10.5038167939 END