START -3.41652576904 -7.58722506104 11.0803652832 250.129770992 -103.106870229 8.90839694656 END
START 5.39413634033 -3.79241542969 10.8337625122 250.129770992 -85.8015267176 0.412213740458 END
START -3.41173736572 -7.8960770752 14.5088620605 250.129770992 -69.4885496183 -1.14503816794 END
START -0.239420166016 -10.405200415 12.3947819946 250.129770992 -75.3511450382 10.0076335878 END
START -0.775721337891 -15.9980554932 0.14844050293 250.129770992 -66.7175572519 1.35877862595 END
START -0.629675036621 -11.6286374634 12.3660515747 250.129770992 -72.8320610687 10.786259542 END
START -7.13711514893 -6.58166036377 10.9678378052 250.129770992 -74.0381679389 8.65648854962 END
START 4.08450803223 -8.16901606445 9.96706151123 250.129770992 -75.6946564885 11.7251908397 END
START 6.60081397705 -6.17943448486 6.4236430542 250.129770992 -74.9541984733 3.32061068702 END
START 3.61285030518 -11.9111532593 12.7778542603 250.129770992 -60.6488549618 0.618320610687 END
START -0.634463439941 -4.45560928955 8.79629689941 250.129770992 -49.358778626 9.49618320611 END
START 2.39899006348 -11.8728460327 12.5671645142 250.129770992 -55.6183206107 10.2519083969 END
START -0.622492431641 -4.43406147461 11.6214548584 250.129770992 -47.4427480916 3.23664122137 END
START 0.478840332031 -11.8728460327 8.19774648437 250.129770992 -51.8320610687 4.35877862595 END
START 4.5250411377 -3.60327349854 11.9207300659 250.129770992 -49.8549618321 3.8320610687 END
START 1.62805712891 -3.58890828857 13.132196106 250.129770992 -43.8167938931 19.4045801527 END
START 3.90733710937 -10.905588562 7.54412943115 250.129770992 -36.9389312977 3.45801526718 END
START 3.15555778809 -11.0779710815 11.540052002 250.129770992 -40.7633587786 4.4427480916 END
START -1.17076461182 -9.67496890869 9.49779798584 250.129770992 -52.3358778626 18.5954198473 END
START 1.72861359863 -0.14604630127 7.24485422363 250.129770992 -32.5954198473 2.80916030534 END
START -2.80839854736 -2.4995465332 5.53539423828 250.129770992 -34.1832061069 16.9083969466 END
START 3.93846173096 -11.1617681396 9.27992563477 250.129770992 -33.1984732824 6.16030534351 END
START 2.9927520752 -8.90403597412 10.7954552856 250.129770992 -29.9465648855 7.83969465649 END
START 1.46525141602 1.59693250732 9.41160672607 250.129770992 -25.8167938931 8.45801526718 END
START -6.63193859863 -9.73003554687 5.70777675781 250.129770992 -28.5877862595 6.93893129771 END
START -6.75883128662 -2.36547124023 7.91762489014 250.129770992 -28.1755725191 19.1221374046 END
START -1.86987149658 -10.3190091553 8.78193168945 250.129770992 -33.1145038168 10.1755725191 END
START -2.88740720215 -8.56166513672 9.39963571777 250.129770992 -33.1526717557 7.58778625954 END
START 5.28639726562 -13.4578075317 5.30076247559 250.129770992 -33.8854961832 6.09160305344 END
START 1.57538469238 -11.4849853638 5.7748144043 250.129770992 -49.2671755725 8.48091603053 END
START -9.31344445801 -9.18894597168 13.4314713135 250.129770992 -60.9847328244 11.893129771 END
START -0.045489831543 -10.532093103 4.69502945557 250.129770992 -63.6946564885 12.9847328244 END
START 5.11880314941 -11.6741272949 6.68461103516 250.129770992 -54.1450381679 8.13740458015 END
START -2.20984813232 -8.12113203125 9.06684168701 250.129770992 -65.8625954198 2.87022900763 END
START -3.56975467529 -7.3909005249 8.86812294922 250.129770992 -62.534351145 -3.67175572519 END
START 2.4756045166 -13.2950018188 11.0013566284 250.129770992 -80.3129770992 -3.61832061069 END
START -6.82586893311 -5.55454785156 5.60722028809 250.129770992 -69.0305343511 16.1221374046 END
START 1.75016141357 -9.5480762207 4.6088381958 250.129770992 -62.8549618321 11.8396946565 END
START 1.51313544922 -0.342370837402 10.9798088135 250.129770992 -70.2824427481 15.6030534351 END
START 5.85142885742 -12.6078659424 12.7084224121 250.129770992 -77.8854961832 7.6106870229 END
START -4.69742365723 -5.60243188477 3.75650240479 250.129770992 -66.8625954198 4.70992366412 END
START 1.83156427002 -4.66151063232 5.5521536499 250.129770992 -79.2824427481 19.0152671756 END
START 3.3470939209 -5.19062919922 7.92959589844 250.129770992 -75.1603053435 5.82442748092 END
START -5.43962617188 -10.2447889038 10.8146088989 250.129770992 -87.6259541985 8.24427480916 END
START 2.39420166016 -8.36534060059 5.39413634033 250.129770992 -101.13740458 -0.129770992366 END
START 7.82664522705 -15.203180542 6.22731851807 250.129770992 -90.0305343511 8.88549618321 END
START 2.96881005859 -14.0228391235 10.3573163818 250.129770992 -92.1679389313 7.51908396947 END
START 8.03015236816 -8.48744488525 7.20894119873 250.129770992 -83.0381679389 4.49618320611 END
START 2.18590611572 -16.7067391846 4.38857164307 250.129770992 -78.6030534351 10.0381679389 END
START 2.41335527344 -8.03254656982 9.19134017334 250.129770992 -78.8854961832 3.32824427481 END
START 7.13950935059 -14.3077491211 8.99740983887 250.129770992 -81.8854961832 21.1832061069 END
START 7.6614453125 -10.2136642822 6.90966599121 250.129770992 -73.0610687023 10.7404580153 END
START 7.11796153564 -16.8479970825 11.2240173828 250.129770992 -81.7480916031 12.8778625954 END
START 2.77487972412 -11.2383825928 10.1681744507 250.129770992 -73.7175572519 7.10687022901 END
START 5.34385810547 -12.24394729 7.86255825195 250.129770992 -76.9083969466 8.35877862595 END
START 7.53934102783 -10.0412817627 8.31985076904 250.129770992 -70.4045801527 1.93129770992 END
START 10.5440641113 -9.81622680664 8.23126530762 250.129770992 -71.5954198473 11.2519083969 END
START 4.26167895508 -3.03345350342 11.5424462036 250.129770992 -71.3282442748 1.86259541985 END
START 4.60404979248 -10.1274730225 8.47786807861 250.129770992 -71.6183206107 8.87786259542 END
START 6.13633885498 -9.82580361328 8.42758984375 250.129770992 -72.2213740458 13.6335877863 END
START 2.02788880615 -9.4762501709 10.7403886475 250.129770992 -67.9083969466 0.81679389313 END
START 0.359130249023 -9.68215151367 8.2025348877 250.129770992 -75.6641221374 -2.92366412214 END
START -2.37744224854 -11.4179477173 8.947131604 250.129770992 -82.4351145038 8.93129770992 END
START -4.12281525879 -19.5893579834 6.988674646 250.129770992 -77.4580152672 7.03053435115 END
START -3.72777198486 -2.7341782959 5.35822331543 250.129770992 -72.3282442748 4.80152671756 END
START -6.60560238037 -9.11472572021 8.28872614746 250.129770992 -82.1145038168 15.893129771 END
START 4.94402642822 -17.6165358154 13.005303418 250.129770992 -83.6717557252 3.22900763359 END
START -8.07564219971 -13.9007348389 12.2846487183 250.129770992 -100.961832061 3.41221374046 END
START 3.90254870605 -5.06613071289 9.00459244385 250.129770992 -94.3816793893 7.91603053435 END
START -0.804451757813 -2.98078106689 4.78600911865 250.129770992 -96.3969465649 9.43511450382 END
START 1.2018892334 -10.5967365479 12.4187240112 250.129770992 -88.4122137405 15.1755725191 END
START -2.39659586182 -9.79946739502 7.27358464355 250.129770992 -103.778625954 9.53435114504 END
START -5.22414802246 -5.59764348145 9.59596025391 250.129770992 -89.4885496183 9.48091603053 END
START -8.55448253174 -1.94648594971 13.0579758545 250.129770992 -94.9770992366 10.5038167939 END
START -4.70221206055 -10.7571480591 8.94234320068 250.129770992 -86.2213740458 12.6641221374 END
START -1.7788918335 -6.45237347412 7.13232674561 250.129770992 -92.7786259542 8.85496183206 END
START -2.93529123535 -4.72136567383 8.39407102051 250.129770992 -88.5954198473 4.25190839695 END
START 3.97676895752 -11.8010199829 5.24809003906 250.129770992 -78.6870229008 10.9083969466 END
START -2.7461493042 -9.28710823975 1.02711251221 250.129770992 -80.7709923664 9.60305343511 END
START -2.16675250244 -6.04535919189 5.95916793213 250.129770992 -90.0076335878 -4.7786259542 END
START -6.1411272583 -9.96706151123 11.8153851929 250.129770992 -83.7328244275 10.1450381679 END
START -3.33991131592 -8.0038161499 7.85776984863 250.129770992 -79.9694656489 8.83969465649 END
START -0.76853873291 -3.84987626953 11.8010199829 250.129770992 -86.5572519084 6.15267175573 END
START -8.53532891846 -12.0021329224 9.52892260742 250.129770992 -106.557251908 -2.25954198473 END
START -8.98783303223 -8.44674345703 4.5609541626 250.129770992 -104.603053435 2.75572519084 END
START -10.6326495728 -13.5942770264 7.61595548096 250.129770992 -103.893129771 2.79389312977 END
START -0.349553442383 -11.518504187 4.58250197754 250.129770992 -104.709923664 -5.63358778626 END
START -3.25611425781 -7.17063397217 7.96072052002 250.129770992 -104.015267176 16.0305343511 END
START 3.37582434082 -15.1816327271 10.5081510864 250.129770992 -104.450381679 16.2977099237 END
START 1.1659762085 -4.25928475342 11.1474029297 250.129770992 -104.65648855 3.35877862595 END
START 6.35660540771 -7.05810649414 6.97430943604 250.129770992 -98.4885496183 5.95419847328 END
START 14.3125375244 -9.67975731201 13.4961147583 250.129770992 -80.4580152672 10.1145038168 END
START 11.5232925903 -0.217872351074 8.43477244873 250.129770992 -59.0763358779 2.90839694656 END
START 3.81875164795 -6.88811817627 8.35576379395 250.129770992 -40.4122137405 4.89312977099 END
START 7.27119044189 -4.65193382568 6.4356140625 250.129770992 -39.9541984733 4.22900763359 END
START 12.004527124 -14.336479541 2.70065947266 250.129770992 -39.572519084 10.465648855 END
START 4.76685550537 -6.84741674805 9.94072529297 250.129770992 -37.9541984733 -2.70992366412 END
START 2.60010300293 -6.87375296631 7.05331809082 250.129770992 -38.9007633588 11.9618320611 END
START 4.23534273682 -13.3357032471 11.9398836792 250.129770992 -40.465648855 4.06870229008 END
START 9.68454571533 -7.55131203613 10.7068698242 250.129770992 -49.9694656489 8.60305343511 END
START 0.871489404297 -9.72524714355 13.4602017334 250.129770992 -59.7404580153 2.40458015267 END