START 1.25216746826 -1.47003981934 8.95431420898 250.129770992 -79.6183206107 5.77099236641 END
START -0.502782348633 -4.80995113525 7.63510909424 250.129770992 -80.5801526718 6.65648854962 END
START 9.43315454102 -5.8226984375 5.30315667725 250.129770992 -96.5648854962 -3.43511450382 END
START -1.5801730957 -7.77876119385 11.7866547729 250.129770992 -70.7786259542 5.30534351145 END
START 5.01106407471 -5.69819995117 10.6111017578 250.129770992 -74.320610687 1.0 END
START -0.632069238281 -8.43477244873 7.601590271 250.129770992 -68.1755725191 0.0458015267176 END
START 10.038887561 -11.0971246948 3.82832845459 250.129770992 -60.2748091603 -1.68702290076 END
START -4.09169063721 -2.85149417725 6.26323154297 250.129770992 -58.9770992366 17.0458015267 END
START 0.821211169434 -16.5702696899 7.85537564697 250.129770992 -66.3664122137 7.10687022901 END
START -5.23611903076 -12.2247936768 4.38378323975 250.129770992 -63.3664122137 8.72519083969 END
START 4.2784383667 -6.55292994385 12.2463414917 250.129770992 -61.0916030534 5.38167938931 END
START 2.21463653564 -5.45877978516 8.43237824707 250.129770992 -64.2213740458 7.25954198473 END
START -5.66707532959 -15.1289602905 11.2503536011 250.129770992 -53.5267175573 4.85496183206 END
START -0.675164868164 -8.75080706787 8.63109698486 250.129770992 -55.4427480916 2.96183206107 END
START 2.1332336792 -6.32787498779 4.92966121826 250.129770992 -45.2748091603 2.90076335878 END
START 5.76523759766 -1.79804544678 11.8896054443 250.129770992 -55.213740458 13.4885496183 END
START -5.81551583252 -10.6206785645 8.15943925781 250.129770992 -54.9694656489 3.69465648855 END
START 3.51229383545 -11.631031665 6.70137044678 250.129770992 -52.0076335878 4.16030534351 END
START 2.77966812744 -4.80037432861 7.14908615723 250.129770992 -55.0687022901 10.5038167939 END
START -3.83551105957 -3.6894647583 8.71249984131 250.129770992 -56.4351145038 3.09160305344 END
START 9.41400092773 -13.0675526611 6.14591566162 250.129770992 -40.9618320611 14.1221374046 END
START 9.89523546143 -9.06684168701 6.42124885254 250.129770992 -40.9083969466 -1.48854961832 END
START -5.20738861084 -7.57046564941 9.60793126221 250.129770992 -36.0229007634 1.93129770992 END
START -1.46285721436 -6.24886633301 6.88811817627 250.129770992 -37.6488549618 5.36641221374 END
START 6.4116720459 -13.1274077026 10.1633860474 250.129770992 -49.0458015267 6.17557251908 END
START -3.42370837402 -19.6133 10.8744639404 250.129770992 -56.7099236641 -0.984732824427 END
START 1.33835872803 -6.66306322021 4.5968671875 250.129770992 -59.9923664122 4.27480916031 END
START -2.10689746094 -11.3772462891 7.05331809082 250.129770992 -61.6870229008 2.23664122137 END
START -5.51384642334 -14.0395985352 6.28477935791 250.129770992 -58.4580152672 7.58778625954 END
START -3.36864173584 -4.88656558838 4.76446130371 250.129770992 -68.2213740458 5.4427480916 END
START 1.8507178833 -11.398794104 1.76213242187 250.129770992 -67.2748091603 11.0152671756 END
START -1.78128603516 -8.79390269775 3.76847341309 250.129770992 -65.3511450382 1.15267175573 END
START -0.945709655762 -8.76756647949 8.64306799316 250.129770992 -66.1603053435 -3.65648854962 END
START 2.54024796143 -7.14190355225 8.29590875244 250.129770992 -68.9389312977 11.0152671756 END
START 8.26478413086 -11.1952869629 5.44920297852 250.129770992 -79.9465648855 -1.93129770992 END
START 4.82431634521 2.08774384766 9.59356605225 250.129770992 -75.2442748092 11.5801526718 END
START -2.87783039551 -11.6741272949 10.7068698242 250.129770992 -72.4198473282 -3.12213740458 END
START 5.22893642578 -10.6111017578 5.65749852295 250.129770992 -72.6106870229 11.8244274809 END
START -1.71424838867 -11.1019130981 6.73728347168 250.129770992 -75.3664122137 6.57251908397 END
START 0.373495458984 -10.4219598267 5.11162054443 250.129770992 -85.1297709924 11.8167938931 END
START 3.98634576416 -3.38779534912 4.22816013184 250.129770992 -82.4122137405 8.07633587786 END
START 5.44202037354 -8.30787976074 7.24964262695 250.129770992 -88.8244274809 16.5877862595 END
START -11.405976709 -6.48110389404 7.67102211914 250.129770992 -90.3816793893 -1.42748091603 END
START 7.20175859375 -9.2655604248 2.34392342529 250.129770992 -94.1832061069 15.3816793893 END
START 4.31913979492 -16.6037885132 5.8945244873 250.129770992 -96.8854961832 11.0534351145 END
START 1.16837041016 -11.7291939331 5.8586114624 250.129770992 -91.5648854962 13.786259542 END
START 4.03662399902 -14.3963345825 7.54173522949 250.129770992 -104.145038168 12.3816793893 END
START 2.11886846924 -7.79791480713 6.56011254883 250.129770992 -101.496183206 0.167938931298 END
START 8.77953748779 -3.39258375244 7.01740506592 250.129770992 -105.27480916 7.29770992366 END
START 2.0973206543 -0.0335188232422 5.81791003418 250.129770992 -88.9770992366 1.64122137405 END
START 3.83072265625 -10.2902787354 9.93114848633 250.129770992 -95.7938931298 0.419847328244 END
START 0.632069238281 -17.1376954834 7.65665690918 250.129770992 -90.3664122137 7.00763358779 END
START 4.19703551025 -7.87452926025 3.57933148193 250.129770992 -83.0839694656 11.3893129771 END
START 3.91451971436 -9.99579193115 1.71903679199 250.129770992 -86.2900763359 1.56488549618 END
START 10.0508585693 -5.93283171387 9.11951412354 250.129770992 -106.541984733 6.58778625954 END
START -6.64151540527 -16.900669519 6.72291826172 250.129770992 -97.7175572519 12.7175572519 END
START -0.603338818359 -8.12831463623 4.65911643066 250.129770992 -89.5114503817 9.50381679389 END
START 6.742071875 -8.01339295654 1.41257897949 250.129770992 -89.6717557252 12.9007633588 END
START -5.92564910889 -7.58722506104 7.82664522705 250.129770992 -97.8244274809 7.99236641221 END
START -2.22421334229 -9.45709655762 6.42843145752 250.129770992 -96.5114503817 2.03053435115 END
START -3.21780703125 -14.9805197876 9.63426748047 250.129770992 -87.465648855 9.93893129771 END
START 0.265756384277 -5.98789835205 7.25203682861 250.129770992 -93.4885496183 9.58015267176 END
START 5.91846650391 -5.86579406738 9.28471403809 250.129770992 -76.8473282443 -0.786259541985 END
START 0.775721337891 -11.5951186401 8.97107362061 250.129770992 -88.6488549618 9.72519083969 END
START -1.97042796631 -7.81228001709 3.03105930176 250.129770992 -78.9770992366 11.8625954198 END
START 5.7748144043 -12.885593335 5.53778843994 250.129770992 -84.0152671756 12.3282442748 END
START -0.701501086426 -9.51934580078 9.47864437256 250.129770992 -80.7404580153 -3.51908396947 END
START -5.50187541504 -5.70059415283 11.166556543 250.129770992 -79.0076335878 0.458015267176 END
START -8.27196673584 -7.38371791992 10.7451770508 250.129770992 -80.641221374 9.49618320611 END
START 1.64242233887 -11.4945621704 5.67904633789 250.129770992 -79.6717557252 18.2213740458 END
START 7.35738170166 -9.01895765381 7.53215842285 250.129770992 -93.1603053435 16.9923664122 END
START 3.93367332764 -9.41639512939 9.5361052124 250.129770992 -90.5648854962 4.67175572519 END
START -0.268150585937 -10.0077629395 10.0987426025 250.129770992 -71.8778625954 11.3816793893 END
START 2.698265271 -10.3644989868 6.85699355469 250.129770992 -70.0076335878 11.4885496183 END
START 2.77248552246 -7.3430164917 10.2759135254 250.129770992 -72.427480916 14.4351145038 END
START 1.5442600708 -7.91762489014 8.47786807861 250.129770992 -67.0610687023 12.8625954198 END
START 0.931344445801 -13.6828624878 11.8608750244 250.129770992 -61.0687022901 4.01526717557 END
START 0.433350500488 -10.9869914185 0.193930334473 250.129770992 -71.3435114504 17.5114503817 END