START -2.24336695557 -12.3133791382 4.07493122559 250.129770992 -64.8778625954 2.08396946565 END
START 3.27766207275 -6.70137044678 9.02374605713 250.129770992 -71.8854961832 17.465648855 END
START 6.94079061279 -14.9924907959 5.8226984375 250.129770992 -70.572519084 3.31297709924 END
START 0.239420166016 -12.3277443481 8.9231895874 250.129770992 -66.106870229 -2.79389312977 END
START -1.2617442749 -4.46758029785 6.92881960449 250.129770992 -60.1145038168 8.74809160305 END
START 1.67833536377 -16.2398698608 11.293449231 250.129770992 -68.0229007634 5.86259541985 END
START 6.22013591309 -5.54736524658 5.10204373779 250.129770992 -63.8396946565 12.6259541985 END
START -1.49398183594 -6.52659372559 8.10197841797 250.129770992 -60.8091603053 8.20610687023 END
START -0.667982263184 -13.0436106445 9.66539210205 250.129770992 -58.8091603053 3.93893129771 END
START -2.65995804443 -8.8633345459 0.972045874023 250.129770992 -55.5267175573 13.5267175573 END
START 1.59453830566 -10.5584293213 12.6342021606 250.129770992 -52.9160305344 1.83969465649 END
START 1.65918175049 -14.8751749146 8.23605371094 250.129770992 -65.1221374046 10.9312977099 END
START 1.8507178833 -10.8217915039 9.55525882568 250.129770992 -65.0229007634 9.02290076336 END
START -0.184353527832 -12.7778542603 7.02219346924 250.129770992 -53.8549618321 1.53435114504 END
START 1.19710083008 -11.6477910767 3.90494290771 250.129770992 -58.0229007634 5.61832061069 END
START -2.7581203125 -10.1633860474 10.9223479736 250.129770992 -52.0839694656 3.02290076336 END
START -2.85867678223 -7.38611212158 8.8992475708 250.129770992 -66.2442748092 3.47328244275 END
START -5.10204373779 -12.7850368652 15.0978356689 250.129770992 -68.9312977099 15.9083969466 END
START 1.93690914307 -6.54574733887 7.52976422119 250.129770992 -75.0076335878 4.37404580153 END
START -1.35511813965 -6.84023414307 2.29843359375 250.129770992 -61.7938931298 7.98473282443 END
START 5.56173045654 -13.6158248413 8.32942757568 250.129770992 -62.6717557252 12.5648854962 END
START 3.29681568604 -9.66539210205 6.61757338867 250.129770992 -61.893129771 16.7404580153 END
START 5.00866987305 -12.1960632568 10.3549221802 250.129770992 -65.5114503817 3.90076335878 END
START 5.88734188232 -8.69813463135 11.4011883057 250.129770992 -65.3664122137 0.931297709924 END
START 5.2337248291 -12.2080342651 7.28076724854 250.129770992 -69.3664122137 2.50381679389 END
START 2.42053787842 -3.77565601807 8.70771143799 250.129770992 -72.0916030534 6.53435114504 END
START -7.10599052734 -10.8577045288 11.0851536865 250.129770992 -78.7022900763 11.8549618321 END
START -7.05810649414 -13.3620394653 9.38766470947 250.129770992 -82.4580152672 6.53435114504 END
START -1.12048637695 -4.14196887207 6.27520255127 250.129770992 -85.7022900763 -1.13740458015 END
START -5.98789835205 -3.47398660889 5.00866987305 250.129770992 -76.9847328244 7.39694656489 END
START -3.85945307617 -7.4028715332 0.174776721191 250.129770992 -103.694656489 12.7480916031 END
START -3.56975467529 -7.6494743042 8.37012900391 250.129770992 -92.679389313 7.96946564885 END
START -7.07726010742 -12.871228125 16.8072956543 250.129770992 -97.8167938931 -3.74045801527 END
START 4.38378323975 -9.78510218506 11.3509100708 250.129770992 -99.0152671756 -3.7786259542 END
START -11.8967880493 -6.20337650146 7.95832631836 250.129770992 -97.9312977099 -1.2213740458 END
START 0.244208569336 -11.3413332642 9.07402429199 250.129770992 -100.267175573 13.7175572519 END
START 3.79002122803 -7.3549875 12.1864864502 250.129770992 -95.3282442748 6.87786259542 END
START -0.61530982666 -5.26245524902 10.1705686523 250.129770992 -96.2977099237 10.572519084 END
START 2.32955821533 -17.0802346436 14.2981723145 250.129770992 -69.2290076336 8.2213740458 END
START 1.74776721191 -8.97107362061 10.2807019287 250.129770992 -73.0534351145 17.1832061069 END
START 3.53623585205 -16.5750580933 8.40364782715 250.129770992 -78.0992366412 7.12977099237 END
START -2.90177241211 -4.89853659668 10.3621047852 250.129770992 -78.7938931298 -3.68702290076 END
START 0.641646044922 -1.16358200684 10.0053687378 250.129770992 -63.1755725191 2.98473282443 END
START 4.04620080566 -13.3165496338 9.11951412354 250.129770992 -67.427480916 7.96946564885 END
START -1.08936175537 -7.33343968506 6.64869801025 250.129770992 -68.8473282443 -5.19083969466 END
START 12.2319762817 -4.01268198242 8.88248815918 250.129770992 -58.8778625954 12.9618320611 END
START -8.2623899292 -16.0387569214 12.4211182129 250.129770992 -64.9236641221 10.2977099237 END
START 12.2271878784 -10.6111017578 12.2247936768 250.129770992 -53.320610687 9.96183206107 END
START -2.9927520752 -14.702792395 4.89853659668 250.129770992 -54.106870229 16.213740458 END
START -1.45088620605 -11.5472346069 8.44434925537 250.129770992 -53.8091603053 13.1755725191 END
START 6.02141717529 -13.4434423218 8.36055219727 250.129770992 -60.2595419847 5.6106870229 END
START 3.08133753662 -10.6278611694 14.3005665161 250.129770992 -58.0381679389 -2.28244274809 END
START 2.74136090088 -10.8744639404 5.39892474365 250.129770992 -55.6870229008 1.32824427481 END
START 6.52659372559 -15.0355864258 9.7707369751 250.129770992 -50.6717557252 1.45801526718 END
START -2.87064779053 -10.5727945312 7.36217010498 250.129770992 -49.2366412214 3.21374045802 END
START -4.5729251709 -12.4690022461 9.94072529297 250.129770992 -51.9465648855 2.25190839695 END
START -1.22822545166 -12.6509615723 11.7244055298 250.129770992 -61.4427480916 14.9160305344 END
START -2.03746561279 -9.1578213501 7.46990917969 250.129770992 -54.1679389313 10.1297709924 END
START 4.84107575684 -9.82340941162 -0.653617053223 250.129770992 -59.7709923664 15.0305343511 END
START -1.06541973877 -8.8992475708 7.37653531494 250.129770992 -61.9389312977 0.595419847328 END
START -3.34230551758 -12.0548053589 6.92403120117 250.129770992 -62.1755725191 6.04580152672 END
START -2.15478149414 -13.5176625732 5.43004936523 250.129770992 -73.0839694656 12.106870229 END
START -5.65271011963 -9.2416184082 3.43328518066 250.129770992 -79.3358778626 11.213740458 END
START 0.0502782348633 -9.63426748047 4.81473953857 250.129770992 -78.5877862595 2.39694656489 END
START -5.09964953613 -5.29357987061 10.2376062988 250.129770992 -80.7480916031 4.47328244275 END
START -1.15639940186 -19.5558391602 4.43645567627 250.129770992 -92.465648855 6.65648854962 END
START -7.18260498047 -3.00951148682 5.14753356934 250.129770992 -75.4732824427 7.4427480916 END
START 1.65918175049 -4.21379492187 3.50989963379 250.129770992 -97.1755725191 9.60305343511 END
START 2.41335527344 -10.6446205811 4.78361491699 250.129770992 -84.7938931298 -0.396946564885 END
START -3.75889660645 -0.0502782348633 8.9591026123 250.129770992 -91.2519083969 5.95419847328 END
START -0.943315454102 -9.75397756348 8.02057556152 250.129770992 -88.1450381679 0.854961832061 END
START 1.31681091309 -14.6573025635 8.63588538818 250.129770992 -104.770992366 -2.41984732824 END
START -4.51546433105 -13.2758482056 6.66306322021 250.129770992 -102.091603053 17.2748091603 END
START -3.17471140137 -6.988674646 9.16021555176 250.129770992 -104.244274809 10.6870229008 END
START 1.17076461182 -5.26006104736 8.55448253174 250.129770992 -104.244274809 4.45038167939 END
START 2.67671745605 -6.54574733887 9.72764134521 250.129770992 -105.175572519 3.06106870229 END
START 7.18739338379 -6.27520255127 9.39724151611 250.129770992 -103.801526718 3.36641221374 END
START 2.30801040039 -6.94557901611 3.81156904297 250.129770992 -103.290076336 2.73282442748 END
START 5.61679709473 -9.14345614014 13.7403233276 250.129770992 -104.404580153 -5.09923664122 END
START -1.91296712646 -4.97275684814 5.8466404541 250.129770992 -103.488549618 0.213740458015 END
START 7.0126166626 -8.38688841553 7.43160195312 250.129770992 -103.091603053 10.9465648855 END
START -3.67509954834 -4.28322677002 5.14274516602 250.129770992 -87.9541984733 12.465648855 END
START 1.22583125 -12.4570312378 10.7451770508 250.129770992 -78.9847328244 5.18320610687 END
START 1.86029468994 -1.75255561523 9.27274302979 250.129770992 -65.1297709924 8.67938931298 END
START 1.2617442749 -2.54503636475 1.472434021 250.129770992 -63.0229007634 6.77099236641 END
START 1.41257897949 -13.5463929932 5.78917961426 250.129770992 -73.5267175573 -2.78625954198 END
START 4.83868155518 -3.3590649292 5.09486113281 250.129770992 -60.3511450382 17.0458015267 END
START -1.19231242676 -6.65827481689 -0.854729992676 250.129770992 -52.9236641221 11.5190839695 END
START 4.44842668457 -3.9480385376 9.1697923584 250.129770992 -58.6183206107 10.9083969466 END
START -4.6208092041 -8.98065042725 9.46906756592 250.129770992 -61.5572519084 11.3893129771 END
START -2.97359846191 -7.1203557373 6.86178195801 250.129770992 -56.8167938931 6.92366412214 END
START -5.34385810547 -1.61369191895 10.3597105835 250.129770992 -60.8473282443 -0.984732824427 END
START 5.37258852539 -11.3509100708 3.7253777832 250.129770992 -70.6641221374 14.0381679389 END
START 2.89458980713 -3.07894333496 9.61271966553 250.129770992 -57.1679389313 14.7480916031 END
START -10.4506902466 -10.6685625977 4.22337172852 250.129770992 -59.8015267176 8.20610687023 END
START 2.91853182373 -11.4514665405 13.9366478638 250.129770992 -61.1908396947 3.65648854962 END
START -1.33835872803 -7.00303985596 10.0149455444 250.129770992 -70.8396946565 4.97709923664 END
START 7.86974085693 -1.52510645752 6.04296499023 250.129770992 -61.2061068702 3.38167938931 END
START 4.19942971191 -8.30309135742 0.407014282227 250.129770992 -80.9847328244 12.2519083969 END
START 1.22583125 -15.1576907104 9.62708487549 250.129770992 -74.2900763359 3.52671755725 END
START 4.40293685303 -9.13866773682 11.1138841064 250.129770992 -75.4351145038 3.28244274809 END
START 1.57059628906 -14.2431056763 6.61517918701 250.129770992 -70.6259541985 1.83969465649 END
START 3.04542451172 -10.0125513428 11.2766898193 250.129770992 -70.2595419847 7.32061068702 END
START 3.69185895996 -10.7571480591 11.4658317505 250.129770992 -79.3969465649 3.64122137405 END
START 1.1899182251 2.53067115479 11.166556543 250.129770992 -85.0229007634 -0.549618320611 END
START -2.50672913818 -12.4761848511 6.7540428833 250.129770992 -73.572519084 8.29007633588 END
START -3.27766207275 -7.43639035645 6.24886633301 250.129770992 -77.3664122137 8.06106870229 END
START -1.8746598999 -14.2383172729 10.3285859619 250.129770992 -79.893129771 5.47328244275 END
START 2.36547124023 -15.4186586914 10.7691190674 250.129770992 -81.4580152672 5.08396946565 END
START 1.45088620605 -9.36611689453 8.41561883545 250.129770992 -81.1755725191 9.1679389313 END
START -1.08936175537 -16.0579105347 13.3907698853 250.129770992 -84.1679389313 6.00763358779 END
START 1.50355864258 -5.54497104492 8.74362446289 250.129770992 -77.6183206107 9.67938931298 END
START 5.59285507812 -9.09557210693 12.1481792236 250.129770992 -74.320610687 1.69465648855 END
START -2.43250888672 -7.24246002197 9.38048210449 250.129770992 -86.5572519084 5.41984732824 END
START 2.77966812744 -8.48265648193 14.702792395 250.129770992 -75.4809160305 6.91603053435 END
START 1.50595284424 -9.11233151855 6.57208355713 250.129770992 -86.4809160305 17.0916030534 END
START 0.751779321289 -0.91458503418 4.36702382812 250.129770992 -78.4961832061 16.2290076336 END
START 6.4116720459 -11.9949503174 4.46997449951 250.129770992 -77.8015267176 13.8320610687 END
START 6.93839641113 -9.22485899658 12.737152832 250.129770992 -65.3740458015 11.4961832061 END
START 6.54814154053 -5.33667550049 12.6892687988 250.129770992 -62.9541984733 -5.62595419847 END
START 3.71101257324 -8.11155522461 1.55144267578 250.129770992 -71.0610687023 8.95419847328 END
START 8.8393925293 -6.81868632812 7.92959589844 250.129770992 -67.8167938931 11.106870229 END