START 6.31111557617 -11.137826123 7.81946262207 250.129770992 -60.2290076336 7.40458015267 END
START 6.71573565674 -11.7052519165 9.27034882812 250.129770992 -48.7175572519 4.40458015267 END
START -0.550666381836 -14.2957781128 6.45476767578 250.129770992 -55.3129770992 13.0763358779 END
START -3.20344182129 -12.6988456055 11.0085392334 250.129770992 -50.2213740458 3.63358778626 END
START -1.4963760376 -11.6238490601 7.63989749756 250.129770992 -55.9923664122 -1.12213740458 END
START 1.10372696533 -6.92881960449 11.2192289795 250.129770992 -58.4198473282 13.3435114504 END
START -4.6686932373 -15.1481139038 7.30949766846 250.129770992 -52.9083969466 5.54198473282 END
START 3.08612593994 -12.5815297241 2.40617266846 250.129770992 -55.7938931298 3.48854961832 END
START 4.16351668701 -8.38210001221 7.3909005249 250.129770992 -60.6106870229 4.96183206107 END
START 4.28562097168 -8.83460412598 9.00219824219 250.129770992 -60.4809160305 13.6259541985 END
START -7.17302817383 -8.51138690186 9.77791958008 250.129770992 -63.7633587786 4.53435114504 END
START 0.828393774414 -6.24886633301 9.02374605713 250.129770992 -77.5496183206 1.9465648855 END
START 1.4963760376 -4.23294853516 11.4706201538 250.129770992 -72.4732824427 5.45038167939 END
START -2.18590611572 -8.48983908691 9.06205328369 250.129770992 -71.2748091603 8.51908396947 END
START 2.22181914063 -11.8393272095 7.58243665771 250.129770992 -75.9389312977 15.2442748092 END
START -2.7102362793 -7.49624539795 5.61919129639 250.129770992 -86.5267175573 7.25954198473 END
START -6.96473262939 -3.98634576416 8.69813463135 250.129770992 -86.5038167939 11.9923664122 END
START -7.54412943115 -9.17936916504 10.5344873047 250.129770992 -86.9007633588 4.41221374046 END
START 4.9392380249 -11.6884925049 7.94874951172 250.129770992 -85.465648855 9.19083969466 END
START 2.06380183105 -11.5759650269 8.33182177734 250.129770992 -95.641221374 -0.190839694656 END
START -4.72615407715 -11.2886608276 7.89128867187 250.129770992 -88.2671755725 9.03053435115 END
START 0.814028564453 -9.1817633667 5.78917961426 250.129770992 -86.572519084 14.9312977099 END
START -0.885854614258 -6.53377633057 9.03332286377 250.129770992 -99.8778625954 7.54198473282 END
START 0.471657727051 -12.0141039307 8.95670841064 250.129770992 -86.4809160305 12.5038167939 END
START -0.598550415039 -7.75481917725 10.7403886475 250.129770992 -91.3816793893 6.43511450382 END
START 2.30561619873 -10.2495773071 13.0412164429 250.129770992 -94.0305343511 3.1679389313 END
START 2.10689746094 -4.96557424316 12.3277443481 250.129770992 -103.473282443 7.25190839695 END
START 1.73340200195 -3.83790526123 11.7291939331 250.129770992 -107.007633588 9.58778625954 END
START 0.31364041748 -5.86818826904 8.73883605957 250.129770992 -79.6106870229 13.2061068702 END
START 10.1202904175 -7.45793817139 11.884817041 250.129770992 -90.5572519084 22.9083969466 END
START 2.27449157715 -0.682347473145 6.79953271484 250.129770992 -70.0305343511 4.87786259542 END
START -4.47955130615 -7.9439611084 7.86734665527 250.129770992 -87.6259541985 18.8091603053 END
START 6.54095893555 -10.8289741089 6.55053574219 250.129770992 -82.0076335878 8.04580152672 END
START 1.66157595215 -16.4984436401 10.8912233521 250.129770992 -86.4580152672 11.5572519084 END
START 8.31985076904 -8.99501563721 6.59841977539 250.129770992 -79.3969465649 6.3893129771 END
START 3.67749375 -5.36061751709 9.55286462402 250.129770992 -79.7557251908 3.28244274809 END
START 5.42765516357 -12.9789671997 5.43723197021 250.129770992 -74.0763358779 0.763358778626 END
START 5.95437952881 -9.90481226807 4.35984122314 250.129770992 -67.1908396947 12.8702290076 END
START 0.316034619141 -8.82502731934 0.46686932373 250.129770992 -74.786259542 7.54198473282 END
START 6.63193859863 -10.8170031006 6.46913288574 250.129770992 -63.0992366412 -2.24427480916 END
START 3.61045610352 -9.40921252441 5.8226984375 250.129770992 -65.213740458 6.16030534351 END
START -0.105344873047 -14.0060797119 2.82036955566 250.129770992 -57.0076335878 15.572519084 END
START -0.107739074707 -10.5943423462 5.4922986084 250.129770992 -54.8167938931 16.0916030534 END
START 10.046070166 -8.36055219727 5.51145222168 250.129770992 -66.7328244275 16.9770992366 END
START 8.87769975586 -8.85854614258 4.30477458496 250.129770992 -63.0534351145 17.5572519084 END
START -2.3798364502 -10.0197339478 9.39963571777 250.129770992 -61.3816793893 13.4503816794 END
START 9.33020386963 -11.1426145264 5.87776507568 250.129770992 -53.8473282443 2.69465648855 END
START 3.52665904541 -7.22330640869 7.44836136475 250.129770992 -64.2290076336 5.61832061069 END
START 0.277727392578 -13.3476742554 8.11873782959 250.129770992 -66.7786259542 7.67175572519 END
START 0.117315881348 -10.8122146973 11.1306435181 250.129770992 -64.6183206107 7.67175572519 END
START 6.7301008667 -6.56490095215 8.2623899292 250.129770992 -70.572519084 3.83969465649 END
START 8.52814631348 -5.98789835205 12.5168862793 250.129770992 -62.4503816794 5.3358778626 END
START 0.136469494629 -9.5361052124 4.61362659912 250.129770992 -71.2977099237 5.64122137405 END
START -4.54180054932 -9.57680664062 12.0548053589 250.129770992 -75.7786259542 1.16030534351 END
START 6.39251843262 -6.94557901611 6.58644876709 250.129770992 -76.9389312977 5.75572519084 END
START -2.88022459717 -10.7954552856 6.8019269165 250.129770992 -77.3664122137 12.5954198473 END
START 5.52342322998 -8.80108530273 7.12274993896 250.129770992 -87.1603053435 10.9770992366 END
START -0.14844050293 -4.66151063232 9.47146176758 250.129770992 -77.5954198473 15.4885496183 END
START -1.37187755127 -8.78672009277 8.04691177979 250.129770992 -91.5267175573 3.6641221374 END
START 8.57603034668 -4.46039769287 11.8249619995 250.129770992 -84.1221374046 2.90839694656 END
START 2.48518132324 -16.2566292725 1.58496149902 250.129770992 -104.213740458 11.465648855 END
START 5.80593902588 -10.9989624268 9.50976899414 250.129770992 -99.8778625954 4.76335877863 END
START -2.36068283691 -5.52102902832 4.35505281982 250.129770992 -105.244274809 5.48854961832 END
START 6.39012423096 -10.158597644 8.28154354248 250.129770992 -101.442748092 9.1679389313 END
START 7.67581052246 -8.3102739624 10.0340991577 250.129770992 -101.564885496 5.81679389313 END
START 12.2774661133 -10.038887561 8.75320126953 250.129770992 -103.679389313 7.20610687023 END
START 7.21612380371 -9.31105025635 6.03338818359 250.129770992 -98.1297709924 5.69465648855 END
START 1.99915838623 -13.3931640869 12.758700647 250.129770992 -95.8702290076 16.4732824427 END
START 7.22330640869 -3.93367332764 4.91769020996 250.129770992 -85.9389312977 15.106870229 END
START 5.61440289307 -5.67665213623 6.84502254639 250.129770992 -85.3282442748 7.9465648855 END
START 3.27287366943 -2.15478149414 9.55286462402 250.129770992 -78.4732824427 10.679389313 END
START -0.991199487305 -11.2383825928 9.11472572021 250.129770992 -72.4732824427 -5.63358778626 END
START 7.27358464355 -1.72621939697 8.88967076416 250.129770992 -71.1526717557 1.46564885496 END
START 5.4803276001 -4.92966121826 6.47392128906 250.129770992 -68.9465648855 5.22900763359 END
START -1.55144267578 -7.09401951904 8.48265648193 250.129770992 -74.572519084 2.87022900763 END
START -3.43807358398 -5.79396801758 12.856862915 250.129770992 -79.1755725191 12.8473282443 END
START 10.1633860474 -4.51307012939 7.74524237061 250.129770992 -73.2595419847 8.03053435115 END
START 3.82114584961 -6.5074401123 12.7946136719 250.129770992 -79.9160305344 14.6259541985 END
START 3.7014357666 -9.36851109619 5.91607230225 250.129770992 -72.358778626 6.80152671756 END
START 5.35582911377 -8.42998404541 19.0291147949 250.129770992 -71.6259541985 9.85496183206 END
START 2.04225401611 -9.25598361816 15.9310178467 250.129770992 -60.4885496183 6.48854961832 END
START -2.02310040283 -5.85382305908 9.20331118164 250.129770992 -58.7175572519 9.10687022901 END
START 5.20260020752 -13.0292454346 4.61362659912 250.129770992 -61.5877862595 7.58015267176 END
START -1.36469494629 -14.1712796265 5.27921466064 250.129770992 -69.4198473282 0.625954198473 END
START -3.62242711182 -8.40125362549 10.7739074707 250.129770992 -75.0610687023 2.92366412214 END
START -2.55700737305 -6.40448944092 11.6262432617 250.129770992 -64.893129771 0.412213740458 END
START -4.49870491943 -9.82580361328 4.71657727051 250.129770992 -56.8625954198 7.84732824427 END
START -4.12042105713 -11.0109334351 2.17632930908 250.129770992 -71.2213740458 12.7328244275 END
START -1.99676418457 -12.9885440063 14.6573025635 250.129770992 -74.6717557252 5.61832061069 END