START 0.409408483887 -5.14274516602 10.2711251221 250.129770992 -68.1297709924 -1.21374045802 END
START 7.93917270508 -9.34217487793 6.56729515381 250.129770992 -70.3129770992 10.9236641221 END
START -0.217872351074 -9.76355437012 7.08683691406 250.129770992 -74.2442748092 8.01526717557 END
START -0.928950244141 -7.3909005249 9.00219824219 250.129770992 -65.1450381679 7.12977099237 END
START 9.22007059326 -11.3341506592 7.9439611084 250.129770992 -65.9007633588 9.77099236641 END
START 6.98149204102 -5.00388146973 10.3668931885 250.129770992 -68.7328244275 9.67175572519 END
START 5.53060583496 -10.9845972168 11.9614314941 250.129770992 -57.213740458 9.08396946565 END
START 5.15950457764 -9.12669672852 5.16429298096 250.129770992 -57.8625954198 9.85496183206 END
START 6.0693012085 -12.9526309814 5.78917961426 250.129770992 -53.106870229 19.3282442748 END
START 1.83635267334 -10.6374379761 4.52982954102 250.129770992 -57.8549618321 5.79389312977 END
START 1.67354696045 -11.9207300659 7.74524237061 250.129770992 -58.5267175573 -6.19847328244 END
START 2.35589443359 -11.1474029297 9.23204160156 250.129770992 -53.4961832061 3.07633587786 END
START 2.29843359375 -7.59919606934 4.74291348877 250.129770992 -46.6717557252 5.06106870229 END
START -1.02471831055 -11.3030260376 6.7899559082 250.129770992 -49.8625954198 -3.56488549618 END
START -0.191536132812 -14.6573025635 4.74770189209 250.129770992 -54.9312977099 10.6183206107 END
START -2.4157494751 -12.7850368652 7.07486590576 250.129770992 -51.9389312977 -0.160305343511 END
START -3.04303031006 -11.4873795654 8.21929429932 250.129770992 -53.0 11.3816793893 END
START 10.6709567993 -10.7763016724 2.66953485107 250.129770992 -41.7328244275 6.84732824427 END
START 5.73890137939 -14.4849200439 8.90164177246 250.129770992 -52.2824427481 0.625954198473 END
START 5.10922634277 -7.25682523193 5.65989272461 250.129770992 -64.2977099237 6.41221374046 END
START -3.50750543213 -1.8267758667 7.55131203613 250.129770992 -60.1450381679 -7.0 END
START 4.70700046387 -3.99352836914 7.64468590088 250.129770992 -63.2900763359 5.50381679389 END
START 1.47961662598 0.0502782348633 10.9486841919 250.129770992 -78.1374045802 12.1450381679 END
START 1.20667763672 -13.5703350098 10.7379944458 250.129770992 -69.4961832061 8.25954198473 END
START -1.34075292969 -5.00866987305 12.6533557739 250.129770992 -66.427480916 11.6183206107 END
START 5.22414802246 -7.18260498047 12.0571995605 250.129770992 -75.2061068702 14.5496183206 END
START -3.86424147949 -11.6549736816 6.35899960937 250.129770992 -71.4045801527 3.30534351145 END
START -3.45483299561 -10.9774146118 10.1753570557 250.129770992 -76.0839694656 12.7328244275 END
START -3.43567938232 -9.53371101074 9.43554874268 250.129770992 -90.1297709924 15.1755725191 END
START 3.68228215332 -7.43399615479 8.8154505127 250.129770992 -85.1832061069 9.19847328244 END
START -3.60806190186 -9.54089361572 9.78749638672 250.129770992 -93.8778625954 12.0763358779 END
START -2.99993468018 -7.56328304443 8.75559547119 250.129770992 -92.6106870229 0.0534351145038 END
START -6.95994422607 -9.71806453857 2.56658417969 250.129770992 -103.022900763 16.2977099237 END
START 1.84114107666 -0.940921252441 9.54328781738 250.129770992 -100.923664122 4.77099236641 END
START -4.77164390869 -8.06845959473 13.3357032471 250.129770992 -94.5572519084 2.90076335878 END
START 4.17788189697 -10.0221281494 13.4458365234 250.129770992 -101.916030534 10.9770992366 END
START -2.83473476562 -9.27513723145 14.5878707153 250.129770992 -94.427480916 4.90076335878 END
START 2.44687409668 -3.16274039307 8.93276639404 250.129770992 -96.0305343511 -0.358778625954 END
START 1.18512982178 -10.8768581421 3.36864173584 250.129770992 -98.7251908397 3.74809160305 END
START -6.04535919189 -3.94564433594 10.299855542 250.129770992 -87.6030534351 3.43511450382 END
START 1.76213242187 -4.18506450195 9.10514891357 250.129770992 -77.1755725191 7.41221374046 END
START -2.88022459717 -13.5439987915 9.20331118164 250.129770992 -66.0229007634 2.41221374046 END
START 7.75003077393 -8.11634362793 0.691924279785 250.129770992 -60.1603053435 -2.95419847328 END
START -0.577002600098 -16.7474406128 6.95755002441 250.129770992 -58.8015267176 5.39694656489 END
START 1.00077629395 -7.77397279053 8.76756647949 250.129770992 -61.5496183206 3.51908396947 END
START 6.04057078857 -13.6708914795 13.6158248413 250.129770992 -61.1374045802 8.60305343511 END
START 8.75798967285 -4.01268198242 11.1737391479 250.129770992 -57.6870229008 15.0381679389 END
START 5.52581743164 -11.1234609131 5.51145222168 250.129770992 -67.1526717557 -2.2213740458 END
START 9.08120689697 -4.36941802979 6.58644876709 250.129770992 -53.2900763359 5.89312977099 END
START -3.924096521 -7.16105716553 8.03254656982 250.129770992 -58.5877862595 1.76335877863 END
START 8.20732329102 -6.90966599121 5.23851323242 250.129770992 -69.3129770992 5.6106870229 END
START 3.52905324707 -7.98226833496 5.08767852783 250.129770992 -60.2519083969 18.0916030534 END
START 6.55532414551 -10.8313683105 8.54011732178 250.129770992 -59.0763358779 0.167938931298 END
START 2.02549460449 -7.88889447021 10.0556469727 250.129770992 -50.9541984733 6.59541984733 END
START 8.13789144287 -10.158597644 -0.598550415039 250.129770992 -53.9847328244 16.0763358779 END
START -4.9152960083 -8.80347950439 7.59919606934 250.129770992 -59.2366412214 12.3435114504 END
START 2.18351191406 -7.51061060791 7.28794985352 250.129770992 -57.2366412214 5.29007633588 END
START 0.258573779297 3.54581265869 6.20816490479 250.129770992 -52.8015267176 13.7633587786 END
START -5.43962617188 -12.6342021606 10.3788641968 250.129770992 -64.358778626 5.9465648855 END
START -4.69981785889 -5.49708701172 8.85615194092 250.129770992 -66.8625954198 2.3893129771 END
START 1.79325704346 -8.83460412598 8.5329347168 250.129770992 -69.2977099237 13.6717557252 END
START 0.342370837402 -5.66228692627 10.6374379761 250.129770992 -81.3664122137 5.09160305344 END
START 3.39018955078 -11.7124345215 3.75889660645 250.129770992 -78.8244274809 -4.8320610687 END
START -2.60489140625 -14.5423808838 5.32470449219 250.129770992 -88.7099236641 8.56488549618 END
START -4.28562097168 -14.0204449219 7.6494743042 250.129770992 -89.7175572519 -0.0534351145038 END
START 4.92487281494 -6.97909783936 -2.17154090576 250.129770992 -103.190839695 -2.31297709924 END
START 0.723048901367 -11.0516348633 6.54574733887 250.129770992 -104.320610687 10.2671755725 END
START -1.47961662598 -11.7962315796 1.47482822266 250.129770992 -104.20610687 6.87022900763 END
START -7.82425102539 -12.3995703979 1.43173259277 250.129770992 -103.740458015 0.862595419847 END
START 2.01352359619 -12.7132108154 15.9741134766 250.129770992 -104.129770992 3.26717557252 END
START -1.07978494873 -9.62947907715 7.32386287842 250.129770992 -104.816793893 -0.190839694656 END
START 5.27442625732 -7.09162531738 8.07324799805 250.129770992 -104.305343511 2.30534351145 END
START -4.10366164551 -8.04212337646 11.9279126709 250.129770992 -101.702290076 6.9465648855 END
START 0.541089575195 -5.86579406738 8.53772312012 250.129770992 -103.748091603 7.39694656489 END
START 2.27449157715 -10.9774146118 6.7301008667 250.129770992 -104.145038168 8.7786259542 END
START -1.73340200195 -1.54904847412 8.76756647949 250.129770992 -102.755725191 10.9618320611 END
START 5.51384642334 -5.73650717773 4.09647904053 250.129770992 -103.091603053 9.29007633588 END
START 10.8122146973 -5.32709869385 11.0061450317 250.129770992 -98.5954198473 -3.22900763359 END
START 1.14442839355 -11.4562549438 7.11556733398 250.129770992 -106.541984733 -0.763358778626 END
START -1.56341368408 -11.2575362061 11.7052519165 250.129770992 -86.4732824427 11.0381679389 END
START 6.85220515137 -9.27513723145 9.52892260742 250.129770992 -70.0839694656 7.59541984733 END
START -2.12605107422 -6.97191523437 7.3190744751 250.129770992 -69.9083969466 6.98473282443 END
START -0.30166940918 -1.54904847412 9.09317790527 250.129770992 -67.679389313 7.08396946565 END
START 6.32548078613 -5.2456958374 13.3117612305 250.129770992 -57.2290076336 2.51145038168 END
START -3.27766207275 -7.6494743042 7.50821640625 250.129770992 -54.1145038168 11.1526717557 END
START -3.02148249512 -10.060435376 10.1538092407 250.129770992 -46.5801526718 8.0 END
START 0.739808312988 -5.75805499268 10.3908352051 250.129770992 -42.6870229008 -2.84732824427 END
START 0.641646044922 -3.51468803711 9.70848773193 250.129770992 -62.5648854962 11.7251908397 END
START 0.450109912109 -14.6381489502 8.58800135498 250.129770992 -58.5572519084 13.7938931298 END
START -5.45877978516 -2.68390006104 8.01818135986 250.129770992 -57.3435114504 2.71755725191 END
START -3.3830069458 -9.86889924316 9.30147344971 250.129770992 -61.8167938931 10.2900763359 END
START 3.05739552002 -3.40455476074 14.5806881104 250.129770992 -64.427480916 5.88549618321 END
START -2.26730897217 -9.06684168701 8.52575211182 250.129770992 -75.3893129771 8.65648854962 END
START 2.8060043457 -4.49870491943 11.7914431763 250.129770992 -77.1603053435 5.51145038168 END
START -5.04937130127 -7.89368287354 1.12288057861 250.129770992 -70.4503816794 11.213740458 END
START 6.05254179687 -4.33589920654 7.55610043945 250.129770992 -76.9618320611 6.24427480916 END
START 2.99993468018 -4.5609541626 8.84896933594 250.129770992 -76.6488549618 8.67938931298 END
START -0.282515795898 -9.71327613525 11.1617681396 250.129770992 -76.679389313 15.786259542 END
START -0.380678063965 -13.3979524902 8.84896933594 250.129770992 -74.3969465649 11.2061068702 END
START -1.8507178833 -0.296881005859 11.5879360352 250.129770992 -89.893129771 6.3893129771 END
START 3.45243879395 -6.78516750488 10.2064816772 250.129770992 -86.1297709924 7.47328244275 END
START 1.32638771973 -1.70227738037 6.98149204102 250.129770992 -79.7938931298 18.358778626 END
START -0.981622680664 -7.82903942871 9.77552537842 250.129770992 -83.8091603053 -0.297709923664 END
START -6.92163699951 -6.96712683105 5.96156213379 250.129770992 -78.8625954198 10.9618320611 END
START -3.0286651001 -4.08690223389 8.57124194336 250.129770992 -76.5496183206 14.9770992366 END
START 3.56496627197 -16.1369191895 9.87608184814 250.129770992 -82.6183206107 6.77099236641 END
START 9.21528218994 -1.28089788818 9.31344445801 250.129770992 -69.5648854962 12.6106870229 END
START 1.32399351807 -8.25999572754 1.47961662598 250.129770992 -78.0152671756 4.87786259542 END
START 3.79959803467 -8.13789144287 12.983755603 250.129770992 -62.9465648855 9.48854961832 END
START 6.61517918701 -8.2504189209 6.90966599121 250.129770992 -65.7786259542 5.20610687023 END
START 2.67192905273 -12.8089788818 4.77882651367 250.129770992 -74.5114503817 0.923664122137 END
START 4.87220037842 -10.2447889038 7.61116707764 250.129770992 -54.9312977099 9.45801526718 END
START 10.0245223511 -10.785878479 3.7493197998 250.129770992 -60.8320610687 2.71755725191 END
START 7.45314976807 -6.30872137451 12.0715647705 250.129770992 -56.4809160305 11.7557251908 END
START -4.47236870117 -11.1928927612 10.3022497437 250.129770992 -53.8702290076 9.89312977099 END