START 4.95839163818 -6.81868632812 6.85938775635 250.129770992 -72.7786259542 13.6335877863 END
START -0.663193859863 -11.532869397 7.38611212158 250.129770992 -63.6488549618 6.21374045802 END
START 0.196324536133 -6.60320817871 8.96628521729 250.129770992 -60.9160305344 10.9541984733 END
START 1.54904847412 -4.69981785889 6.90008918457 250.129770992 -56.4427480916 12.6717557252 END
START 11.1306435181 -18.1145297607 3.25372005615 250.129770992 -66.5954198473 11.5801526718 END
START 8.44913765869 -11.2216231812 8.59039555664 250.129770992 -65.1984732824 2.12213740458 END
START 2.53306535645 -12.0715647705 7.2831614502 250.129770992 -66.9694656489 -1.78625954198 END
START 3.88578929443 -10.1849338623 4.52743533936 250.129770992 -48.320610687 6.80916030534 END
START -3.75410820312 -7.81228001709 6.75164868164 250.129770992 -55.106870229 -2.3893129771 END
START -1.14921679688 -13.2135989624 9.64863269043 250.129770992 -58.8244274809 3.6641221374 END
START 0.126892687988 -5.77960280762 3.45722719727 250.129770992 -56.8854961832 12.4427480916 END
START 1.53468326416 -12.0907183838 10.2807019287 250.129770992 -45.679389313 -0.534351145038 END
START -4.52264693604 -9.12430252686 5.8346694458 250.129770992 -51.4427480916 2.51908396947 END
START -2.56897838135 -13.1298019043 7.91044228516 250.129770992 -54.6335877863 2.74045801527 END
START -6.45476767578 -10.8457335205 9.01895765381 250.129770992 -62.5190839695 2.42748091603 END
START -1.66875855713 -7.87213505859 2.75572611084 250.129770992 -56.7633587786 5.49618320611 END
START 1.21625444336 -12.9717845947 9.43076033936 250.129770992 -56.0534351145 6.12213740458 END
START -1.01992990723 -8.10676682129 4.77643231201 250.129770992 -63.4351145038 -1.90839694656 END
START -3.24653745117 -6.8138979248 9.35893428955 250.129770992 -66.9541984733 9.02290076336 END
START 1.28808049316 -1.49398183594 11.5975128418 250.129770992 -74.0152671756 17.2900763359 END
START 6.07408961182 -8.42519564209 5.42286676025 250.129770992 -77.8091603053 -3.47328244275 END
START -5.26724365234 -5.38695373535 11.645396875 250.129770992 -79.9236641221 3.73282442748 END
START 3.3590649292 -9.58638344727 10.6757452026 250.129770992 -82.0610687023 12.0763358779 END
START 3.6176387085 -7.92480749512 6.20337650146 250.129770992 -75.9923664122 3.43511450382 END
START -2.77487972412 -8.5568767334 9.61750806885 250.129770992 -76.7175572519 11.5877862595 END
START -2.62404501953 -11.9662198975 8.59518395996 250.129770992 -72.3664122137 11.3511450382 END
START 4.68545264893 -6.24407792969 7.68299312744 250.129770992 -85.3969465649 -4.84732824427 END
START -2.3798364502 -10.2759135254 13.737929126 250.129770992 -82.2213740458 10.8167938931 END
START -4.42448466797 -6.1171852417 13.7953899658 250.129770992 -100.267175573 12.9847328244 END
START -2.87543619385 -5.48990440674 6.87375296631 250.129770992 -100.580152672 3.40458015267 END
START 2.62404501953 -9.4882211792 12.0883241821 250.129770992 -87.8396946565 12.7404580153 END
START -1.82198746338 -11.2431709961 9.74200655518 250.129770992 -81.8625954198 3.28244274809 END
START 10.9822030151 -6.55292994385 8.53054051514 250.129770992 -76.7251908397 7.65648854962 END
START 4.55377155762 -6.73967767334 15.6676556641 250.129770992 -69.0229007634 10.2824427481 END
START 2.20984813232 -10.1849338623 8.72686505127 250.129770992 -70.4580152672 1.16030534351 END
START 0.797269152832 -6.04775339355 2.37025964355 250.129770992 -67.7786259542 14.5419847328 END
START -0.289698400879 -4.43884987793 7.25443103027 250.129770992 -63.2824427481 7.84732824427 END
START 5.90410129395 -10.7834842773 11.264718811 250.129770992 -64.1679389313 5.14503816794 END
START 0.0694318481445 -9.85213983154 10.546458313 250.129770992 -67.4961832061 1.6106870229 END
START 2.60489140625 -10.8768581421 3.87142408447 250.129770992 -67.2061068702 2.12213740458 END
START -0.873883605957 -10.2878845337 5.80593902588 250.129770992 -62.320610687 1.28244274809 END
START 6.21295330811 -7.70454094238 9.18415756836 250.129770992 -67.8167938931 9.96946564885 END
START 2.63362182617 -7.48666859131 6.81150372314 250.129770992 -70.9312977099 4.35114503817 END
START -0.577002600098 -6.07887801514 9.89284125977 250.129770992 -59.6717557252 10.0229007634 END
START -3.94564433594 -11.6717330933 6.04775339355 250.129770992 -60.2213740458 -5.51145038168 END
START -4.3263223999 -15.4210528931 3.25372005615 250.129770992 -51.0458015267 4.51908396947 END
START -3.32794030762 -11.3221796509 1.47722242432 250.129770992 -57.1374045802 3.67938931298 END
START 7.93438430176 -6.1171852417 10.42674823 250.129770992 -68.6641221374 5.12977099237 END
START -5.74608398437 -9.27034882812 4.74530769043 250.129770992 -73.4045801527 5.40458015267 END
START -1.51552965088 -4.5489831543 5.60482608643 250.129770992 -86.7709923664 10.9083969466 END
START 0.143652099609 -10.2543657104 8.48265648193 250.129770992 -82.3129770992 20.6030534351 END
START -4.01747038574 -11.2742956177 11.4706201538 250.129770992 -76.320610687 17.1374045802 END
START 2.92332022705 -4.21618912354 8.71249984131 250.129770992 -81.2366412214 3.71755725191 END
START -1.56101948242 -7.65426270752 10.2711251221 250.129770992 -98.7709923664 4.29007633588 END
START 2.86585938721 -9.73721815186 12.3229559448 250.129770992 -96.3664122137 -1.91603053435 END
START 4.06056601562 -6.71334145508 7.59440766602 250.129770992 -82.893129771 15.5114503817 END
START -0.440533105469 -6.7301008667 7.20175859375 250.129770992 -88.0 7.1679389313 END
START 6.27041414795 -2.55461317139 9.8186210083 250.129770992 -97.5572519084 6.03816793893 END
START 1.65199914551 -7.0485296875 7.64708010254 250.129770992 -97.2442748092 12.7328244275 END
START 0.0646434448242 -12.8544687134 10.0173397461 250.129770992 -90.893129771 5.21374045802 END
START -0.553060583496 -5.33188709717 11.5663882202 250.129770992 -95.5267175573 9.98473282443 END
START 11.9710083008 -3.15076938477 9.01177504883 250.129770992 -85.2595419847 3.87786259542 END
START -0.45250411377 -9.90720646973 3.69425316162 250.129770992 -88.3053435115 9.51908396947 END
START 0.502782348633 -9.8665050415 10.9726262085 250.129770992 -92.1145038168 11.3893129771 END
START -1.27132108154 -6.13633885498 12.1840922485 250.129770992 -90.5648854962 6.93893129771 END
START -2.4636335083 -7.52737001953 9.76594857178 250.129770992 -87.9389312977 7.3358778626 END
START 3.23456644287 -12.8544687134 5.57130726318 250.129770992 -87.9923664122 10.8015267176 END
START 5.23611903076 -4.51307012939 11.8321446045 250.129770992 -97.2671755725 2.21374045802 END
START 6.75164868164 -5.50905802002 1.89620771484 250.129770992 -93.3129770992 4.13740458015 END
START -3.41413156738 -9.560047229 10.5033626831 250.129770992 -81.2519083969 3.8320610687 END
START -1.66157595215 -11.7842605713 13.2088105591 250.129770992 -68.6259541985 12.6335877863 END
START 3.95761534424 -8.66940421143 13.6086422363 250.129770992 -74.5496183206 11.3282442748 END
START -5.2456958374 -8.72925925293 6.76361968994 250.129770992 -74.320610687 2.3358778626 END
START 7.11077893066 -5.51384642334 8.21690009766 250.129770992 -72.7557251908 14.6183206107 END
START 4.94402642822 -10.2160584839 10.4028062134 250.129770992 -72.3435114504 13.7099236641 END
START 2.53306535645 -3.18189400635 5.82748684082 250.129770992 -56.1297709924 5.29007633588 END
START 6.97909783936 -10.9438957886 9.60553706055 250.129770992 -78.2595419847 10.9007633588 END
START -2.6862942627 -9.4523081543 15.6915976807 250.129770992 -58.0687022901 7.85496183206 END
START 1.35272393799 -6.89051237793 8.26717833252 250.129770992 -70.4580152672 -1.93893129771 END
START -0.423773693848 -4.71897147217 9.30626185303 250.129770992 -73.5419847328 -1.07633587786 END
START 0.3064578125 -12.0715647705 11.9135474609 250.129770992 -76.4580152672 3.40458015267 END
START 6.03099398193 -9.56483563232 14.2574708862 250.129770992 -74.7022900763 6.04580152672 END
START -5.71974776611 -4.83868155518 10.9367131836 250.129770992 -81.4198473282 20.9160305344 END
START 2.54743056641 -9.45470235596 10.3549221802 250.129770992 -76.9083969466 5.12213740458 END
START -0.0502782348633 -7.07726010742 12.8281324951 250.129770992 -66.8396946565 8.67938931298 END
START 0.122104284668 -2.35828863525 7.60637867432 250.129770992 -71.358778626 13.6335877863 END
START -4.6088381958 0.335188232422 4.17548769531 250.129770992 -70.3893129771 4.54198473282 END
START -3.19625921631 -12.0835357788 8.01818135986 250.129770992 -71.5496183206 9.26717557252 END
START 3.97676895752 -7.48427438965 9.7587659668 250.129770992 -79.3358778626 13.6564885496 END
START 8.04212337646 -13.5511813965 6.17225187988 250.129770992 -65.8320610687 12.5572519084 END
START 2.47321031494 -10.9031943604 10.2208468872 250.129770992 -80.3358778626 2.25954198473 END
START 1.64721074219 -11.4083709106 6.00705196533 250.129770992 -81.0458015267 16.4503816794 END
START -0.811634362793 -15.0260096191 10.4794206665 250.129770992 -79.1145038168 9.35114503817 END
START 1.8507178833 -6.35421120605 6.73728347168 250.129770992 -84.0305343511 14.2213740458 END
START 2.37265384521 -12.4594254395 11.8273562012 250.129770992 -80.4122137405 4.45801526718 END
START -0.512359155273 -14.6501199585 5.46117398682 250.129770992 -78.572519084 2.72519083969 END
START 6.30632717285 -6.85459935303 2.65995804443 250.129770992 -74.7328244275 21.9541984733 END
START 6.51462271729 -6.33026918945 16.1584670044 250.129770992 -62.7404580153 14.6641221374 END
START 0.217872351074 -17.4321822876 4.2425253418 250.129770992 -68.4045801527 2.12977099237 END
START 5.00148726807 -11.2575362061 6.04535919189 250.129770992 -65.572519084 12.6030534351 END
START 6.62954439697 -14.3053549194 6.63672700195 250.129770992 -77.7938931298 14.213740458 END