START 17.9349646362 -7.44357296143 6.37097061768 250.129770992 -78.4961832061 12.4503816794 END
START 6.66306322021 2.13083947754 6.7181298584 250.129770992 -73.9923664122 8.60305343511 END
START 2.7940333374 -12.2990139282 15.3324674316 250.129770992 -77.3816793893 6.35114503817 END
START -0.433350500488 -4.92008441162 11.9877677124 250.129770992 -78.9618320611 16.2748091603 END
START 0.411802685547 -13.2279641724 9.62469067383 250.129770992 -63.7404580153 17.2290076336 END
START 2.99035787354 -10.7571480591 6.58166036377 250.129770992 -74.7709923664 10.0305343511 END
START 2.36307703857 -10.3621047852 7.56088884277 250.129770992 -67.7251908397 11.0229007634 END
START -2.53067115479 -4.82671054687 7.90565388184 250.129770992 -47.465648855 -0.671755725191 END
START 3.75889660645 -9.70369932861 7.56328304443 250.129770992 -50.9618320611 9.52671755725 END
START -3.24174904785 -3.10527955322 4.31195718994 250.129770992 -51.7328244275 13.8396946565 END
START 5.57370146484 -13.3596452637 5.40850155029 250.129770992 -51.2977099237 3.0534351145 END
START -6.7899559082 -11.6070896484 5.1858407959 250.129770992 -60.2519083969 4.93129770992 END
START 6.39012423096 -8.29590875244 7.85776984863 250.129770992 -45.4045801527 0.0839694656489 END
START -1.32638771973 -10.3597105835 9.39245311279 250.129770992 -54.6870229008 7.32061068702 END
START -3.9839515625 -13.5751234131 9.56244143066 250.129770992 -57.534351145 -0.12213740458 END
START 0.45489831543 -5.42047255859 3.56257207031 250.129770992 -42.320610687 5.2213740458 END
START -9.5720182373 -10.6182843628 9.1817633667 250.129770992 -49.9694656489 13.3664122137 END
START 1.61608612061 -9.46188496094 7.28794985352 250.129770992 -52.1297709924 12.0381679389 END
START 9.29429084473 -16.6516725464 11.2024695679 250.129770992 -49.9770992366 9.75572519084 END
START -6.82347473145 -1.07499654541 12.1960632568 250.129770992 -54.2824427481 9.29007633588 END
START -1.22822545166 -13.8241203857 7.80270321045 250.129770992 -65.8091603053 2.36641221374 END
START -1.95606275635 -5.78199700928 5.46117398682 250.129770992 -54.2977099237 5.54198473282 END
START 0.711077893066 -7.72608875732 6.86896456299 250.129770992 -60.5038167939 15.572519084 END
START 8.10437261963 -13.350068457 1.94409174805 250.129770992 -67.8015267176 10.8702290076 END
START 4.72136567383 -4.86022937012 5.39653054199 250.129770992 -67.1221374046 15.0076335878 END
START -8.01818135986 -8.57603034668 9.80425579834 250.129770992 -73.0 15.7251908397 END
START -2.67432325439 -10.6494089844 10.0029745361 250.129770992 -66.9312977099 7.24427480916 END
START -10.6039191528 -8.59518395996 2.96881005859 250.129770992 -69.4045801527 8.03816793893 END
START -2.56179577637 -9.1817633667 7.57046564941 250.129770992 -78.9007633588 -1.24427480916 END
START -5.42765516357 -8.46829127197 17.5447097656 250.129770992 -92.7328244275 13.4427480916 END
START 2.93529123535 -12.2583125 10.046070166 250.129770992 -104.564885496 6.96183206107 END
START 3.53384165039 -10.1346556274 12.0883241821 250.129770992 -99.0763358779 8.62595419847 END
START 1.52271225586 -8.03254656982 4.39575424805 250.129770992 -104.152671756 10.4503816794 END
START 1.87705410156 -10.7188408325 4.77643231201 250.129770992 -102.183206107 1.35877862595 END
START 1.63284553223 -10.5584293213 14.1377608032 250.129770992 -105.183206107 5.14503816794 END
START 4.59447298584 -6.82347473145 11.750741748 250.129770992 -96.4732824427 10.5114503817 END
START -2.79642753906 -4.42687886963 7.86734665527 250.129770992 -91.0305343511 13.9083969466 END
START 1.45567460937 -8.16901606445 8.48026228027 250.129770992 -94.6641221374 6.4427480916 END
START 2.76290871582 -10.7547538574 13.4314713135 250.129770992 -79.8473282443 7.89312977099 END
START 1.8507178833 -9.29189664307 8.37491740723 250.129770992 -86.3969465649 3.58778625954 END
START 2.75093770752 -2.38701905518 4.94163222656 250.129770992 -64.8854961832 1.4427480916 END
START 0.881066210937 -5.92086070557 1.8507178833 250.129770992 -72.1984732824 3.38167938931 END
START 4.69024105225 -10.6134959595 13.1058598877 250.129770992 -72.8702290076 -2.09160305344 END
START 1.96085115967 -7.52976422119 10.6158901611 250.129770992 -58.1221374046 6.81679389313 END
START 4.92247861328 -12.7323644287 11.906364856 250.129770992 -55.5190839695 8.67175572519 END
START 4.21140072021 -8.07324799805 4.78361491699 250.129770992 -48.465648855 8.25190839695 END
START 0.907402429199 -4.61602080078 12.8329208984 250.129770992 -59.7404580153 18.4045801527 END
START -1.56341368408 -5.64792171631 6.60320817871 250.129770992 -45.7786259542 0.114503816794 END
START -3.98155736084 -13.4051350952 0.385466467285 250.129770992 -56.5038167939 16.4961832061 END
START 3.83311685791 -13.103465686 3.77086761475 250.129770992 -52.534351145 10.0076335878 END
START -3.16034619141 -14.5040736572 -3.88578929443 250.129770992 -48.6564885496 7.06106870229 END
START -1.32638771973 -11.3293622559 8.72686505127 250.129770992 -52.8702290076 9.74809160305 END
START 3.07894333496 -9.16260975342 6.6702458252 250.129770992 -63.8167938931 -1.03816793893 END
START -2.35828863525 -4.29280357666 8.61433757324 250.129770992 -50.2290076336 10.8473282443 END
START -1.02950671387 -7.92959589844 2.43250888672 250.129770992 -66.0763358779 8.83969465649 END
START -0.577002600098 -5.94959112549 2.35350023193 250.129770992 -63.2519083969 8.64122137405 END
START -7.7093293457 -8.92558378906 3.84987626953 250.129770992 -71.4809160305 2.38167938931 END
START 2.15956989746 -9.45709655762 1.09175595703 250.129770992 -66.8625954198 8.3893129771 END
START 0.577002600098 -14.6596967651 2.4157494751 250.129770992 -87.4809160305 12.5954198473 END
START 1.66397015381 -8.09958421631 8.04930598145 250.129770992 -82.6946564885 -4.52671755725 END
START -7.12274993896 -10.4506902466 12.3373211548 250.129770992 -87.7633587786 8.87786259542 END
START -2.64559283447 -5.32709869385 9.35654008789 250.129770992 -87.5190839695 12.7404580153 END
START 0.107739074707 -4.56334836426 0.0574608398438 250.129770992 -95.1450381679 15.9236641221 END
START 0.581791003418 -8.38449421387 9.63426748047 250.129770992 -91.7709923664 12.5267175573 END
START 7.6375032959 -4.67827004395 8.26957253418 250.129770992 -100.65648855 11.8244274809 END
START 9.32780966797 -0.847547387695 7.06528909912 250.129770992 -102.213740458 -0.709923664122 END
START -1.5322890625 -12.4259066162 3.14119257812 250.129770992 -103.091603053 2.3358778626 END
START -2.44687409668 -11.9949503174 6.33026918945 250.129770992 -103.977099237 5.40458015267 END
START 7.48906279297 -7.11796153564 13.6613146729 250.129770992 -92.0381679389 7.77099236641 END
START 2.05183082275 -5.05415970459 2.91613762207 250.129770992 -97.0458015267 10.0534351145 END
START 9.15542714844 -9.13627353516 11.1976811646 250.129770992 -92.8396946565 17.7938931298 END
START 7.15866296387 -7.68778153076 8.59039555664 250.129770992 -90.1450381679 8.58015267176 END
START -1.55383687744 -6.44040246582 10.187328064 250.129770992 -96.2977099237 14.679389313 END
START 16.8479970825 -2.7222072876 4.91050760498 250.129770992 -83.2366412214 4.75572519084 END
START 5.21457121582 -7.80988581543 7.98226833496 250.129770992 -74.0534351145 3.4427480916 END
START -0.46686932373 -3.25132585449 11.1497971313 250.129770992 -79.8091603053 8.64122137405 END
START 0.375889660645 -7.86734665527 6.07408961182 250.129770992 -72.1297709924 7.73282442748 END
START -5.02064088135 -6.31590397949 15.6580788574 250.129770992 -59.3740458015 6.85496183206 END
START 5.99029255371 -8.2743609375 9.33020386963 250.129770992 -73.1145038168 7.42748091603 END
START -3.23696064453 -11.2575362061 14.3101433228 250.129770992 -64.5648854962 3.38167938931 END
START -0.418985290527 -0.031124621582 7.9200190918 250.129770992 -52.3893129771 0.442748091603 END
START -5.26484945068 -11.1904985596 4.94881483154 250.129770992 -69.8854961832 0.526717557252 END
START 1.82438166504 -6.67264002686 9.06444748535 250.129770992 -63.5190839695 -1.83969465649 END
START 1.26413847656 -4.043806604 12.1816980469 250.129770992 -57.5954198473 11.5954198473 END
START -0.430956298828 -2.26252056885 6.13155045166 250.129770992 -71.0076335878 10.7480916031 END
START -13.5487871948 -6.68700523682 6.91206019287 250.129770992 -77.8473282443 8.32061068702 END
START 1.13006318359 -5.06373651123 15.0236154175 250.129770992 -75.3893129771 4.12977099237 END
START 5.43962617188 -7.54891783447 8.6047607666 250.129770992 -75.4122137405 9.32824427481 END
START 1.54186586914 -6.62715019531 8.72447084961 250.129770992 -65.7557251908 15.0610687023 END
START 2.31998140869 -4.64235701904 7.6375032959 250.129770992 -72.572519084 13.1679389313 END
START -7.22809481201 -5.04937130127 8.947131604 250.129770992 -76.1755725191 4.20610687023 END
START -3.48356341553 -8.09958421631 6.20816490479 250.129770992 -67.0152671756 11.4885496183 END
START -0.790086547852 -5.07331331787 8.91361278076 250.129770992 -87.9160305344 9.54961832061 END
START 3.43328518066 -11.0492406616 5.52581743164 250.129770992 -78.6259541985 13.6106870229 END
START 7.24006582031 -7.21372960205 1.56580788574 250.129770992 -72.6259541985 8.26717557252 END
START -5.05894810791 -10.0843773926 3.02148249512 250.129770992 -78.7557251908 0.63358778626 END
START 2.24336695557 -3.62003291016 6.65827481689 250.129770992 -77.1297709924 2.22900763359 END
START 2.14759888916 -8.09719001465 1.2737152832 250.129770992 -83.3969465649 0.679389312977 END
START 1.07739074707 -11.0683942749 0.526724365234 250.129770992 -76.6564885496 4.23664122137 END
START -3.76129080811 -4.13718046875 12.9382657715 250.129770992 -77.3969465649 7.64885496183 END
START -2.37744224854 -11.9422778809 7.45793817139 250.129770992 -78.7175572519 12.2748091603 END
START 6.37336481934 -10.553640918 8.98783303223 250.129770992 -92.0839694656 11.2900763359 END
START 3.40934316406 -7.19697019043 7.23048901367 250.129770992 -79.4122137405 11.7328244275 END
START -8.23126530762 -10.1849338623 9.54328781738 250.129770992 -80.9312977099 1.12213740458 END
START 8.90403597412 -8.16183345947 5.09007272949 250.129770992 -83.0610687023 3.41984732824 END
START 3.58411988525 -6.09084902344 9.48343277588 250.129770992 -67.4351145038 2.20610687023 END
START 9.8186210083 -10.8600987305 11.2407767944 250.129770992 -55.213740458 9.18320610687 END
START -2.29603939209 -3.05978972168 8.6167317749 250.129770992 -61.5267175573 4.34351145038 END