START -1.02711251221 -10.9702320068 8.17141026611 250.129770992 -78.9312977099 9.27480916031 END
START 2.98796367187 -6.75883128662 7.57764825439 250.129770992 -77.0381679389 -0.526717557252 END
START 2.88022459717 -9.22485899658 8.65743320312 250.129770992 -81.6488549618 12.9541984733 END
START 6.6822168335 -10.6996872192 7.67820472412 250.129770992 -57.4580152672 1.39694656489 END
START 2.8060043457 -10.0101571411 7.23288321533 250.129770992 -68.8244274809 22.0534351145 END
START 6.58405456543 -10.8217915039 6.34702860107 250.129770992 -84.0305343511 10.6717557252 END
START 7.29752666016 -8.8513635376 9.51934580078 250.129770992 -74.4198473282 6.87022900763 END
START 7.01501086426 -12.6868745972 11.2527478027 250.129770992 -69.2061068702 10.9694656489 END
START 5.79636221924 -8.26478413086 3.38540114746 250.129770992 -55.6870229008 8.20610687023 END
START 8.19295808105 -10.5416699097 8.01339295654 250.129770992 -61.1297709924 4.41984732824 END
START 4.73094248047 -16.4673190186 3.50511123047 250.129770992 -60.2213740458 9.75572519084 END
START 4.51546433105 -15.2534587769 3.84748206787 250.129770992 -54.2900763359 5.7786259542 END
START 6.58884296875 -8.10916102295 10.0748005859 250.129770992 -61.9007633588 15.6106870229 END
START 1.72621939697 -5.89931289062 13.2016279541 250.129770992 -57.8778625954 -0.977099236641 END
START 1.89141931152 -10.7691190674 7.78833800049 250.129770992 -62.6946564885 6.19847328244 END
START -1.45806881104 -11.6334258667 7.52737001953 250.129770992 -56.9770992366 0.87786259542 END
START 14.7841952515 -11.3078144409 5.02303508301 250.129770992 -60.534351145 10.679389313 END
START 4.09408483887 -11.9925561157 11.7124345215 250.129770992 -49.3511450382 4.27480916031 END
START 1.40539637451 -4.77643231201 4.6088381958 250.129770992 -61.0534351145 5.18320610687 END
START 4.55137735596 -12.5288572876 8.13549724121 250.129770992 -54.4885496183 4.92366412214 END
START 6.50983431396 -7.5896192627 8.17619866943 250.129770992 -58.3893129771 6.00763358779 END
START -6.85459935303 -10.771513269 6.75164868164 250.129770992 -48.3358778626 6.09160305344 END
START 3.53623585205 -10.5201220947 3.06218392334 250.129770992 -57.3740458015 -0.618320610687 END
START 1.5322890625 -12.7084224121 4.07493122559 250.129770992 -45.5648854962 4.80916030534 END
START 4.44363828125 -7.86495245361 8.32703337402 250.129770992 -61.0076335878 8.21374045802 END
START -6.11479104004 -14.3149317261 8.19774648437 250.129770992 -63.0076335878 8.24427480916 END
START 1.82917006836 -3.45962139893 5.03021768799 250.129770992 -66.4885496183 3.58015267176 END
START 3.35188232422 -6.39012423096 8.91840118408 250.129770992 -76.1984732824 2.90076335878 END
START 0.742202514648 -9.55047042236 6.51462271729 250.129770992 -76.9694656489 4.3358778626 END
START -5.76044919434 -14.1976158447 6.23450112305 250.129770992 -85.5114503817 10.0534351145 END
START -4.73333668213 -10.0029745361 10.5416699097 250.129770992 -88.9465648855 2.42748091603 END
START -5.17865819092 -7.92480749512 9.97184991455 250.129770992 -87.8854961832 7.86259541985 END
START 4.6208092041 -4.290409375 3.90973131104 250.129770992 -90.2824427481 2.90839694656 END
START -2.32237561035 -5.38934793701 7.60398447266 250.129770992 -107.381679389 5.07633587786 END
START -6.52180532227 -7.89128867187 10.9319247803 250.129770992 -96.4580152672 8.48091603053 END
START 1.38145435791 -13.730746521 7.32625708008 250.129770992 -96.6946564885 9.25190839695 END
START -5.47075079346 -7.18260498047 6.85938775635 250.129770992 -102.381679389 23.3358778626 END
START 8.35576379395 -1.43412679443 11.5927244385 250.129770992 -105.564885496 5.19083969466 END
START 3.67270534668 -1.7908628418 5.49708701172 250.129770992 -103.41221374 7.64885496183 END
START 1.35751234131 -4.87459458008 3.79002122803 250.129770992 -89.5038167939 9.72519083969 END
START 7.69017573242 -10.3405569702 9.22246479492 250.129770992 -74.320610687 6.4427480916 END
START 0.660799658203 -10.6637741943 5.37498272705 250.129770992 -80.2519083969 3.47328244275 END
START 9.35414588623 -9.28710823975 10.3333743652 250.129770992 -75.7404580153 3.17557251908 END
START -2.26491477051 -13.3333090454 10.2950671387 250.129770992 -78.3282442748 4.48091603053 END
START -3.64397492676 0.735019909668 8.5927897583 250.129770992 -69.4045801527 13.4580152672 END
START 2.98078106689 -4.77164390869 9.70369932861 250.129770992 -75.0610687023 3.02290076336 END
START 1.06781394043 -2.81079274902 8.42280144043 250.129770992 -74.3511450382 9.80916030534 END
START 3.08133753662 -10.2423947021 2.06380183105 250.129770992 -66.3129770992 9.42748091603 END
START 5.71017095947 -13.5751234131 12.3756283813 250.129770992 -76.0229007634 -1.35877862595 END
START -1.83395847168 -6.19619389648 8.8513635376 250.129770992 -58.1603053435 3.56488549618 END
START 11.8632692261 -4.3023803833 13.4578075317 250.129770992 -57.358778626 14.5801526718 END
START -3.06218392334 -5.97832154541 4.78122071533 250.129770992 -64.3282442748 7.19847328244 END
START 1.88902510986 -5.98789835205 5.92325490723 250.129770992 -61.8473282443 0.24427480916 END
START 0.0814028564453 -8.48983908691 13.9534072754 250.129770992 -51.8091603053 3.86259541985 END
START -8.59997236328 -9.22485899658 9.7348239502 250.129770992 -55.2824427481 3.49618320611 END
START -3.55538946533 -11.0971246948 11.159373938 250.129770992 -53.0687022901 -1.06106870229 END
START -1.74776721191 -13.8121493774 -0.0646434448242 250.129770992 -54.7480916031 17.7099236641 END
START 0.225054956055 -6.88572397461 10.3453453735 250.129770992 -65.5190839695 3.51145038168 END
START -4.59207878418 -2.77487972412 9.79228479004 250.129770992 -60.8244274809 0.885496183206 END
START -2.11647426758 -14.0755115601 3.13161577148 250.129770992 -68.6335877863 13.3816793893 END
START -0.687135876465 -11.8704518311 7.28555565186 250.129770992 -80.8091603053 8.38167938931 END
START 3.56496627197 -8.49223328857 1.80043964844 250.129770992 -72.4351145038 4.74809160305 END
START -5.7508723877 -13.7044103027 6.68939943848 250.129770992 -79.2213740458 8.30534351145 END
START 1.11569797363 -18.2629702637 5.32231029053 250.129770992 -80.8549618321 3.85496183206 END
START -4.13239206543 -13.864821814 4.03901820068 250.129770992 -79.9465648855 -2.3893129771 END
START -0.802057556152 -9.17697496338 7.97269152832 250.129770992 -91.7480916031 0.641221374046 END
START -5.97113894043 -8.78911429443 6.53138212891 250.129770992 -91.7404580153 8.99236641221 END
START 0.995987890625 -5.4922986084 13.4290771118 250.129770992 -96.358778626 4.51145038168 END
START 2.14999309082 -13.5056915649 11.9877677124 250.129770992 -103.625954198 2.35877862595 END
START 3.17949980469 -8.81784471436 14.4801316406 250.129770992 -103.595419847 8.30534351145 END
START -4.98951625977 -7.11317313232 5.78917961426 250.129770992 -98.9236641221 5.86259541985 END
START 3.58651408691 -3.89297189941 6.03338818359 250.129770992 -92.7175572519 5.41984732824 END
START 1.27610948486 -4.34787021484 5.82509263916 250.129770992 -103.557251908 2.62595419847 END
START 11.7076461182 -12.6772977905 8.64785639648 250.129770992 -99.2290076336 4.95419847328 END
START 2.51630594482 -4.43884987793 11.0660000732 250.129770992 -103.229007634 5.70229007634 END
START 0.0861912597656 -9.35893428955 11.6717330933 250.129770992 -92.1145038168 12.0916030534 END
START 0.371101257324 -3.0765491333 8.90643017578 250.129770992 -104.099236641 12.465648855 END
START 9.37808790283 -9.79946739502 10.7308118408 250.129770992 -92.1374045802 8.29007633588 END
START -0.363918652344 -7.79552060547 8.66222160645 250.129770992 -85.6946564885 11.8091603053 END
START 11.5592056152 -7.48427438965 7.56807144775 250.129770992 -96.1450381679 12.7480916031 END
START 3.31836350098 -9.82819781494 9.20091697998 250.129770992 -75.8091603053 6.54961832061 END
START 3.21062442627 -6.52898792725 8.98065042725 250.129770992 -78.2442748092 5.7786259542 END
START 5.48751020508 -7.03416447754 12.3947819946 250.129770992 -69.572519084 -0.0458015267176 END
START 3.57454307861 -9.8665050415 7.73805976562 250.129770992 -70.5267175573 4.91603053435 END
START -3.19865341797 -11.9374894775 6.49068070068 250.129770992 -56.2519083969 6.51908396947 END
START -3.51947644043 -9.59835445557 6.10760843506 250.129770992 -56.7251908397 12.8015267176 END
START -2.44208569336 -8.78911429443 16.421829187 250.129770992 -56.6641221374 11.3816793893 END
START -3.15555778809 -12.7754600586 7.05810649414 250.129770992 -56.4122137405 3.51145038168 END
START -2.26970317383 -12.3373211548 8.63827958984 250.129770992 -59.0839694656 -2.14503816794 END
START -2.04943662109 1.01274730225 11.2623246094 250.129770992 -66.0992366412 12.5496183206 END
START 2.1930887207 -10.6326495728 11.9398836792 250.129770992 -61.3740458015 7.48854961832 END
START 4.79798012695 -9.18655177002 7.40047733154 250.129770992 -61.6335877863 10.4045801527 END
START -0.0407014282227 -7.13472094727 7.56807144775 250.129770992 -61.4503816794 4.85496183206 END
START -0.670376464844 -6.18182868652 5.57130726318 250.129770992 -59.1374045802 5.45038167939 END
START 2.28646258545 -6.65348641357 8.43477244873 250.129770992 -66.4580152672 6.81679389313 END
START -0.373495458984 0.802057556152 9.13627353516 250.129770992 -63.0687022901 12.1526717557 END
START -4.14436307373 -10.3118265503 7.10599052734 250.129770992 -60.6946564885 4.93129770992 END
START -1.55144267578 -13.3189438354 9.33259807129 250.129770992 -73.106870229 5.36641221374 END
START 2.78685073242 -5.89691868896 10.4602670532 250.129770992 -67.0916030534 11.0534351145 END
START -3.37343013916 -7.91283648682 7.31428607178 250.129770992 -65.2671755725 5.00763358779 END
START 7.77397279053 -5.82988104248 4.01747038574 250.129770992 -68.7938931298 7.12977099237 END
START -0.792480749512 -3.82114584961 11.0133276367 250.129770992 -81.4351145038 -2.5572519084 END
START -0.241814367676 -11.1114899048 9.16021555176 250.129770992 -84.1832061069 5.91603053435 END
START 0.46447512207 -7.11796153564 8.55208833008 250.129770992 -78.6183206107 9.6641221374 END
START 6.80910952148 -11.2192289795 5.8586114624 250.129770992 -69.8015267176 9.81679389313 END
START -1.95127435303 -11.2311999878 6.95276162109 250.129770992 -82.9541984733 13.0305343511 END
START 3.88339509277 -7.13950935059 12.2846487183 250.129770992 -91.1374045802 4.82442748092 END
START 8.12352623291 -5.65031591797 4.97275684814 250.129770992 -69.0 -3.49618320611 END
START 8.92079538574 -14.8512328979 7.71411774902 250.129770992 -77.0534351145 9.89312977099 END