START 6.39491263428 -11.3437274658 12.4043588013 250.129770992 -79.0534351145 11.6488549618 END
START 8.38210001221 -10.905588562 5.2456958374 250.129770992 -79.3664122137 18.6641221374 END
START 2.70305367432 -5.44920297852 10.0580411743 250.129770992 -73.2213740458 5.82442748092 END
START 1.54904847412 -10.5033626831 6.09084902344 250.129770992 -65.2900763359 7.3358778626 END
START 5.09007272949 -5.65989272461 10.785878479 250.129770992 -69.3435114504 7.24427480916 END
START -5.08049592285 -15.4809079346 5.18344659424 250.129770992 -56.7557251908 9.90839694656 END
START 2.43011468506 -11.765106958 11.511321582 250.129770992 -70.2671755725 8.2213740458 END
START 5.01824667969 -12.8616513184 6.09803162842 250.129770992 -47.0687022901 4.19083969466 END
START -2.61925661621 -8.03254656982 5.7508723877 250.129770992 -45.7175572519 8.0 END
START -0.92176763916 -9.67736311035 5.25527264404 250.129770992 -45.2213740458 4.90839694656 END
START 3.35427652588 -7.68299312744 5.02064088135 250.129770992 -53.7786259542 6.30534351145 END
START 2.1930887207 -6.60320817871 6.08366641846 250.129770992 -58.4580152672 4.27480916031 END
START 9.54568201904 -8.10676682129 1.00317049561 250.129770992 -63.7404580153 27.5419847328 END
START 2.95923325195 -16.3619741455 10.7092640259 250.129770992 -54.0992366412 7.7786259542 END
START -4.21618912354 -1.08457335205 7.84340463867 250.129770992 -58.1526717557 0.00763358778626 END
START -3.15076938477 -9.10275471191 7.04613548584 250.129770992 -55.7251908397 11.9083969466 END
START -4.53461794434 -9.80186159668 11.1928927612 250.129770992 -54.9389312977 7.25954198473 END
START -3.51947644043 -11.0109334351 1.42694418945 250.129770992 -65.6335877863 13.4351145038 END
START 3.62721551514 -0.450109912109 6.89290657959 250.129770992 -69.9618320611 11.0763358779 END
START 2.14041628418 -8.04451757812 12.6270195557 250.129770992 -67.8396946565 16.8854961832 END
START -0.998382092285 -10.8816465454 0.328005627441 250.129770992 -68.9770992366 3.68702290076 END
START 5.00866987305 -6.84502254639 3.98634576416 250.129770992 -76.4885496183 8.25954198473 END
START -0.584185205078 -16.6875855713 10.3285859619 250.129770992 -81.9389312977 7.3893129771 END
START -0.289698400879 -12.1936690552 8.72207664795 250.129770992 -81.8244274809 19.2442748092 END
START -4.20421811523 -9.03092866211 12.8975643433 250.129770992 -83.5419847328 4.34351145038 END
START 1.52510645752 -6.01662877197 6.51462271729 250.129770992 -85.6183206107 17.213740458 END
START -1.54186586914 -6.03817658691 6.31350977783 250.129770992 -79.0534351145 15.8473282443 END
START 6.27280834961 -8.48744488525 10.6374379761 250.129770992 -103.816793893 3.83969465649 END
START -1.31920511475 -4.33111080322 12.4378776245 250.129770992 -86.6641221374 5.67175572519 END
START -5.96156213379 -3.29442148437 4.75009609375 250.129770992 -95.9770992366 7.87786259542 END
START 4.16591088867 -7.93438430176 10.7308118408 250.129770992 -92.4580152672 4.73282442748 END
START 4.21379492187 -8.52814631348 11.7291939331 250.129770992 -100.786259542 11.2290076336 END
START 2.58813199463 -4.32392819824 7.41723674316 250.129770992 -83.5572519084 -1.09160305344 END
START -1.69988317871 -4.58729038086 6.25126053467 250.129770992 -77.2671755725 7.3358778626 END
START 2.90416661377 -15.3061312134 4.81473953857 250.129770992 -87.6335877863 20.5954198473 END
START -1.00795889893 -9.79707319336 8.11155522461 250.129770992 -82.1526717557 16.2519083969 END
START 3.05500131836 -3.79241542969 9.09557210693 250.129770992 -75.7099236641 5.0534351145 END
START -2.53785375977 -4.98712205811 8.03733497314 250.129770992 -73.320610687 11.3129770992 END
START 7.03416447754 -2.54024796143 10.2471831055 250.129770992 -72.5954198473 -5.32824427481 END
START -4.57531937256 -9.22485899658 0.636857641602 250.129770992 -67.5419847328 10.9847328244 END
START -1.40300217285 -5.03500609131 7.07726010742 250.129770992 -77.2900763359 9.73282442748 END
START 0.634463439941 -7.89847127686 6.73488927002 250.129770992 -62.5114503817 1.4427480916 END
START 6.81868632812 -9.83777462158 6.23210692139 250.129770992 -70.8854961832 11.534351145 END
START 0.404620080566 -15.9573540649 3.46440980225 250.129770992 -70.7786259542 9.40458015267 END
START 1.61848032227 -14.0156565186 5.80354482422 250.129770992 -69.1832061069 -3.35114503817 END
START 1.26892687988 -9.80186159668 9.35893428955 250.129770992 -61.3816793893 -3.11450381679 END
START 10.038887561 -0.986411083984 10.0149455444 250.129770992 -65.1832061069 14.3129770992 END
START 4.38138903809 -5.04458289795 10.5153336914 250.129770992 -60.9923664122 21.3129770992 END
START 3.27526787109 -6.55771834717 10.0891657959 250.129770992 -62.7404580153 16.0534351145 END
START -0.30166940918 -15.7370875122 3.92649072266 250.129770992 -76.3358778626 -0.0534351145038 END
START -0.502782348633 -9.70848773193 11.1952869629 250.129770992 -71.9160305344 7.91603053435 END
START 0.378283862305 -11.3724578857 6.88332977295 250.129770992 -70.8244274809 3.68702290076 END
START 1.09893856201 -14.9541835693 4.67348164062 250.129770992 -69.213740458 13.6259541985 END
START -0.627280834961 0.581791003418 9.84974562988 250.129770992 -73.3358778626 1.18320610687 END
START -0.184353527832 -9.95748470459 -0.0933738647461 250.129770992 -83.6183206107 8.61832061069 END
START -0.952892260742 -6.03338818359 7.80749161377 250.129770992 -78.7480916031 2.31297709924 END
START -5.21935961914 -13.2902134155 5.88973608398 250.129770992 -75.0458015267 10.2824427481 END
START 1.07020814209 -5.73890137939 6.01662877197 250.129770992 -76.4885496183 -1.70992366412 END