START -3.76847341309 -6.34463439941 -3.9959225708 250.129770992 -76.9770992366 10.5267175573 END
START -3.28484467773 -12.4809732544 6.65109221191 250.129770992 -66.3053435115 13.3511450382 END
START 4.06296021729 -14.4442186157 6.53377633057 250.129770992 -77.9160305344 13.572519084 END
START 3.50750543213 -7.48188018799 9.68933411865 250.129770992 -69.7251908397 4.32061068702 END
START 5.57848986816 -10.4578728516 11.5448404053 250.129770992 -74.7709923664 10.6335877863 END
START 1.19470662842 -11.2431709961 3.20583602295 250.129770992 -74.7633587786 5.90839694656 END
START 6.60799658203 -7.08204851074 10.9079827637 250.129770992 -64.5572519084 10.0534351145 END
START 1.42694418945 -10.5057568848 13.2495119873 250.129770992 -67.5954198473 10.4809160305 END
START 3.51468803711 -10.6565915894 7.14669195557 250.129770992 -65.4122137405 6.84732824427 END
START -3.48116921387 -5.27921466064 7.80749161377 250.129770992 -79.6946564885 4.9465648855 END
START 7.12274993896 -4.9751510498 2.7461493042 250.129770992 -69.0763358779 6.28244274809 END
START 3.0286651001 -6.81868632812 11.1785275513 250.129770992 -66.1526717557 1.54961832061 END
START -0.225054956055 -10.8409451172 8.34139858398 250.129770992 -65.4503816794 0.412213740458 END
START -3.90015450439 -12.3421095581 10.7403886475 250.129770992 -76.0152671756 5.61832061069 END
START -4.66629903564 -12.7084224121 6.85938775635 250.129770992 -71.4198473282 4.32061068702 END
START 1.16358200684 -18.8040598389 10.4530844482 250.129770992 -67.4351145038 2.58015267176 END
START 0.794874951172 -13.3835872803 7.42441934814 250.129770992 -85.6030534351 11.8091603053 END
START 6.48828649902 -10.5847655396 7.07965430908 250.129770992 -76.5801526718 12.1145038168 END
START -3.10288535156 -0.0550666381836 2.58334359131 250.129770992 -75.7786259542 22.3816793893 END
START 0.174776721191 -8.53772312012 8.31985076904 250.129770992 -80.5496183206 12.6183206107 END
START 2.3798364502 -1.73340200195 9.48103857422 250.129770992 -70.2900763359 6.68702290076 END
START -0.196324536133 -9.24640681152 10.7739074707 250.129770992 -66.0763358779 4.04580152672 END
START 9.77313117676 -3.80199223633 4.31913979492 250.129770992 -59.9694656489 -2.87786259542 END
START 3.83311685791 -13.125013501 11.2742956177 250.129770992 -65.4961832061 3.76335877863 END
START 8.81066210937 -11.9135474609 10.4315366333 250.129770992 -67.1221374046 16.4122137405 END
START -4.14196887207 -6.08366641846 5.84903465576 250.129770992 -65.0152671756 -1.3358778626 END
START 4.0078935791 -13.3069728271 3.86184727783 250.129770992 -68.9160305344 1.69465648855 END
START 1.11569797363 -16.9174289307 5.74368978271 250.129770992 -69.641221374 23.3435114504 END
START 14.8655981079 -5.70538255615 5.48751020508 250.129770992 -55.0381679389 11.0152671756 END
START 7.80270321045 -8.98543883057 2.4157494751 250.129770992 -51.8167938931 5.62595419847 END
START -1.73100780029 -12.1098719971 7.15866296387 250.129770992 -59.4885496183 14.2595419847 END
START 0.0694318481445 -3.80678063965 8.52335791016 250.129770992 -53.1984732824 0.511450381679 END
START 5.60003768311 -14.5375924805 6.05014759521 250.129770992 -61.7938931298 0.503816793893 END
START 6.47631549072 -12.2631009033 5.43483776855 250.129770992 -54.2977099237 8.84732824427 END
START -1.86987149658 -3.7253777832 8.65025059814 250.129770992 -51.2748091603 6.91603053435 END
START 6.51462271729 -5.63595070801 4.79798012695 250.129770992 -51.4809160305 6.52671755725 END
START 5.47793339844 -7.77157858887 10.4363250366 250.129770992 -56.0763358779 -0.946564885496 END
START 8.05648858643 -8.50181009521 15.6628672607 250.129770992 -54.6106870229 6.37404580153 END
START 0.488417138672 -10.307038147 5.38216533203 250.129770992 -45.5114503817 14.5877862595 END
START 6.1411272583 -10.7092640259 10.3501337769 250.129770992 -40.0839694656 10.0992366412 END
START -2.85628258057 -1.66636435547 7.84340463867 250.129770992 -39.5038167939 5.32061068702 END
START -4.16830509033 -13.5344219849 5.81312163086 250.129770992 -36.9923664122 19.9923664122 END
START 4.537012146 -13.46977854 4.98472785645 250.129770992 -39.8396946565 12.7022900763 END
START 2.33434661865 -10.1370498291 6.21774171143 250.129770992 -39.2900763359 8.26717557252 END
START -2.50912333984 -11.4801969604 2.97599266357 250.129770992 -40.6946564885 6.45038167939 END
START 0.229843359375 -11.9111532593 7.20415279541 250.129770992 -45.7022900763 7.59541984733 END
START 5.74847818604 -15.6868092773 9.7827079834 250.129770992 -41.8320610687 14.7557251908 END
START 5.94959112549 -10.292672937 13.1298019043 250.129770992 -49.1297709924 10.5419847328 END
START 2.47799871826 -7.26400783691 4.69024105225 250.129770992 -46.893129771 4.57251908397 END
START -1.52271225586 -8.04451757812 7.67581052246 250.129770992 -57.0763358779 11.7099236641 END
START 1.41257897949 -15.6317426392 6.0932432251 250.129770992 -62.4732824427 8.20610687023 END
START -8.92079538574 -12.9574193848 2.64080443115 250.129770992 -58.1221374046 16.0534351145 END
START -2.65038123779 -8.35336959229 11.3030260376 250.129770992 -63.5572519084 9.88549618321 END
START -6.24647213135 -8.85854614258 0.383072265625 250.129770992 -56.4503816794 7.3893129771 END
START 4.68305844727 -10.8744639404 9.10754311523 250.129770992 -64.6106870229 3.9465648855 END
START -4.28322677002 -10.8457335205 8.80826790771 250.129770992 -71.358778626 -1.96946564885 END
START 1.74297880859 -8.63109698486 3.26569106445 250.129770992 -80.6259541985 10.3511450382 END
START -1.20428343506 -8.5089927002 2.58813199463 250.129770992 -79.7404580153 13.8625954198 END
START -5.03261188965 -6.90008918457 11.1641623413 250.129770992 -85.9236641221 5.89312977099 END
START -1.30005150146 -18.1935384155 9.94551369629 250.129770992 -80.1832061069 10.3969465649 END
START -5.93762011719 -14.5711113037 7.38611212158 250.129770992 -87.1908396947 4.29770992366 END
START 2.57137258301 -5.32949289551 5.03979449463 250.129770992 -92.3282442748 10.2824427481 END
START 0.165199914551 -7.87213505859 8.98783303223 250.129770992 -103.786259542 1.18320610687 END
START 0.526724365234 -7.00543405762 7.29992086182 250.129770992 -101.809160305 4.8320610687 END
START 3.47159240723 -8.75320126953 7.27119044189 250.129770992 -104.465648855 19.3358778626 END
START -2.41335527344 -9.78031378174 7.55610043945 250.129770992 -104.106870229 9.4427480916 END
START -6.61996759033 -4.70221206055 9.35654008789 250.129770992 -88.6030534351 13.5267175573 END
START 1.62805712891 -17.2071273315 3.49074602051 250.129770992 -93.3511450382 14.4732824427 END
START 7.37653531494 -8.06845959473 8.28393774414 250.129770992 -82.9847328244 3.45801526718 END
START 2.26730897217 -10.9726262085 16.3116959106 250.129770992 -83.9465648855 5.34351145038 END
START -0.107739074707 -1.73340200195 9.36372269287 250.129770992 -68.7709923664 11.8320610687 END
START -2.01591779785 -10.0987426025 2.60489140625 250.129770992 -71.1145038168 3.54198473282 END
START 8.35097539062 -7.20415279541 7.62313808594 250.129770992 -76.0152671756 5.19847328244 END
START 7.9559321167 -10.4698438599 4.74051928711 250.129770992 -65.3358778626 11.5038167939 END
START 1.87226569824 1.34314713135 12.6054717407 250.129770992 -65.6488549618 8.0534351145 END
START 6.08606062012 -19.6133 8.57842454834 250.129770992 -59.2900763359 9.59541984733 END
START 10.180145459 -11.6884925049 7.30470926514 250.129770992 -64.0687022901 7.0 END
START 0.703895288086 -6.48828649902 11.1282493164 250.129770992 -62.0610687023 6.11450381679 END
START 0.00478840332031 -13.2495119873 12.5935007324 250.129770992 -62.9618320611 14.6488549618 END
START 6.7061588501 -17.0898114502 8.48744488525 250.129770992 -58.5496183206 2.70992366412 END
START 2.24815535889 -0.735019909668 0.701501086426 250.129770992 -66.5801526718 12.1221374046 END
START -0.241814367676 -2.18590611572 1.89620771484 250.129770992 -66.2366412214 14.5267175573 END
START 3.09570274658 -12.2128226685 1.92254393311 250.129770992 -58.6030534351 5.54961832061 END
START -3.50989963379 -16.0315743164 5.92564910889 250.129770992 -55.0839694656 -0.854961832061 END
START -1.08936175537 -7.17302817383 4.00549937744 250.129770992 -59.0458015267 2.12213740458 END
START -4.46039769287 -9.95987890625 3.12203896484 250.129770992 -66.4122137405 7.65648854962 END
START -4.6208092041 -15.0212212158 5.69580574951 250.129770992 -57.8396946565 10.1984732824 END
START -0.519541760254 -12.9430541748 5.97832154541 250.129770992 -58.6641221374 10.0458015267 END
START 2.03267720947 -1.2856862915 11.286266626 250.129770992 -55.0610687023 12.4351145038 END
START 7.44596716309 -13.49850896 11.8800286377 250.129770992 -57.2595419847 2.0 END
START -2.9927520752 -11.8632692261 9.96227310791 250.129770992 -70.0839694656 2.38167938931 END
START 2.46123930664 -11.4538607422 6.14591566162 250.129770992 -62.1755725191 11.8702290076 END
START 6.30393297119 -11.9638256958 4.537012146 250.129770992 -62.4961832061 15.358778626 END
START 1.72143099365 -10.6278611694 5.62637390137 250.129770992 -62.8244274809 -1.64885496183 END
START 0.672770666504 -18.013973291 11.0276928467 250.129770992 -73.4045801527 10.5419847328 END
START -5.1858407959 -3.54102425537 7.73566556396 250.129770992 -72.2442748092 15.5801526718 END
START -4.22337172852 -10.6302553711 9.63905588379 250.129770992 -75.5114503817 7.87786259542 END
START 8.42280144043 -2.26491477051 8.28872614746 250.129770992 -81.8625954198 11.8396946565 END
START -11.3724578857 -14.1233955933 9.88805285645 250.129770992 -83.2519083969 13.2366412214 END
START -6.33266339111 -6.45716187744 8.17619866943 250.129770992 -85.3282442748 2.34351145038 END
START -3.9360675293 -9.7946789917 9.55286462402 250.129770992 -95.6564885496 6.72519083969 END
START -1.88423670654 -9.90002386475 7.3310454834 250.129770992 -98.9160305344 6.36641221374 END
START 8.68137521973 -5.73411297607 8.90403597412 250.129770992 -105.450381679 7.70992366412 END
START -1.2737152832 -12.9334773682 9.34217487793 250.129770992 -102.740458015 9.37404580153 END
START 11.7531359497 -12.4761848511 10.3381627686 250.129770992 -98.8244274809 8.36641221374 END
START -3.92170231934 -8.65025059814 9.560047229 250.129770992 -104.946564885 5.21374045802 END
START 0.845153186035 -0.670376464844 9.59117185059 250.129770992 -89.7404580153 5.46564885496 END
START 6.82826313477 -5.95677373047 9.65581529541 250.129770992 -88.427480916 6.02290076336 END
START -1.70467158203 -15.8567975952 2.57855518799 250.129770992 -90.8625954198 6.71755725191 END
START 7.39568892822 -6.12197364502 8.75798967285 250.129770992 -84.3664122137 8.51145038168 END
START 5.96395633545 -5.65989272461 10.4315366333 250.129770992 -86.4045801527 11.7938931298 END
START 6.01184036865 -7.60877287598 5.56173045654 250.129770992 -91.3816793893 10.5801526718 END
START 4.70700046387 -11.6070896484 12.7084224121 250.129770992 -86.3053435115 10.8549618321 END
START 4.84107575684 -0.636857641602 8.06845959473 250.129770992 -90.4580152672 0.145038167939 END
START -0.569819995117 -9.23922420654 9.29668504639 250.129770992 -87.5419847328 6.72519083969 END
START 6.1650692749 -11.7148287231 14.829685083 250.129770992 -94.2900763359 10.7022900763 END
START 1.88184250488 -7.58243665771 11.5807534302 250.129770992 -87.6488549618 8.3893129771 END
START 7.58004245605 -10.4506902466 8.98543883057 250.129770992 -83.3893129771 6.48091603053 END
START 10.0748005859 -14.4921026489 10.6374379761 250.129770992 -77.0916030534 5.90076335878 END
START -0.174776721191 -5.2097828125 6.87854136963 250.129770992 -76.358778626 2.64885496183 END
START 0.112527478027 -13.1968395508 7.28794985352 250.129770992 -83.5496183206 -0.748091603053 END
START -6.49068070068 -11.0085392334 16.9701013672 250.129770992 -64.2900763359 8.13740458015 END
START 5.09964953613 -2.77727392578 13.4123177002 250.129770992 -58.1755725191 10.3511450382 END
START 2.63841022949 -8.5568767334 11.7244055298 250.129770992 -53.3969465649 8.62595419847 END
START -3.94325013428 -6.09084902344 6.00226356201 250.129770992 -62.7786259542 14.534351145 END
START -0.337582434082 -3.0406361084 8.36773480225 250.129770992 -48.4122137405 0.801526717557 END
START 2.98078106689 -3.69664736328 7.32865128174 250.129770992 -46.8091603053 7.41221374046 END
START 3.65594593506 -8.34139858398 5.02542928467 250.129770992 -51.2213740458 7.35877862595 END
START -1.07978494873 -10.1370498291 9.50976899414 250.129770992 -54.8625954198 4.74809160305 END
START -1.39103116455 -5.81551583252 8.27675513916 250.129770992 -58.7557251908 6.14503816794 END
START 9.11711992188 -5.13556256104 9.89284125977 250.129770992 -63.6641221374 10.1221374046 END
START -2.95923325195 -16.7833536377 10.4602670532 250.129770992 -65.7175572519 -1.17557251908 END
START 3.08133753662 -5.90170709229 13.5703350098 250.129770992 -65.5496183206 16.8015267176 END
START -7.98226833496 -7.91762489014 10.3381627686 250.129770992 -66.0076335878 8.08396946565 END
START -3.85945307617 -7.87452926025 7.09162531738 250.129770992 -66.0763358779 7.00763358779 END
START 3.41173736572 -2.57137258301 8.19056387939 250.129770992 -63.9465648855 11.7786259542 END
START 6.19858809814 -7.79552060547 7.9918451416 250.129770992 -64.5572519084 -1.21374045802 END
START 9.78749638672 -7.24964262695 10.7379944458 250.129770992 -65.2595419847 8.91603053435 END
START -3.90494290771 -2.21942493896 4.86501777344 250.129770992 -65.1984732824 5.16030534351 END
START -1.61369191895 -2.89219560547 6.19140549316 250.129770992 -63.213740458 0.847328244275 END
START -0.969651672363 -2.05661922607 9.440337146 250.129770992 -77.2900763359 6.95419847328 END
START -7.40765993652 -15.3635920532 6.15070406494 250.129770992 -80.3969465649 13.3816793893 END