START 2.74854350586 -11.6837041016 7.18499918213 250.129770992 -66.1679389313 10.1526717557 END
START 3.20104761963 -8.06127698975 11.8560866211 250.129770992 -78.8625954198 7.00763358779 END
START -2.1571756958 -11.2168347778 5.97113894043 250.129770992 -86.0305343511 8.64122137405 END
START -1.11569797363 -12.4235124146 4.58250197754 250.129770992 -77.9236641221 7.59541984733 END
START 1.55144267578 -10.7643306641 7.71651195068 250.129770992 -81.893129771 5.2213740458 END
START 7.92720169678 -14.7674358398 7.88650026855 250.129770992 -78.6870229008 4.9465648855 END
START -0.648828649902 -7.89368287354 10.8193973022 250.129770992 -83.213740458 13.7404580153 END
START -0.538695373535 -9.85213983154 10.2830961304 250.129770992 -82.6335877863 17.9618320611 END
START 0.46686932373 -6.88572397461 6.27041414795 250.129770992 -92.8854961832 3.3358778626 END
START 5.77242020264 -7.80030900879 11.8177793945 250.129770992 -89.7633587786 2.60305343511 END
START 0.603338818359 -6.21055910645 4.9751510498 250.129770992 -100.183206107 6.6641221374 END
START -3.39737215576 -8.19056387939 6.37336481934 250.129770992 -102.213740458 11.3053435115 END
START 1.98718737793 -10.0915599976 5.55933625488 250.129770992 -105.351145038 3.45801526718 END
START -1.65199914551 -5.65749852295 15.1792385254 250.129770992 -102.27480916 6.18320610687 END
START 4.21379492187 -2.76769711914 6.04057078857 250.129770992 -104.061068702 7.70229007634 END
START -1.21864864502 -10.8313683105 6.96712683105 250.129770992 -98.2595419847 -2.64885496183 END
START -7.34062229004 -5.52102902832 11.1162783081 250.129770992 -91.5114503817 9.03816793893 END
START 6.35899960937 -6.2009822998 6.39251843262 250.129770992 -105.717557252 5.46564885496 END
START 3.87860668945 -5.95198532715 11.264718811 250.129770992 -92.8091603053 4.06106870229 END
START 1.52989486084 -1.65918175049 6.27999095459 250.129770992 -86.8854961832 7.28244274809 END
START 0.105344873047 -7.95353791504 12.1912748535 250.129770992 -89.5190839695 10.0381679389 END
START 0.545877978516 -8.09479581299 7.10120212402 250.129770992 -86.0076335878 16.7099236641 END
START 4.43166727295 -6.25365473633 2.50672913818 250.129770992 -83.3969465649 1.89312977099 END
START 10.2088758789 -13.1226192993 8.89685336914 250.129770992 -75.4198473282 8.72519083969 END
START 1.19231242676 -7.41963094482 10.9534725952 250.129770992 -67.4580152672 7.54961832061 END
START 0.847547387695 -9.1697923584 10.299855542 250.129770992 -69.0839694656 7.56488549618 END
START -3.3949779541 -12.5599819092 6.57447775879 250.129770992 -74.9770992366 4.22900763359 END
START 0.75896192627 -8.17859287109 6.29675036621 250.129770992 -62.1297709924 10.8549618321 END
START 0.0502782348633 -8.39885942383 6.94318481445 250.129770992 -59.8244274809 5.86259541985 END
START 0.354341845703 -7.11556733398 5.69101734619 250.129770992 -59.9770992366 4.31297709924 END
START 4.94163222656 -5.74608398437 15.5670991943 250.129770992 -61.4809160305 0.167938931298 END
START 5.12119735107 -9.53371101074 11.2264115845 250.129770992 -62.9083969466 13.7480916031 END
START -2.34392342529 -10.1394440308 8.49462749023 250.129770992 -68.6030534351 7.63358778626 END
START -3.6296097168 -11.0085392334 4.97754525146 250.129770992 -63.1755725191 6.90839694656 END
START 4.02704719238 -5.51863482666 13.0196686279 250.129770992 -62.679389313 5.63358778626 END
START 2.1571756958 -6.92642540283 4.20421811523 250.129770992 -77.2671755725 5.45801526718 END
START -3.17949980469 -11.0564232666 10.0221281494 250.129770992 -74.9389312977 -2.96183206107 END
START 5.95677373047 -6.92403120117 5.36061751709 250.129770992 -59.7938931298 3.84732824427 END
START 4.37181223145 -7.9439611084 7.64708010254 250.129770992 -66.641221374 2.64122137405 END
START 0.330399829102 -7.64229169922 7.03416447754 250.129770992 -68.0152671756 5.84732824427 END
START 7.58004245605 -4.65193382568 5.93522591553 250.129770992 -59.2595419847 18.2748091603 END
START -3.79480963135 -10.5775829346 2.55461317139 250.129770992 -70.8244274809 3.90839694656 END
START 0.0957680664062 -6.99585725098 7.09162531738 250.129770992 -66.7480916031 10.5267175573 END
START -4.5729251709 -10.0053687378 1.5801730957 250.129770992 -71.9694656489 0.847328244275 END
START 0.742202514648 -15.4665427246 9.30147344971 250.129770992 -79.679389313 5.09160305344 END
START -1.2737152832 -7.52737001953 8.30787976074 250.129770992 -81.1603053435 1.28244274809 END
START 9.33259807129 -13.4458365234 6.72770666504 250.129770992 -83.8473282443 12.9236641221 END
START -0.0239420166016 -14.8009546631 7.98466253662 250.129770992 -85.6106870229 5.49618320611 END
START -4.08211383057 -8.39885942383 4.83868155518 250.129770992 -84.8854961832 1.72519083969 END
START 3.3470939209 -8.06606539307 4.8434699585 250.129770992 -97.5648854962 16.0305343511 END
START -5.60482608643 0.541089575195 6.27041414795 250.129770992 -89.0076335878 -3.19847328244 END
START -2.2170307373 -8.54011732178 8.01099875488 250.129770992 -98.4732824427 17.2595419847 END
START -1.2617442749 -9.71327613525 9.34696328125 250.129770992 -104.229007634 0.992366412214 END
START 0.62009822998 -7.61116707764 8.63109698486 250.129770992 -104.27480916 2.92366412214 END
START 6.27280834961 -2.14041628418 4.02944139404 250.129770992 -104.328244275 9.35877862595 END
START -2.8060043457 -6.08366641846 9.44991395264 250.129770992 -104.366412214 0.343511450382 END
START 2.30322199707 -7.74763657227 5.99029255371 250.129770992 -102.870229008 14.4732824427 END
START 2.48039291992 4.38857164307 8.41322463379 250.129770992 -89.9923664122 4.34351145038 END
START 11.4730143555 -13.4889321533 0.490811340332 250.129770992 -96.0534351145 11.3740458015 END
START 2.06619603271 -6.04775339355 5.78439121094 250.129770992 -96.0763358779 8.35114503817 END
START -1.80762225342 -11.3293622559 11.1976811646 250.129770992 -95.9923664122 5.41221374046 END
START 7.82664522705 -7.29992086182 13.117830896 250.129770992 -96.6488549618 13.2061068702 END
START 3.15316358643 -10.3333743652 6.05254179687 250.129770992 -78.0534351145 4.14503816794 END
START 7.25443103027 -4.18027609863 5.01106407471 250.129770992 -80.5648854962 4.30534351145 END
START 7.19457598877 -5.24809003906 7.05810649414 250.129770992 -83.9007633588 6.25954198473 END
START 7.9918451416 -9.2176763916 8.98065042725 250.129770992 -70.3893129771 2.13740458015 END
START -1.59932670898 -5.46596239014 7.72369455566 250.129770992 -76.7099236641 9.63358778626 END
START 0.0119710083008 -6.39730683594 13.230358374 250.129770992 -64.6870229008 19.4885496183 END
START 4.25689055176 0.220266552734 7.72369455566 250.129770992 -56.8244274809 5.64122137405 END
START 1.25935007324 -5.98789835205 7.48906279297 250.129770992 -64.8702290076 11.3358778626 END
START 1.63763393555 -8.61912597656 7.98945093994 250.129770992 -59.213740458 11.2900763359 END
START 3.89776030273 -6.83783994141 10.8146088989 250.129770992 -64.2061068702 4.49618320611 END
START 7.32625708008 -6.91206019287 13.7906015625 250.129770992 -79.2213740458 8.35877862595 END
START 9.09317790527 -8.32703337402 9.64623848877 250.129770992 -62.893129771 11.5114503817 END
START -0.92176763916 -10.4315366333 6.90248338623 250.129770992 -61.3816793893 -1.41221374046 END
START 5.03979449463 -2.67911165771 5.8107274292 250.129770992 -58.7175572519 17.4580152672 END
START -1.33117612305 -9.99100352783 7.36456430664 250.129770992 -66.2671755725 8.06106870229 END
START 2.77248552246 -0.553060583496 7.4148425415 250.129770992 -59.5801526718 4.12977099237 END
START -0.15322890625 -8.12831463623 9.13866773682 250.129770992 -68.8320610687 5.10687022901 END
START -1.472434021 -3.64397492676 12.7802484619 250.129770992 -65.9541984733 4.73282442748 END
START 4.18745870361 -13.8241203857 4.48673391113 250.129770992 -69.7709923664 0.267175572519 END
START -1.62566292725 -7.06289489746 6.74686027832 250.129770992 -70.9541984733 -1.12213740458 END
START -1.38384855957 -9.00219824219 8.36294639893 250.129770992 -63.4503816794 9.5572519084 END
START 4.75488449707 -9.29189664307 12.2080342651 250.129770992 -60.8396946565 -0.160305343511 END
START -6.65588061523 -6.90966599121 10.0101571411 250.129770992 -52.7786259542 3.32061068702 END
START 1.05344873047 -8.54011732178 8.56645354004 250.129770992 -68.7633587786 14.8854961832 END
START -2.31998140869 -3.32554610596 6.95276162109 250.129770992 -73.3511450382 20.320610687 END
START -2.23139594727 -6.32548078613 5.28400306396 250.129770992 -68.3511450382 6.21374045802 END