START -4.60165559082 -11.3413332642 9.03332286377 250.129770992 -55.3282442748 2.81679389313 END
START 5.31512768555 -8.47068547363 10.7882726807 250.129770992 -59.9465648855 13.3358778626 END
START 5.72453616943 -9.88565865479 5.25048424072 250.129770992 -63.7404580153 8.80916030534 END
START -1.94409174805 -9.65102689209 1.48201082764 250.129770992 -57.0687022901 8.22900763359 END
START 5.77720860596 -13.7283523193 6.18422288818 250.129770992 -58.7328244275 -1.19847328244 END
START 2.12365687256 -4.01028778076 6.37097061768 250.129770992 -52.0076335878 2.21374045802 END
START -0.294486804199 -6.27999095459 11.8896054443 250.129770992 -58.1984732824 5.64122137405 END
START -1.25935007324 -6.07169541016 10.9582609985 250.129770992 -56.5038167939 10.4351145038 END
START 3.90015450439 -16.4721074219 4.91050760498 250.129770992 -68.0458015267 -4.51908396947 END
START 5.95198532715 -7.49145699463 4.11802685547 250.129770992 -56.9541984733 8.25190839695 END
START 2.01112939453 -4.61362659912 10.9486841919 250.129770992 -60.641221374 14.5648854962 END
START -0.840364782715 -2.60967980957 10.0915599976 250.129770992 -51.8549618321 4.26717557252 END
START 2.23139594727 -10.9702320068 9.75158336182 250.129770992 -51.7404580153 4.45038167939 END
START 2.60967980957 -12.9406599731 9.92157167969 250.129770992 -61.8244274809 8.03053435115 END
START 0.244208569336 -6.0573302002 10.8337625122 250.129770992 -69.0534351145 11.2366412214 END
START -6.59841977539 -8.32942757568 7.25203682861 250.129770992 -63.0381679389 -0.473282442748 END
START -1.99676418457 -14.1210013916 5.41089575195 250.129770992 -69.6488549618 -0.381679389313 END
START -4.2664673584 -9.67736311035 8.22408270264 250.129770992 -76.6106870229 17.6641221374 END
START 3.23935484619 -13.7738421509 5.1379567627 250.129770992 -78.1450381679 -1.73282442748 END
START 1.59453830566 -14.8464444946 3.62242711182 250.129770992 -86.9160305344 -3.09923664122 END
START -7.08683691406 -13.1609265259 7.66383951416 250.129770992 -100.893129771 4.02290076336 END
START 0.703895288086 -13.0771294678 9.33259807129 250.129770992 -91.1297709924 4.06870229008 END
START -8.45871446533 -17.6141416138 4.65193382568 250.129770992 -103.946564885 5.03053435115 END
START -0.804451757813 -10.2615483154 5.69580574951 250.129770992 -91.9160305344 10.8244274809 END
START 3.6894647583 -12.7347586304 8.92797799072 250.129770992 -105.198473282 3.28244274809 END
START -0.30406361084 -11.6406084717 9.47146176758 250.129770992 -96.2671755725 5.58778625954 END
START -3.9600095459 -6.15788666992 6.7061588501 250.129770992 -104.022900763 9.76335877863 END
START 3.94085593262 -5.51863482666 9.25837781982 250.129770992 -105.259541985 -0.190839694656 END
START 7.18021077881 -6.375759021 8.11394942627 250.129770992 -104.183206107 15.1297709924 END
START -1.19231242676 -11.1689507446 12.8760165283 250.129770992 -105.20610687 8.09160305344 END
START 5.88494768066 -2.31758720703 9.98382092285 250.129770992 -92.9847328244 6.72519083969 END
START -3.15076938477 -2.57137258301 11.7938373779 250.129770992 -92.1603053435 4.97709923664 END
START 8.22168850098 -10.898405957 5.09725533447 250.129770992 -76.641221374 5.4427480916 END
START 3.1124621582 -12.7874310669 14.1138187866 250.129770992 -72.8244274809 7.71755725191 END
START 6.00944616699 -9.47864437256 12.7778542603 250.129770992 -70.3053435115 8.74809160305 END
START 9.45709655762 -11.5065331787 7.57525405273 250.129770992 -67.5801526718 9.40458015267 END
START -4.95599743652 -10.6470147827 14.1832506348 250.129770992 -60.3893129771 6.46564885496 END
START 4.83628735352 -0.505176550293 6.16267507324 250.129770992 -53.3664122137 4.21374045802 END
START -1.27132108154 -4.80516273193 7.96072052002 250.129770992 -54.9541984733 11.1603053435 END
START 4.55855996094 -4.9512090332 5.98310994873 250.129770992 -47.7709923664 11.6335877863 END
START 1.62087452393 -9.79228479004 0.229843359375 250.129770992 -61.3129770992 7.72519083969 END
START 11.3556984741 -10.2830961304 9.16500395508 250.129770992 -55.1145038168 11.4351145038 END
START 7.45793817139 -7.70214674072 9.01895765381 250.129770992 -59.2442748092 8.82442748092 END
START 0.30166940918 -4.39575424805 10.7284176392 250.129770992 -53.5038167939 3.96946564885 END
START -0.45968671875 -3.58411988525 7.0126166626 250.129770992 -55.3282442748 5.35877862595 END
START 2.65516964111 -11.0660000732 9.31823286133 250.129770992 -50.641221374 8.72519083969 END
START 3.88100089111 -6.2009822998 9.06205328369 250.129770992 -49.6106870229 10.9236641221 END
START 6.01902297363 -8.10916102295 5.01106407471 250.129770992 -52.8778625954 8.50381679389 END
START 1.81719906006 -9.7467949585 1.35751234131 250.129770992 -57.465648855 13.9923664122 END
START -5.32231029053 -0.584185205078 7.06528909912 250.129770992 -57.0839694656 14.6717557252 END
START -4.37899483643 -10.1442324341 3.83551105957 250.129770992 -65.7251908397 2.19083969466 END
START 2.70065947266 -19.6133 3.35188232422 250.129770992 -61.1374045802 5.70229007634 END
START -2.42532628174 -11.4682259521 7.68299312744 250.129770992 -58.6488549618 4.67175572519 END
START -0.529118566895 -9.36611689453 6.00226356201 250.129770992 -62.5877862595 0.595419847328 END
START 4.87698878174 -12.5073094727 5.14274516602 250.129770992 -75.786259542 8.60305343511 END
START 2.94726224365 -12.8185556885 5.2816088623 250.129770992 -66.8854961832 11.5496183206 END
START 4.80755693359 -11.4035825073 7.99902774658 250.129770992 -69.106870229 11.7480916031 END
START 5.65510432129 -6.91684859619 9.8665050415 250.129770992 -78.0763358779 13.893129771 END
START -0.0718260498047 -10.0101571411 4.61123239746 250.129770992 -86.5877862595 6.00763358779 END
START -0.969651672363 -16.7857478394 10.9774146118 250.129770992 -88.0763358779 9.0534351145 END
START -4.29280357666 -10.9367131836 5.89691868896 250.129770992 -99.1450381679 13.4732824427 END
START 5.71974776611 -7.62792648926 4.26407315674 250.129770992 -92.1984732824 13.0305343511 END
START 7.0126166626 -7.10359632568 8.5329347168 250.129770992 -104.717557252 7.3893129771 END
START 5.09964953613 -11.4347071289 9.20809958496 250.129770992 -101.0 3.88549618321 END
START 3.28723887939 -9.09557210693 7.74045396729 250.129770992 -95.9847328244 15.2213740458 END
START 4.8913539917 -6.58166036377 9.40921252441 250.129770992 -101.083969466 11.2824427481 END
START 7.55610043945 -9.89762966309 9.41639512939 250.129770992 -98.0534351145 -3.09160305344 END
START 1.38863696289 -10.6446205811 12.6461731689 250.129770992 -104.106870229 13.0458015267 END
START 4.28801517334 -15.1672675171 7.12993254395 250.129770992 -103.770992366 6.50381679389 END
START 5.42526096191 -6.94318481445 6.08366641846 250.129770992 -104.114503817 13.4045801527 END
START 5.86579406738 -9.89762966309 4.16112248535 250.129770992 -94.7633587786 12.6564885496 END
START 2.74136090088 -2.1212626709 6.89769498291 250.129770992 -102.488549618 5.7786259542 END
START 5.97832154541 -8.2264769043 10.5656119263 250.129770992 -82.2061068702 7.26717557252 END
START 0.248996972656 -5.79636221924 7.06528909912 250.129770992 -91.5648854962 4.21374045802 END
START 1.5083470459 -0.541089575195 4.72136567383 250.129770992 -81.2366412214 9.76335877863 END
START -0.416591088867 -11.9662198975 9.41639512939 250.129770992 -85.0229007634 -0.114503816794 END
START 0.869095202637 -9.81622680664 11.3413332642 250.129770992 -83.6106870229 6.42748091603 END
START 1.26653267822 -5.22414802246 15.8567975952 250.129770992 -71.8320610687 8.24427480916 END
START -0.325611425781 -5.19541760254 2.28646258545 250.129770992 -61.1755725191 12.1603053435 END
START 2.53306535645 -12.8353151001 10.8433393188 250.129770992 -61.0305343511 12.7480916031 END
START -2.79163913574 -14.9972791992 9.63666168213 250.129770992 -58.9389312977 12.6641221374 END
START 0.893037219238 -5.86818826904 11.7627127563 250.129770992 -52.3282442748 9.48091603053 END
START 2.00634099121 -7.83382783203 7.83622203369 250.129770992 -61.679389313 9.60305343511 END
START 1.57777889404 -11.9494604858 5.39174213867 250.129770992 -66.6946564885 8.15267175573 END
START 2.87543619385 -5.03979449463 4.75009609375 250.129770992 -67.6488549618 0.381679389313 END
START 4.35505281982 -10.6470147827 11.8489040161 250.129770992 -73.1450381679 7.09160305344 END
START -2.05183082275 -11.9853735107 6.47392128906 250.129770992 -68.7938931298 9.08396946565 END
START 0.0742202514648 -8.11394942627 8.40364782715 250.129770992 -76.427480916 4.6641221374 END
START 3.68707055664 -11.7267997314 5.33667550049 250.129770992 -66.5038167939 4.76335877863 END
START -3.36864173584 -4.99191046143 8.24802471924 250.129770992 -66.8167938931 18.893129771 END
START -2.4636335083 -7.0844427124 8.28872614746 250.129770992 -68.8320610687 2.79389312977 END
START -2.07577283936 -4.92966121826 4.8554409668 250.129770992 -71.9465648855 3.71755725191 END
START 2.34392342529 -11.2311999878 7.88171186523 250.129770992 -69.0076335878 11.5114503817 END
START -3.17471140137 -14.2000100464 3.21541282959 250.129770992 -63.7099236641 14.6106870229 END
START 4.13478626709 -7.44117875977 4.26886156006 250.129770992 -66.4809160305 4.03053435115 END
START 4.97993945312 -11.1306435181 4.27604416504 250.129770992 -72.9007633588 6.61832061069 END
START 1.75734401855 -12.4881558594 8.18338127441 250.129770992 -67.8396946565 18.8854961832 END
START -0.31124621582 -3.36145913086 10.5296989014 250.129770992 -71.2366412214 9.0534351145 END
START 0.356736047363 -11.9686140991 4.11323845215 250.129770992 -68.4045801527 3.61832061069 END