START 6.83065733643 -9.72045874023 16.0100265015 250.129770992 -70.1297709924 -2.92366412214 END
START 0.397437475586 -5.83227524414 7.98705673828 250.129770992 -61.4122137405 1.48091603053 END
START 8.28872614746 -5.99029255371 12.4929442627 250.129770992 -61.6641221374 7.93129770992 END
START 2.19069451904 -10.2064816772 9.60074865723 250.129770992 -57.572519084 6.20610687023 END
START 2.16435830078 -16.3069075073 7.47709178467 250.129770992 -80.6946564885 6.14503816794 END
START 6.60081397705 -3.93367332764 13.0867062744 250.129770992 -67.6717557252 19.1221374046 END
START -3.924096521 -12.9310831665 8.74362446289 250.129770992 -65.786259542 -4.87786259542 END
START -1.41257897949 -8.44195505371 6.27280834961 250.129770992 -62.3816793893 7.93893129771 END
START 6.44279666748 -4.19224710693 3.50271702881 250.129770992 -53.8015267176 2.82442748092 END
START 5.03740029297 -9.40921252441 0.117315881348 250.129770992 -61.213740458 8.8320610687 END
START 6.66545742187 -8.86572874756 3.81635744629 250.129770992 -60.7786259542 7.78625954198 END
START -0.0478840332031 -8.25281312256 9.44991395264 250.129770992 -68.3282442748 14.1145038168 END
START -0.876277807617 -6.988674646 5.90170709229 250.129770992 -61.7251908397 10.7557251908 END
START 5.24330163574 -12.7108166138 10.8289741089 250.129770992 -71.9312977099 8.4427480916 END
START -1.10612116699 -9.2535894165 6.97430943604 250.129770992 -69.0152671756 10.2748091603 END
START -0.545877978516 -11.2599304077 11.8824228394 250.129770992 -66.8167938931 6.86259541985 END
START -6.64869801025 -8.86094034424 7.98466253662 250.129770992 -62.1908396947 5.53435114504 END
START 7.601590271 -7.10599052734 5.96395633545 250.129770992 -59.9541984733 5.79389312977 END
START 4.3263223999 -3.90015450439 8.30069715576 250.129770992 -67.641221374 15.8854961832 END
START -1.58496149902 -13.4434423218 12.0164981323 250.129770992 -73.5114503817 6.60305343511 END
START -1.42694418945 -2.71263048096 10.1562034424 250.129770992 -79.1374045802 18.6030534351 END
START -0.816422766113 -8.08043060303 6.72052406006 250.129770992 -78.4503816794 11.2900763359 END
START 3.54102425537 -13.0364280396 6.04535919189 250.129770992 -76.3435114504 7.25954198473 END
START 5.42526096191 -9.8545340332 11.5639940186 250.129770992 -79.9923664122 15.4045801527 END
START -3.10767375488 -8.78911429443 6.47631549072 250.129770992 -78.465648855 1.87022900763 END
START -0.679953271484 -12.3205617432 12.8113730835 250.129770992 -80.9007633588 11.534351145 END
START 0.682347473145 -2.90656081543 5.37019432373 250.129770992 -88.427480916 9.90076335878 END
START 4.67348164062 -9.70369932861 13.5559697998 250.129770992 -99.0152671756 7.77099236641 END
START -0.390254870605 -12.8808049316 8.96867941895 250.129770992 -91.9083969466 13.6030534351 END
START -1.43891519775 -7.84101043701 8.91840118408 250.129770992 -86.2442748092 14.3129770992 END
START 0.0167594116211 -12.5336456909 12.7778542603 250.129770992 -89.1984732824 11.9083969466 END
START -2.80361014404 -6.87375296631 11.5161099854 250.129770992 -91.6946564885 4.0 END
START 0.864306799316 -14.1018477783 10.2352120972 250.129770992 -82.8549618321 0.450381679389 END
START 2.30322199707 -5.15232197266 7.10359632568 250.129770992 -82.1221374046 4.71755725191 END
START 8.46589707031 -8.15943925781 4.73573088379 250.129770992 -82.320610687 4.61832061069 END
START 6.13873305664 -9.76594857178 7.87213505859 250.129770992 -80.0076335878 10.1984732824 END
START 2.7222072876 -9.68693991699 4.81713374023 250.129770992 -73.4503816794 0.526717557252 END
START 1.5322890625 -8.68376942139 9.73721815186 250.129770992 -77.3129770992 9.10687022901 END
START 5.00388146973 -8.04930598145 6.4236430542 250.129770992 -60.7099236641 11.1297709924 END
START 3.28484467773 -9.83777462158 7.08683691406 250.129770992 -59.2519083969 2.74045801527 END
START -2.13802208252 0.77093293457 7.90086547852 250.129770992 -56.7786259542 13.5648854962 END
START -1.37666595459 -3.62721551514 5.25527264404 250.129770992 -54.0916030534 11.1450381679 END
START 3.20104761963 1.13245738525 8.41083043213 250.129770992 -56.5038167939 -2.72519083969 END
START 2.73896669922 -7.67820472412 6.62236179199 250.129770992 -60.7328244275 5.75572519084 END
START 1.01274730225 -6.66785162354 1.06541973877 250.129770992 -55.5114503817 7.10687022901 END
START 2.34152922363 -5.882553479 6.95994422607 250.129770992 -62.8396946565 8.41984732824 END
START -0.031124621582 -13.7020161011 6.12197364502 250.129770992 -60.0458015267 4.09923664122 END
START 8.34139858398 -8.26717833252 3.30639249268 250.129770992 -56.4503816794 15.3282442748 END
START -0.141257897949 -7.54412943115 5.5880666748 250.129770992 -56.2748091603 9.09923664122 END
START -1.18512982178 -13.2806366089 8.8513635376 250.129770992 -61.1603053435 5.49618320611 END
START 7.91283648682 -8.9351605957 11.1402203247 250.129770992 -51.5954198473 4.40458015267 END
START 5.76763179932 -10.8361567139 3.7253777832 250.129770992 -56.2366412214 7.70229007634 END
START 0.842758984375 -1.51074124756 8.20732329102 250.129770992 -54.9770992366 4.64885496183 END
START 1.64721074219 -19.120094458 7.48427438965 250.129770992 -60.3511450382 5.82442748092 END
START -2.78445653076 -7.48427438965 13.5559697998 250.129770992 -64.4732824427 8.6641221374 END
START -8.00142194824 -3.11964476318 3.41652576904 250.129770992 -70.6564885496 3.01526717557 END
START 1.00795889893 -2.22181914063 7.82664522705 250.129770992 -75.6946564885 2.29770992366 END
START -3.37343013916 -11.5663882202 4.99909306641 250.129770992 -84.9389312977 -2.24427480916 END
START -3.04542451172 -6.47870969238 6.09803162842 250.129770992 -70.7709923664 2.2213740458 END
START -4.00549937744 -12.3397153564 11.0300870483 250.129770992 -79.0687022901 10.679389313 END
START -4.70700046387 -8.75320126953 9.68215151367 250.129770992 -82.2671755725 17.2442748092 END
START -5.70059415283 -12.7108166138 9.98382092285 250.129770992 -89.5496183206 9.85496183206 END
START -3.67988795166 -8.8753055542 7.91283648682 250.129770992 -96.9770992366 19.0687022901 END
START -0.0502782348633 -6.28238515625 8.69095202637 250.129770992 -94.2977099237 1.79389312977 END
START -2.78924493408 -7.14908615723 1.96085115967 250.129770992 -93.1221374046 13.9160305344 END
START 1.39821376953 -10.532093103 9.21049378662 250.129770992 -104.488549618 4.87022900763 END
START 1.93690914307 -7.17302817383 8.89685336914 250.129770992 -104.839694656 9.75572519084 END
START -4.6088381958 -7.16345136719 3.05739552002 250.129770992 -104.641221374 -1.88549618321 END
START 3.01429989014 -9.49300958252 10.7643306641 250.129770992 -95.3664122137 1.69465648855 END
START 4.13718046875 -5.37737692871 5.53539423828 250.129770992 -105.465648855 2.57251908397 END
START -1.93690914307 -7.21851800537 5.8586114624 250.129770992 -104.213740458 14.5877862595 END
START 12.4594254395 -1.71903679199 9.41639512939 250.129770992 -105.106870229 4.50381679389 END
START -1.21864864502 -8.20732329102 5.76044919434 250.129770992 -104.480916031 7.70229007634 END
START 1.57777889404 -2.44447989502 10.5871597412 250.129770992 -106.770992366 9.69465648855 END
START 1.87226569824 -10.4147772217 3.02387669678 250.129770992 -103.748091603 14.1221374046 END
START -0.0287304199219 -8.23365950928 5.21696541748 250.129770992 -90.5572519084 -5.76335877863 END
START 3.15076938477 -8.82263311768 10.8193973022 250.129770992 -77.3358778626 12.106870229 END
START 3.26808526611 -3.20344182129 12.392387793 250.129770992 -67.7022900763 13.8015267176 END
START -3.26569106445 -10.1298672241 8.57603034668 250.129770992 -67.8778625954 7.48854961832 END
START 7.98226833496 -17.9804544678 11.2240173828 250.129770992 -69.8625954198 0.541984732824 END
START -0.883460412598 -9.65820949707 6.44997927246 250.129770992 -63.0458015267 8.50381679389 END
START 0.421379492187 -12.7730658569 12.7419412354 250.129770992 -62.0381679389 18.8091603053 END
START -0.0694318481445 -8.99262143555 6.40448944092 250.129770992 -60.8244274809 15.6259541985 END
START -1.25216746826 -10.9008001587 4.74291348877 250.129770992 -55.786259542 10.7709923664 END
START -1.70945998535 -6.38533582764 11.6956751099 250.129770992 -62.2519083969 4.95419847328 END
START 5.10204373779 -4.57053096924 9.27274302979 250.129770992 -53.1984732824 13.3511450382 END
START -0.545877978516 -1.01035310059 9.50498059082 250.129770992 -69.5419847328 15.0763358779 END
START -9.50737479248 -7.45554396973 9.77791958008 250.129770992 -54.213740458 0.717557251908 END
START -1.92733233643 -5.86339986572 6.38054742432 250.129770992 -75.1908396947 4.4427480916 END
START 4.11323845215 -7.74284816895 13.9007348389 250.129770992 -62.0076335878 2.03816793893 END
START 2.38223065186 -6.85220515137 2.20027132568 250.129770992 -62.3435114504 3.6641221374 END
START -0.0957680664062 -8.54251152344 9.07881269531 250.129770992 -66.465648855 6.58778625954 END
START -8.83699832764 -7.53934102783 6.03817658691 250.129770992 -73.5877862595 5.90839694656 END
START -5.5880666748 -11.0061450317 8.42998404541 250.129770992 -75.5114503817 12.4503816794 END
START -2.41335527344 -2.64080443115 12.1864864502 250.129770992 -75.2824427481 8.19083969466 END
START 0.00957680664062 -7.96311472168 2.35828863525 250.129770992 -80.6183206107 5.35114503817 END
START 3.28005627441 -9.67257470703 8.71968244629 250.129770992 -81.2748091603 8.06870229008 END
START -3.12203896484 -7.97508572998 9.80665 250.129770992 -72.5038167939 13.0916030534 END
START 4.87220037842 -14.0180507202 7.55131203613 250.129770992 -65.1984732824 10.4885496183 END
START 2.92092602539 -10.1538092407 7.57525405273 250.129770992 -81.5496183206 16.4580152672 END
START 4.71178886719 -9.80186159668 10.1083194092 250.129770992 -69.213740458 14.358778626 END
START 1.24259066162 -6.86417615967 9.30147344971 250.129770992 -72.320610687 14.1679389313 END
START 2.51391174316 -4.39336004639 7.46990917969 250.129770992 -76.0610687023 2.71755725191 END
START -2.00394678955 -15.2845833984 7.52018741455 250.129770992 -81.1145038168 13.3740458015 END
START 7.60877287598 -7.71890615234 11.1114899048 250.129770992 -76.1984732824 7.6106870229 END
START -1.63763393555 -10.038887561 5.68383474121 250.129770992 -63.4351145038 17.1297709924 END
START -7.39329472656 -3.16034619141 6.81150372314 250.129770992 -74.534351145 13.0381679389 END
START -4.88895979004 -7.09162531738 10.9582609985 250.129770992 -70.8778625954 20.4198473282 END
START 3.56975467529 -10.0245223511 13.0962830811 250.129770992 -70.1832061069 4.56488549618 END
START 6.9767036377 -12.9885440063 5.12598575439 250.129770992 -74.0992366412 7.38167938931 END
START 4.94881483154 0.351947644043 10.2711251221 250.129770992 -65.0916030534 13.5267175573 END
START 2.9927520752 -4.64235701904 7.43878455811 250.129770992 -57.7328244275 8.87022900763 END
START 3.05021291504 -8.51856950684 8.53772312012 250.129770992 -56.7099236641 19.4961832061 END
START 5.8945244873 -11.6789156982 6.50504591064 250.129770992 -61.9083969466 9.86259541985 END
START 6.88811817627 -8.72447084961 8.48265648193 250.129770992 -57.3358778626 13.2366412214 END
START 4.2425253418 -7.48188018799 9.72524714355 250.129770992 -60.4351145038 5.89312977099 END