START 7.26400783691 -4.79558592529 6.00944616699 250.129770992 -102.709923664 12.0992366412 END
START 6.55292994385 -7.55370623779 4.84825836182 250.129770992 -105.679389313 2.74045801527 END
START 0.433350500488 -1.34314713135 9.89284125977 250.129770992 -84.2748091603 -3.26717557252 END
START 1.64721074219 -8.67658681641 7.06768330078 250.129770992 -90.8320610687 14.4045801527 END
START 2.72699569092 -5.46117398682 7.26640203857 250.129770992 -88.0687022901 4.50381679389 END
START 0.579396801758 -16.9916491821 5.762843396 250.129770992 -88.2061068702 11.4427480916 END
START 4.32871660156 -7.75721337891 9.43794294434 250.129770992 -90.106870229 0.603053435115 END
START 1.00317049561 -0.92176763916 6.57208355713 250.129770992 -101.564885496 13.213740458 END
START 1.44370360107 -12.2152168701 13.0076976196 250.129770992 -90.1450381679 14.7022900763 END
START -0.723048901367 -13.9246768555 10.7332060425 250.129770992 -94.6870229008 10.7709923664 END
START 6.78756170654 -0.948103857422 6.45716187744 250.129770992 -75.5190839695 5.50381679389 END
START 3.41173736572 -6.4116720459 2.16675250244 250.129770992 -78.9847328244 1.5572519084 END
START 5.66228692627 -14.1856448364 11.3533042725 250.129770992 -80.0763358779 14.6870229008 END
START 7.82664522705 -8.77474908447 3.20104761963 250.129770992 -68.534351145 9.3893129771 END
START 7.09401951904 -3.19147081299 5.59046087646 250.129770992 -68.0916030534 9.4427480916 END
START 3.84508786621 -11.7531359497 9.15303294678 250.129770992 -61.8244274809 -0.916030534351 END
START -3.56496627197 -4.89614239502 3.82114584961 250.129770992 -61.6030534351 9.7786259542 END
START -0.248996972656 -2.78924493408 5.69101734619 250.129770992 -66.6106870229 3.89312977099 END
START -3.37343013916 -6.8138979248 8.97346782227 250.129770992 -59.4580152672 9.19083969466 END
START 0.529118566895 -7.33822808838 9.45949075928 250.129770992 -55.2442748092 11.3053435115 END
START -0.378283862305 -6.9767036377 5.10683214111 250.129770992 -54.1526717557 13.8778625954 END
START 1.8746598999 -8.66222160645 11.0731826782 250.129770992 -65.9847328244 8.19083969466 END
START -0.222660754395 -11.1713449463 3.6056677002 250.129770992 -66.5267175573 8.32061068702 END
START -5.7867854126 -6.28717355957 4.71178886719 250.129770992 -67.427480916 12.5038167939 END
START -1.06541973877 -8.80587370605 8.65743320312 250.129770992 -64.3816793893 8.84732824427 END
START -2.30561619873 -8.54251152344 6.742071875 250.129770992 -54.2290076336 10.4427480916 END