START 1.02471831055 -4.56574256592 4.32392819824 250.129770992 -58.3435114504 -3.03053435115 END
START 1.67833536377 -9.31583865967 10.8217915039 250.129770992 -59.1755725191 23.7938931298 END
START -3.36385333252 -11.8082025879 2.68390006104 250.129770992 -59.0381679389 -3.32824427481 END
START 2.1930887207 -6.87375296631 5.78199700928 250.129770992 -58.0076335878 4.39694656489 END
START -2.64798703613 -10.2495773071 7.6973583374 250.129770992 -53.4122137405 11.1526717557 END
START -1.90339031982 -11.2431709961 7.34780489502 250.129770992 -69.2290076336 4.20610687023 END
START 2.5115175415 -7.93438430176 12.1338140137 250.129770992 -71.4732824427 8.57251908397 END
START -2.12844527588 -12.392387793 5.63834490967 250.129770992 -81.6030534351 9.07633587786 END
START -4.05098920898 -4.82910474854 5.37498272705 250.129770992 -74.6259541985 15.6870229008 END
START -1.5083470459 -7.3549875 11.3245738525 250.129770992 -73.3816793893 20.4885496183 END
START 0.687135876465 -5.47793339844 0.0119710083008 250.129770992 -72.4122137405 19.0305343511 END
START -10.5943423462 -9.64145008545 10.2830961304 250.129770992 -87.427480916 5.76335877863 END
START 6.90487758789 -17.8918690063 11.5065331787 250.129770992 -76.3816793893 16.0916030534 END
START 12.7251818237 -4.86980617676 5.39174213867 250.129770992 -75.5190839695 8.12977099237 END
START 5.47793339844 -17.7625821167 5.93043751221 250.129770992 -76.9770992366 20.4885496183 END
START -7.0964137207 -8.8513635376 1.29526309814 250.129770992 -82.2824427481 -2.21374045802 END
START -0.708683691406 -5.94719692383 6.34942280273 250.129770992 -78.2213740458 -2.76335877863 END
START 3.38779534912 -13.3213380371 8.85615194092 250.129770992 -82.7633587786 13.9312977099 END
START -9.73242974854 -6.30632717285 9.84495722656 250.129770992 -96.7251908397 5.36641221374 END
START -1.54186586914 -11.0971246948 9.93833109131 250.129770992 -98.2213740458 9.56488549618 END
START 6.67982263184 -11.4706201538 1.84353527832 250.129770992 -92.1755725191 6.35877862595 END
START 7.87213505859 -8.04451757812 9.57920084229 250.129770992 -96.1145038168 7.45801526718 END
START 6.26323154297 -4.88656558838 10.6948988159 250.129770992 -85.4732824427 7.67938931298 END
START 6.15549246826 -6.39491263428 8.00860455322 250.129770992 -88.6183206107 5.70992366412 END
START 3.28245047607 -1.71903679199 13.3045786255 250.129770992 -80.1603053435 10.7557251908 END
START 3.94325013428 -11.8369330078 7.79312640381 250.129770992 -79.9541984733 2.0534351145 END
START 2.06859023437 -6.33266339111 9.99100352783 250.129770992 -79.1526717557 8.56488549618 END
START -2.23139594727 -5.31752188721 8.07564219971 250.129770992 -75.0534351145 12.4885496183 END
START 7.91762489014 -4.22337172852 8.61433757324 250.129770992 -68.641221374 5.54961832061 END
START 4.65432802734 -1.78846864014 7.37653531494 250.129770992 -63.213740458 3.45801526718 END
START 5.15711037598 -1.80043964844 6.7899559082 250.129770992 -61.0458015267 9.17557251908 END
START -3.96479794922 -1.70467158203 8.5568767334 250.129770992 -64.2290076336 8.3893129771 END
START 2.68868846436 -19.5534449585 8.42998404541 250.129770992 -65.2595419847 12.786259542 END
START 5.4803276001 -15.9310178467 10.2376062988 250.129770992 -63.2748091603 10.3435114504 END
START 0.656011254883 -0.167594116211 9.82340941162 250.129770992 -53.6641221374 0.00763358778626 END
START 4.8314989502 -8.73644185791 2.0973206543 250.129770992 -70.6946564885 -2.19083969466 END
START -2.53545955811 -12.6509615723 7.01740506592 250.129770992 -56.0458015267 13.2519083969 END
START -1.57299049072 -11.525686792 4.78122071533 250.129770992 -58.5419847328 10.2442748092 END
START 5.36061751709 -14.4274592041 11.5137157837 250.129770992 -60.0458015267 12.9847328244 END
START -4.64235701904 -10.3118265503 10.2376062988 250.129770992 -67.2366412214 9.17557251908 END
START 11.4634375488 -1.89141931152 9.95987890625 250.129770992 -64.7938931298 11.1603053435 END
START 4.90571920166 -10.8481277222 5.39413634033 250.129770992 -61.8015267176 1.04580152672 END
START -1.67115275879 -7.7332713623 9.70609353027 250.129770992 -63.7633587786 8.56488549618 END
START -5.40371314697 -12.3612631714 5.90888969727 250.129770992 -66.2824427481 4.1679389313 END
START 2.27209737549 -5.58567247314 4.72854827881 250.129770992 -64.3129770992 2.12977099237 END
START -4.03662399902 -5.19062919922 9.67496890869 250.129770992 -64.1450381679 10.6870229008 END
START 4.83628735352 -14.0180507202 4.22097752686 250.129770992 -74.9541984733 6.04580152672 END
START 6.01662877197 -6.22971271973 0.0383072265625 250.129770992 -57.4503816794 11.6488549618 END
START 3.02387669678 -8.57603034668 4.2544963501 250.129770992 -64.9083969466 0.587786259542 END
START -6.23450112305 -9.21288798828 8.48744488525 250.129770992 -78.9465648855 2.03053435115 END
START 2.44447989502 -10.9031943604 2.26730897217 250.129770992 -84.4503816794 15.3358778626 END
START -4.6327802124 -7.43878455811 7.10120212402 250.129770992 -87.7099236641 4.12977099237 END
START 1.64481654053 -8.05170018311 8.09958421631 250.129770992 -90.8854961832 13.6106870229 END
START -2.99035787354 -15.7322991089 5.99029255371 250.129770992 -97.6183206107 5.67175572519 END
START 0.30406361084 -4.22337172852 3.70861837158 250.129770992 -103.534351145 9.62595419847 END
START 0.0263362182617 -1.75973822021 5.86818826904 250.129770992 -90.8549618321 8.15267175573 END
START 4.21379492187 -8.72925925293 1.95606275635 250.129770992 -86.4809160305 20.2977099237 END
START 3.48595761719 -6.61278498535 4.61602080078 250.129770992 -89.2213740458 3.32824427481 END
START 2.00155258789 -4.24731374512 6.0573302002 250.129770992 -85.1908396947 11.3664122137 END
START -3.22977803955 -14.5687171021 7.69975253906 250.129770992 -99.2061068702 -4.21374045802 END
START 7.19457598877 -3.52665904541 9.56722983398 250.129770992 -100.671755725 -1.93893129771 END
START -2.28406838379 -12.1601502319 11.5496288086 250.129770992 -106.129770992 10.4961832061 END
START -7.07486590576 -12.8760165283 6.988674646 250.129770992 -97.3435114504 2.45801526718 END
START 7.89847127686 -4.71178886719 8.58800135498 250.129770992 -96.5038167939 5.5572519084 END
START 3.93367332764 -10.0293107544 9.10036051025 250.129770992 -95.6564885496 11.6488549618 END
START 0.730231506348 -2.40138426514 13.3141554321 250.129770992 -87.8549618321 9.15267175573 END
START 3.44525618896 -3.32794030762 8.27914934082 250.129770992 -77.1908396947 10.679389313 END
START 7.05331809082 -7.9439611084 9.20809958496 250.129770992 -77.1832061069 -2.17557251908 END
START 5.71256516113 -8.15943925781 7.18978758545 250.129770992 -54.2671755725 13.4885496183 END
START 2.83234056396 -2.96881005859 14.8632039062 250.129770992 -62.1221374046 11.9236641221 END
START -6.97909783936 -8.96867941895 5.11162054443 250.129770992 -62.1374045802 15.6564885496 END
START 1.75016141357 -9.59117185059 9.71806453857 250.129770992 -63.7786259542 9.19847328244 END
START -5.79396801758 -8.37491740723 8.54251152344 250.129770992 -67.0458015267 8.59541984733 END
START 1.00077629395 -10.053252771 13.2614829956 250.129770992 -70.4809160305 4.92366412214 END
START -5.04937130127 -8.95192000732 11.8728460327 250.129770992 -66.8702290076 13.2977099237 END
START -5.47793339844 -7.77636699219 11.5807534302 250.129770992 -71.213740458 -1.41984732824 END
START -0.409408483887 -11.3772462891 10.6948988159 250.129770992 -76.8396946565 16.0687022901 END
START 2.20266552734 -4.43884987793 13.3931640869 250.129770992 -82.9618320611 11.9770992366 END
START 6.43082565918 -10.6398321777 8.3461869873 250.129770992 -70.1603053435 3.87786259542 END
START -0.859518395996 -7.05810649414 9.66778630371 250.129770992 -74.9770992366 9.50381679389 END
START 2.73178409424 -9.98382092285 10.9630494019 250.129770992 -70.3511450382 16.2366412214 END
START -0.244208569336 -9.27034882812 6.34224019775 250.129770992 -83.6488549618 1.96946564885 END
START -1.8746598999 -5.17147558594 11.1545855347 250.129770992 -84.0839694656 2.29007633588 END
START 9.56483563232 -9.71088193359 5.06613071289 250.129770992 -77.2213740458 13.7938931298 END
START -2.32716401367 -6.07887801514 5.98071574707 250.129770992 -76.9923664122 4.82442748092 END
START 3.18428820801 -3.47398660889 7.78354959717 250.129770992 -70.8015267176 5.12977099237 END
START -0.474051928711 -4.70221206055 -2.44687409668 250.129770992 -70.3511450382 6.09923664122 END
START -0.15562310791 -3.40455476074 8.38928261719 250.129770992 -74.9007633588 9.3358778626 END
START 0.354341845703 -8.87051715088 10.0508585693 250.129770992 -77.1832061069 7.62595419847 END
START -1.06541973877 -11.2335941895 8.3461869873 250.129770992 -83.1603053435 8.18320610687 END
START -3.90494290771 -6.18661708984 16.915034729 250.129770992 -76.3893129771 2.16030534351 END
START 1.93451494141 -11.2886608276 8.77953748779 250.129770992 -71.3969465649 9.3893129771 END
START 0.663193859863 -6.15788666992 7.44596716309 250.129770992 -89.0458015267 2.4427480916 END
START 11.04684646 -12.8113730835 3.09809694824 250.129770992 -88.9389312977 4.6106870229 END
START 6.62236179199 -3.27287366943 5.98789835205 250.129770992 -73.893129771 4.0 END
START 2.91613762207 -6.6941878418 7.35259329834 250.129770992 -76.2595419847 3.74045801527 END
START 8.08282480469 -4.14436307373 6.58644876709 250.129770992 -72.1297709924 9.09160305344 END
START -2.56418997803 -9.90481226807 5.41089575195 250.129770992 -66.0916030534 4.54961832061 END
START -0.0239420166016 -12.5599819092 3.63439812012 250.129770992 -67.7175572519 10.0152671756 END
START 3.97676895752 -11.1761333496 7.81946262207 250.129770992 -64.6335877863 7.77099236641 END
START -7.50821640625 -8.80587370605 12.1601502319 250.129770992 -65.2061068702 9.45038167939 END
START 2.26252056885 -6.68700523682 9.22485899658 250.129770992 -67.8854961832 8.67175572519 END
START -0.203507141113 -2.63601602783 9.32062706299 250.129770992 -71.3969465649 15.4580152672 END
START 2.26252056885 -9.76116016846 8.45871446533 250.129770992 -65.1450381679 4.08396946565 END
START -2.55221896973 0.409408483887 4.85304676514 250.129770992 -73.4045801527 5.16030534351 END