START -5.89213028564 -8.29590875244 2.95205064697 250.129770992 -62.6946564885 17.5801526718 END
START 0.339976635742 -8.59518395996 7.99902774658 250.129770992 -64.9618320611 0.824427480916 END
START 2.96402165527 -2.85149417725 7.0485296875 250.129770992 -57.8702290076 4.30534351145 END
START 4.11323845215 -12.8185556885 14.6644851685 250.129770992 -55.4198473282 11.1374045802 END
START 6.05493599854 -4.91050760498 7.6255322876 250.129770992 -50.4809160305 12.8015267176 END
START 4.95360323486 -10.060435376 11.5017447754 250.129770992 -49.5190839695 12.3740458015 END
START -0.248996972656 -7.40765993652 6.22971271973 250.129770992 -53.5877862595 4.43511450382 END
START 3.54820686035 -11.1354319214 7.10359632568 250.129770992 -52.6946564885 -0.259541984733 END
START 6.37336481934 -5.21457121582 8.78193168945 250.129770992 -53.7480916031 7.53435114504 END
START 1.99197578125 -9.20091697998 8.8513635376 250.129770992 -52.5114503817 10.0381679389 END
START -0.141257897949 -3.58172568359 8.58560715332 250.129770992 -55.4732824427 10.9312977099 END
START 1.34075292969 -4.3502644165 8.46110866699 250.129770992 -57.2671755725 3.51145038168 END
START 5.02542928467 -12.3181675415 7.9319901001 250.129770992 -50.9770992366 14.7633587786 END
START 5.31033928223 -4.96078583984 12.2463414917 250.129770992 -64.6106870229 10.2366412214 END
START 5.37498272705 -9.32780966797 5.42047255859 250.129770992 -75.8091603053 5.89312977099 END
START 2.1092916626 -12.6940572021 8.28154354248 250.129770992 -62.2290076336 7.57251908397 END
START -1.41497318115 -11.8201735962 4.8554409668 250.129770992 -74.9312977099 6.89312977099 END
START 5.31991608887 -11.2288057861 8.44913765869 250.129770992 -68.9923664122 1.13740458015 END
START -1.01753570557 -8.27675513916 7.78833800049 250.129770992 -83.9236641221 -1.12977099237 END
START 2.63362182617 -7.75721337891 10.2447889038 250.129770992 -73.7633587786 3.74045801527 END
START -1.04866032715 -6.26323154297 7.51300480957 250.129770992 -70.3893129771 9.52671755725 END
START 3.19865341797 -6.94079061279 10.0556469727 250.129770992 -84.427480916 13.427480916 END
START -6.06690700684 -7.99663354492 12.0476227539 250.129770992 -102.030534351 9.51145038168 END
START -0.375889660645 -10.3118265503 1.77649763184 250.129770992 -103.86259542 3.10687022901 END
START -1.95127435303 -5.36540592041 4.97275684814 250.129770992 -91.4961832061 4.59541984733 END
START -3.69425316162 -8.69334622803 9.01656345215 250.129770992 -103.916030534 8.51908396947 END
START 4.11323845215 -6.15549246826 12.4474544312 250.129770992 -104.473282443 8.57251908397 END
START 1.82438166504 -13.9390420654 4.40054265137 250.129770992 -103.679389313 9.51145038168 END
START 4.41969626465 -6.90727178955 11.1809217529 250.129770992 -102.832061069 10.3740458015 END
START 2.88740720215 -5.75805499268 11.3389390625 250.129770992 -107.251908397 2.06106870229 END
START -0.483628735352 -2.2170307373 6.742071875 250.129770992 -88.6259541985 6.80152671756 END
START 1.55862528076 -2.63601602783 10.800243689 250.129770992 -97.1374045802 7.30534351145 END
START 1.33835872803 -14.3173259277 5.88015927734 250.129770992 -88.3511450382 -3.79389312977 END
START -3.41413156738 -10.539275708 7.50103380127 250.129770992 -87.1374045802 17.3816793893 END
START 8.85375773926 -12.1840922485 7.32625708008 250.129770992 -76.5954198473 2.89312977099 END
START 4.73573088379 -7.78115539551 11.8728460327 250.129770992 -74.4809160305 7.32061068702 END
START 7.81467421875 -9.52174000244 3.74453139648 250.129770992 -74.534351145 11.1832061069 END
START 4.19942971191 -9.12669672852 2.7461493042 250.129770992 -66.5496183206 2.92366412214 END
START 4.36941802979 -13.6661030762 7.24724842529 250.129770992 -57.2748091603 8.71755725191 END
START 11.3293622559 -7.81706842041 4.01747038574 250.129770992 -57.4580152672 12.4427480916 END
START -1.65439334717 -7.23527741699 8.20014068604 250.129770992 -61.0076335878 6.15267175573 END
START -0.15562310791 -9.91917747803 10.6254669678 250.129770992 -67.1832061069 20.6870229008 END
START -0.318428820801 -7.84579884033 5.92086070557 250.129770992 -56.3969465649 10.5496183206 END
START -0.565031591797 -6.13873305664 8.68376942139 250.129770992 -58.1145038168 13.6946564885 END
START -2.39659586182 -14.8464444946 5.82988104248 250.129770992 -60.0687022901 5.07633587786 END
START 5.61440289307 -12.7826426636 7.6494743042 250.129770992 -60.6717557252 1.09160305344 END
START -3.7373487915 -7.601590271 3.9121255127 250.129770992 -48.9007633588 8.63358778626 END
START 1.29047469482 -11.6190606567 2.00634099121 250.129770992 -59.0839694656 1.98473282443 END
START -6.47631549072 -8.65982740479 13.1082540894 250.129770992 -64.6717557252 13.9312977099 END
START -3.48116921387 -10.314220752 4.8793829834 250.129770992 -54.9770992366 7.6106870229 END
START -2.1571756958 -9.98860932617 9.24880101318 250.129770992 -68.0381679389 2.81679389313 END
START -5.76044919434 -12.5312514893 9.04050546875 250.129770992 -86.3511450382 5.31297709924 END
START -6.14830986328 -5.91128389893 10.6925046143 250.129770992 -70.3893129771 7.06106870229 END
START -3.12203896484 -5.86818826904 10.2687309204 250.129770992 -80.7938931298 10.2290076336 END
START 3.95043273926 -12.3516863647 -0.363918652344 250.129770992 -72.5114503817 5.04580152672 END
START 3.6296097168 -6.18182868652 8.47307967529 250.129770992 -91.4580152672 4.78625954198 END
START 1.02950671387 -7.76439598389 15.1122008789 250.129770992 -98.4961832061 1.70229007634 END
START 6.06211860352 -8.58560715332 10.3453453735 250.129770992 -92.7328244275 14.8473282443 END
START -1.17076461182 -7.46272657471 7.18260498047 250.129770992 -96.1221374046 9.25190839695 END
START 5.43244356689 -8.6526447998 6.95994422607 250.129770992 -91.8702290076 4.12213740458 END
START 0.981622680664 -7.65426270752 10.3405569702 250.129770992 -93.2900763359 8.18320610687 END
START -1.99197578125 1.03429511719 6.8019269165 250.129770992 -97.3664122137 16.5801526718 END
START 5.28879146729 -8.83699832764 6.73249506836 250.129770992 -104.534351145 23.0458015267 END
START 1.30244570312 -10.7403886475 7.97747993164 250.129770992 -95.8015267176 8.71755725191 END
START -1.79325704346 -8.16422766113 9.1578213501 250.129770992 -106.015267176 6.12977099237 END
START 1.61369191895 -5.76044919434 10.3453453735 250.129770992 -104.580152672 15.8702290076 END
START 8.01818135986 -1.57777889404 6.91206019287 250.129770992 -104.687022901 6.59541984733 END
START 5.20499440918 -6.00226356201 7.9200190918 250.129770992 -88.2977099237 1.49618320611 END
START 1.46525141602 -10.3740757935 8.88488236084 250.129770992 -106.992366412 6.92366412214 END
START 0.787692346191 -6.86657036133 7.78833800049 250.129770992 -98.4809160305 -0.335877862595 END
START 5.17865819092 -4.28801517334 5.72214196777 250.129770992 -95.2442748092 14.5648854962 END
START 3.69185895996 -3.23696064453 9.86889924316 250.129770992 -85.3816793893 10.0152671756 END
START 2.41335527344 -9.90960067139 3.17949980469 250.129770992 -77.4351145038 13.4503816794 END
START 3.7373487915 -2.65756384277 10.0197339478 250.129770992 -68.7633587786 2.80916030534 END
START 3.0286651001 -3.04303031006 5.97113894043 250.129770992 -69.9923664122 9.08396946565 END
START 0.572214196777 -1.95606275635 7.72848295898 250.129770992 -59.3053435115 9.70992366412 END
START 3.6535517334 -3.17949980469 11.6166664551 250.129770992 -60.9694656489 6.74809160305 END
START 0.76375032959 -12.8975643433 6.24168372803 250.129770992 -62.0229007634 5.43511450382 END
START 3.94325013428 -3.56975467529 11.3461216675 250.129770992 -65.7328244275 15.1755725191 END
START -1.19710083008 -8.18577547607 6.13873305664 250.129770992 -57.8702290076 19.0229007634 END
START 4.77882651367 -7.14429775391 8.03733497314 250.129770992 -57.3435114504 -3.48091603053 END
START -1.16118780518 -6.57926616211 4.46518609619 250.129770992 -63.3740458015 3.67938931298 END
START 4.16351668701 -14.8320792847 5.31752188721 250.129770992 -71.6946564885 9.25954198473 END
START -3.35667072754 -14.7123692017 10.2376062988 250.129770992 -65.7633587786 7.19847328244 END
START 1.69270057373 -5.89691868896 8.69574042969 250.129770992 -60.1679389313 -4.64885496183 END
START 2.18351191406 -8.17380446777 6.77319649658 250.129770992 -63.0992366412 1.65648854962 END
START 0.0909796630859 -15.830461377 11.1809217529 250.129770992 -71.7786259542 10.3053435115 END
START 7.5896192627 -5.61919129639 9.60074865723 250.129770992 -74.6641221374 17.5419847328 END
START 3.0286651001 -7.13950935059 9.39963571777 250.129770992 -75.2824427481 -2.77099236641 END
START -0.845153186035 -5.39653054199 9.10514891357 250.129770992 -70.8778625954 8.65648854962 END
START 1.5322890625 -10.1777512573 7.76200178223 250.129770992 -73.6641221374 6.29007633588 END
START 2.20266552734 -4.06535441895 7.47709178467 250.129770992 -74.0229007634 2.45801526718 END
START 0.629675036621 -5.83227524414 8.12113203125 250.129770992 -70.0305343511 2.61832061069 END
START 1.85550628662 -3.22259543457 7.91762489014 250.129770992 -61.9923664122 1.35114503817 END
START 2.34631762695 -11.1282493164 4.50588752441 250.129770992 -64.572519084 10.786259542 END