START 8.71489404297 -7.87213505859 9.98860932617 250.129770992 -67.8549618321 7.96183206107 END
START 4.2185833252 -4.93205541992 3.25850845947 250.129770992 -85.6030534351 11.6641221374 END
START 3.90015450439 -7.32146867676 7.35977590332 250.129770992 -64.9465648855 11.7938931298 END
START 4.07253702393 -13.0699468628 11.0707884766 250.129770992 -63.3740458015 4.80916030534 END
START -6.52659372559 -12.3899935913 10.2088758789 250.129770992 -68.0305343511 13.641221374 END
START 2.87304199219 -10.3692873901 10.8217915039 250.129770992 -69.2824427481 15.4122137405 END
START 0.577002600098 -5.49708701172 7.23288321533 250.129770992 -69.3511450382 6.62595419847 END
START 4.04620080566 -5.49708701172 7.22330640869 250.129770992 -62.8625954198 14.2671755725 END
START 4.39336004639 -2.78445653076 10.6015249512 250.129770992 -68.9694656489 3.60305343511 END
START 7.74524237061 -10.4004120117 3.9719805542 250.129770992 -73.5572519084 4.07633587786 END
START -2.63841022949 -8.45153186035 4.04141240234 250.129770992 -68.8015267176 12.213740458 END
START -0.0574608398438 -17.9756660645 8.14267984619 250.129770992 -69.572519084 2.57251908397 END
START -3.02387669678 -12.3995703979 5.86579406738 250.129770992 -54.9694656489 -0.267175572519 END
START 3.3590649292 -6.74925447998 14.2598650879 250.129770992 -64.4198473282 5.6641221374 END
START 2.57616098633 -7.74045396729 9.98382092285 250.129770992 -59.7633587786 10.3358778626 END
START 9.97424411621 -12.7634890503 6.2009822998 250.129770992 -65.572519084 10.3969465649 END
START -5.10204373779 -12.0643821655 5.88734188232 250.129770992 -74.0610687023 3.59541984733 END
START -4.2185833252 -10.3573163818 10.4459018433 250.129770992 -53.4580152672 11.2061068702 END
START 7.98226833496 -19.5462623535 7.79312640381 250.129770992 -57.9465648855 5.08396946565 END
START 5.43723197021 -17.9924254761 4.6208092041 250.129770992 -67.6488549618 8.48854961832 END
START -3.98634576416 -2.77966812744 5.52581743164 250.129770992 -62.5572519084 0.580152671756 END
START 4.3382934082 -10.9103769653 6.17943448486 250.129770992 -68.358778626 11.7022900763 END
START 1.75016141357 -11.9255184692 8.2983029541 250.129770992 -71.8320610687 -1.24427480916 END
START -2.87064779053 -9.89523546143 5.65510432129 250.129770992 -62.6030534351 5.49618320611 END
START 5.09725533447 -7.65186850586 8.82263311768 250.129770992 -64.5572519084 9.68702290076 END
START 1.95845695801 -8.214505896 3.58411988525 250.129770992 -70.1755725191 4.25190839695 END
START -5.31512768555 -12.8879875366 9.00219824219 250.129770992 -78.534351145 11.7480916031 END
START 1.92254393311 -2.40138426514 0.854729992676 250.129770992 -82.0305343511 14.8167938931 END
START -5.18105239258 -10.4913916748 12.5575877075 250.129770992 -79.1603053435 4.71755725191 END
START 1.82438166504 -10.6948988159 7.72608875732 250.129770992 -90.679389313 13.6106870229 END
START 0.112527478027 -12.6413847656 6.04057078857 250.129770992 -80.2519083969 5.96946564885 END
START -7.79312640381 -8.13549724121 7.68059892578 250.129770992 -100.870229008 9.03053435115 END
START -1.44849200439 -8.97107362061 10.9702320068 250.129770992 -89.5648854962 12.0534351145 END
START -1.85311208496 -9.54328781738 11.9494604858 250.129770992 -79.6870229008 2.68702290076 END
START 5.74608398437 -7.61595548096 12.4929442627 250.129770992 -87.0687022901 9.87022900763 END
START -9.38287630615 -6.60560238037 8.56645354004 250.129770992 -98.7709923664 4.90839694656 END
START 1.53947166748 -4.67108743896 4.67348164062 250.129770992 -92.3129770992 -3.3893129771 END
START 6.35660540771 -7.03177027588 8.59757816162 250.129770992 -91.0076335878 4.8320610687 END
START -2.21463653564 -12.3468979614 11.7267997314 250.129770992 -97.2366412214 5.4427480916 END
START 7.18021077881 -10.8624929321 6.47631549072 250.129770992 -82.320610687 10.7557251908 END
START 4.63756861572 -4.82431634521 8.47547387695 250.129770992 -76.8473282443 9.35114503817 END
START 5.69101734619 -15.6173774292 9.69891092529 250.129770992 -75.5801526718 6.02290076336 END
START 3.9360675293 -11.3724578857 5.77002600098 250.129770992 -81.8320610687 10.6259541985 END
START 2.1930887207 -15.2223341553 8.71968244629 250.129770992 -81.7328244275 12.6030534351 END
START -7.68299312744 -13.2399351807 11.384428894 250.129770992 -66.2213740458 4.95419847328 END
START 5.94480272217 -5.59764348145 6.96233842773 250.129770992 -61.786259542 18.7709923664 END
START 3.57933148193 -10.771513269 6.84502254639 250.129770992 -66.1297709924 5.81679389313 END
START 1.26653267822 -1.13006318359 6.29196196289 250.129770992 -67.9007633588 15.6641221374 END
START 2.31519300537 -8.12831463623 11.4371013306 250.129770992 -65.893129771 13.7633587786 END
START 2.72460148926 -8.80108530273 9.67496890869 250.129770992 -57.6641221374 5.45801526718 END
START 3.22020123291 -11.3604868774 7.64229169922 250.129770992 -59.0534351145 14.6106870229 END
START 1.54186586914 -7.61834968262 9.12430252686 250.129770992 -59.1984732824 4.10687022901 END
START 4.18267030029 -10.0005803345 8.69095202637 250.129770992 -62.5114503817 11.0687022901 END
START 1.34075292969 -3.7014357666 6.49068070068 250.129770992 -62.1832061069 -2.51145038168 END
START 1.98000477295 -7.79073220215 10.5919481445 250.129770992 -79.9007633588 5.36641221374 END
START 1.81959326172 -7.99902774658 8.01339295654 250.129770992 -64.427480916 11.6488549618 END
START -1.12527478027 -6.63193859863 7.65665690918 250.129770992 -75.2977099237 1.9465648855 END
START -2.71502468262 -8.57363614502 7.91762489014 250.129770992 -65.1145038168 4.35114503817 END
START -6.25365473633 -8.83460412598 6.20577070312 250.129770992 -70.5877862595 11.0076335878 END
START -3.20104761963 -13.6469494629 1.22343704834 250.129770992 -76.5877862595 0.236641221374 END
START 1.29047469482 -10.3668931885 6.77559069824 250.129770992 -81.3053435115 -1.5572519084 END
START 2.50912333984 -11.293449231 7.13950935059 250.129770992 -77.1984732824 8.24427480916 END
START -3.80438643799 -14.6118127319 9.48343277588 250.129770992 -69.0839694656 7.90076335878 END
START -0.0550666381836 -11.0564232666 6.52659372559 250.129770992 -79.1908396947 9.50381679389 END
START -1.96085115967 -4.03901820068 5.48990440674 250.129770992 -86.0229007634 8.82442748092 END
START 2.03746561279 -11.7938373779 3.34948812256 250.129770992 -93.3740458015 7.27480916031 END
START 2.07816704102 -10.1921164673 12.018892334 250.129770992 -96.7633587786 15.7709923664 END
START -2.00394678955 -12.9693903931 11.5855418335 250.129770992 -95.6259541985 2.8320610687 END
START -2.68150585937 -10.5057568848 7.72848295898 250.129770992 -93.9236641221 12.9312977099 END
START 7.34062229004 -15.4042934814 11.2671130127 250.129770992 -104.366412214 4.18320610687 END
START -3.19625921631 -10.8648871338 9.59596025391 250.129770992 -94.9694656489 11.8396946565 END
START -2.29364519043 -9.04289967041 8.67419261475 250.129770992 -97.5190839695 3.64885496183 END
START 1.64481654053 -8.41801303711 4.16351668701 250.129770992 -87.9236641221 16.6488549618 END
START 7.37174691162 -4.12281525879 7.94874951172 250.129770992 -95.8167938931 13.1908396947 END
START 3.25611425781 -10.299855542 11.3963999023 250.129770992 -94.8473282443 11.3740458015 END
START 7.57285985107 -11.4538607422 12.8137672852 250.129770992 -88.9770992366 1.95419847328 END
START 3.97916315918 -10.5967365479 1.31441671143 250.129770992 -85.3740458015 12.8320610687 END
START 5.2456958374 -16.0267859131 11.1809217529 250.129770992 -90.0458015267 3.12977099237 END
START -1.47722242432 -3.41652576904 8.60954916992 250.129770992 -99.4045801527 13.3893129771 END
START -4.32871660156 -10.0891657959 12.9239005615 250.129770992 -91.1297709924 7.35877862595 END
START -5.51384642334 4.16112248535 7.51300480957 250.129770992 -79.2290076336 1.83969465649 END
START 6.72291826172 -5.65749852295 9.48103857422 250.129770992 -73.9083969466 3.96183206107 END
START 2.62404501953 -11.8201735962 8.73165345459 250.129770992 -86.641221374 15.2442748092 END
START 6.74925447998 -2.49475812988 7.81946262207 250.129770992 -76.0 -0.572519083969 END
START 10.6206785645 -11.3102086426 11.8273562012 250.129770992 -67.9541984733 12.0076335878 END
START 5.53539423828 -7.21372960205 13.2878192139 250.129770992 -64.893129771 9.96946564885 END
START 0.976834277344 -13.0843120728 16.1273423828 250.129770992 -79.7709923664 12.5267175573 END
START 0.440533105469 -10.0939541992 7.69496413574 250.129770992 -69.6870229008 -0.931297709924 END
START -0.60573302002 -8.55448253174 9.90960067139 250.129770992 -63.5038167939 -0.137404580153 END
START 3.79480963135 -5.40131894531 8.55448253174 250.129770992 -70.0381679389 0.587786259542 END
START 0.76375032959 -12.4163298096 11.6932809082 250.129770992 -73.5954198473 16.7786259542 END
START -0.100556469727 -12.124237207 12.2535240967 250.129770992 -70.4503816794 7.20610687023 END
START 0.936132849121 -6.96952103271 7.42920775146 250.129770992 -68.7633587786 5.79389312977 END
START 7.38132371826 -12.7179992187 8.04212337646 250.129770992 -59.6870229008 6.03053435115 END
START -5.59524927979 -12.3301385498 11.6142722534 250.129770992 -60.4427480916 11.4351145038 END
START 7.0245876709 -5.27682045898 3.64636912842 250.129770992 -54.2900763359 12.4580152672 END
START -3.57693728027 -11.0971246948 6.24886633301 250.129770992 -59.5572519084 0.129770992366 END
START -7.26161363525 -11.3269680542 5.85621726074 250.129770992 -61.9007633588 3.85496183206 END
START 8.6167317749 -7.0485296875 10.9822030151 250.129770992 -68.2595419847 18.7557251908 END
START 3.64876333008 -8.56166513672 9.56962403564 250.129770992 -62.1832061069 -3.48854961832 END
START -3.03584770508 -3.75410820312 7.99423934326 250.129770992 -61.7938931298 6.61832061069 END
START -2.40138426514 -8.9112185791 6.08606062012 250.129770992 -61.534351145 18.9160305344 END
START -0.433350500488 -10.0795889893 8.00860455322 250.129770992 -60.0076335878 6.45038167939 END
START 2.97838686523 -9.71806453857 11.4466781372 250.129770992 -71.2213740458 7.64122137405 END