START 3.78283862305 -11.3748520874 8.47547387695 250.129770992 -76.3053435115 15.1526717557 END
START 3.18907661133 -7.95353791504 4.78361491699 250.129770992 -68.0763358779 11.7022900763 END
START 0.414196887207 -14.350844751 5.64313331299 250.129770992 -56.9083969466 7.60305343511 END
START -1.05823713379 -6.77319649658 2.59531459961 250.129770992 -60.0763358779 10.6870229008 END
START -3.85466467285 -13.6996218994 12.2343704834 250.129770992 -70.8396946565 6.52671755725 END
START 6.56250675049 -12.9119295532 9.56962403564 250.129770992 -74.3129770992 1.67175572519 END
START -2.14999309082 -7.17542237549 7.56088884277 250.129770992 -57.8702290076 14.1145038168 END
START -2.30322199707 -15.1720559204 8.42519564209 250.129770992 -61.4351145038 8.11450381679 END
START 1.11809217529 -11.9590372925 8.8633345459 250.129770992 -55.1984732824 6.96946564885 END
START 2.68150585937 -6.1650692749 6.72052406006 250.129770992 -57.8778625954 9.04580152672 END
START 1.58256729736 -11.9422778809 10.1011368042 250.129770992 -54.7557251908 -0.129770992366 END
START 6.80432111816 -12.3564747681 7.17063397217 250.129770992 -60.5801526718 17.5496183206 END
START -2.16196409912 -5.01824667969 8.36294639893 250.129770992 -63.0534351145 7.80916030534 END
START -0.395043273926 -2.43011468506 6.0573302002 250.129770992 -59.6870229008 3.10687022901 END
START -0.653617053223 -14.0132623169 4.81952794189 250.129770992 -55.2977099237 5.82442748092 END
START 5.99986936035 -10.0819831909 2.79882174072 250.129770992 -57.7328244275 4.90076335878 END
START 1.39342536621 -2.5234885498 8.8633345459 250.129770992 -59.0229007634 10.2595419847 END
START 0.928950244141 -10.3764699951 6.19858809814 250.129770992 -49.9923664122 7.3358778626 END
START 4.08929643555 -8.07564219971 10.9774146118 250.129770992 -64.9694656489 -3.31297709924 END
START -0.866701000977 -9.93354268799 5.77960280762 250.129770992 -65.4351145038 10.3282442748 END
START -6.54574733887 -11.8512982178 7.61116707764 250.129770992 -64.5267175573 5.49618320611 END
START -3.07176072998 -5.59046087646 4.40533105469 250.129770992 -78.534351145 10.8244274809 END
START 2.33434661865 -9.78989058838 9.03092866211 250.129770992 -73.465648855 5.25190839695 END
START 2.7820623291 -8.07564219971 5.13316835937 250.129770992 -74.9160305344 11.641221374 END
START 5.78439121094 -7.9918451416 12.5575877075 250.129770992 -81.5038167939 3.8320610687 END
START -7.40047733154 -9.85213983154 7.65665690918 250.129770992 -81.1755725191 -2.36641221374 END
START 1.7788918335 -5.5521536499 11.2048637695 250.129770992 -91.6641221374 13.427480916 END
START 1.33596452637 -10.0125513428 10.651803186 250.129770992 -101.511450382 4.68702290076 END
START -2.49475812988 -8.74362446289 7.20415279541 250.129770992 -97.7938931298 14.0610687023 END
START 8.6287027832 -7.85298144531 8.88488236084 250.129770992 -86.5801526718 11.3969465649 END
START 4.77164390869 -15.2654297852 9.69651672363 250.129770992 -90.7175572519 6.42748091603 END
START -3.9480385376 -16.6516725464 11.877634436 250.129770992 -93.572519084 4.06870229008 END
START 5.01824667969 -4.34547601318 9.05008227539 250.129770992 -107.717557252 7.02290076336 END
START 2.65038123779 -11.2407767944 3.50511123047 250.129770992 -87.2977099237 5.4427480916 END
START 1.90099611816 -12.5623761108 11.7220113281 250.129770992 -83.0458015267 10.9618320611 END
START -5.96635053711 -10.8313683105 6.78277330322 250.129770992 -83.1526717557 5.41984732824 END
START 1.59932670898 -9.14824454346 11.0636058716 250.129770992 -83.7786259542 11.9694656489 END
START 8.74362446289 -8.16901606445 4.26407315674 250.129770992 -86.320610687 3.79389312977 END
START 3.0166940918 -5.32231029053 8.58321295166 250.129770992 -81.5496183206 0.770992366412 END
START -1.50595284424 -8.38928261719 11.0731826782 250.129770992 -83.3282442748 6.78625954198 END
START 1.04626612549 -3.31836350098 13.2806366089 250.129770992 -87.8549618321 15.2595419847 END
START -2.15238729248 -8.75798967285 8.51617530518 250.129770992 -78.6564885496 8.68702290076 END
START 8.47307967529 -9.56722983398 6.80671531982 250.129770992 -74.2442748092 6.32824427481 END
START -6.50025750732 -7.31189187012 5.5760956665 250.129770992 -72.8625954198 2.10687022901 END
START -8.06845959473 -10.6087075562 13.4386539185 250.129770992 -72.5496183206 16.1297709924 END
START -5.88015927734 -12.0619879639 3.05739552002 250.129770992 -67.7404580153 9.14503816794 END
START 0.730231506348 -5.91367810059 10.2088758789 250.129770992 -68.1221374046 3.68702290076 END
START 6.31590397949 -13.4099234985 12.2463414917 250.129770992 -58.7938931298 11.1297709924 END
START 0.667982263184 -19.5342913452 10.6326495728 250.129770992 -64.641221374 -0.664122137405 END
START -0.845153186035 -8.94473740234 5.88973608398 250.129770992 -67.5419847328 6.19083969466 END
START 3.16034619141 -11.7555301514 2.83234056396 250.129770992 -51.3740458015 8.90076335878 END
START 0.881066210937 -2.15238729248 8.79390269775 250.129770992 -60.0534351145 3.95419847328 END
START 3.13161577148 -13.6900450928 7.77157858887 250.129770992 -64.7328244275 15.6030534351 END
START 0.964863269043 -12.7227876221 7.85537564697 250.129770992 -61.6564885496 18.3053435115 END
START 1.71664259033 -4.78361491699 5.06134230957 250.129770992 -75.5419847328 6.27480916031 END
START 3.67509954834 -10.524910498 5.00148726807 250.129770992 -81.1221374046 13.1603053435 END
START -1.01514150391 -7.50103380127 11.7315881348 250.129770992 -66.1374045802 9.87022900763 END
START 1.76931502686 -7.50103380127 9.76355437012 250.129770992 -73.8167938931 17.4885496183 END
START -2.05183082275 -7.19218178711 0.560243188477 250.129770992 -84.7328244275 -1.46564885496 END
START 8.55927093506 -11.6932809082 5.95916793213 250.129770992 -76.7251908397 8.58778625954 END
START 7.47709178467 -8.77953748779 1.76213242187 250.129770992 -75.4885496183 10.4809160305 END
START 3.31836350098 -10.5871597412 6.22971271973 250.129770992 -78.5648854962 11.6488549618 END
START 2.22900174561 -9.23443580322 2.46602770996 250.129770992 -91.8396946565 9.89312977099 END
START 7.53455262451 -5.65271011963 6.33984599609 250.129770992 -75.6488549618 5.47328244275 END
START 1.02232410889 -7.69975253906 10.658985791 250.129770992 -88.0 12.7175572519 END
START -4.95839163818 -1.75973822021 4.20900651855 250.129770992 -97.4732824427 4.54198473282 END
START 0.100556469727 -8.32703337402 10.046070166 250.129770992 -102.839694656 17.5267175573 END
START -2.89219560547 -0.962469067383 9.22007059326 250.129770992 -104.34351145 5.19847328244 END
START 8.37252320557 -12.3995703979 12.5408282959 250.129770992 -102.114503817 2.5572519084 END
START 0.136469494629 -10.5296989014 3.6535517334 250.129770992 -97.427480916 3.03816793893 END
START -1.18752402344 -9.23204160156 3.86663568115 250.129770992 -103.832061069 3.99236641221 END
START 2.96881005859 -11.3556984741 8.47786807861 250.129770992 -100.091603053 4.03053435115 END
START 1.33835872803 -9.8665050415 5.04697709961 250.129770992 -95.8854961832 3.00763358779 END
START -2.65756384277 -10.3668931885 10.8720697388 250.129770992 -105.152671756 6.67938931298 END
START 3.3470939209 -9.71327613525 6.93360800781 250.129770992 -104.160305344 6.96183206107 END
START 2.37265384521 -6.375759021 8.19535228271 250.129770992 -96.4427480916 7.28244274809 END
START 4.31913979492 -11.6932809082 11.286266626 250.129770992 -92.9770992366 17.2977099237 END
START 2.98796367187 -1.72861359863 6.34942280273 250.129770992 -103.709923664 6.02290076336 END
START 1.57299049072 -1.78607443848 7.59680186768 250.129770992 -104.435114504 -0.687022900763 END
START -2.46602770996 -2.81079274902 11.0564232666 250.129770992 -100.641221374 9.0 END
START 7.95832631836 -10.4171714233 5.32231029053 250.129770992 -92.9847328244 2.34351145038 END
START 3.40216055908 -5.84424625244 6.7899559082 250.129770992 -88.2748091603 13.1374045802 END
START 11.3796404907 -4.50109912109 6.40448944092 250.129770992 -81.6717557252 7.40458015267 END
START 1.94888015137 -4.35984122314 11.1186725098 250.129770992 -76.1755725191 3.41984732824 END
START 2.42532628174 -9.5480762207 4.36462962646 250.129770992 -74.0229007634 12.8473282443 END
START 4.5729251709 -11.0085392334 7.84579884033 250.129770992 -60.8015267176 3.06870229008 END
START 1.27850368652 -13.8241203857 10.9151653687 250.129770992 -58.358778626 9.74045801527 END
START 2.44926829834 -10.0556469727 16.0315743164 250.129770992 -63.4732824427 6.21374045802 END
START -3.6296097168 -8.44913765869 10.3237975586 250.129770992 -55.2977099237 17.0076335878 END
START -0.713472094727 -8.96628521729 10.0652237793 250.129770992 -52.4580152672 8.3358778626 END
START 1.26892687988 -7.29273825684 8.2025348877 250.129770992 -53.0610687023 4.50381679389 END
START 10.4722380615 -9.60074865723 11.279084021 250.129770992 -60.893129771 12.5572519084 END
START 4.88656558838 -3.03345350342 10.9391073853 250.129770992 -55.679389313 5.32824427481 END
START -2.01831199951 -10.292672937 9.41639512939 250.129770992 -60.465648855 12.2213740458 END
START 6.70376464844 -7.26879624023 7.93438430176 250.129770992 -61.4198473282 3.0 END
START -3.09091434326 -9.09317790527 5.60243188477 250.129770992 -61.641221374 9.69465648855 END
START -1.20428343506 -10.0293107544 4.22337172852 250.129770992 -70.6335877863 1.87786259542 END
START 2.37025964355 -7.62074388428 3.65594593506 250.129770992 -67.9312977099 3.02290076336 END
START 3.51468803711 -11.4921679687 8.06367119141 250.129770992 -65.1145038168 15.8396946565 END
START 1.64002813721 -10.292672937 6.20337650146 250.129770992 -77.9770992366 14.5190839695 END
START 10.7571480591 -2.42053787842 6.28238515625 250.129770992 -73.2290076336 -1.01526717557 END
START -0.474051928711 -13.0076976196 8.12831463623 250.129770992 -77.0076335878 6.31297709924 END
START 2.11168586426 -1.60172091064 8.46829127197 250.129770992 -74.0687022901 3.45038167939 END