START -4.76924970703 -8.57842454834 9.51455739746 250.129770992 -69.2366412214 3.70992366412 END
START -0.0239420166016 -9.39484731445 7.05571229248 250.129770992 -62.3435114504 10.4351145038 END
START -0.857124194336 -10.3046439453 12.2870429199 250.129770992 -69.8549618321 14.8473282443 END
START -2.46842191162 -6.31590397949 6.04057078857 250.129770992 -68.1145038168 14.4580152672 END
START -1.08217915039 0.92416184082 7.01501086426 250.129770992 -55.8549618321 13.3816793893 END
START -0.658405456543 -8.45632026367 5.56651885986 250.129770992 -62.9389312977 4.62595419847 END
START 2.80839854736 -10.8146088989 8.67179841309 250.129770992 -55.5038167939 11.9541984733 END
START 9.8425630249 -14.8033488647 12.3397153564 250.129770992 -56.6488549618 14.3511450382 END
START -0.577002600098 -14.4106997925 7.07007750244 250.129770992 -59.2671755725 14.893129771 END
START 6.17225187988 -0.588973608398 9.01177504883 250.129770992 -54.9389312977 4.81679389313 END
START -0.873883605957 -9.90481226807 4.79079752197 250.129770992 -65.2671755725 11.5038167939 END
START 4.88177718506 -10.1562034424 5.68383474121 250.129770992 -51.641221374 10.3435114504 END
START 5.73890137939 -2.94486804199 7.82664522705 250.129770992 -53.8244274809 8.08396946565 END
START -8.65982740479 -6.03578238525 3.35427652588 250.129770992 -57.2977099237 13.8473282443 END
START 2.77966812744 -10.5823713379 3.39737215576 250.129770992 -59.3435114504 3.00763358779 END
START 2.14999309082 -10.9438957886 7.49863959961 250.129770992 -57.2366412214 8.64122137405 END
START -2.56897838135 -4.60404979248 8.55208833008 250.129770992 -60.7328244275 15.4045801527 END
START -2.96881005859 -1.98239897461 8.14028564453 250.129770992 -53.0610687023 5.2213740458 END
START 0.0837970581055 -9.07163009033 2.27449157715 250.129770992 -66.3816793893 7.20610687023 END
START 4.99909306641 -3.21062442627 7.94156690674 250.129770992 -75.0610687023 7.87786259542 END
START -2.23857855225 -8.60715496826 5.55933625488 250.129770992 -70.2366412214 6.04580152672 END
START 3.78283862305 -12.2870429199 10.5608235229 250.129770992 -75.1755725191 18.786259542 END
START 3.95522114258 -10.2016932739 8.82263311768 250.129770992 -75.5801526718 3.54198473282 END
START -3.97437475586 -8.88248815918 7.71890615234 250.129770992 -74.7633587786 11.5114503817 END
START -0.794874951172 -12.4522428345 3.02387669678 250.129770992 -80.3740458015 4.23664122137 END
START -6.10282003174 -12.5887123291 9.69891092529 250.129770992 -82.9389312977 -0.213740458015 END
START -6.44279666748 -9.88087025146 10.1011368042 250.129770992 -82.534351145 9.64122137405 END
START 4.0318355957 -7.41244833984 8.29351455078 250.129770992 -87.7557251908 9.85496183206 END
START -2.09971485596 -3.39018955078 8.33182177734 250.129770992 -93.3893129771 6.76335877863 END
START -1.5682020874 -5.46596239014 2.58573779297 250.129770992 -77.1984732824 -6.16030534351 END
START 2.1691467041 -4.98233365479 4.55616575928 250.129770992 -89.0916030534 -0.786259541985 END
START 1.86508309326 -10.8648871338 8.76277807617 250.129770992 -93.8167938931 11.572519084 END
START 7.46990917969 -9.52652840576 5.94240852051 250.129770992 -74.106870229 11.0458015267 END
START 5.95677373047 -12.4115414062 7.48188018799 250.129770992 -88.0992366412 14.8702290076 END
START 1.66397015381 -12.4690022461 5.62876810303 250.129770992 -77.7938931298 3.69465648855 END
START 0.995987890625 -11.9039706543 5.54975944824 250.129770992 -95.5190839695 18.0687022901 END
START 3.0286651001 -5.59764348145 10.651803186 250.129770992 -72.1679389313 0.656488549618 END
START -5.26006104736 -8.71010563965 1.30723410645 250.129770992 -87.1908396947 11.4427480916 END
START -3.32554610596 -3.55299526367 5.09725533447 250.129770992 -72.9541984733 -2.8320610687 END
START 2.17393510742 -11.8752402344 11.3533042725 250.129770992 -70.1603053435 11.1145038168 END
START -0.653617053223 -9.67975731201 7.44836136475 250.129770992 -77.9007633588 9.14503816794 END
START -4.64235701904 -13.1585323242 6.53617053223 250.129770992 -69.3969465649 7.06106870229 END
START 1.39821376953 -10.1202904175 8.08282480469 250.129770992 -64.1297709924 13.6259541985 END
START 0.586579406738 -9.99100352783 4.05098920898 250.129770992 -71.7022900763 10.5190839695 END
START -0.335188232422 -7.35019909668 9.76116016846 250.129770992 -56.5038167939 15.3740458015 END
START 7.10120212402 -11.5615998169 6.78516750488 250.129770992 -76.0305343511 16.9389312977 END
START -6.05014759521 -11.9087590576 0.876277807617 250.129770992 -62.9389312977 -0.404580152672 END
START 5.27682045898 -8.2983029541 6.28956776123 250.129770992 -73.5648854962 2.09923664122 END
START -2.76290871582 -10.8361567139 9.64863269043 250.129770992 -65.572519084 8.96946564885 END
START -1.02711251221 -12.1793038452 7.66383951416 250.129770992 -74.9465648855 17.4885496183 END
START 4.18745870361 -13.005303418 6.32308658447 250.129770992 -79.5801526718 3.87786259542 END
START -2.10689746094 -8.85375773926 7.03177027588 250.129770992 -81.1450381679 0.480916030534 END
START -5.15711037598 -14.5256214722 7.3310454834 250.129770992 -79.9618320611 12.4045801527 END
START 0.495599743652 -11.3652752808 8.10437261963 250.129770992 -80.9007633588 15.3511450382 END
START -3.40216055908 -9.85213983154 7.6494743042 250.129770992 -75.2748091603 5.41221374046 END
START 0.198718737793 -9.49779798584 8.29351455078 250.129770992 -96.4351145038 7.11450381679 END
START -2.48518132324 -7.88171186523 2.817975354 250.129770992 -103.625954198 4.67175572519 END
START 8.80587370605 -0.488417138672 5.71495936279 250.129770992 -85.5572519084 3.87786259542 END
START 5.77002600098 -10.6182843628 4.043806604 250.129770992 -94.1526717557 9.79389312977 END
START 4.70939466553 -14.5663229004 9.51934580078 250.129770992 -102.687022901 11.5572519084 END
START 5.31752188721 -12.9502367798 5.01106407471 250.129770992 -84.2977099237 11.6030534351 END
START 2.1811177124 -8.25760152588 9.29189664307 250.129770992 -91.9618320611 14.3129770992 END
START 8.23605371094 -8.83220992432 8.50181009521 250.129770992 -92.5267175573 5.90839694656 END
START 13.4961147583 -7.3789295166 9.72764134521 250.129770992 -104.580152672 12.5801526718 END
START -1.69988317871 -4.94402642822 5.74608398437 250.129770992 -97.9236641221 4.57251908397 END
START -3.97437475586 -5.36540592041 9.25598361816 250.129770992 -89.6259541985 7.93893129771 END
START -6.77319649658 -6.60799658203 5.87297667236 250.129770992 -85.2824427481 20.3435114504 END
START 10.2304236938 -10.0197339478 7.11317313232 250.129770992 -78.893129771 5.99236641221 END
START -2.97120426025 -8.11634362793 9.79946739502 250.129770992 -82.5038167939 8.11450381679 END
START 1.13485158691 -15.2654297852 4.81234533691 250.129770992 -79.4427480916 12.4885496183 END
START -1.39103116455 -6.05493599854 7.55370623779 250.129770992 -65.4351145038 8.13740458015 END
START 5.99986936035 -11.8800286377 7.75242497559 250.129770992 -71.8396946565 13.106870229 END
START 7.29752666016 -3.14837518311 6.0693012085 250.129770992 -69.4961832061 5.35114503817 END
START -9.49061538086 -6.495469104 13.3548568604 250.129770992 -58.9236641221 3.49618320611 END
START -8.93755479736 -10.0771947876 8.50420429687 250.129770992 -53.9923664122 7.83969465649 END
START -1.06063133545 -6.46673868408 11.3868230957 250.129770992 -58.106870229 -1.64885496183 END
START 1.7788918335 -12.5312514893 4.02225878906 250.129770992 -69.9007633588 5.35877862595 END
START 7.53934102783 -12.3277443481 13.3596452637 250.129770992 -55.465648855 2.81679389313 END
START -5.882553479 -10.3549221802 10.187328064 250.129770992 -65.786259542 7.4427480916 END
START 7.12274993896 -11.1186725098 4.68066424561 250.129770992 -54.6259541985 8.0534351145 END
START -8.67658681641 -8.40364782715 6.55532414551 250.129770992 -65.0229007634 6.46564885496 END
START 4.60165559082 -3.51468803711 7.34780489502 250.129770992 -54.0916030534 4.62595419847 END
START 3.43328518066 -0.91697923584 14.0515695435 250.129770992 -62.5496183206 14.0458015267 END
START -4.93684382324 -5.45159718018 15.3803514648 250.129770992 -61.9541984733 3.19083969466 END
START -0.967257470703 -2.61686241455 2.59052619629 250.129770992 -59.8015267176 1.34351145038 END
START 5.43483776855 -10.4626612549 5.08767852783 250.129770992 -81.3358778626 6.99236641221 END
START -5.51145222168 -1.51792385254 9.63905588379 250.129770992 -65.1679389313 8.76335877863 END
START -1.93212073975 -9.1219083252 5.49469281006 250.129770992 -75.9465648855 -2.34351145038 END
START 1.95845695801 -3.6056677002 7.25203682861 250.129770992 -86.8854961832 18.6259541985 END
START 4.68784685059 -8.35815799561 1.1899182251 250.129770992 -82.9618320611 8.92366412214 END
START 1.21625444336 -13.5918828247 5.98789835205 250.129770992 -84.6183206107 17.2977099237 END
START -0.423773693848 -8.56645354004 11.0276928467 250.129770992 -75.8015267176 4.32824427481 END
START 5.4922986084 -10.5081510864 7.23527741699 250.129770992 -78.0916030534 15.6870229008 END
START 1.75255561523 -2.14041628418 7.04134708252 250.129770992 -84.6106870229 -3.35114503817 END
START 9.77552537842 -13.0388222412 7.07726010742 250.129770992 -79.7175572519 8.85496183206 END
START 4.37181223145 -6.7899559082 2.28646258545 250.129770992 -85.2977099237 16.8854961832 END
START -6.62236179199 -7.48188018799 9.87608184814 250.129770992 -80.641221374 2.37404580153 END
START 6.61039078369 -5.05655390625 7.92480749512 250.129770992 -78.2061068702 8.53435114504 END
START 3.65834013672 -3.61285030518 10.5704003296 250.129770992 -96.9312977099 9.52671755725 END
START -0.347159240723 -11.4801969604 8.36534060059 250.129770992 -76.3129770992 13.0152671756 END
START 3.81156904297 -9.86889924316 7.61834968262 250.129770992 -87.6564885496 4.87022900763 END
START 0.414196887207 -3.46440980225 12.9167179565 250.129770992 -79.3816793893 6.88549618321 END
START 6.03578238525 -12.0811415771 5.83945784912 250.129770992 -73.0152671756 9.34351145038 END
START 3.92888492432 -5.10683214111 5.77242020264 250.129770992 -62.7557251908 6.80152671756 END
START 1.5682020874 -11.5065331787 6.28477935791 250.129770992 -64.2290076336 10.8854961832 END