START 4.35984122314 -8.35815799561 7.06768330078 250.129770992 -57.3511450382 10.4580152672 END
START 4.42209046631 -6.71334145508 7.03895288086 250.129770992 -62.427480916 12.8549618321 END
START 4.9751510498 -6.90727178955 8.52575211182 250.129770992 -76.7022900763 11.5648854962 END
START 9.36851109619 -7.21133540039 13.0196686279 250.129770992 -76.8473282443 -2.12213740458 END
START 4.2305543335 -12.4522428345 10.8960117554 250.129770992 -85.2519083969 14.3664122137 END
START 2.5234885498 -4.71657727051 9.60314285889 250.129770992 -73.7022900763 -0.610687022901 END
START 3.10767375488 -8.63109698486 9.1458503418 250.129770992 -64.5038167939 7.27480916031 END
START -0.0143652099609 -16.7043449829 5.68144053955 250.129770992 -57.5954198473 7.68702290076 END
START 0.76135612793 -1.8507178833 8.41801303711 250.129770992 -53.1603053435 14.8396946565 END
START 2.17393510742 -2.39659586182 3.78523282471 250.129770992 -47.5572519084 2.90076335878 END
START -3.9719805542 -14.3867577759 11.8297504028 250.129770992 -51.893129771 9.96183206107 END
START 5.94719692383 -13.4147119019 8.48265648193 250.129770992 -48.213740458 2.09923664122 END
START 2.24815535889 -5.96156213379 9.32062706299 250.129770992 -70.1908396947 6.48091603053 END
START 2.37744224854 -8.15225665283 14.0348101318 250.129770992 -70.5648854962 3.96946564885 END
START 6.35660540771 -2.61207401123 10.5296989014 250.129770992 -75.6335877863 -0.343511450382 END
START -0.857124194336 -17.5303445557 4.88177718506 250.129770992 -63.9312977099 11.9847328244 END
START 0.0598550415039 -16.3284553223 12.2319762817 250.129770992 -63.1297709924 1.12213740458 END
START -3.72058937988 -13.857639209 4.2305543335 250.129770992 -58.3664122137 21.5114503817 END
START -1.58735570068 -7.77876119385 11.8369330078 250.129770992 -57.0305343511 4.38167938931 END
START -1.82438166504 -7.24006582031 1.40060797119 250.129770992 -57.534351145 15.6335877863 END
START 4.40533105469 -3.62721551514 7.02219346924 250.129770992 -64.4732824427 6.23664122137 END
START -1.67594116211 -16.2494466675 8.75798967285 250.129770992 -70.1679389313 8.03816793893 END
START -4.0198645874 -2.4396914917 6.39012423096 250.129770992 -75.1374045802 15.1374045802 END
START 4.45082088623 -10.9367131836 9.94790789795 250.129770992 -79.2519083969 9.77099236641 END
START 2.88740720215 -14.1497318115 10.3381627686 250.129770992 -70.0381679389 14.8091603053 END
START 1.592144104 -7.92720169678 5.80833322754 250.129770992 -60.5419847328 11.3740458015 END
START -1.07260234375 -18.0498863159 8.66701000977 250.129770992 -52.1755725191 13.9618320611 END
START 6.34463439941 -6.33505759277 8.0277581665 250.129770992 -40.8473282443 -1.48854961832 END
START 4.0198645874 -10.5368815063 9.06444748535 250.129770992 -39.6870229008 10.6106870229 END
START 5.516240625 -13.7546885376 8.12831463623 250.129770992 -60.1145038168 14.0152671756 END
START 1.86029468994 -12.0811415771 8.72925925293 250.129770992 -50.4351145038 9.19847328244 END
START 2.9927520752 -7.10120212402 9.32780966797 250.129770992 -68.106870229 14.320610687 END
START 2.36547124023 -9.79228479004 6.35660540771 250.129770992 -75.9465648855 16.6259541985 END
START 1.07978494873 -12.1745154419 5.68383474121 250.129770992 -60.6717557252 7.30534351145 END
START 6.88572397461 -11.6142722534 7.36217010498 250.129770992 -59.3969465649 5.01526717557 END
START 3.38061274414 -7.4148425415 5.79396801758 250.129770992 -66.5801526718 11.4809160305 END
START 2.5115175415 -13.4889321533 7.36935270996 250.129770992 -58.4122137405 5.2213740458 END
START -9.34696328125 -8.53772312012 5.22654222412 250.129770992 -50.1221374046 8.32061068702 END
START 0.840364782715 -3.22259543457 5.24809003906 250.129770992 -60.2442748092 1.83969465649 END
START 7.62792648926 -11.2096521729 13.4602017334 250.129770992 -45.5038167939 11.0687022901 END
START -1.92493813477 -7.97029732666 1.31202250977 250.129770992 -66.358778626 5.09160305344 END
START -6.42843145752 -13.5463929932 7.19457598877 250.129770992 -67.213740458 13.534351145 END
START 4.76446130371 -6.92403120117 3.75889660645 250.129770992 -70.213740458 -4.70992366412 END
START 4.17069929199 -4.00549937744 9.2176763916 250.129770992 -55.2671755725 10.0992366412 END
START -2.40617266846 -13.8696102173 4.9392380249 250.129770992 -56.6183206107 -1.59541984733 END
START -1.11809217529 -4.94642062988 8.93994899902 250.129770992 -61.427480916 9.0 END
START 4.20182391357 -4.82671054687 8.06606539307 250.129770992 -69.6946564885 11.1908396947 END
START 2.15478149414 -12.8664397217 10.4722380615 250.129770992 -89.534351145 13.5496183206 END
START 5.36540592041 -12.3349269531 8.78193168945 250.129770992 -87.4198473282 8.75572519084 END
START -6.49068070068 -10.6302553711 12.3492921631 250.129770992 -85.5038167939 6.10687022901 END
START -0.00957680664062 -6.28956776123 6.69897624512 250.129770992 -85.5419847328 10.4809160305 END
START -0.864306799316 -1.17315881348 7.68059892578 250.129770992 -103.977099237 11.6564885496 END
START -1.37427175293 -9.5241342041 8.6406737915 250.129770992 -93.3435114504 7.64885496183 END
START -1.79804544678 -3.88100089111 2.92810863037 250.129770992 -88.3053435115 3.90839694656 END
START -0.519541760254 -6.1171852417 7.00543405762 250.129770992 -95.1374045802 8.90076335878 END
START -3.97437475586 -6.27759675293 5.71017095947 250.129770992 -99.9694656489 9.03816793893 END
START -2.1691467041 -9.90002386475 11.1809217529 250.129770992 -101.145038168 5.93893129771 END
START 5.46117398682 -8.59757816162 8.46110866699 250.129770992 -96.8396946565 5.64122137405 END
START 4.38617744141 -12.7539122437 9.96227310791 250.129770992 -92.1908396947 -1.06106870229 END
START 1.81959326172 -4.72854827881 13.005303418 250.129770992 -72.7480916031 1.92366412214 END
START 4.93684382324 -9.98382092285 7.20654699707 250.129770992 -62.6106870229 9.10687022901 END
START 5.26484945068 -8.94473740234 9.47864437256 250.129770992 -67.1297709924 12.8396946565 END
START 5.89931289062 -2.4516625 10.8170031006 250.129770992 -61.4809160305 3.93893129771 END
START 11.9327010742 -10.4219598267 7.12514414062 250.129770992 -57.320610687 14.3435114504 END
START -4.04859500732 -7.87213505859 11.2814782227 250.129770992 -61.4961832061 0.824427480916 END
START 2.66474644775 -8.33661018066 7.88889447021 250.129770992 -56.9312977099 16.5954198473 END
START 8.02296976318 -6.59363137207 3.77326181641 250.129770992 -43.6946564885 9.19847328244 END
START 1.36708914795 -0.332794030762 8.47547387695 250.129770992 -42.4198473282 4.81679389313 END
START -6.22971271973 -11.0157218384 10.5871597412 250.129770992 -46.9541984733 5.59541984733 END
START -3.05500131836 -7.3909005249 5.33906970215 250.129770992 -58.6259541985 2.93129770992 END
START 4.65432802734 -17.2645881714 13.7403233276 250.129770992 -48.641221374 12.9389312977 END
START 2.07816704102 -13.6277958496 4.68066424561 250.129770992 -53.3511450382 18.2290076336 END
START -1.8267758667 -1.53468326416 9.60793126221 250.129770992 -54.6030534351 15.1221374046 END
START 3.53144744873 -9.66539210205 7.07965430908 250.129770992 -60.0992366412 5.7786259542 END
START 3.87621248779 -12.8831991333 4.69502945557 250.129770992 -55.7328244275 6.12213740458 END
START 2.64080443115 -15.8759512085 9.33020386963 250.129770992 -54.3511450382 2.07633587786 END
START 2.70305367432 -10.405200415 9.05726488037 250.129770992 -60.8702290076 -2.48091603053 END
START -6.67503422852 -4.04141240234 5.66946953125 250.129770992 -56.9923664122 12.9465648855 END
START 8.73644185791 -6.32787498779 10.1945106689 250.129770992 -60.2290076336 -1.57251908397 END
START -1.93212073975 -5.52581743164 8.82023891602 250.129770992 -57.8320610687 5.01526717557 END
START -0.426167895508 -13.3213380371 7.75721337891 250.129770992 -66.6259541985 0.702290076336 END
START -1.1899182251 -3.52665904541 4.17548769531 250.129770992 -68.0076335878 1.67938931298 END
START 0.263362182617 -9.11233151855 6.89051237793 250.129770992 -73.4809160305 15.4427480916 END
START -2.72460148926 -9.46188496094 2.11886846924 250.129770992 -71.8473282443 6.97709923664 END
START 4.01747038574 -5.64792171631 5.93043751221 250.129770992 -76.9389312977 8.47328244275 END
START 1.41976158447 -6.44040246582 11.5041389771 250.129770992 -78.5954198473 17.7404580153 END
START 1.39103116455 -17.5518923706 4.67827004395 250.129770992 -98.3740458015 12.1145038168 END
START 8.50420429687 -6.14591566162 11.9135474609 250.129770992 -87.6488549618 15.9465648855 END
START -1.20667763672 -4.94642062988 8.64785639648 250.129770992 -96.8091603053 5.15267175573 END
START -3.59609089355 -6.78516750488 4.56574256592 250.129770992 -98.3053435115 23.1832061069 END
START -2.55461317139 -4.54180054932 9.49540378418 250.129770992 -104.610687023 17.0 END
START 1.50116444092 -8.61433757324 11.7315881348 250.129770992 -105.671755725 12.1679389313 END
START 3.38779534912 -15.5958296143 7.89847127686 250.129770992 -98.2977099237 8.35114503817 END
START -1.60650931396 -5.77720860596 4.24491954346 250.129770992 -91.5190839695 11.2366412214 END
START 8.27914934082 -9.40202991943 12.7227876221 250.129770992 -92.534351145 2.80916030534 END
START 3.40216055908 -4.93205541992 10.7739074707 250.129770992 -91.5954198473 0.992366412214 END
START 6.24168372803 -8.25999572754 10.7236292358 250.129770992 -105.519083969 3.09923664122 END
START -1.2018892334 -4.75488449707 10.4099888184 250.129770992 -105.473282443 6.74809160305 END
START 5.96156213379 -5.97832154541 7.3430164917 250.129770992 -104.496183206 -1.16030534351 END
START 13.6325842529 -15.7921541504 5.78917961426 250.129770992 -103.595419847 4.09923664122 END
START 4.92247861328 -3.36385333252 9.49779798584 250.129770992 -105.083969466 3.04580152672 END
START 5.18823499756 -8.42040723877 4.3622354248 250.129770992 -87.4580152672 10.534351145 END
START -0.110133276367 -3.43807358398 11.0899420898 250.129770992 -76.3435114504 7.14503816794 END
START 2.35828863525 -13.4410481201 8.24802471924 250.129770992 -76.6106870229 6.74045801527 END
START -4.06535441895 -14.5256214722 13.5320277832 250.129770992 -65.4427480916 3.95419847328 END
START 8.28154354248 -6.30632717285 15.5790702026 250.129770992 -67.3816793893 4.60305343511 END
START 1.11569797363 -6.8019269165 10.2902787354 250.129770992 -63.8015267176 7.75572519084 END
START -2.1332336792 -16.316484314 7.49385119629 250.129770992 -52.5267175573 2.45038167939 END
START -3.14837518311 -7.3071034668 11.4011883057 250.129770992 -55.8015267176 7.07633587786 END
START 2.37025964355 -6.11000263672 6.33505759277 250.129770992 -58.5877862595 9.43511450382 END
START 0.337582434082 -14.223952063 14.5543518921 250.129770992 -59.2900763359 16.7709923664 END
START 2.7222072876 -7.29034405518 5.40371314697 250.129770992 -62.1145038168 9.0534351145 END
START 5.882553479 -2.698265271 8.18816967773 250.129770992 -60.3511450382 12.1984732824 END
START -7.05810649414 -4.09169063721 10.5177278931 250.129770992 -67.8091603053 4.48854961832 END
START 0.658405456543 -8.26717833252 4.76924970703 250.129770992 -67.7938931298 13.5267175573 END
START -2.70544787598 -10.1825396606 5.882553479 250.129770992 -66.8244274809 9.08396946565 END
START -5.45877978516 -9.59835445557 6.35181700439 250.129770992 -72.2442748092 6.80152671756 END
START -0.0718260498047 -6.29675036621 6.89530078125 250.129770992 -68.6564885496 10.9389312977 END
START 2.40856687012 -5.88494768066 3.73495458984 250.129770992 -67.786259542 8.70229007634 END
START -1.13724578857 -14.8177140747 7.02698187256 250.129770992 -70.1603053435 15.3053435115 END
START 3.62003291016 -12.0571995605 6.52659372559 250.129770992 -73.8778625954 2.77099236641 END
START -2.76530291748 -3.41413156738 5.5401826416 250.129770992 -55.7633587786 10.9923664122 END
START -10.6111017578 -9.09557210693 4.54419475098 250.129770992 -69.9618320611 20.3511450382 END
START -0.328005627441 -3.89057769775 2.79882174072 250.129770992 -63.8167938931 -3.80152671756 END
START -1.95127435303 -6.59841977539 9.33020386963 250.129770992 -74.358778626 9.09923664122 END
START 3.0406361084 -11.9039706543 3.90733710937 250.129770992 -67.3969465649 12.5572519084 END
START 1.93930334473 -9.40921252441 1.73100780029 250.129770992 -68.2900763359 11.5648854962 END
START -4.46758029785 -11.8656634277 5.31033928223 250.129770992 -67.9389312977 4.97709923664 END
START 3.27526787109 -4.85065256348 10.2088758789 250.129770992 -70.3511450382 14.3435114504 END
START 0.665588061523 0.0814028564453 5.71017095947 250.129770992 -73.2900763359 4.96183206107 END
START -6.58884296875 -12.2176110718 5.71735356445 250.129770992 -53.9694656489 10.3282442748 END
START 5.69101734619 -9.70369932861 4.14915147705 250.129770992 -72.7022900763 19.4045801527 END
START 6.10760843506 -12.87841073 4.05098920898 250.129770992 -69.9236641221 17.2977099237 END
START 4.08929643555 -5.20499440918 11.5304751953 250.129770992 -66.8625954198 13.679389313 END
START -0.292092602539 -10.5799771362 11.1928927612 250.129770992 -66.465648855 16.3358778626 END
START 0.91458503418 -8.38928261719 4.58729038086 250.129770992 -61.3282442748 12.8015267176 END
START 2.94726224365 -5.35822331543 10.8385509155 250.129770992 -68.8702290076 -0.0610687022901 END
START 5.29357987061 -3.7134067749 6.43321986084 250.129770992 -59.7633587786 9.48091603053 END
START 5.14035096436 -8.42998404541 4.52025273438 250.129770992 -61.2366412214 14.9923664122 END
START -0.627280834961 -14.2359230713 6.08845482178 250.129770992 -58.0610687023 8.22900763359 END
START 3.44765039062 -6.1530982666 12.0667763672 250.129770992 -65.9847328244 13.358778626 END
START 6.67264002686 -7.07486590576 13.5679408081 250.129770992 -74.1755725191 2.68702290076 END