START -1.5682020874 -13.0244570312 6.05014759521 250.129770992 -56.1908396947 10.2366412214 END
START 2.42293208008 -8.16901606445 5.98310994873 250.129770992 -67.4351145038 -4.80916030534 END
START 0.679953271484 -10.3381627686 6.82108052979 250.129770992 -57.9694656489 3.6641221374 END
START 1.99915838623 -4.56334836426 6.88093557129 250.129770992 -54.8091603053 3.40458015267 END
START -0.442927307129 -9.61750806885 9.86889924316 250.129770992 -49.4198473282 3.90076335878 END
START 4.50109912109 -10.7547538574 8.9351605957 250.129770992 -62.3893129771 14.3358778626 END
START 0.646434448242 -11.2335941895 4.65911643066 250.129770992 -69.7938931298 13.3969465649 END
START -2.92332022705 -12.0236807373 8.33182177734 250.129770992 -53.4732824427 19.1297709924 END
START -7.76439598389 -9.89762966309 3.37821854248 250.129770992 -61.1755725191 4.54961832061 END
START -5.57848986816 -11.4538607422 8.73644185791 250.129770992 -71.0 14.1526717557 END
START 0.0718260498047 -7.14190355225 4.60165559082 250.129770992 -69.213740458 0.0610687022901 END
START 1.42215578613 -12.7970078735 5.88973608398 250.129770992 -76.3740458015 6.15267175573 END
START -3.10767375488 -8.17619866943 8.33900438232 250.129770992 -66.572519084 4.64885496183 END
START -3.27047946777 -5.80115062256 5.40610734863 250.129770992 -71.8625954198 -1.65648854962 END
START 2.64319863281 -11.7076461182 6.91445439453 250.129770992 -63.8625954198 12.4961832061 END
START 5.32709869385 -7.24246002197 2.71502468262 250.129770992 -77.0458015267 14.1221374046 END
START 4.02465299072 -6.18422288818 3.33991131592 250.129770992 -81.6030534351 9.8320610687 END
START 1.47961662598 -7.81946262207 10.539275708 250.129770992 -80.7938931298 8.77099236641 END
START -11.4275245239 -7.40765993652 5.37977113037 250.129770992 -86.1450381679 6.64122137405 END
START 1.2018892334 -4.40533105469 9.40681832275 250.129770992 -83.1221374046 4.79389312977 END
START -4.03422979736 -11.8177793945 3.01908829346 250.129770992 -97.5801526718 14.9312977099 END
START 3.45004459229 -11.5424462036 8.41801303711 250.129770992 -76.893129771 -3.27480916031 END
START -2.71981308594 -9.80425579834 6.99106884766 250.129770992 -94.9007633588 11.358778626 END
START -2.49475812988 -12.3804167847 2.30082779541 250.129770992 -89.7328244275 17.4580152672 END
START -5.33428129883 -4.15154567871 11.384428894 250.129770992 -85.358778626 -5.80916030534 END
START -0.727837304687 -9.10514891357 9.59596025391 250.129770992 -76.6870229008 6.61832061069 END
START 6.3637880127 -4.70939466553 13.7642653442 250.129770992 -80.1603053435 4.97709923664 END
START 6.55532414551 -4.13239206543 13.1561381226 250.129770992 -73.4351145038 2.00763358779 END
START -2.75093770752 -7.83143363037 12.2367646851 250.129770992 -82.4122137405 13.9694656489 END
START 7.0844427124 -10.3405569702 6.63672700195 250.129770992 -64.1526717557 1.49618320611 END
START -2.08056124268 -8.10676682129 9.2296473999 250.129770992 -73.4580152672 10.9618320611 END
START -2.33913502197 -14.6908213867 9.52892260742 250.129770992 -67.534351145 14.106870229 END
START 8.07564219971 -11.7172229248 7.29034405518 250.129770992 -66.7709923664 9.47328244275 END
START 7.06768330078 -6.95036741943 9.87368764648 250.129770992 -63.9770992366 7.32061068702 END
START -0.521935961914 -8.45392606201 8.99740983887 250.129770992 -68.641221374 3.89312977099 END
START -0.864306799316 -10.7332060425 10.8217915039 250.129770992 -66.0839694656 11.7709923664 END
START 9.93114848633 -8.74601866455 8.98783303223 250.129770992 -55.2595419847 -1.70229007634 END
START 1.56580788574 -6.84741674805 3.83072265625 250.129770992 -62.9083969466 -0.900763358779 END
START 2.92810863037 -6.15070406494 6.27520255127 250.129770992 -70.1679389313 13.4732824427 END
START 5.4803276001 -6.12915625 8.214505896 250.129770992 -69.1526717557 8.13740458015 END
START 4.94642062988 -6.44519086914 9.41639512939 250.129770992 -52.0 12.534351145 END
START 0.823605371094 -4.19942971191 3.67031114502 250.129770992 -63.2061068702 12.5648854962 END
START 2.54503636475 -10.9534725952 9.1817633667 250.129770992 -60.1755725191 15.8854961832 END
START 7.89368287354 -10.0484643677 11.9159416626 250.129770992 -65.213740458 9.70229007634 END
START 0.512359155273 -11.4706201538 5.88015927734 250.129770992 -65.572519084 7.48091603053 END
START 6.73967767334 -4.92247861328 5.51863482666 250.129770992 -70.2290076336 15.4351145038 END
START 3.70861837158 -5.21217701416 5.80115062256 250.129770992 -69.1450381679 14.9541984733 END
START 5.1738697876 -10.898405957 8.71249984131 250.129770992 -63.2671755725 10.5419847328 END
START 3.69425316162 -10.9175595703 5.80354482422 250.129770992 -65.0534351145 11.0687022901 END
START -0.943315454102 -13.1657149292 11.3628810791 250.129770992 -64.8244274809 -1.87786259542 END
START -2.44687409668 -14.6932155884 7.58483085937 250.129770992 -70.9312977099 4.5572519084 END
START 3.26090266113 -13.6804682861 7.6255322876 250.129770992 -74.106870229 11.320610687 END
START 2.52588275146 -8.8513635376 5.45877978516 250.129770992 -81.1145038168 23.5648854962 END
START 0.679953271484 -13.2399351807 5.41328995361 250.129770992 -73.7328244275 6.78625954198 END
START -5.95916793213 3.21062442627 12.4833674561 250.129770992 -87.2748091603 -1.2213740458 END
START -4.2185833252 -8.8753055542 5.8945244873 250.129770992 -82.0534351145 2.41221374046 END
START 0.986411083984 -10.9367131836 5.98071574707 250.129770992 -95.8625954198 11.0992366412 END
START -2.4157494751 -5.58088406982 9.06923588867 250.129770992 -98.6946564885 5.93893129771 END
START 1.15161099854 -7.86255825195 9.92396588135 250.129770992 -95.7480916031 3.32061068702 END
START -0.112527478027 -11.3580926758 5.80833322754 250.129770992 -93.213740458 8.13740458015 END
START -2.26252056885 -10.9031943604 6.7899559082 250.129770992 -98.0 12.1984732824 END
START -0.885854614258 -4.52743533936 6.06690700684 250.129770992 -97.8015267176 5.28244274809 END
START 4.73573088379 -7.64468590088 6.27999095459 250.129770992 -96.1297709924 10.4427480916 END
START 6.03817658691 -10.7523596558 6.62954439697 250.129770992 -104.740458015 13.4122137405 END
START 7.73805976562 -11.1904985596 7.59919606934 250.129770992 -105.977099237 12.0381679389 END
START 3.92649072266 -6.1052142334 2.74136090088 250.129770992 -84.4198473282 8.54198473282 END
START 13.7858131592 -6.14352145996 8.70292303467 250.129770992 -96.9236641221 6.32061068702 END
START -3.19386501465 -11.8441156128 11.405976709 250.129770992 -105.160305344 9.27480916031 END
START 4.07253702393 -4.68545264893 3.92170231934 250.129770992 -103.06870229 -4.85496183206 END
START 3.71580097656 -5.36061751709 8.3102739624 250.129770992 -106.625954198 4.93893129771 END
START 1.00317049561 -15.8855280151 9.77552537842 250.129770992 -100.778625954 10.8167938931 END
START -0.995987890625 -6.61517918701 8.23126530762 250.129770992 -94.1603053435 11.0229007634 END
START 4.78840332031 -1.1899182251 6.06211860352 250.129770992 -100.099236641 7.62595419847 END
START -2.9927520752 -8.98065042725 4.47476290283 250.129770992 -102.244274809 2.67175572519 END
START 6.28477935791 -4.68305844727 8.70771143799 250.129770992 -97.7251908397 9.24427480916 END
START 3.58890828857 -0.596156213379 6.58644876709 250.129770992 -85.4045801527 6.79389312977 END
START 0.186747729492 -11.2335941895 12.6437789673 250.129770992 -78.1603053435 1.32061068702 END
START 4.44363828125 -6.91206019287 11.3485158691 250.129770992 -64.8854961832 -2.46564885496 END
START 4.62799180908 -10.6254669678 9.91917747803 250.129770992 -67.1374045802 5.03816793893 END
START 1.90339031982 -10.0412817627 9.03092866211 250.129770992 -65.641221374 8.60305343511 END
START 0.627280834961 -3.30399829102 8.32942757568 250.129770992 -58.2366412214 9.42748091603 END
START 6.48110389404 -6.99585725098 11.4418897339 250.129770992 -67.6717557252 13.213740458 END
START -4.94642062988 -5.50905802002 11.2766898193 250.129770992 -64.2671755725 6.62595419847 END
START 1.76213242187 -8.5927897583 7.87692346191 250.129770992 -49.0687022901 7.08396946565 END
START 2.63841022949 -6.11957944336 6.09563742676 250.129770992 -55.465648855 9.4427480916 END
START -0.818816967773 -9.36372269287 9.12909093018 250.129770992 -65.5572519084 -0.412213740458 END
START -7.47469758301 -7.9080480835 9.70609353027 250.129770992 -57.0305343511 12.5877862595 END
START -0.823605371094 -13.4242887085 11.1186725098 250.129770992 -63.8015267176 2.64885496183 END
START 2.11647426758 -6.68939943848 5.96156213379 250.129770992 -66.1526717557 12.7709923664 END
START 9.67496890869 -10.3621047852 10.9798088135 250.129770992 -72.1984732824 3.63358778626 END
START -4.51546433105 -5.26006104736 8.39167681885 250.129770992 -79.8396946565 14.7938931298 END
START 0.598550415039 -8.98783303223 10.5057568848 250.129770992 -66.7328244275 3.81679389313 END
START -0.624886633301 -3.11964476318 6.84023414307 250.129770992 -83.5954198473 17.5114503817 END
START -5.37498272705 -4.41969626465 6.97909783936 250.129770992 -75.3053435115 4.61832061069 END
START 0.811634362793 -2.22900174561 7.40765993652 250.129770992 -68.572519084 6.76335877863 END
START -3.13400997314 -7.27837304687 8.3461869873 250.129770992 -79.1450381679 5.22900763359 END
START -2.36307703857 -8.0038161499 2.61446821289 250.129770992 -82.6488549618 12.1221374046 END
START -2.01591779785 -9.24880101318 8.50659849854 250.129770992 -74.6641221374 -3.42748091603 END
START -4.01268198242 -3.26329686279 7.21372960205 250.129770992 -79.6564885496 19.0610687023 END
START 2.1691467041 -13.8839754272 12.856862915 250.129770992 -96.1908396947 9.31297709924 END
START -4.78840332031 -8.57603034668 6.41885465088 250.129770992 -86.9847328244 -0.969465648855 END
START 2.55700737305 -7.84340463867 5.20738861084 250.129770992 -90.5267175573 7.3358778626 END
START 4.61362659912 -6.36139381104 4.25689055176 250.129770992 -92.786259542 -1.9465648855 END
START -1.79804544678 -8.16901606445 6.28238515625 250.129770992 -83.9770992366 10.5114503817 END
START 0.76135612793 -8.827421521 2.49475812988 250.129770992 -93.0305343511 11.6946564885 END
START 2.7581203125 -3.69425316162 2.65756384277 250.129770992 -77.9389312977 2.87786259542 END
START -2.00873519287 -6.72770666504 7.27358464355 250.129770992 -83.2366412214 -1.20610687023 END
START 5.5521536499 -6.72291826172 7.57525405273 250.129770992 -77.1297709924 -0.671755725191 END
START 4.29280357666 -3.91451971436 6.39730683594 250.129770992 -67.4809160305 11.3053435115 END
START -3.00232888184 -9.13866773682 6.20337650146 250.129770992 -72.7099236641 3.34351145038 END
START 4.903325 -7.34062229004 7.57285985107 250.129770992 -64.7022900763 13.1679389313 END
START 3.60327349854 -3.10767375488 8.32942757568 250.129770992 -61.4351145038 2.37404580153 END
START 5.49469281006 -7.58004245605 5.32470449219 250.129770992 -72.8167938931 9.13740458015 END
START 2.54024796143 -1.2856862915 6.92403120117 250.129770992 -66.4427480916 6.64885496183 END
START -0.114921679688 -15.5048499512 4.9512090332 250.129770992 -67.0305343511 4.07633587786 END
START -0.031124621582 -12.0859299805 8.16901606445 250.129770992 -56.8854961832 12.9083969466 END
START -3.67749375 -8.95431420898 2.19069451904 250.129770992 -51.4580152672 -5.51145038168 END