START -4.5609541626 -9.82580361328 12.378022583 250.129770992 -50.9312977099 18.8702290076 END
START 4.79558592529 -9.39484731445 6.988674646 250.129770992 -59.7328244275 9.6641221374 END
START 3.2992098877 -14.8320792847 7.57764825439 250.129770992 -63.7786259542 4.72519083969 END
START 3.38061274414 -11.7411649414 5.11880314941 250.129770992 -47.6030534351 -5.41221374046 END
START -0.684741674805 -10.8912233521 9.44273134766 250.129770992 -60.2595419847 5.51908396947 END
START 0.701501086426 -6.28717355957 14.7985604614 250.129770992 -67.0992366412 7.00763358779 END
START 4.71178886719 -3.98873996582 6.40209523926 250.129770992 -69.7175572519 10.3435114504 END
START -2.63122762451 -5.43483776855 6.74925447998 250.129770992 -76.7328244275 12.9083969466 END
START -0.627280834961 -7.29034405518 15.2486703735 250.129770992 -77.5801526718 4.20610687023 END
START 3.42610257568 -7.30949766846 11.1426145264 250.129770992 -85.572519084 2.91603053435 END
START -0.124498486328 -8.44913765869 9.70369932861 250.129770992 -88.6106870229 4.53435114504 END
START -5.53539423828 -10.4961800781 3.89776030273 250.129770992 -92.2290076336 10.2290076336 END
START 2.53545955811 -4.60165559082 4.74291348877 250.129770992 -94.7557251908 3.09923664122 END
START -1.21864864502 -7.63032069092 11.2144405762 250.129770992 -91.5114503817 15.6946564885 END
START 2.95205064697 -14.4346418091 10.5727945312 250.129770992 -98.8167938931 6.87022900763 END
START 0.0191536132812 -11.9949503174 2.56418997803 250.129770992 -86.3435114504 8.52671755725 END
START 0.61770402832 -2.7940333374 4.5968671875 250.129770992 -88.7480916031 12.6335877863 END
START -0.890643017578 -9.05726488037 8.40364782715 250.129770992 -98.2519083969 9.19847328244 END
START -5.86339986572 -8.80587370605 6.1530982666 250.129770992 -91.6564885496 5.25954198473 END
START -0.351947644043 -14.8464444946 5.91846650391 250.129770992 -92.9847328244 5.54961832061 END
START -10.5871597412 -8.75080706787 7.29034405518 250.129770992 -92.3129770992 18.4732824427 END
START -1.19710083008 -15.7251165039 6.60560238037 250.129770992 -91.3435114504 10.5190839695 END
START 9.96466730957 -6.75164868164 4.67108743896 250.129770992 -99.4885496183 -0.847328244275 END
START 1.51552965088 -14.6620909668 5.38934793701 250.129770992 -91.2595419847 1.90839694656 END
START 4.98951625977 -10.1992990723 10.1394440308 250.129770992 -90.9007633588 8.17557251908 END
START 2.75333190918 -6.16985767822 9.43794294434 250.129770992 -103.648854962 11.1221374046 END
START 5.43723197021 -11.9877677124 8.25281312256 250.129770992 -103.893129771 9.08396946565 END
START 2.75572611084 -5.33906970215 11.2431709961 250.129770992 -103.801526718 9.18320610687 END
START -3.17471140137 -4.14436307373 6.50025750732 250.129770992 -97.7175572519 11.5267175573 END
START 12.8424977051 -8.27196673584 8.40125362549 250.129770992 -99.0229007634 5.48854961832 END
START -0.854729992676 -8.87769975586 7.93438430176 250.129770992 -103.687022901 4.11450381679 END
START -3.50511123047 -1.55862528076 9.65342109375 250.129770992 -101.923664122 0.519083969466 END
START 2.05183082275 -8.14746824951 4.2305543335 250.129770992 -102.519083969 -4.00763358779 END
START 3.55778366699 -8.83220992432 5.96635053711 250.129770992 -95.8549618321 3.97709923664 END
START 1.24498486328 -6.07169541016 7.34541069336 250.129770992 -94.5190839695 7.93129770992 END
START 3.04781871338 -5.7508723877 8.85615194092 250.129770992 -98.7404580153 7.32824427481 END
START -0.354341845703 -8.5927897583 8.97825622559 250.129770992 -88.4351145038 -1.62595419847 END
START 1.06541973877 -13.0292454346 14.3867577759 250.129770992 -100.847328244 1.40458015267 END
START 1.17076461182 -5.58567247314 18.9309525269 250.129770992 -88.8167938931 12.2366412214 END
START 0.907402429199 -7.9200190918 3.67749375 250.129770992 -96.9541984733 9.46564885496 END
START 0.76135612793 -11.6166664551 6.96712683105 250.129770992 -80.3816793893 6.5572519084 END
START 2.17872351074 -5.96635053711 1.38863696289 250.129770992 -74.4885496183 2.34351145038 END
START 3.92170231934 -4.67827004395 8.79629689941 250.129770992 -72.2977099237 7.90076335878 END
START 5.37977113037 -9.4642791626 8.74362446289 250.129770992 -68.2442748092 0.709923664122 END
START 4.537012146 -3.76847341309 5.82988104248 250.129770992 -66.8396946565 4.99236641221 END
START -0.497993945312 -6.13633885498 7.0365586792 250.129770992 -74.9312977099 6.22900763359 END
START -5.10204373779 0.275333190918 1.73340200195 250.129770992 -79.9770992366 11.6488549618 END
START -0.210689746094 -10.4291424316 6.73249506836 250.129770992 -62.5190839695 1.02290076336 END
START 5.00627567139 -8.82502731934 12.6916630005 250.129770992 -63.2061068702 6.83969465649 END
START -2.09013804932 -4.09887324219 9.46906756592 250.129770992 -63.8396946565 12.7251908397 END
START 1.7908628418 -8.65982740479 5.84424625244 250.129770992 -58.7786259542 3.27480916031 END
START -4.13957467041 -11.0755768799 13.6804682861 250.129770992 -56.8854961832 2.0 END
START 0.893037219238 -1.62326872559 12.3684457764 250.129770992 -58.534351145 -2.57251908397 END
START 10.6374379761 -9.65820949707 5.84903465576 250.129770992 -48.9618320611 -3.0 END
START 1.72143099365 -5.46356818848 12.4594254395 250.129770992 -53.7938931298 0.213740458015 END
START 3.28723887939 -6.04535919189 10.6853220093 250.129770992 -64.0763358779 -3.63358778626 END
START -0.208295544434 -6.67742843018 7.58243665771 250.129770992 -71.8473282443 9.96946564885 END
START -1.15639940186 -5.4803276001 8.77953748779 250.129770992 -56.7251908397 3.1679389313 END
START 3.0885201416 -16.5966059082 6.34942280273 250.129770992 -43.5648854962 13.641221374 END
START -0.969651672363 -3.064578125 6.64869801025 250.129770992 -59.2290076336 12.4198473282 END
START 1.03908352051 -13.8313029907 10.2639425171 250.129770992 -64.0381679389 7.11450381679 END
START 0.203507141113 -9.7946789917 7.71651195068 250.129770992 -64.4198473282 5.29007633588 END
START 4.88177718506 -2.1092916626 8.00621035156 250.129770992 -71.8778625954 5.3893129771 END
START -2.20984813232 -6.30872137451 11.293449231 250.129770992 -73.6717557252 10.9312977099 END
START -1.01992990723 -6.66066901855 4.52025273438 250.129770992 -74.3511450382 0.893129770992 END
START -0.0646434448242 -9.41878933105 4.98712205811 250.129770992 -66.5038167939 14.8244274809 END
START 6.46913288574 -9.50737479248 7.17542237549 250.129770992 -68.0305343511 11.4198473282 END
START 1.5442600708 -5.34625230713 -0.0167594116211 250.129770992 -68.2442748092 16.1221374046 END
START 1.20428343506 -7.27358464355 2.78685073242 250.129770992 -68.8244274809 12.5190839695 END
START -5.77002600098 -9.82340941162 8.63109698486 250.129770992 -72.9007633588 9.86259541985 END
START -12.3061965332 -12.3397153564 5.91607230225 250.129770992 -76.6870229008 8.4427480916 END
START -1.54665427246 -8.57363614502 7.59440766602 250.129770992 -80.3816793893 -1.59541984733 END
START 0.246602770996 -8.55927093506 7.85058724365 250.129770992 -86.7328244275 4.18320610687 END
START -2.35350023193 -10.5225162964 6.39012423096 250.129770992 -80.4503816794 11.6335877863 END
START -5.8466404541 -13.350068457 5.03021768799 250.129770992 -71.9389312977 5.65648854962 END
START 6.63193859863 -16.8384202759 10.7547538574 250.129770992 -76.8396946565 11.2290076336 END
START 3.96240374756 -14.111424585 9.01416925049 250.129770992 -87.0992366412 10.4732824427 END
START 1.21625444336 -6.89769498291 5.35582911377 250.129770992 -82.106870229 8.17557251908 END
START -1.838746875 -8.49223328857 2.93050283203 250.129770992 -88.3816793893 -1.32824427481 END
START -1.11090957031 -15.2821891968 5.83227524414 250.129770992 -87.7022900763 7.45801526718 END
START -2.02310040283 -4.34308181152 5.48990440674 250.129770992 -88.641221374 11.4580152672 END
START 6.28238515625 -12.7634890503 5.68144053955 250.129770992 -86.6717557252 16.2748091603 END
START 2.57376678467 -3.96479794922 10.1059252075 250.129770992 -96.5038167939 16.0992366412 END
START -1.01274730225 -10.6565915894 9.08360109863 250.129770992 -89.2900763359 6.68702290076 END
START 8.45871446533 -10.2735193237 10.4626612549 250.129770992 -97.0076335878 3.57251908397 END
START -0.450109912109 -5.762843396 13.2327525757 250.129770992 -94.7404580153 -2.58015267176 END
START 5.98310994873 -11.3940057007 5.47314499512 250.129770992 -96.641221374 3.09160305344 END
START 0.404620080566 -5.11640894775 10.7906668823 250.129770992 -103.870229008 1.27480916031 END
START 7.21133540039 -1.40300217285 11.2311999878 250.129770992 -99.5877862595 9.35114503817 END
START 1.87705410156 -14.1521260132 6.86896456299 250.129770992 -104.045801527 4.96946564885 END
START -0.938527050781 -12.5288572876 12.9430541748 250.129770992 -102.72519084 5.4427480916 END
START -5.14753356934 -9.44751975098 12.1098719971 250.129770992 -104.297709924 2.74809160305 END
START 2.25294376221 -13.4099234985 9.47146176758 250.129770992 -104.625954198 6.90839694656 END
START 4.91050760498 -8.73644185791 9.53371101074 250.129770992 -104.259541985 17.7022900763 END
START 1.89381351318 -8.47547387695 10.5704003296 250.129770992 -101.679389313 8.15267175573 END
START 1.83156427002 -7.21612380371 5.20020600586 250.129770992 -102.167938931 7.93129770992 END
START -7.9200190918 -6.07648381348 10.8840407471 250.129770992 -94.6259541985 10.6717557252 END
START -1.20667763672 -15.689203479 8.00621035156 250.129770992 -85.7175572519 15.5114503817 END
START 9.39724151611 -9.35175168457 7.88410606689 250.129770992 -84.9541984733 17.427480916 END
START -3.34948812256 -9.85213983154 7.07486590576 250.129770992 -85.4122137405 6.69465648855 END
START -3.19625921631 -3.1364041748 5.66228692627 250.129770992 -83.3435114504 7.23664122137 END
START 3.29442148437 -4.46518609619 7.74763657227 250.129770992 -90.0152671756 9.15267175573 END
START 1.65918175049 -5.62158549805 7.6375032959 250.129770992 -85.9389312977 1.49618320611 END
START 10.2352120972 -12.1577560303 5.70298835449 250.129770992 -91.2977099237 11.8549618321 END
START 0.77332713623 -13.2040221558 5.42286676025 250.129770992 -87.7480916031 10.9312977099 END
START 0.529118566895 -8.93276639404 1.95366855469 250.129770992 -85.0076335878 4.69465648855 END
START 3.06218392334 -19.4648594971 9.01177504883 250.129770992 -75.4503816794 3.70229007634 END
START 12.1050835937 -4.95360323486 3.7014357666 250.129770992 -89.0305343511 3.58015267176 END
START 10.2950671387 -7.65426270752 3.30639249268 250.129770992 -79.8702290076 9.43511450382 END
START 1.12288057861 -10.5727945312 8.11634362793 250.129770992 -91.5877862595 6.93129770992 END
START 2.45405670166 -9.89523546143 6.39012423096 250.129770992 -72.8320610687 10.9236641221 END
START 7.95353791504 -10.5057568848 6.34942280273 250.129770992 -77.7099236641 11.9541984733 END
START -4.86022937012 -11.6118780518 8.14507404785 250.129770992 -79.1374045802 4.31297709924 END
START 2.59292039795 -14.4394302124 4.2664673584 250.129770992 -86.0763358779 3.58015267176 END