START 0.993593688965 -9.25119521484 7.72369455566 250.129770992 -85.534351145 1.91603053435 END
START 1.4604630127 -15.3875340698 8.48026228027 250.129770992 -90.4503816794 16.6030534351 END
START 0.746990917969 -8.30069715576 15.1433255005 250.129770992 -85.3511450382 8.80916030534 END
START -1.45088620605 -4.03662399902 7.97508572998 250.129770992 -93.1450381679 13.9465648855 END
START 6.16746347656 -13.9055232422 6.38533582764 250.129770992 -90.7404580153 9.49618320611 END
START 3.85945307617 -13.4649901367 6.03578238525 250.129770992 -96.1832061069 8.16030534351 END
START -3.03584770508 -10.1562034424 6.97191523437 250.129770992 -98.6717557252 7.90076335878 END
START 1.29047469482 -15.6844150757 5.93283171387 250.129770992 -100.458015267 13.1755725191 END
START 3.22498963623 -14.1473376099 4.18745870361 250.129770992 -101.816793893 -0.992366412214 END
START 0.725443103027 -8.51378110352 6.28717355957 250.129770992 -97.2977099237 8.08396946565 END
START 1.35032973633 -6.96712683105 4.44363828125 250.129770992 -97.7099236641 2.67175572519 END
START 3.91451971436 -11.1785275513 10.7284176392 250.129770992 -104.854961832 11.465648855 END
START -1.14203419189 -9.1697923584 14.6333605469 250.129770992 -98.786259542 12.5877862595 END
START 5.4922986084 -7.75242497559 13.0771294678 250.129770992 -97.5419847328 11.3282442748 END
START 0.0909796630859 -10.1059252075 8.76277807617 250.129770992 -103.679389313 10.572519084 END
START 9.27992563477 -13.2351467773 7.43639035645 250.129770992 -104.946564885 9.34351145038 END
START 11.7986257812 -7.50103380127 6.1052142334 250.129770992 -100.053435115 9.36641221374 END
START 1.45567460937 -7.98466253662 6.92163699951 250.129770992 -104.709923664 4.31297709924 END
START -1.2976572998 -11.8632692261 12.2080342651 250.129770992 -104.870229008 15.9389312977 END
START -1.32399351807 -7.16105716553 7.49624539795 250.129770992 -104.389312977 4.14503816794 END
START 2.94726224365 -10.0053687378 10.5895539429 250.129770992 -104.229007634 1.23664122137 END
START 3.40216055908 -11.7675011597 13.9342536621 250.129770992 -96.1450381679 6.23664122137 END
START 8.41322463379 -12.3421095581 3.82354005127 250.129770992 -104.595419847 2.93893129771 END
START 3.28245047607 -12.6413847656 8.88488236084 250.129770992 -91.5801526718 8.70992366412 END
START 1.32878192139 -12.6509615723 8.81305631104 250.129770992 -99.4045801527 -0.763358778626 END
START 8.01339295654 -8.15943925781 11.4323129272 250.129770992 -84.3129770992 -1.93893129771 END
START 8.02296976318 -8.58321295166 6.93360800781 250.129770992 -84.2595419847 6.92366412214 END
START 9.1219083252 -12.4881558594 9.2655604248 250.129770992 -63.5572519084 -1.51908396947 END
START 7.60398447266 -5.37019432373 9.85932243652 250.129770992 -61.7251908397 11.3053435115 END
START 2.78685073242 -10.8050320923 11.1785275513 250.129770992 -58.0839694656 3.41221374046 END
START 3.79959803467 -4.14436307373 9.38527050781 250.129770992 -58.6717557252 15.0687022901 END
START 3.72058937988 -8.87291135254 6.26323154297 250.129770992 -55.5801526718 2.17557251908 END
START 3.67270534668 -3.78283862305 4.49870491943 250.129770992 -51.7404580153 10.7328244275 END
START 3.61285030518 -11.0133276367 10.4698438599 250.129770992 -50.9007633588 -5.51908396947 END
START -1.59693250732 -11.9255184692 10.6230727661 250.129770992 -35.4427480916 1.32824427481 END
START -3.75650240479 -6.49068070068 7.89368287354 250.129770992 -52.5954198473 4.28244274809 END
START -1.05584293213 -7.46272657471 10.4674496582 250.129770992 -49.7633587786 13.0687022901 END
START 2.93529123535 -2.16675250244 7.72369455566 250.129770992 -38.572519084 7.06870229008 END
START -2.86585938721 -9.72764134521 5.41089575195 250.129770992 -41.106870229 4.70229007634 END
START 3.35667072754 -11.5161099854 8.45871446533 250.129770992 -57.0916030534 12.9541984733 END
START -3.13879837646 -8.39646522217 11.2766898193 250.129770992 -62.4045801527 6.07633587786 END
START 4.18506450195 -16.0674873413 5.40371314697 250.129770992 -60.6641221374 5.13740458015 END
START -4.03662399902 -12.0021329224 6.83305153809 250.129770992 -64.7022900763 -5.70229007634 END
START 4.90811340332 -3.53863005371 7.07486590576 250.129770992 -52.2519083969 6.48091603053 END
START -2.87064779053 -9.25119521484 11.6430026733 250.129770992 -50.8549618321 10.1832061069 END
START 1.592144104 -9.57920084229 3.39737215576 250.129770992 -56.2061068702 -3.19847328244 END
START -1.92493813477 -7.73566556396 5.50905802002 250.129770992 -62.0992366412 11.6183206107 END
START -0.727837304687 -10.4985742798 2.89219560547 250.129770992 -61.2977099237 -3.24427480916 END
START 0.0263362182617 -8.47307967529 6.95994422607 250.129770992 -65.0839694656 11.9847328244 END
START 0.574608398438 -15.4521775146 10.0891657959 250.129770992 -52.893129771 4.29007633588 END
START 3.12203896484 -2.205059729 3.37821854248 250.129770992 -68.1603053435 8.09160305344 END
START 3.98155736084 -12.2607067017 10.9151653687 250.129770992 -65.320610687 13.0305343511 END
START 2.4756045166 -8.66940421143 8.01818135986 250.129770992 -76.4351145038 6.5572519084 END
START 1.27132108154 -7.26879624023 6.00465776367 250.129770992 -70.9083969466 7.2213740458 END
START 4.96078583984 -4.6088381958 14.082694165 250.129770992 -78.4198473282 4.14503816794 END
START -2.92571442871 -6.51941112061 10.1777512573 250.129770992 -77.6641221374 6.6106870229 END
START -3.91451971436 -12.998120813 10.1633860474 250.129770992 -81.8015267176 2.15267175573 END
START -1.80762225342 0.00478840332031 17.2621939697 250.129770992 -87.4122137405 10.7938931298 END
START -1.12288057861 -10.5823713379 6.51701691895 250.129770992 -93.106870229 6.90839694656 END
START 0.268150585937 -4.97036264648 10.6925046143 250.129770992 -89.8091603053 12.9160305344 END
START 2.28646258545 -6.0812722168 10.553640918 250.129770992 -91.5190839695 6.48091603053 END
START 2.89219560547 -9.80665 5.33667550049 250.129770992 -98.427480916 7.00763358779 END
START -3.30639249268 -7.58483085937 7.93677850342 250.129770992 -95.0229007634 11.5190839695 END
START 5.1379567627 -13.8313029907 7.74763657227 250.129770992 -91.5648854962 11.9618320611 END
START 3.76847341309 -12.0476227539 7.81467421875 250.129770992 -102.076335878 6.7786259542 END
START 3.3231519043 -12.5839239258 9.62469067383 250.129770992 -103.79389313 6.93893129771 END
START 1.66875855713 -10.8553103271 7.6255322876 250.129770992 -94.106870229 10.9236641221 END
START 2.60010300293 -9.94072529297 4.89853659668 250.129770992 -89.6946564885 21.2061068702 END
START 0.15801730957 -11.772289563 10.5440641113 250.129770992 -93.8244274809 10.4809160305 END
START -1.12048637695 -9.63905588379 10.9295305786 250.129770992 -82.2213740458 6.70229007634 END
START 7.47948598633 -4.98951625977 3.60327349854 250.129770992 -92.2442748092 2.03816793893 END
START -3.33033450928 -8.81066210937 8.55208833008 250.129770992 -97.534351145 16.3282442748 END
START 0.409408483887 -5.12359155273 8.6167317749 250.129770992 -94.5877862595 0.00763358778626 END
START 1.93212073975 -9.59835445557 4.51067592773 250.129770992 -88.5419847328 9.81679389313 END
START 2.41096107178 -6.96952103271 10.2663367187 250.129770992 -95.8778625954 6.87022900763 END
START 0.689530078125 -11.750741748 6.65827481689 250.129770992 -91.1832061069 3.74809160305 END
START -1.27850368652 -11.7770779663 12.0787473755 250.129770992 -106.557251908 2.90076335878 END
START 0.62009822998 -13.6756798828 8.64546219482 250.129770992 -103.832061069 10.4351145038 END
START 3.07894333496 -6.52180532227 11.2072579712 250.129770992 -98.7328244275 3.41221374046 END
START 3.12922156982 -7.41005413818 3.90494290771 250.129770992 -104.79389313 3.06106870229 END
START -2.81318695068 -4.35265861816 7.58243665771 250.129770992 -102.160305344 3.34351145038 END
START 0.694318481445 -6.46195028076 8.59518395996 250.129770992 -105.145038168 2.26717557252 END
START 2.32476981201 -12.1769096436 4.37660063477 250.129770992 -104.160305344 7.28244274809 END
START 2.41096107178 -12.6150485474 8.70531723633 250.129770992 -103.893129771 4.09923664122 END
START -1.7788918335 -14.1736738281 13.1752917358 250.129770992 -101.259541985 7.80916030534 END
START -0.184353527832 -8.08761320801 5.01345827637 250.129770992 -101.526717557 7.34351145038 END
START 2.82036955566 -5.36301171875 9.40202991943 250.129770992 -105.267175573 17.4198473282 END
START -2.21942493896 -5.75326658936 7.50342800293 250.129770992 -101.816793893 18.358778626 END
START 4.85304676514 -4.56334836426 10.7020814209 250.129770992 -98.1832061069 8.99236641221 END
START -2.29843359375 -10.038887561 6.42603725586 250.129770992 -96.8778625954 6.38167938931 END
START -0.284909997559 -13.1705033325 11.3389390625 250.129770992 -91.8778625954 4.28244274809 END
START 5.56651885986 -2.17154090576 7.95832631836 250.129770992 -105.27480916 9.25954198473 END
START 4.61123239746 -5.67186373291 11.2192289795 250.129770992 -94.893129771 5.19083969466 END
START 5.37977113037 -8.66940421143 7.601590271 250.129770992 -84.8702290076 13.3893129771 END
START 6.90008918457 -4.59447298584 5.4803276001 250.129770992 -94.7099236641 8.11450381679 END
START -3.08373173828 -6.92642540283 10.5632177246 250.129770992 -84.6335877863 11.4045801527 END
START 5.82030423584 -12.5336456909 7.50342800293 250.129770992 -77.2595419847 8.38167938931 END
START 6.41646044922 -8.98304462891 10.165780249 250.129770992 -77.4045801527 4.97709923664 END
START -1.05584293213 -11.0444522583 4.07014282227 250.129770992 -63.213740458 5.43511450382 END
START 2.97599266357 -8.15225665283 8.68855782471 250.129770992 -69.1145038168 3.32824427481 END
START 6.58166036377 -8.35336959229 11.645396875 250.129770992 -65.5114503817 1.8320610687 END
START 7.91044228516 -11.765106958 8.11634362793 250.129770992 -63.3358778626 11.7557251908 END
START 7.10359632568 -9.72524714355 2.32237561035 250.129770992 -56.5267175573 1.73282442748 END
START 8.8154505127 -6.5074401123 8.3102739624 250.129770992 -62.3511450382 -5.11450381679 END
START 5.73171877441 -12.758700647 9.95030209961 250.129770992 -62.4122137405 4.71755725191 END
START 2.03028300781 -7.67581052246 10.1753570557 250.129770992 -43.5801526718 -4.41221374046 END
START -1.32399351807 -1.08217915039 6.96712683105 250.129770992 -48.8702290076 6.82442748092 END
START 3.14837518311 -3.83551105957 9.09078370361 250.129770992 -48.7022900763 4.92366412214 END