START 3.42610257568 -9.78031378174 1.43891519775 250.129770992 -60.213740458 10.4732824427 END
START 3.78044442139 -14.956577771 9.39724151611 250.129770992 -57.7099236641 9.58015267176 END
START -2.6862942627 -14.7889836548 8.76517227783 250.129770992 -59.8473282443 3.3358778626 END
START -2.30322199707 -6.83305153809 8.85854614258 250.129770992 -63.5572519084 10.4809160305 END
START 2.65277543945 -8.78672009277 8.04451757812 250.129770992 -53.8473282443 5.00763358779 END
START -3.55778366699 -9.07163009033 6.33266339111 250.129770992 -72.5038167939 11.0610687023 END
START 2.37025964355 -12.4402718262 16.443377002 250.129770992 -51.2671755725 12.2061068702 END
START -1.81001645508 -7.39808312988 15.7059628906 250.129770992 -54.2824427481 5.45038167939 END
START -5.27203205566 -7.52018741455 9.03092866211 250.129770992 -49.0381679389 0.564885496183 END
START -2.0733786377 -10.4291424316 10.1083194092 250.129770992 -42.3053435115 12.2290076336 END
START -1.97042796631 -8.49941589355 5.18823499756 250.129770992 -57.3435114504 10.6335877863 END
START -1.01274730225 -9.44273134766 2.66235224609 250.129770992 -47.1755725191 13.9694656489 END
START -14.8751749146 -13.5032973633 5.83706364746 250.129770992 -61.8091603053 1.93893129771 END
START -2.22421334229 -9.88087025146 3.75171400146 250.129770992 -61.1221374046 13.4045801527 END
START -4.35265861816 -4.07014282227 7.92241329346 250.129770992 -58.3664122137 18.465648855 END
START -5.22414802246 -6.92642540283 8.60715496826 250.129770992 -53.4503816794 8.41984732824 END
START -4.99430466309 -14.9757313843 7.0844427124 250.129770992 -70.8167938931 2.23664122137 END
START -5.33188709717 -8.67179841309 1.68551796875 250.129770992 -82.4198473282 0.198473282443 END
START 0.490811340332 -17.9756660645 12.9478425781 250.129770992 -77.5038167939 10.0458015267 END
START 5.15232197266 -5.71495936279 3.14598098145 250.129770992 -70.8625954198 10.6564885496 END
START -9.49300958252 -10.0484643677 2.32476981201 250.129770992 -82.4580152672 5.14503816794 END
START -7.24485422363 -9.55765302734 2.19069451904 250.129770992 -81.4198473282 13.572519084 END
START -2.63601602783 -9.03332286377 0.256179577637 250.129770992 -80.1832061069 -3.45801526718 END
START -3.62242711182 -16.0004496948 4.25689055176 250.129770992 -81.9847328244 5.70992366412 END
START -0.538695373535 -10.4746322632 4.50109912109 250.129770992 -89.3664122137 11.9618320611 END
START 0.368707055664 -11.6406084717 4.93684382324 250.129770992 -97.5877862595 4.1679389313 END
START 4.16591088867 -14.6812445801 9.79946739502 250.129770992 -94.0305343511 6.86259541985 END
START -3.87381828613 -10.7619364624 6.79953271484 250.129770992 -84.641221374 10.641221374 END
START -0.538695373535 -8.87051715088 9.97184991455 250.129770992 -87.0458015267 10.5954198473 END
START 2.10210905762 -6.92163699951 5.42286676025 250.129770992 -77.3816793893 -5.08396946565 END
START -3.16992299805 -8.29351455078 5.87297667236 250.129770992 -98.5648854962 7.93129770992 END
START -0.976834277344 -12.8496803101 6.58644876709 250.129770992 -91.0839694656 12.3893129771 END
START -5.1858407959 -8.46110866699 5.19302340088 250.129770992 -88.0687022901 3.68702290076 END
START 5.51145222168 -5.03979449463 8.31506236572 250.129770992 -103.664122137 0.0610687022901 END
START 1.5322890625 -4.22576593018 8.89685336914 250.129770992 -98.9618320611 0.36641221374 END
START 8.16901606445 -7.98705673828 4.83628735352 250.129770992 -104.053435115 1.67938931298 END
START -6.11957944336 -13.6517378662 10.0771947876 250.129770992 -96.8702290076 5.79389312977 END
START -3.4069489624 -11.518504187 6.03578238525 250.129770992 -104.610687023 15.6335877863 END
START 7.40526573486 -15.9573540649 6.76840809326 250.129770992 -104.236641221 1.70992366412 END
START 1.73819040527 -13.4649901367 8.26957253418 250.129770992 -104.541984733 9.63358778626 END
START 1.65678754883 -9.94311949463 11.1904985596 250.129770992 -104.832061069 13.7175572519 END
START -1.67833536377 -7.80749161377 7.62313808594 250.129770992 -101.816793893 8.32824427481 END
START -3.41413156738 -14.2838071045 10.3166149536 250.129770992 -103.79389313 4.06870229008 END
START -5.36301171875 -11.7531359497 8.94952580566 250.129770992 -101.877862595 -3.73282442748 END
START 1.59693250732 -10.3525279785 11.5735708252 250.129770992 -105.458015267 3.96946564885 END
START -2.49715233154 -9.29907924805 10.0819831909 250.129770992 -104.58778626 11.4045801527 END
START 6.89290657959 -14.0874825684 10.8217915039 250.129770992 -99.3358778626 8.12977099237 END
START 2.65995804443 -13.2255699707 10.2950671387 250.129770992 -95.0 12.9618320611 END
START 3.9959225708 -9.69651672363 7.71172354736 250.129770992 -103.114503817 6.69465648855 END
START -1.89620771484 -1.76452662354 5.36540592041 250.129770992 -99.4885496183 6.74809160305 END
START 0.418985290527 -13.9079174438 11.518504187 250.129770992 -106.694656489 7.98473282443 END
START 5.73890137939 -4.35984122314 12.8448919067 250.129770992 -94.641221374 14.3435114504 END
START -0.557848986816 -4.92487281494 10.8960117554 250.129770992 -97.3740458015 5.0 END
START -0.713472094727 -8.5688477417 7.19936439209 250.129770992 -90.9465648855 0.435114503817 END
START -5.17147558594 -10.1490208374 9.36372269287 250.129770992 -95.5801526718 3.2213740458 END
START 5.81551583252 -15.7346933105 8.45392606201 250.129770992 -81.9083969466 -0.450381679389 END
START -0.349553442383 -6.22731851807 10.6685625977 250.129770992 -95.4122137405 6.3893129771 END
START 5.53539423828 -6.30393297119 6.20337650146 250.129770992 -72.6030534351 9.98473282443 END
START 5.7987564209 -6.87854136963 14.0802999634 250.129770992 -66.7099236641 1.7786259542 END
START 1.88423670654 -9.59356605225 5.73650717773 250.129770992 -63.5038167939 6.3358778626 END
START -4.01747038574 -11.8560866211 8.85615194092 250.129770992 -64.6335877863 1.29770992366 END
START 5.00866987305 -4.85065256348 8.08761320801 250.129770992 -55.4580152672 7.6106870229 END
START 3.48356341553 -7.64229169922 9.84974562988 250.129770992 -52.8091603053 8.6641221374 END
START 1.66875855713 -9.19852277832 6.55053574219 250.129770992 -43.5954198473 4.77099236641 END
START -0.61770402832 -12.2583125 8.8992475708 250.129770992 -46.9847328244 5.6106870229 END
START 5.69819995117 -12.9406599731 7.62792648926 250.129770992 -52.786259542 10.2671755725 END
START -3.09091434326 -9.64623848877 8.01818135986 250.129770992 -52.572519084 -2.14503816794 END
START -2.35828863525 -7.6255322876 8.79629689941 250.129770992 -47.4961832061 19.6717557252 END
START -4.04620080566 -12.1266314087 6.22492431641 250.129770992 -45.2366412214 0.824427480916 END
START -5.45399138184 -14.9589719727 7.39329472656 250.129770992 -51.8167938931 7.75572519084 END
START -7.80030900879 -8.10437261963 6.83305153809 250.129770992 -58.4045801527 -1.02290076336 END
START -0.3064578125 -15.9884786865 1.44130939941 250.129770992 -51.5954198473 13.0229007634 END
START -3.49314022217 -11.2264115845 7.56567724609 250.129770992 -37.6183206107 -3.64122137405 END
START 3.21301862793 -14.7482822266 11.9350952759 250.129770992 -55.0839694656 6.54961832061 END
START -2.13083947754 -8.91600698242 7.81228001709 250.129770992 -48.2366412214 11.3969465649 END
START -2.98556947021 -10.5656119263 2.94965644531 250.129770992 -38.0610687023 7.13740458015 END
START -12.737152832 -9.47146176758 4.94163222656 250.129770992 -58.0076335878 12.9160305344 END
START -7.04134708252 -9.77313117676 11.3868230957 250.129770992 -56.534351145 8.7786259542 END
START 0.244208569336 -8.75080706787 5.7508723877 250.129770992 -39.8091603053 11.1908396947 END
START -8.17859287109 -13.4817495483 6.05014759521 250.129770992 -43.5572519084 0.396946564885 END
START -6.09803162842 -12.2966197266 7.51779321289 250.129770992 -56.8091603053 5.20610687023 END
START -3.01190568848 -9.77791958008 9.83538041992 250.129770992 -60.3053435115 9.52671755725 END
START -4.12999786377 -8.61912597656 13.8408797974 250.129770992 -60.5419847328 -0.656488549618 END
START 5.13316835937 -6.88332977295 7.14190355225 250.129770992 -79.1679389313 9.25190839695 END
START -2.68868846436 -7.48427438965 9.2057053833 250.129770992 -66.6717557252 0.259541984733 END
START -10.8409451172 -11.9494604858 7.88650026855 250.129770992 -62.4045801527 8.98473282443 END
START -2.43729729004 -6.91206019287 7.47948598633 250.129770992 -63.5114503817 -0.0992366412214 END
START 3.58890828857 -8.09479581299 11.0971246948 250.129770992 -74.2213740458 13.5801526718 END
START 3.61285030518 -13.6684972778 4.13478626709 250.129770992 -69.8320610687 13.0992366412 END
START -3.93846173096 -9.50737479248 6.65348641357 250.129770992 -83.6030534351 -1.09160305344 END
START 0.210689746094 -10.3357685669 6.67742843018 250.129770992 -78.0 16.3893129771 END
START 1.4963760376 -11.8082025879 9.28231983643 250.129770992 -83.2061068702 18.4732824427 END
START 10.6278611694 -17.2214925415 10.2471831055 250.129770992 -82.4198473282 8.12213740458 END
START 0.557848986816 -10.5943423462 8.18338127441 250.129770992 -78.6259541985 15.534351145 END
START -6.23928952637 -13.7953899658 12.9885440063 250.129770992 -88.8625954198 5.46564885496 END
START 1.45806881104 -8.68137521973 4.656722229 250.129770992 -88.4122137405 4.22900763359 END
START 6.12915625 -6.26562574463 4.27604416504 250.129770992 -65.3358778626 11.9770992366 END
START 2.68868846436 -5.68144053955 6.93600220947 250.129770992 -88.0152671756 10.1908396947 END
START -0.60573302002 -11.6070896484 11.5639940186 250.129770992 -91.9541984733 0.320610687023 END
START 2.17393510742 -9.82819781494 9.45470235596 250.129770992 -91.6488549618 5.0534351145 END
START 3.19147081299 -10.0819831909 7.96550892334 250.129770992 -102.41221374 10.0229007634 END
START 8.5688477417 -11.7627127563 4.3622354248 250.129770992 -106.72519084 9.61832061069 END
START 8.38449421387 -12.6126543457 8.34858118896 250.129770992 -94.5648854962 10.4809160305 END
START 6.71094725342 -8.46110866699 0.821211169434 250.129770992 -94.4580152672 14.7328244275 END
START 1.90099611816 -3.46201560059 7.47469758301 250.129770992 -93.2900763359 2.03816793893 END
START -4.19703551025 -14.5256214722 5.63355650635 250.129770992 -97.1374045802 8.41221374046 END
START 7.48666859131 -7.31428607178 2.81079274902 250.129770992 -102.480916031 0.870229007634 END
START 2.59292039795 -16.069881543 7.27358464355 250.129770992 -105.198473282 2.4427480916 END
START 7.00543405762 -16.7546232178 6.20577070312 250.129770992 -105.419847328 1.67938931298 END
START 1.76213242187 -8.47786807861 10.285490332 250.129770992 -96.7480916031 10.4503816794 END
START -5.12119735107 -8.69574042969 7.90086547852 250.129770992 -103.900763359 4.29007633588 END
START 9.38766470947 -7.52497581787 6.12436784668 250.129770992 -105.190839695 13.6641221374 END
START 2.60010300293 -12.8496803101 5.68862314453 250.129770992 -97.2442748092 2.19083969466 END
START -2.85388837891 -9.98621512451 11.9111532593 250.129770992 -106.351145038 3.27480916031 END
START -6.35899960937 -9.22246479492 12.2128226685 250.129770992 -104.267175573 15.2900763359 END
START 2.4516625 -7.8960770752 11.3197854492 250.129770992 -104.671755725 5.28244274809 END
START 0.675164868164 -10.6494089844 9.89284125977 250.129770992 -106.160305344 7.90839694656 END
START 0.234631762695 -16.6397015381 6.24647213135 250.129770992 -84.4732824427 4.40458015267 END
START 3.77326181641 -11.779472168 6.25604893799 250.129770992 -92.2748091603 1.95419847328 END
START 3.18668240967 -9.5121631958 2.77727392578 250.129770992 -93.534351145 -1.76335877863 END
START 1.65678754883 -11.3820346924 4.10845004883 250.129770992 -79.1450381679 15.0381679389 END
START 3.0286651001 -8.39885942383 7.0006456543 250.129770992 -95.7938931298 4.58015267176 END
START 1.21625444336 -6.76122548828 12.2918313232 250.129770992 -81.5267175573 10.9083969466 END
START 5.66468112793 -3.74692559814 6.89769498291 250.129770992 -74.0076335878 10.7786259542 END
START 0.342370837402 0.61770402832 5.25287844238 250.129770992 -67.2290076336 12.3511450382 END
START -0.720654699707 -17.8128603516 7.95832631836 250.129770992 -73.5267175573 6.54961832061 END
START 2.67911165771 -11.145008728 11.6669446899 250.129770992 -68.1374045802 6.83969465649 END
START 7.66623371582 -8.34139858398 8.17141026611 250.129770992 -69.1984732824 8.0534351145 END
START 2.38941325684 -11.6430026733 8.37731160889 250.129770992 -65.4885496183 4.91603053435 END
START 4.51546433105 -10.3836526001 6.54095893555 250.129770992 -62.9312977099 12.7633587786 END
START -4.77882651367 -14.223952063 7.3789295166 250.129770992 -57.8549618321 5.3358778626 END
START -2.57137258301 -1.47961662598 3.97437475586 250.129770992 -68.3816793893 9.32061068702 END
START 4.82192214355 -8.10197841797 6.83544573975 250.129770992 -66.6717557252 5.24427480916 END
START 7.77157858887 -2.37744224854 8.75559547119 250.129770992 -56.7328244275 15.9160305344 END
START -2.00394678955 -7.10120212402 6.41406624756 250.129770992 -61.7557251908 -0.580152671756 END
START 2.44208569336 -10.3692873901 9.49300958252 250.129770992 -62.8167938931 -3.59541984733 END
START -3.96958635254 -7.34062229004 3.87381828613 250.129770992 -61.7175572519 6.96183206107 END
START 1.71664259033 -12.2343704834 3.50271702881 250.129770992 -68.6335877863 8.74045801527 END
START -0.119710083008 -10.1274730225 6.66545742187 250.129770992 -68.7175572519 7.19847328244 END
START 1.58496149902 -13.8600334106 8.47307967529 250.129770992 -66.4351145038 2.09160305344 END
START 6.94797321777 -6.15070406494 9.70848773193 250.129770992 -66.5648854962 4.62595419847 END
START -2.86346518555 -12.4450602295 5.95198532715 250.129770992 -62.6259541985 2.26717557252 END