START -2.79163913574 -16.0028438965 5.32949289551 250.129770992 -87.2900763359 5.45801526718 END
START -11.6980693115 -13.4003466919 5.8346694458 250.129770992 -87.5267175573 5.16030534351 END
START 7.61116707764 -9.17458076172 10.5751887329 250.129770992 -95.2061068702 8.82442748092 END
START -4.41011945801 -9.8425630249 8.13789144287 250.129770992 -101.900763359 8.19083969466 END
START 0.735019909668 -10.9008001587 5.4444145752 250.129770992 -104.595419847 9.84732824427 END
START -1.76213242187 -13.1202250977 6.09803162842 250.129770992 -103.038167939 9.60305343511 END
START 5.88494768066 -5.10204373779 6.16985767822 250.129770992 -104.755725191 11.106870229 END
START 0.782903942871 -3.62003291016 5.46117398682 250.129770992 -103.908396947 9.63358778626 END
START 0.60573302002 -8.0038161499 2.06380183105 250.129770992 -104.740458015 12.6183206107 END
START 3.07415493164 -17.3771156494 5.03261188965 250.129770992 -103.786259542 13.1374045802 END
START 6.38533582764 -11.7124345215 7.61116707764 250.129770992 -102.114503817 -1.81679389313 END
START 2.56179577637 -14.5351982788 4.9751510498 250.129770992 -104.358778626 11.1679389313 END
START -2.77248552246 -6.28956776123 6.91684859619 250.129770992 -104.534351145 12.2442748092 END
START 1.97761057129 -8.77474908447 5.10204373779 250.129770992 -104.442748092 -0.549618320611 END
START 3.60806190186 -10.9343189819 6.87375296631 250.129770992 -104.65648855 21.4122137405 END
START 8.27196673584 -10.9845972168 8.28154354248 250.129770992 -104.580152672 14.7480916031 END
START 2.57855518799 -9.99100352783 4.02225878906 250.129770992 -105.114503817 12.641221374 END
START -0.232237561035 -11.3317564575 7.48906279297 250.129770992 -104.236641221 11.4503816794 END
START -0.778115539551 -3.50511123047 7.3190744751 250.129770992 -104.496183206 11.4351145038 END
START 2.00873519287 -8.18816967773 5.8466404541 250.129770992 -104.145038168 4.25954198473 END
START 14.2670476929 -7.22091220703 10.1125092621 250.129770992 -97.1526717557 12.1984732824 END
START -0.732625708008 -9.30147344971 8.01818135986 250.129770992 -100.72519084 5.4427480916 END
START 7.49385119629 -10.7308118408 8.6167317749 250.129770992 -92.5954198473 11.5267175573 END
START 4.58010777588 -7.57525405273 9.04050546875 250.129770992 -67.8473282443 1.15267175573 END
START 5.78917961426 -11.4203419189 7.32386287842 250.129770992 -61.2519083969 7.07633587786 END
START 6.49068070068 -6.69897624512 10.1322614258 250.129770992 -69.4122137405 11.9389312977 END
START -0.703895288086 -13.1154366943 9.86889924316 250.129770992 -66.6717557252 4.34351145038 END
START 0.536301171875 -6.46913288574 6.53138212891 250.129770992 -49.572519084 8.73282442748 END
START 0.909796630859 -7.46033237305 -0.141257897949 250.129770992 -48.8778625954 14.8244274809 END
START 0.162805712891 -8.8154505127 11.4849853638 250.129770992 -53.679389313 9.88549618321 END
START -0.474051928711 -5.74368978271 8.83699832764 250.129770992 -49.4351145038 7.95419847328 END
START 8.67179841309 -11.1737391479 3.98155736084 250.129770992 -40.0916030534 6.00763358779 END
START 2.73896669922 -6.6822168335 9.440337146 250.129770992 -53.6259541985 10.9847328244 END
START 0.440533105469 -10.7379944458 10.4075946167 250.129770992 -43.9770992366 14.6106870229 END
START -4.21379492187 -7.79312640381 6.7061588501 250.129770992 -50.0610687023 7.00763358779 END
START 3.43328518066 -4.290409375 4.92487281494 250.129770992 -43.7328244275 6.84732824427 END
START -1.44849200439 -4.82431634521 2.88261879883 250.129770992 -35.6259541985 3.24427480916 END
START 2.4277204834 -15.0714994507 9.47864437256 250.129770992 -41.7328244275 3.42748091603 END
START -3.27766207275 -7.13232674561 8.49941589355 250.129770992 -41.7633587786 16.8091603053 END
START 4.59926138916 -13.4266829102 9.32062706299 250.129770992 -47.2519083969 17.5496183206 END
START -1.33835872803 -7.02219346924 5.70059415283 250.129770992 -57.6717557252 9.1679389313 END
START -3.4069489624 -4.69024105225 13.4075292969 250.129770992 -65.3969465649 7.62595419847 END
START 3.59369669189 -9.69891092529 5.27442625732 250.129770992 -58.7709923664 4.62595419847 END
START 8.02057556152 -6.19140549316 9.04289967041 250.129770992 -58.4122137405 0.854961832061 END
START 5.30794508057 -8.57363614502 12.3038023315 250.129770992 -78.1450381679 7.54961832061 END
START 1.57059628906 -6.47870969238 5.81791003418 250.129770992 -65.5190839695 10.9236641221 END
START 1.30244570312 -6.57687196045 16.8264492676 250.129770992 -68.213740458 2.69465648855 END
START 1.98000477295 -10.0293107544 13.4266829102 250.129770992 -82.5267175573 8.69465648855 END
START 4.06296021729 -11.293449231 0.0885854614258 250.129770992 -76.0458015267 1.3358778626 END
START 1.62805712891 -8.2264769043 7.01979926758 250.129770992 -65.0610687023 12.4885496183 END
START -0.0287304199219 -4.56334836426 6.01662877197 250.129770992 -85.4961832061 6.03816793893 END
START 2.88261879883 -13.6373726562 3.45243879395 250.129770992 -80.9923664122 2.3358778626 END
START 5.39413634033 -11.0276928467 6.10760843506 250.129770992 -90.9923664122 15.2671755725 END
START -6.0812722168 -8.93755479736 7.35259329834 250.129770992 -96.5190839695 12.4809160305 END
START 2.03507141113 -5.80593902588 4.99191046143 250.129770992 -100.86259542 -1.6106870229 END
START 0.802057556152 -11.7148287231 6.1890112915 250.129770992 -103.450381679 6.25954198473 END
START 4.26886156006 -9.27034882812 4.35505281982 250.129770992 -105.20610687 22.5419847328 END
START 10.0724063843 -9.18894597168 7.24246002197 250.129770992 -104.030534351 -0.198473282443 END
START -4.63038601074 -7.86495245361 6.57926616211 250.129770992 -104.549618321 9.79389312977 END
START -9.12909093018 -2.77248552246 4.76446130371 250.129770992 -104.34351145 -1.70229007634 END
START 4.90571920166 -7.84101043701 13.6924392944 250.129770992 -104.312977099 7.87022900763 END
START 5.75805499268 -8.71728824463 7.35019909668 250.129770992 -96.7022900763 8.88549618321 END
START 4.29280357666 -13.5990654297 8.44195505371 250.129770992 -100.198473282 5.36641221374 END
START 1.90578452148 -5.55933625488 10.2591541138 250.129770992 -104.58778626 11.1221374046 END
START 2.89458980713 -10.2974613403 10.307038147 250.129770992 -103.816793893 3.22900763359 END
START 5.80833322754 -13.737929126 10.9941740234 250.129770992 -104.221374046 12.7328244275 END
START 6.93121380615 -3.63679232178 11.2407767944 250.129770992 -103.610687023 8.18320610687 END
START 9.58398924561 -14.7865894531 7.14190355225 250.129770992 -96.3969465649 1.58778625954 END
START 1.82917006836 -1.80522805176 3.95761534424 250.129770992 -97.6564885496 10.0152671756 END
START 6.1411272583 -13.0531874512 10.41238302 250.129770992 -91.8778625954 4.20610687023 END
START 4.97036264648 -12.8041904785 8.45632026367 250.129770992 -94.4122137405 7.73282442748 END
START 4.15154567871 -13.251906189 14.2718360962 250.129770992 -81.4885496183 7.20610687023 END
START -1.5682020874 -13.0364280396 8.06367119141 250.129770992 -81.641221374 14.9694656489 END
START 12.2223994751 -5.48272180176 4.78122071533 250.129770992 -66.786259542 -0.916030534351 END
START 4.01507618408 -4.32153399658 10.6087075562 250.129770992 -54.0381679389 4.73282442748 END
START 5.27921466064 -6.15788666992 5.80354482422 250.129770992 -50.1908396947 9.12213740458 END