START 3.45243879395 -3.70861837158 14.9230589478 250.129770992 -86.0992366412 8.07633587786 END
START -4.53222374268 -9.57680664062 4.19464130859 250.129770992 -78.3358778626 21.4427480916 END
START 1.35272393799 -15.5742817993 7.76200178223 250.129770992 -92.8778625954 7.74809160305 END
START -0.656011254883 -13.1082540894 7.35977590332 250.129770992 -83.7938931298 4.93129770992 END
START 2.23139594727 -5.98789835205 6.58405456543 250.129770992 -88.2900763359 8.56488549618 END
START 6.23450112305 -8.16422766113 7.82425102539 250.129770992 -107.145038168 1.67175572519 END
START -3.51229383545 -5.47075079346 4.89614239502 250.129770992 -102.091603053 15.2900763359 END
START 5.80593902588 -5.86100566406 7.9200190918 250.129770992 -101.908396947 -3.31297709924 END
START 3.89776030273 -9.29429084473 7.03416447754 250.129770992 -96.4122137405 6.79389312977 END
START -1.97282216797 -12.4953384644 8.59518395996 250.129770992 -93.465648855 11.9007633588 END
START 3.46440980225 -8.01339295654 5.67665213623 250.129770992 -107.061068702 9.37404580153 END
START -5.62158549805 -1.96085115967 4.19224710693 250.129770992 -105.305343511 6.48091603053 END
START 1.13963999023 -12.519280481 9.46906756592 250.129770992 -105.122137405 8.04580152672 END
START -7.65426270752 -8.39885942383 10.8313683105 250.129770992 -104.832061069 0.450381679389 END
START 4.6447512207 -6.76840809326 8.61194337158 250.129770992 -104.381679389 0.862595419847 END
START 2.96402165527 -3.1004911499 4.63756861572 250.129770992 -104.519083969 9.24427480916 END
START 5.28639726562 -6.59841977539 8.70052883301 250.129770992 -104.053435115 5.72519083969 END
START -1.57299049072 -4.20661231689 5.59285507812 250.129770992 -103.847328244 19.7099236641 END
START 3.06936652832 -9.21528218994 5.53300003662 250.129770992 -97.893129771 7.26717557252 END
START 2.59531459961 -5.61679709473 8.09958421631 250.129770992 -103.916030534 9.86259541985 END
START 8.73404765625 -7.90325968018 12.2295820801 250.129770992 -88.9541984733 4.51908396947 END
START -0.14604630127 -12.3756283813 4.71178886719 250.129770992 -90.7709923664 4.17557251908 END
START 4.91769020996 -10.0173397461 6.21055910645 250.129770992 -87.5801526718 9.19083969466 END
START -2.84191737061 -8.44434925537 9.2416184082 250.129770992 -93.3129770992 7.49618320611 END
START 6.05972440186 -9.79228479004 11.9734025024 250.129770992 -94.2595419847 6.54961832061 END
START 3.94085593262 -1.60650931396 8.51138690186 250.129770992 -85.1832061069 -1.62595419847 END
START -1.99915838623 -11.4993505737 4.0078935791 250.129770992 -94.4198473282 12.6488549618 END
START 4.60644399414 4.13239206543 9.80186159668 250.129770992 -75.0076335878 5.18320610687 END
START -0.359130249023 -11.1904985596 6.86417615967 250.129770992 -90.8167938931 9.32824427481 END
START 8.71489404297 -11.877634436 15.7227223022 250.129770992 -82.9923664122 3.90076335878 END
START -1.11330377197 -13.1776859375 11.4849853638 250.129770992 -64.6335877863 7.49618320611 END
START -1.28808049316 -7.21612380371 7.06528909912 250.129770992 -63.5648854962 8.48854961832 END
START 2.28646258545 -4.24491954346 8.51617530518 250.129770992 -65.8244274809 10.465648855 END
START 1.01753570557 -7.55610043945 9.84495722656 250.129770992 -47.6259541985 16.6870229008 END
START -2.06859023437 -17.2334635498 3.48835181885 250.129770992 -57.2442748092 5.43511450382 END
START 0.256179577637 -6.82586893311 9.10514891357 250.129770992 -51.1603053435 6.39694656489 END
START 0.725443103027 -1.88184250488 7.25203682861 250.129770992 -53.8320610687 8.48854961832 END
START -1.93690914307 -5.882553479 3.67270534668 250.129770992 -49.3358778626 -1.92366412214 END
START 5.70298835449 -9.2296473999 8.42758984375 250.129770992 -47.9541984733 16.1679389313 END
START 1.19470662842 -9.51455739746 4.65432802734 250.129770992 -47.7786259542 9.61832061069 END
START -8.79150849609 -9.31105025635 13.9462246704 250.129770992 -60.4198473282 -4.07633587786 END
START 6.23689532471 -12.1936690552 6.42603725586 250.129770992 -63.7938931298 0.717557251908 END
START 0.100556469727 -12.2942255249 12.1194488037 250.129770992 -64.3816793893 12.0458015267 END
START 0.641646044922 -2.43490308838 5.58327827148 250.129770992 -61.2671755725 13.6335877863 END
START -1.71424838867 -9.24880101318 6.46195028076 250.129770992 -67.5190839695 4.46564885496 END
START -1.92254393311 -9.34456907959 12.4211182129 250.129770992 -57.5267175573 9.69465648855 END
START 0.100556469727 -7.28555565186 12.24394729 250.129770992 -64.2748091603 -1.07633587786 END
START -0.256179577637 -6.44997927246 12.737152832 250.129770992 -66.2900763359 0.160305343511 END
START 6.76840809326 -12.1481792236 7.35738170166 250.129770992 -60.5954198473 9.54961832061 END
START -1.98000477295 -8.68855782471 7.82903942871 250.129770992 -72.6335877863 12.1450381679 END
START -1.592144104 -6.27759675293 8.2623899292 250.129770992 -64.0916030534 3.26717557252 END
START -6.1052142334 -8.80108530273 8.6406737915 250.129770992 -75.3358778626 2.19847328244 END
START -2.21942493896 -5.52102902832 8.12831463623 250.129770992 -76.4503816794 9.1679389313 END
START 0.727837304687 -10.9391073853 3.88339509277 250.129770992 -88.7022900763 0.213740458015 END
START -0.799663354492 -8.29590875244 7.05810649414 250.129770992 -85.5954198473 5.41221374046 END
START -1.35990654297 0.15083470459 10.6685625977 250.129770992 -89.213740458 6.14503816794 END
START 2.86346518555 -11.2838724243 2.38941325684 250.129770992 -98.8625954198 13.0458015267 END
START 1.62566292725 -17.1568490967 5.92564910889 250.129770992 -95.2748091603 -5.48091603053 END
START -0.641646044922 -3.6176387085 7.62792648926 250.129770992 -93.8854961832 13.2519083969 END
START 4.88177718506 -10.8936175537 7.75481917725 250.129770992 -86.2366412214 7.3893129771 END
START 0.31124621582 -11.2982376343 7.96072052002 250.129770992 -92.1221374046 12.2290076336 END
START 0.588973608398 -14.5567460937 9.33978067627 250.129770992 -107.458015267 7.18320610687 END
START 1.93451494141 -9.67018050537 2.79642753906 250.129770992 -101.748091603 -5.96183206107 END
START 3.71580097656 -1.65199914551 10.8768581421 250.129770992 -99.5801526718 0.824427480916 END
START 4.52025273438 -12.2104284668 11.2335941895 250.129770992 -102.335877863 13.358778626 END
START 5.07091911621 -3.19865341797 9.62947907715 250.129770992 -94.7328244275 2.45038167939 END
START -0.0694318481445 -10.3597105835 14.3101433228 250.129770992 -98.7709923664 6.69465648855 END
START 3.3590649292 -17.0682636353 2.51870014648 250.129770992 -98.1145038168 1.1679389313 END
START 5.19062919922 -5.90888969727 13.8097551758 250.129770992 -96.4503816794 -3.00763358779 END
START 0.385466467285 -14.2814129028 9.52652840576 250.129770992 -95.6183206107 5.64885496183 END
START 3.87142408447 -13.1130424927 2.34392342529 250.129770992 -95.893129771 1.29007633588 END
START -1.28089788818 -13.4314713135 9.98382092285 250.129770992 -100.435114504 -1.29770992366 END
START -2.70784207764 -8.13310303955 7.20415279541 250.129770992 -88.572519084 4.73282442748 END
START 5.54736524658 -12.624625354 7.88410606689 250.129770992 -98.7099236641 11.6717557252 END
START -3.11725056152 -14.6357547485 7.27837304687 250.129770992 -76.0687022901 10.2748091603 END
START 4.77164390869 -7.37653531494 9.17936916504 250.129770992 -68.9160305344 10.1526717557 END
START 2.4037784668 -7.88650026855 2.89698400879 250.129770992 -88.5114503817 10.5114503817 END
START 3.95522114258 -9.78031378174 9.31583865967 250.129770992 -69.6946564885 13.6106870229 END
START 5.98789835205 -11.9590372925 11.1809217529 250.129770992 -65.2290076336 4.63358778626 END
START 9.47864437256 -10.9079827637 8.19056387939 250.129770992 -66.0687022901 9.54198473282 END
START 1.33117612305 -3.1124621582 6.84023414307 250.129770992 -72.0458015267 11.213740458 END
START 5.47314499512 -9.72045874023 11.9231242676 250.129770992 -49.0152671756 13.2748091603 END
START 5.19062919922 -9.41400092773 1.32399351807 250.129770992 -64.1908396947 7.6106870229 END
START 0.320823022461 -9.5121631958 5.20260020752 250.129770992 -58.9770992366 12.8167938931 END
START 1.78846864014 -3.01429989014 10.9438957886 250.129770992 -48.5038167939 9.3358778626 END
START -1.65439334717 -13.3189438354 7.47469758301 250.129770992 -53.8396946565 7.82442748092 END
START 1.28808049316 -9.7587659668 15.2726123901 250.129770992 -43.4427480916 1.92366412214 END
START 1.87944830322 -11.2742956177 10.180145459 250.129770992 -39.8625954198 10.5648854962 END
START -4.50349332275 -4.39336004639 3.94564433594 250.129770992 -47.3282442748 15.7786259542 END
START 0.91219083252 -5.02542928467 -1.04866032715 250.129770992 -43.1297709924 5.36641221374 END