START -1.19231242676 -7.80030900879 7.26879624023 250.129770992 -93.3129770992 8.10687022901 END
START -1.08457335205 -5.71735356445 4.9751510498 250.129770992 -99.1832061069 7.63358778626 END
START -1.07978494873 -12.744335437 9.15063874512 250.129770992 -96.572519084 3.67175572519 END
START 0.533906970215 -4.27364996338 6.95755002441 250.129770992 -90.2748091603 17.4045801527 END
START 0.414196887207 -9.63905588379 5.8466404541 250.129770992 -88.2900763359 9.32061068702 END
START 0.936132849121 -3.28245047607 7.74045396729 250.129770992 -103.954198473 -0.885496183206 END
START -5.01824667969 -7.25682523193 8.28393774414 250.129770992 -95.9236641221 12.8625954198 END
START 2.65038123779 -12.4570312378 10.6565915894 250.129770992 -93.3816793893 5.52671755725 END
START 5.35822331543 -8.23605371094 7.12993254395 250.129770992 -91.8167938931 15.4045801527 END
START -3.46440980225 -8.6047607666 -2.00394678955 250.129770992 -102.671755725 1.74045801527 END
START -2.21463653564 -13.8887638306 6.99825145264 250.129770992 -107.083969466 2.45038167939 END
START -3.95761534424 -7.98226833496 7.6614453125 250.129770992 -104.244274809 17.1221374046 END
START -5.07810172119 -8.49462749023 3.10288535156 250.129770992 -104.564885496 8.97709923664 END
START -0.730231506348 -11.7028577148 0.574608398438 250.129770992 -104.534351145 9.71755725191 END
START -0.0837970581055 -7.63510909424 6.70855305176 250.129770992 -97.9236641221 8.83969465649 END
START 2.80361014404 -10.4842090698 9.53131680908 250.129770992 -96.2061068702 1.46564885496 END
START 8.17380446777 -6.07887801514 2.79642753906 250.129770992 -104.435114504 7.12977099237 END
START -0.847547387695 -12.0548053589 11.8441156128 250.129770992 -105.27480916 4.90839694656 END
START 5.48272180176 -7.601590271 5.95198532715 250.129770992 -101.129770992 4.06870229008 END
START -2.17872351074 -12.363657373 8.66222160645 250.129770992 -103.641221374 12.2977099237 END
START 6.31829818115 -10.1562034424 5.65989272461 250.129770992 -104.717557252 10.8778625954 END
START 1.10851536865 -7.70693514404 8.04691177979 250.129770992 -104.526717557 10.1297709924 END
START -2.05661922607 -12.6030775391 4.42448466797 250.129770992 -104.145038168 2.82442748092 END
START -0.737414111328 -7.88410606689 10.7763016724 250.129770992 -105.053435115 9.87786259542 END
START 3.14598098145 -11.4155535156 11.7890489746 250.129770992 -105.427480916 7.48091603053 END
START 4.42687886963 -12.8448919067 8.30309135742 250.129770992 -104.603053435 2.11450381679 END
START 7.66862791748 -9.40681832275 10.8648871338 250.129770992 -101.480916031 2.6641221374 END
START -1.45806881104 -9.35414588623 6.73967767334 250.129770992 -100.015267176 9.73282442748 END
START -0.91458503418 -8.36773480225 5.59524927979 250.129770992 -99.893129771 -1.17557251908 END
START 3.28005627441 -11.9734025024 9.30147344971 250.129770992 -95.0152671756 17.7709923664 END
START 5.38934793701 -6.57447775879 2.10450325928 250.129770992 -96.8015267176 0.763358778626 END
START -2.29364519043 -10.8864349487 4.71657727051 250.129770992 -83.5496183206 0.709923664122 END
START 3.79480963135 -3.80678063965 5.31752188721 250.129770992 -70.4580152672 7.35114503817 END
START 2.24815535889 -10.3525279785 12.4115414062 250.129770992 -63.1908396947 10.9618320611 END
START 4.41011945801 -14.6620909668 8.2025348877 250.129770992 -66.9236641221 1.95419847328 END
START -2.00155258789 -7.81706842041 9.07881269531 250.129770992 -56.6870229008 12.8015267176 END
START -2.36547124023 -11.1497971313 7.78115539551 250.129770992 -58.5496183206 6.22900763359 END
START 2.74854350586 -10.8624929321 4.46758029785 250.129770992 -57.2061068702 9.25190839695 END
START 2.13802208252 -13.2064163574 11.5208983887 250.129770992 -53.6335877863 13.7786259542 END
START -0.804451757813 -7.05571229248 6.85938775635 250.129770992 -46.2213740458 4.82442748092 END
START 3.56257207031 -6.61278498535 8.9112185791 250.129770992 -52.5190839695 12.1221374046 END
START 1.14682259521 -4.75488449707 8.72207664795 250.129770992 -53.3282442748 6.68702290076 END
START 4.11323845215 -13.5703350098 6.18661708984 250.129770992 -41.679389313 7.42748091603 END
START -3.48835181885 -10.1394440308 6.08606062012 250.129770992 -44.3511450382 12.4503816794 END
START -3.24174904785 -9.52174000244 12.7539122437 250.129770992 -46.8854961832 7.90839694656 END
START 5.09007272949 -5.7508723877 5.84903465576 250.129770992 -44.0152671756 6.6641221374 END
START 7.00782825928 -8.35336959229 7.85298144531 250.129770992 -45.7480916031 10.2595419847 END
START 1.55144267578 -1.29526309814 8.8393925293 250.129770992 -50.2748091603 3.09160305344 END
START -4.3502644165 -9.33978067627 10.7308118408 250.129770992 -55.2824427481 -1.56488549618 END
START 0.260967980957 -8.30548555908 9.09078370361 250.129770992 -52.9312977099 -0.0687022900763 END
START 8.84896933594 -8.59039555664 6.0693012085 250.129770992 -64.3740458015 7.3893129771 END
START 0.782903942871 -18.1959326172 8.48026228027 250.129770992 -57.9923664122 4.0 END
START 2.62404501953 -10.3884410034 6.81150372314 250.129770992 -63.9770992366 8.54961832061 END
START -6.96952103271 -12.9047469482 4.17069929199 250.129770992 -52.3893129771 2.80916030534 END
START -4.04859500732 -11.9255184692 8.53054051514 250.129770992 -53.0916030534 5.39694656489 END
START 2.07577283936 -9.94551369629 3.83551105957 250.129770992 -68.5190839695 6.27480916031 END
START 1.33596452637 -3.85227047119 4.52982954102 250.129770992 -81.3053435115 -3.39694656489 END
START 4.89853659668 -8.05888278809 3.46919820557 250.129770992 -86.3129770992 9.0 END
START -1.36708914795 -0.854729992676 3.81396324463 250.129770992 -79.1374045802 9.90839694656 END
START 11.3748520874 -10.0317049561 7.56088884277 250.129770992 -76.8625954198 9.12977099237 END
START 7.31668027344 -7.20654699707 8.85854614258 250.129770992 -80.7175572519 10.679389313 END
START -0.423773693848 -7.74284816895 2.71981308594 250.129770992 -82.3053435115 9.36641221374 END
START 3.99831677246 -9.74440075684 5.85621726074 250.129770992 -86.2519083969 7.64122137405 END
START -2.01591779785 -13.589488623 4.16830509033 250.129770992 -93.3893129771 -3.48854961832 END
START 12.27267771 -4.14675727539 6.56490095215 250.129770992 -92.1526717557 9.56488549618 END
START 6.66066901855 -3.31836350098 9.93354268799 250.129770992 -99.4427480916 6.35877862595 END
START -4.04620080566 -10.9702320068 7.71890615234 250.129770992 -99.6030534351 8.74809160305 END
START 4.94881483154 -11.1282493164 8.13789144287 250.129770992 -93.2519083969 6.00763358779 END
START 2.3918074585 -11.540052002 4.94163222656 250.129770992 -92.2366412214 9.23664122137 END
START -0.143652099609 -9.76834277344 8.73404765625 250.129770992 -97.7557251908 -1.54198473282 END
START 2.19069451904 -4.40533105469 9.07881269531 250.129770992 -100.404580153 15.0992366412 END
START 3.00951148682 -12.4809732544 6.64151540527 250.129770992 -98.1984732824 5.0 END
START -0.134075292969 -7.85058724365 6.44519086914 250.129770992 -102.534351145 8.58778625954 END
START -3.70382996826 -6.46195028076 6.60081397705 250.129770992 -105.984732824 11.6717557252 END
START -1.16118780518 -10.1131078125 7.37174691162 250.129770992 -94.1755725191 11.2061068702 END
START 4.75967290039 -5.98789835205 4.49152231445 250.129770992 -107.290076336 13.0381679389 END
START 3.1244331665 -8.99022723389 10.7044756226 250.129770992 -78.3053435115 1.18320610687 END
START -4.31674559326 -10.42674823 5.12119735107 250.129770992 -98.5038167939 4.12213740458 END
START 3.35188232422 -8.28872614746 7.03416447754 250.129770992 -104.519083969 3.5572519084 END
START 1.16118780518 -6.2009822998 9.92636008301 250.129770992 -103.664122137 -0.63358778626 END
START 0.61770402832 -12.6198369507 4.53461794434 250.129770992 -104.458015267 8.35877862595 END
START 4.2185833252 -9.35893428955 8.12352623291 250.129770992 -104.480916031 0.801526717557 END
START -2.86346518555 -9.06923588867 10.3716815918 250.129770992 -94.4427480916 14.0152671756 END
START 4.54180054932 -9.95987890625 14.1425492065 250.129770992 -101.969465649 -3.06106870229 END
START -0.450109912109 -11.2527478027 6.93600220947 250.129770992 -103.709923664 7.54198473282 END
START 7.78354959717 -9.76116016846 6.03578238525 250.129770992 -103.977099237 4.42748091603 END
START -1.2976572998 -12.1050835937 5.64073911133 250.129770992 -105.305343511 12.0 END
START -1.91775552979 -14.0779057617 13.9007348389 250.129770992 -95.9541984733 -3.87022900763 END
START 5.75326658936 -6.52898792725 7.18499918213 250.129770992 -106.648854962 4.78625954198 END
START 4.52982954102 -13.7499001343 10.6877162109 250.129770992 -100.145038168 9.58778625954 END
START 2.09253225098 -8.45392606201 7.87931766357 250.129770992 -97.5114503817 3.90839694656 END
START 7.65186850586 -9.92396588135 7.71651195068 250.129770992 -91.6946564885 13.3969465649 END
START 1.10612116699 -12.2104284668 9.38287630615 250.129770992 -79.8396946565 2.8320610687 END
START 1.83635267334 -8.50659849854 8.14986245117 250.129770992 -70.6641221374 3.59541984733 END
START -2.48278712158 -12.765883252 6.64390960693 250.129770992 -62.7786259542 22.7709923664 END
START -3.21541282959 -5.57370146484 5.06134230957 250.129770992 -59.7480916031 -2.65648854962 END
START 4.69981785889 -10.299855542 9.89762966309 250.129770992 -58.572519084 -3.02290076336 END