START 3.0885201416 -14.7315228149 5.06373651123 250.129770992 -71.3893129771 11.0152671756 END
START -1.7788918335 -8.23365950928 10.6350437744 250.129770992 -67.5267175573 5.42748091603 END
START 4.92487281494 -9.61032546387 9.39245311279 250.129770992 -73.7709923664 13.9160305344 END
START -0.407014282227 -9.88805285645 9.09078370361 250.129770992 -64.7022900763 4.99236641221 END
START 4.14196887207 -7.16105716553 6.68461103516 250.129770992 -63.3129770992 8.13740458015 END
START -5.83945784912 -10.1322614258 10.8529161255 250.129770992 -72.1526717557 -0.389312977099 END
START 7.22330640869 -8.65503900146 2.30801040039 250.129770992 -85.679389313 6.25190839695 END
START -5.02542928467 -8.81305631104 6.22253011475 250.129770992 -95.465648855 -1.41221374046 END
START 1.23061965332 -12.9382657715 2.84191737061 250.129770992 -85.2595419847 2.51145038168 END
START 4.05098920898 -4.88895979004 7.68778153076 250.129770992 -90.7328244275 -3.72519083969 END
START 2.45884510498 -5.43962617188 9.87608184814 250.129770992 -91.9465648855 10.9236641221 END
START 2.63841022949 -17.2262809448 5.50666381836 250.129770992 -98.3053435115 9.35114503817 END
START -0.533906970215 -8.82263311768 6.72052406006 250.129770992 -102.709923664 11.2213740458 END
START -3.59848509521 -9.72045874023 7.71651195068 250.129770992 -101.198473282 -6.81679389313 END
START -4.28083256836 -3.9839515625 10.9965682251 250.129770992 -104.229007634 -0.793893129771 END
START -0.184353527832 -8.50420429687 8.25520732422 250.129770992 -104.65648855 14.1374045802 END
START -1.86747729492 -5.12359155273 0.414196887207 250.129770992 -104.72519084 -2.37404580153 END
START -1.88184250488 -10.7547538574 7.23527741699 250.129770992 -104.099236641 6.90076335878 END
START 3.67031114502 -10.8170031006 8.76517227783 250.129770992 -103.648854962 0.160305343511 END
START -0.361524450684 -12.751518042 7.78354959717 250.129770992 -104.404580153 -7.93893129771 END
START 9.71806453857 -7.25443103027 10.8840407471 250.129770992 -104.267175573 3.50381679389 END
START -2.39899006348 -7.85058724365 2.80121594238 250.129770992 -104.190839695 4.77099236641 END
START 7.45314976807 -17.3244432129 6.87135876465 250.129770992 -104.030534351 -2.6106870229 END
START -4.39814844971 -11.3173912476 5.63595070801 250.129770992 -104.72519084 6.31297709924 END
START 4.51067592773 -8.41561883545 12.5599819092 250.129770992 -104.175572519 3.72519083969 END
START -2.54024796143 -0.031124621582 5.8945244873 250.129770992 -104.389312977 12.7480916031 END
START 5.17626398926 -6.01184036865 9.4283661377 250.129770992 -101.549618321 6.48854961832 END
START 0.244208569336 -13.5583640015 7.52976422119 250.129770992 -103.732824427 15.0381679389 END
START 2.64559283447 -10.4004120117 6.73967767334 250.129770992 -100.152671756 13.0458015267 END
START 0.213083947754 -7.91044228516 3.04781871338 250.129770992 -101.374045802 11.534351145 END
START 6.52898792725 -10.5129394897 11.2072579712 250.129770992 -104.259541985 9.87022900763 END
START 9.93114848633 -9.71327613525 8.99262143555 250.129770992 -101.572519084 14.786259542 END
START 6.59841977539 -8.13310303955 8.50420429687 250.129770992 -108.778625954 5.57251908397 END
START 5.84424625244 -13.6062480347 8.18338127441 250.129770992 -104.618320611 6.72519083969 END
START 4.82910474854 -10.4961800781 7.26640203857 250.129770992 -94.1984732824 -3.90076335878 END
START -3.44046778564 -2.71741888428 14.8416560913 250.129770992 -93.1984732824 13.9312977099 END
START -2.25294376221 -11.2503536011 9.94072529297 250.129770992 -77.213740458 16.1679389313 END
START 0.622492431641 -4.73812508545 8.23126530762 250.129770992 -82.0 5.83969465649 END
START -2.48039291992 -6.66785162354 11.8105967896 250.129770992 -65.4961832061 4.8320610687 END
START -1.52271225586 -4.40772525635 12.0332575439 250.129770992 -62.7175572519 11.7786259542 END
START 3.52665904541 -8.9231895874 9.38766470947 250.129770992 -53.6183206107 10.6946564885 END
START 3.20583602295 -4.61841500244 4.87698878174 250.129770992 -56.0839694656 4.68702290076 END
START 0.409408483887 -7.8960770752 4.42448466797 250.129770992 -57.8549618321 12.6335877863 END
START 1.35990654297 -6.3637880127 11.137826123 250.129770992 -57.0381679389 4.80916030534 END
START -1.22343704834 -7.80749161377 9.34696328125 250.129770992 -57.8702290076 -3.42748091603 END
START 1.43412679443 -4.62559760742 10.7308118408 250.129770992 -62.465648855 10.8473282443 END
START -0.902614025879 -4.94163222656 10.3644989868 250.129770992 -61.7328244275 5.09923664122 END
START 6.34224019775 -7.84101043701 9.32062706299 250.129770992 -66.3053435115 6.60305343511 END
START 1.85790048828 -7.86734665527 6.35660540771 250.129770992 -57.1297709924 9.68702290076 END
START -3.47638081055 -5.95916793213 7.38371791992 250.129770992 -60.7709923664 -4.51145038168 END
START -0.469263525391 -10.7092640259 3.33991131592 250.129770992 -53.9847328244 13.1679389313 END
START 1.99436998291 -9.1817633667 7.89128867187 250.129770992 -53.1755725191 -1.92366412214 END
START 4.06056601562 -4.23534273682 5.25048424072 250.129770992 -52.4198473282 7.89312977099 END
START -2.13802208252 -8.02057556152 8.48505068359 250.129770992 -54.320610687 14.3435114504 END
START 0.141257897949 -10.1107136108 10.5153336914 250.129770992 -47.6183206107 14.8702290076 END
START 4.88895979004 -10.6182843628 5.96395633545 250.129770992 -45.5114503817 3.71755725191 END
START 1.95606275635 -9.03092866211 9.41639512939 250.129770992 -49.8625954198 16.9236641221 END
START 5.04697709961 -4.33111080322 3.84269366455 250.129770992 -65.0916030534 20.3129770992 END
START 2.00394678955 1.01753570557 6.82826313477 250.129770992 -60.2977099237 2.45038167939 END
START 1.37427175293 0.699106884766 6.04775339355 250.129770992 -62.786259542 8.10687022901 END
START 0.0646434448242 -13.8839754272 6.54095893555 250.129770992 -69.4427480916 10.0992366412 END
START 1.47722242432 -9.64384428711 5.04697709961 250.129770992 -59.1526717557 4.74045801527 END
START 3.69185895996 -3.56975467529 12.6270195557 250.129770992 -57.7251908397 9.09923664122 END
START 5.11880314941 -6.10760843506 8.25520732422 250.129770992 -55.7251908397 7.75572519084 END
START 6.71573565674 -8.61433757324 5.35822331543 250.129770992 -55.4503816794 9.22900763359 END
START 6.4236430542 -3.68467635498 8.88248815918 250.129770992 -55.1679389313 14.8015267176 END
START 1.62566292725 -11.6262432617 10.0724063843 250.129770992 -61.358778626 4.68702290076 END
START -7.79312640381 -8.54251152344 5.05655390625 250.129770992 -71.3053435115 4.06106870229 END
START -4.48433970947 5.22654222412 6.86896456299 250.129770992 -74.1374045802 13.2366412214 END
START 2.64080443115 -6.90966599121 4.3143513916 250.129770992 -73.465648855 6.90076335878 END
START -7.1203557373 -11.8608750244 8.25999572754 250.129770992 -65.4580152672 16.2748091603 END
START 9.91917747803 0.332794030762 10.3190091553 250.129770992 -82.9236641221 6.28244274809 END
START -6.21534750977 -12.27267771 7.3430164917 250.129770992 -75.3893129771 6.52671755725 END
START -3.9839515625 -8.66461580811 8.947131604 250.129770992 -75.4809160305 7.10687022901 END
START 4.30716878662 -5.96156213379 8.85615194092 250.129770992 -68.1984732824 1.13740458015 END
START -1.66875855713 -3.44525618896 7.20654699707 250.129770992 -88.2519083969 15.7557251908 END
START -5.38455953369 -8.97586202393 4.47715710449 250.129770992 -80.8702290076 4.2213740458 END
START -8.17619866943 -8.88248815918 5.52102902832 250.129770992 -79.4961832061 7.48854961832 END
START 1.36708914795 -8.51856950684 8.85375773926 250.129770992 -77.3053435115 -0.0763358778626 END
START -1.92254393311 -11.6932809082 10.9031943604 250.129770992 -76.4427480916 13.3969465649 END
START -1.54665427246 -12.9191121582 8.67658681641 250.129770992 -83.3816793893 14.6259541985 END
START -0.713472094727 -4.41730206299 3.7373487915 250.129770992 -97.7557251908 12.6946564885 END
START -0.00478840332031 -5.09725533447 10.2208468872 250.129770992 -82.9236641221 3.48854961832 END
START 0.493205541992 -9.77313117676 2.15956989746 250.129770992 -101.549618321 13.572519084 END
START -3.93367332764 -10.9845972168 9.24640681152 250.129770992 -91.572519084 12.0763358779 END
START 4.99909306641 -5.94719692383 4.19703551025 250.129770992 -94.0152671756 3.48854961832 END
START -0.0167594116211 -7.26400783691 11.6094838501 250.129770992 -84.213740458 4.19083969466 END
START -13.3404916504 -12.490550061 6.10760843506 250.129770992 -90.5954198473 9.74045801527 END
START 4.10845004883 -7.80749161377 10.5225162964 250.129770992 -105.580152672 5.80152671756 END
START 1.50595284424 -5.80354482422 6.61996759033 250.129770992 -104.076335878 15.1908396947 END
START -5.56173045654 -8.24084211426 7.21851800537 250.129770992 -84.0381679389 10.2824427481 END
START 2.8299463623 -5.33667550049 9.67018050537 250.129770992 -104.557251908 5.77099236641 END
START -0.670376464844 -6.65348641357 2.05422502441 250.129770992 -105.435114504 -2.27480916031 END
START 4.53461794434 -9.59835445557 8.45632026367 250.129770992 -97.0152671756 11.7938931298 END
START 3.60806190186 -10.4674496582 6.92642540283 250.129770992 -95.7251908397 4.7786259542 END
START -3.00711728516 -4.21379492187 9.59117185059 250.129770992 -101.34351145 9.31297709924 END
START -0.46208092041 -11.3389390625 1.66636435547 250.129770992 -104.717557252 6.02290076336 END
START 1.14203419189 -9.97184991455 12.1649386353 250.129770992 -100.351145038 0.503816793893 END
START 5.54257684326 -15.4066876831 10.8193973022 250.129770992 -96.9389312977 10.0076335878 END
START 0.91458503418 -6.63433280029 9.31344445801 250.129770992 -94.5954198473 -3.34351145038 END
START -4.73333668213 -19.4696479004 7.32865128174 250.129770992 -94.641221374 9.0534351145 END
START 4.41969626465 -1.65678754883 1.18512982178 250.129770992 -91.2061068702 14.0305343511 END
START 1.89141931152 -8.94473740234 14.343662146 250.129770992 -103.572519084 16.1832061069 END
START 0.342370837402 -5.31752188721 8.25281312256 250.129770992 -95.9770992366 7.83969465649 END
START 8.73404765625 -6.76122548828 7.62792648926 250.129770992 -92.7175572519 12.5801526718 END
START 1.7669208252 -4.13957467041 3.3949779541 250.129770992 -96.5496183206 -0.679389312977 END
START 4.18267030029 -4.52982954102 8.58560715332 250.129770992 -93.6564885496 10.6946564885 END
START 2.22660754395 -9.90481226807 5.67665213623 250.129770992 -105.465648855 6.35877862595 END
START -4.97036264648 -3.08373173828 3.52426484375 250.129770992 -95.9083969466 6.53435114504 END
START -0.572214196777 -13.3596452637 7.97269152832 250.129770992 -76.3740458015 -0.763358778626 END
START 2.28406838379 -8.55208833008 8.90882437744 250.129770992 -84.2900763359 1.7786259542 END
START 6.1770402832 -8.53054051514 9.96706151123 250.129770992 -72.2290076336 8.5572519084 END
START 0.682347473145 -8.0038161499 9.2176763916 250.129770992 -80.3740458015 13.534351145 END
START 8.30548555908 0.550666381836 7.40765993652 250.129770992 -79.3893129771 0.0152671755725 END
START 2.47321031494 -9.97663831787 8.72207664795 250.129770992 -75.7022900763 7.99236641221 END
START 10.8289741089 -8.20971749268 4.82431634521 250.129770992 -60.320610687 -1.36641221374 END
START 7.24246002197 -3.3590649292 12.7467296387 250.129770992 -66.1679389313 6.26717557252 END