START -3.52426484375 -3.40934316406 7.95353791504 250.129770992 -66.6335877863 13.7175572519 END
START 0.76614453125 -10.314220752 3.3470939209 250.129770992 -75.9847328244 13.5877862595 END
START 4.91050760498 -8.0038161499 1.60890351563 250.129770992 -74.9618320611 11.9389312977 END
START -1.58496149902 -7.78115539551 3.50271702881 250.129770992 -77.1374045802 2.87022900763 END
START 3.84987626953 -10.2160584839 11.0683942749 250.129770992 -74.6488549618 19.6183206107 END
START 6.25126053467 -9.65102689209 4.46997449951 250.129770992 -90.6106870229 12.641221374 END
START -4.81473953857 -9.29429084473 8.64785639648 250.129770992 -93.7938931298 12.4503816794 END
START -1.41976158447 -12.6413847656 5.78439121094 250.129770992 -92.9770992366 9.74045801527 END
START -3.01429989014 -2.49475812988 4.96557424316 250.129770992 -106.114503817 6.53435114504 END
START 5.38695373535 -10.5560351196 6.03338818359 250.129770992 -106.870229008 9.54198473282 END
START -7.6973583374 -8.70292303467 6.80910952148 250.129770992 -104.0 9.03053435115 END
START -0.203507141113 -6.53377633057 6.72291826172 250.129770992 -103.72519084 10.4503816794 END
START 7.69256993408 -15.1552965088 6.15549246826 250.129770992 -101.061068702 5.51145038168 END
START -0.962469067383 -11.8321446045 5.03021768799 250.129770992 -104.358778626 7.51908396947 END
START -2.57137258301 -17.393875061 5.32470449219 250.129770992 -104.297709924 1.03816793893 END
START 4.86022937012 -8.84896933594 9.82819781494 250.129770992 -103.694656489 2.87786259542 END
START -0.0526724365234 -5.84185205078 15.0284038208 250.129770992 -105.236641221 14.679389313 END
START 5.7508723877 -8.69574042969 -0.287304199219 250.129770992 -105.236641221 13.4351145038 END
START 2.89219560547 -15.4593601196 13.0627642578 250.129770992 -104.870229008 8.87786259542 END
START -1.91296712646 -3.64397492676 9.25837781982 250.129770992 -104.488549618 8.51145038168 END
START 3.43807358398 -11.884817041 7.9319901001 250.129770992 -103.854961832 2.19083969466 END
START 3.26329686279 -12.9047469482 11.3126028442 250.129770992 -98.8778625954 10.7175572519 END
START 5.4922986084 -13.3668278687 10.1633860474 250.129770992 -105.832061069 6.6106870229 END
START 4.89853659668 -14.7794068481 8.47068547363 250.129770992 -96.2290076336 2.95419847328 END
START 5.19541760254 -4.86022937012 6.06690700684 250.129770992 -98.9465648855 1.20610687023 END
START -2.79882174072 -8.49223328857 9.1458503418 250.129770992 -88.7099236641 2.29007633588 END
START 0.588973608398 -14.3460563477 13.6277958496 250.129770992 -82.7328244275 8.54961832061 END
START 0.581791003418 -5.01106407471 6.06451280518 250.129770992 -77.6335877863 6.82442748092 END
START 3.65834013672 -14.5040736572 12.1960632568 250.129770992 -61.6870229008 -0.465648854962 END
START 5.5760956665 -5.51384642334 10.3429511719 250.129770992 -57.8091603053 19.7557251908 END
START 0.359130249023 -4.69981785889 12.758700647 250.129770992 -61.8320610687 10.0534351145 END
START -3.6535517334 -2.80839854736 13.0076976196 250.129770992 -54.5572519084 3.81679389313 END
START 3.71580097656 -10.3621047852 5.5641246582 250.129770992 -51.7938931298 13.2290076336 END
START 8.53054051514 -4.6447512207 11.6166664551 250.129770992 -50.893129771 11.3435114504 END
START 0.746990917969 -8.57603034668 9.10514891357 250.129770992 -52.5419847328 15.5419847328 END
START 4.75009609375 -6.33745179443 2.04464821777 250.129770992 -47.0763358779 15.5190839695 END
START -4.03662399902 -6.11239683838 10.5440641113 250.129770992 -59.7175572519 17.3053435115 END
START 6.00226356201 -2.63841022949 10.2304236938 250.129770992 -60.641221374 7.52671755725 END
START -3.79959803467 -7.50103380127 10.3884410034 250.129770992 -50.0687022901 14.8549618321 END
START 3.33751711426 -9.96945571289 4.25928475342 250.129770992 -44.1908396947 5.43511450382 END
START 0.938527050781 -7.94156690674 9.56244143066 250.129770992 -48.1679389313 4.10687022901 END
START -0.0407014282227 -7.56807144775 8.9112185791 250.129770992 -51.427480916 7.90076335878 END
START 2.39420166016 -10.4794206665 3.7134067749 250.129770992 -51.2748091603 9.19847328244 END
START 0.732625708008 -14.1569144165 4.17548769531 250.129770992 -56.2519083969 10.1526717557 END
START -4.8554409668 -12.0308633423 3.77326181641 250.129770992 -51.0152671756 6.5572519084 END
START 2.10450325928 -3.14598098145 9.13148513184 250.129770992 -59.8549618321 11.3282442748 END
START -4.87459458008 -10.7332060425 7.88410606689 250.129770992 -54.679389313 0.75572519084 END
START -3.78044442139 -11.5855418335 2.97120426025 250.129770992 -56.7099236641 10.2061068702 END
START -5.30794508057 -14.0779057617 10.5153336914 250.129770992 -56.3053435115 19.7633587786 END
START 0.31364041748 -12.0571995605 4.56574256592 250.129770992 -62.0458015267 15.2519083969 END
START -3.21541282959 -8.97825622559 3.41173736572 250.129770992 -67.4503816794 1.74045801527 END
START -3.20344182129 -12.1266314087 6.36857641602 250.129770992 -64.2213740458 6.67938931298 END
START -6.34942280273 -5.08528432617 5.17147558594 250.129770992 -78.4427480916 13.6564885496 END
START -3.9360675293 -7.44836136475 3.17949980469 250.129770992 -65.1832061069 22.2977099237 END
START -0.237025964355 -9.97424411621 12.3540805664 250.129770992 -69.320610687 10.1297709924 END
START -0.00239420166016 -8.51617530518 7.108384729 250.129770992 -87.0 13.6335877863 END
START 4.2784383667 -11.7411649414 5.19302340088 250.129770992 -77.4580152672 16.0305343511 END
START -1.70706578369 -10.180145459 3.6056677002 250.129770992 -87.213740458 0.687022900763 END
START -5.34864650879 -10.898405957 7.08923111572 250.129770992 -91.7099236641 9.64885496183 END
START 6.22253011475 -8.12352623291 9.97424411621 250.129770992 -93.0076335878 22.0763358779 END
START 4.20900651855 -12.3397153564 9.38527050781 250.129770992 -98.4580152672 11.2442748092 END
START 7.08923111572 -3.98634576416 4.49631071777 250.129770992 -101.198473282 17.5114503817 END
START 4.74051928711 -2.15238729248 6.54095893555 250.129770992 -105.351145038 10.0916030534 END
START -1.26653267822 -5.01824667969 8.49462749023 250.129770992 -103.564885496 2.5572519084 END
START 5.93522591553 -8.93276639404 10.3573163818 250.129770992 -104.34351145 4.10687022901 END
START 3.76607921143 -7.86016405029 10.8433393188 250.129770992 -102.297709924 9.67175572519 END
START -0.995987890625 -3.82832845459 5.38216533203 250.129770992 -104.419847328 11.572519084 END
START 4.40533105469 -10.6613799927 6.86178195801 250.129770992 -104.908396947 4.58778625954 END
START 6.81629212646 -13.3524626587 9.36851109619 250.129770992 -92.5572519084 6.36641221374 END
START 3.04542451172 -7.75242497559 8.3461869873 250.129770992 -105.030534351 2.20610687023 END
START -0.330399829102 -9.11711992188 5.78917961426 250.129770992 -100.564885496 9.58778625954 END
START 0.667982263184 -9.2176763916 8.20732329102 250.129770992 -95.0 1.29770992366 END
START 9.91917747803 -13.3380974487 13.0843120728 250.129770992 -103.236641221 4.86259541985 END
START 4.79558592529 -8.41801303711 9.02374605713 250.129770992 -90.4122137405 15.2213740458 END
START 0.337582434082 -9.45470235596 13.2950018188 250.129770992 -79.1984732824 -3.88549618321 END
START 5.02303508301 -4.39336004639 9.56722983398 250.129770992 -70.572519084 2.73282442748 END
START 9.02614025879 -4.09408483887 9.35175168457 250.129770992 -76.4732824427 1.71755725191 END
START 3.3590649292 -12.6629325806 6.32787498779 250.129770992 -70.3816793893 0.480916030534 END
START -4.63756861572 -8.99022723389 8.81784471436 250.129770992 -57.0458015267 5.7786259542 END
START -0.184353527832 -12.9310831665 10.0245223511 250.129770992 -66.213740458 7.24427480916 END
START -0.806845959473 -9.5480762207 14.2909897095 250.129770992 -64.6030534351 2.67175572519 END
START -3.77086761475 -10.9822030151 4.55137735596 250.129770992 -67.3435114504 16.2671755725 END
START 3.0765491333 -7.50342800293 13.7546885376 250.129770992 -58.358778626 1.93893129771 END
START 1.18752402344 -9.62229647217 11.2742956177 250.129770992 -54.0610687023 14.2595419847 END
START 3.57454307861 -12.5791355225 2.49475812988 250.129770992 -50.2671755725 6.68702290076 END
START 2.37744224854 -10.5105452881 4.3622354248 250.129770992 -38.0992366412 9.73282442748 END
START 2.94726224365 -6.59841977539 6.91924279785 250.129770992 -37.4961832061 14.358778626 END
START 5.80833322754 -7.30470926514 10.0005803345 250.129770992 -40.1755725191 5.76335877863 END