START -3.91930811768 -17.0467158203 10.2328178955 250.129770992 -74.7480916031 2.3893129771 END
START 2.26491477051 -6.39491263428 4.34547601318 250.129770992 -82.0458015267 10.8167938931 END
START -4.91050760498 -9.91917747803 8.44434925537 250.129770992 -82.4351145038 10.1526717557 END
START 1.10612116699 -4.64235701904 10.5057568848 250.129770992 -92.6641221374 -1.00763358779 END
START -0.869095202637 -9.45949075928 6.35899960937 250.129770992 -93.8015267176 4.07633587786 END
START 2.82515795898 -6.22253011475 7.68059892578 250.129770992 -95.6106870229 8.02290076336 END
START -2.13083947754 -9.89762966309 2.68150585937 250.129770992 -81.6564885496 11.2900763359 END
START -3.50750543213 -15.6197716309 5.57848986816 250.129770992 -94.3893129771 -1.49618320611 END
START -4.42687886963 -8.58560715332 4.03662399902 250.129770992 -102.106870229 3.19847328244 END
START -2.33674082031 -10.3190091553 10.7499654541 250.129770992 -100.839694656 3.6106870229 END
START -5.4563855835 -7.68778153076 6.70855305176 250.129770992 -102.41221374 2.11450381679 END
START 5.64073911133 -12.0500169556 5.73171877441 250.129770992 -105.946564885 9.16030534351 END
START 0.962469067383 -15.5240035645 9.19612857666 250.129770992 -103.908396947 18.5038167939 END
START 8.55927093506 -8.21690009766 9.87608184814 250.129770992 -104.946564885 15.0 END
START 3.66312854004 -12.1290256104 7.41005413818 250.129770992 -105.419847328 6.96183206107 END
START 0.713472094727 -15.7155396973 15.4162644897 250.129770992 -101.641221374 5.24427480916 END
START 2.01352359619 -10.6182843628 10.7044756226 250.129770992 -99.5801526718 4.53435114504 END
START -1.52750065918 -9.29189664307 11.8201735962 250.129770992 -95.3435114504 2.64122137405 END
START -2.80121594238 -7.05331809082 9.05726488037 250.129770992 -94.213740458 7.35114503817 END
START 7.40526573486 -6.19858809814 10.2878845337 250.129770992 -99.6259541985 11.9160305344 END
START 0.746990917969 -7.0964137207 8.84178673096 250.129770992 -104.236641221 6.16030534351 END
START -4.81713374023 -8.90643017578 6.49307490234 250.129770992 -103.763358779 0.656488549618 END
START -2.04704241943 -2.57855518799 5.31273348389 250.129770992 -104.648854962 6.75572519084 END
START 0.177170922852 -9.85932243652 6.44997927246 250.129770992 -100.114503817 8.30534351145 END
START 0.818816967773 -7.88171186523 6.95036741943 250.129770992 -98.9618320611 9.06106870229 END
START -1.93690914307 -2.94007963867 5.882553479 250.129770992 -98.2519083969 15.9465648855 END
START 7.60877287598 -6.91684859619 8.5089927002 250.129770992 -87.213740458 11.4122137405 END
START 12.9813614014 -9.42118353271 7.41244833984 250.129770992 -93.3816793893 9.2213740458 END
START 2.06619603271 -6.49786330566 6.52419952393 250.129770992 -85.0534351145 1.06106870229 END
START 7.48427438965 -13.7570827393 8.6526447998 250.129770992 -86.5648854962 2.93129770992 END
START -5.65749852295 -8.07803640137 7.41244833984 250.129770992 -81.3511450382 1.1679389313 END
START 0.359130249023 -12.6629325806 11.3724578857 250.129770992 -62.1603053435 5.6106870229 END
START -1.51074124756 -9.88087025146 9.71327613525 250.129770992 -67.427480916 8.98473282443 END
START -0.938527050781 -0.114921679688 8.79869110107 250.129770992 -68.0763358779 10.1832061069 END
START 0.258573779297 -9.67736311035 0.909796630859 250.129770992 -60.4045801527 7.25954198473 END
START 4.43884987793 -7.04374128418 5.74847818604 250.129770992 -67.3740458015 7.58015267176 END
START 9.61990227051 -10.1035310059 4.8674119751 250.129770992 -54.0687022901 9.70992366412 END
START -0.229843359375 -4.86022937012 11.1282493164 250.129770992 -56.7175572519 10.4045801527 END
START -1.10133276367 -12.8496803101 14.3053549194 250.129770992 -50.8625954198 20.8396946565 END
START 3.29681568604 -8.95192000732 11.7483475464 250.129770992 -48.465648855 12.8396946565 END
START -3.08612593994 -7.9319901001 14.4825258423 250.129770992 -55.7404580153 7.74045801527 END
START 2.56179577637 -12.758700647 8.15225665283 250.129770992 -45.6183206107 2.52671755725 END
START 1.87226569824 -10.1945106689 7.3669585083 250.129770992 -49.9923664122 9.37404580153 END
START 7.80030900879 -8.86572874756 7.23767161865 250.129770992 -57.3969465649 6.70992366412 END
START 3.87381828613 -7.98705673828 8.10676682129 250.129770992 -53.106870229 7.10687022901 END
START 1.97042796631 -11.0779710815 10.9438957886 250.129770992 -61.2061068702 11.0 END
START -2.55461317139 -12.5719529175 8.38688841553 250.129770992 -68.0839694656 -2.78625954198 END
START -0.0478840332031 -6.742071875 8.48265648193 250.129770992 -63.2824427481 6.41984732824 END
START -2.65038123779 -7.83622203369 9.87368764648 250.129770992 -74.8167938931 18.2595419847 END
START 2.78685073242 -9.59596025391 10.6925046143 250.129770992 -67.0305343511 11.6488549618 END
START 0.129286889648 -12.3277443481 7.91283648682 250.129770992 -66.8702290076 7.53435114504 END
START 2.21224233398 -7.59919606934 11.3652752808 250.129770992 -61.0458015267 -1.67938931298 END
START -2.085349646 -12.1793038452 4.5848961792 250.129770992 -76.1984732824 13.0305343511 END
START -0.790086547852 -7.50103380127 0.244208569336 250.129770992 -79.8167938931 14.7099236641 END
START 5.22414802246 -7.39329472656 4.94881483154 250.129770992 -81.7175572519 8.49618320611 END
START -3.56736047363 -7.42441934814 6.36618221436 250.129770992 -85.1679389313 5.2213740458 END
START -7.04134708252 -7.12993254395 13.3309148437 250.129770992 -82.1221374046 8.81679389313 END
START 0.0646434448242 -11.293449231 7.92959589844 250.129770992 -84.2671755725 5.89312977099 END
START 1.84832368164 -7.07965430908 10.7044756226 250.129770992 -82.2824427481 2.00763358779 END
START -4.20661231689 -6.77319649658 11.6166664551 250.129770992 -105.374045802 12.427480916 END
START -3.81875164795 -9.11711992188 4.38138903809 250.129770992 -90.5114503817 20.8244274809 END
START 0.936132849121 -5.22893642578 5.41568415527 250.129770992 -100.694656489 4.07633587786 END
START -2.25773216553 -10.5704003296 6.1171852417 250.129770992 -98.7175572519 2.3893129771 END
START -1.44370360107 -13.0364280396 7.63510909424 250.129770992 -103.328244275 -0.984732824427 END
START 0.792480749512 -9.33020386963 7.64229169922 250.129770992 -87.1832061069 10.9236641221 END
START 7.1203557373 -11.899182251 0.514753356934 250.129770992 -96.465648855 3.93893129771 END
START 3.18428820801 -11.7483475464 1.54904847412 250.129770992 -98.0 13.9923664122 END
START 8.94473740234 -9.58159504395 9.54089361572 250.129770992 -99.1832061069 12.7786259542 END
START 2.38701905518 -12.5312514893 9.45949075928 250.129770992 -96.6259541985 3.96946564885 END
START 2.0973206543 -10.4961800781 4.95839163818 250.129770992 -89.4885496183 9.18320610687 END
START 3.49553442383 -2.73178409424 5.84424625244 250.129770992 -100.396946565 13.8473282443 END
START 3.53623585205 -7.37414111328 8.96867941895 250.129770992 -96.3129770992 8.70992366412 END
START -1.5083470459 -8.39167681885 4.82192214355 250.129770992 -95.1145038168 -3.02290076336 END
START -3.57454307861 -9.36611689453 10.9151653687 250.129770992 -106.900763359 10.6106870229 END
START 0.897825622559 -10.2639425171 3.21780703125 250.129770992 -104.870229008 13.6564885496 END
START -5.00388146973 -2.1332336792 6.39012423096 250.129770992 -104.610687023 2.10687022901 END
START 1.88902510986 -6.9767036377 8.84178673096 250.129770992 -100.083969466 -1.16030534351 END
START 6.20577070312 -9.72045874023 7.85776984863 250.129770992 -103.007633588 -3.31297709924 END
START 0.0335188232422 -10.2543657104 12.87841073 250.129770992 -104.0 11.6106870229 END
START -1.46525141602 -7.79312640381 4.00071097412 250.129770992 -104.732824427 2.65648854962 END
START 9.64145008545 -9.56244143066 5.10683214111 250.129770992 -104.183206107 -1.53435114504 END
START 3.05978972168 -9.20091697998 2.64798703613 250.129770992 -104.061068702 6.00763358779 END
START 5.37498272705 -13.46977854 7.26161363525 250.129770992 -101.061068702 9.1679389313 END
START 1.28329208984 -15.7466643188 4.05098920898 250.129770992 -94.5954198473 13.5114503817 END
START 10.8050320923 -7.79791480713 9.08120689697 250.129770992 -99.2671755725 -0.419847328244 END
START -4.13957467041 -10.5368815063 11.4394955322 250.129770992 -93.6946564885 -1.3893129771 END
START 2.63362182617 -10.1178962158 7.16584556885 250.129770992 -85.0534351145 5.45038167939 END
START -0.363918652344 -2.42532628174 9.31344445801 250.129770992 -84.8396946565 10.4427480916 END
START 5.65031591797 -4.2664673584 11.6669446899 250.129770992 -86.7786259542 6.53435114504 END
START 2.02788880615 -5.94240852051 9.39963571777 250.129770992 -71.0534351145 13.3129770992 END
START -0.385466467285 -10.0340991577 7.58722506104 250.129770992 -79.8167938931 8.62595419847 END
START 5.61919129639 -8.09958421631 15.5287919678 250.129770992 -71.5419847328 6.60305343511 END
START 2.7581203125 -4.49631071777 9.99339772949 250.129770992 -61.1374045802 7.0 END
START 3.60806190186 -9.05008227539 10.8170031006 250.129770992 -58.1908396947 2.77099236641 END
START 0.284909997559 -3.95043273926 8.65982740479 250.129770992 -52.5419847328 13.2519083969 END
START 1.1779472168 -5.86339986572 11.0348754517 250.129770992 -65.6106870229 19.427480916 END
START 12.018892334 -6.73728347168 11.9829793091 250.129770992 -52.3893129771 6.34351145038 END