START 0.514753356934 -11.1090957031 3.76129080811 250.129770992 -68.1297709924 0.00763358778626 END
START 2.17632930908 -11.2671130127 8.64546219482 250.129770992 -79.7557251908 0.732824427481 END
START -3.64397492676 -8.25999572754 6.59123717041 250.129770992 -75.1450381679 7.02290076336 END
START -1.75734401855 -12.0212865356 10.9582609985 250.129770992 -76.7557251908 -3.74045801527 END
START 1.56580788574 -8.12592043457 3.45004459229 250.129770992 -88.7557251908 10.0229007634 END
START 3.88100089111 -8.03733497314 6.81150372314 250.129770992 -83.6183206107 14.8244274809 END
START 0.239420166016 -9.02614025879 10.1777512573 250.129770992 -88.5419847328 4.8320610687 END
START -3.42849677734 -8.10916102295 10.7188408325 250.129770992 -87.0 18.1450381679 END
START 3.17710560303 -2.24336695557 5.71735356445 250.129770992 -95.4961832061 2.56488549618 END
START 13.5296335815 -7.76439598389 13.8983406372 250.129770992 -96.4885496183 2.29770992366 END
START 0.100556469727 -1.17555301514 8.3102739624 250.129770992 -104.839694656 16.8854961832 END
START -6.36618221436 -12.3445037598 8.39646522217 250.129770992 -103.496183206 15.9541984733 END
START -1.08457335205 -9.83777462158 4.50828172607 250.129770992 -102.648854962 9.23664122137 END
START -2.92332022705 -9.90241806641 11.025298645 250.129770992 -103.740458015 9.76335877863 END
START 1.5562310791 -9.07163009033 6.26083734131 250.129770992 -100.198473282 7.39694656489 END
START -4.31913979492 -8.28154354248 4.18027609863 250.129770992 -103.778625954 5.1679389313 END
START -8.57603034668 -3.93846173096 7.07726010742 250.129770992 -104.648854962 1.43511450382 END
START 8.98065042725 -6.25365473633 15.823278772 250.129770992 -104.557251908 11.3664122137 END
START 10.3788641968 -1.74297880859 6.85220515137 250.129770992 -97.3740458015 7.5572519084 END
START 1.69988317871 -9.73961235352 8.17141026611 250.129770992 -104.93129771 2.3893129771 END
START 7.91762489014 -10.3190091553 7.23767161865 250.129770992 -104.625954198 12.4351145038 END
START 9.82101520996 -7.63032069092 7.10359632568 250.129770992 -104.572519084 3.2213740458 END
START -0.995987890625 -4.43884987793 8.90403597412 250.129770992 -103.687022901 14.0687022901 END
START 2.71502468262 -4.58010777588 10.9391073853 250.129770992 -98.9389312977 1.08396946565 END
START -5.57130726318 -10.5775829346 9.18415756836 250.129770992 -93.6946564885 10.6335877863 END
START 4.76685550537 -12.3038023315 17.3675388428 250.129770992 -90.8091603053 4.53435114504 END
START 4.04141240234 -1.52750065918 10.6230727661 250.129770992 -76.8854961832 0.923664122137 END
START 0.514753356934 -10.0293107544 6.36857641602 250.129770992 -73.2824427481 11.7786259542 END
START 9.21528218994 -7.72848295898 6.81150372314 250.129770992 -71.2366412214 2.49618320611 END
START 2.29603939209 -5.2337248291 6.92642540283 250.129770992 -72.893129771 7.46564885496 END
START 9.1578213501 -2.30322199707 13.603853833 250.129770992 -58.9618320611 6.01526717557 END
START 2.4396914917 -15.5000615479 11.6262432617 250.129770992 -56.8320610687 14.3969465649 END
START 0.536301171875 -2.74136090088 11.8967880493 250.129770992 -58.3358778626 12.4198473282 END
START 2.41335527344 -12.5935007324 6.41646044922 250.129770992 -54.8549618321 1.35877862595 END
START -0.342370837402 -14.08987677 10.5704003296 250.129770992 -61.8473282443 4.03053435115 END
START 1.05584293213 -6.76361968994 7.47948598633 250.129770992 -48.9541984733 9.7786259542 END
START 2.56179577637 -6.90727178955 6.10042583008 250.129770992 -60.1297709924 6.36641221374 END
START -2.48996972656 -7.86734665527 8.07085379639 250.129770992 -56.0 6.77099236641 END
START -0.296881005859 -11.631031665 5.59764348145 250.129770992 -60.3053435115 1.80152671756 END
START 4.2185833252 -13.8767928223 9.31105025635 250.129770992 -56.9236641221 6.48091603053 END
START 4.71418306885 -7.45554396973 8.99262143555 250.129770992 -59.9236641221 9.03816793893 END
START 3.76607921143 -6.56011254883 9.54089361572 250.129770992 -47.9083969466 12.1908396947 END
START 3.73016618652 -5.90170709229 12.737152832 250.129770992 -65.0992366412 6.75572519084 END
START -3.05021291504 -15.0714994507 9.04529387207 250.129770992 -68.9007633588 3.52671755725 END
START 1.06063133545 -1.69748897705 6.05972440186 250.129770992 -55.6717557252 -3.04580152672 END
START 2.22900174561 -4.94881483154 7.71411774902 250.129770992 -62.2595419847 10.9389312977 END
START -2.68150585937 -9.44512554932 6.43082565918 250.129770992 -65.6717557252 8.20610687023 END
START -8.06127698975 -4.93444962158 3.39018955078 250.129770992 -77.9236641221 9.19083969466 END
START -0.579396801758 -10.3261917603 7.28555565186 250.129770992 -80.9007633588 12.6946564885 END
START -6.02141717529 -12.5312514893 3.83551105957 250.129770992 -75.7175572519 6.56488549618 END
START 6.50504591064 -9.1338793335 12.490550061 250.129770992 -73.2061068702 4.51145038168 END
START 11.0923362915 -9.23443580322 10.8337625122 250.129770992 -72.9312977099 9.72519083969 END
START -3.6176387085 -10.4530844482 9.53371101074 250.129770992 -80.1145038168 9.72519083969 END
START -0.893037219238 -10.8217915039 7.48427438965 250.129770992 -91.0 -1.26717557252 END
START 0.174776721191 -11.1426145264 11.9159416626 250.129770992 -84.9236641221 12.0839694656 END
START 7.28076724854 -13.132196106 7.06528909912 250.129770992 -94.4045801527 7.87022900763 END
START 4.80516273193 -10.785878479 6.50265170898 250.129770992 -93.641221374 -0.763358778626 END
START 6.4356140625 -12.4139356079 7.61834968262 250.129770992 -94.6335877863 10.0381679389 END
START -0.471657727051 -6.84023414307 6.22971271973 250.129770992 -108.076335878 5.32824427481 END
START 6.90966599121 -12.8281324951 4.63038601074 250.129770992 -99.358778626 11.3282442748 END
START -4.69742365723 -9.57680664062 13.2279641724 250.129770992 -100.847328244 6.16030534351 END
START 1.27610948486 -9.58638344727 9.31583865967 250.129770992 -94.3511450382 -0.93893129771 END
START -2.36786544189 -11.645396875 9.01656345215 250.129770992 -94.8854961832 10.7022900763 END
START -2.26730897217 -2.56897838135 4.60165559082 250.129770992 -87.5877862595 11.6259541985 END
START 10.3357685669 -11.63821427 8.10916102295 250.129770992 -101.748091603 9.96183206107 END
START 2.17154090576 -6.36857641602 13.0555816528 250.129770992 -106.488549618 -0.969465648855 END
START 6.59123717041 -14.4178823975 6.31590397949 250.129770992 -103.938931298 7.0 END
START 4.82192214355 -3.6415807251 16.3907045654 250.129770992 -106.732824427 16.7099236641 END
START 1.2737152832 -7.32625708008 7.11556733398 250.129770992 -98.8702290076 4.19083969466 END
START -1.35272393799 -0.404620080566 0.509964953613 250.129770992 -101.786259542 9.76335877863 END
START 4.97036264648 -12.6342021606 5.07331331787 250.129770992 -81.8320610687 13.4885496183 END
START 2.97599266357 -6.62475599365 10.7332060425 250.129770992 -105.282442748 -3.45038167939 END
START 5.59524927979 -9.18655177002 8.17619866943 250.129770992 -103.702290076 18.3053435115 END
START -0.383072265625 -5.28400306396 11.7028577148 250.129770992 -97.4427480916 7.22900763359 END
START -1.8986019165 -7.21851800537 10.0891657959 250.129770992 -96.2061068702 -0.572519083969 END
START 1.11090957031 -10.532093103 13.3668278687 250.129770992 -99.3511450382 5.96946564885 END
START 6.16267507324 -8.77474908447 11.0660000732 250.129770992 -97.0687022901 9.70229007634 END
START -1.58735570068 -8.78911429443 10.4842090698 250.129770992 -80.2213740458 11.6946564885 END
START 3.29681568604 -13.1010714844 9.16500395508 250.129770992 -71.534351145 4.59541984733 END
START 13.3740104736 -10.6254669678 10.5201220947 250.129770992 -70.2061068702 -3.59541984733 END
START 7.77397279053 -12.0715647705 6.19379969482 250.129770992 -61.8396946565 0.328244274809 END
START 3.95282694092 -4.43645567627 5.83227524414 250.129770992 -59.4809160305 6.92366412214 END
START 4.13957467041 -6.46673868408 7.97029732666 250.129770992 -56.8244274809 9.10687022901 END
START 3.88578929443 -8.55927093506 9.09317790527 250.129770992 -51.4351145038 4.10687022901 END
START 3.01429989014 -8.334215979 5.2816088623 250.129770992 -53.5190839695 7.93893129771 END
START 4.63756861572 -5.02064088135 14.2502882812 250.129770992 -49.0305343511 0.916030534351 END
START 4.44842668457 -7.74284816895 1.81719906006 250.129770992 -49.0 11.9541984733 END