START 0.0143652099609 -5.44680877686 4.76924970703 250.129770992 -89.6564885496 10.7251908397 END
START -7.14669195557 -8.52814631348 7.02219346924 250.129770992 -77.7175572519 11.786259542 END
START -2.44447989502 -14.2646534912 10.1538092407 250.129770992 -95.9007633588 6.98473282443 END
START -8.2264769043 -11.9111532593 3.22498963623 250.129770992 -79.5954198473 -1.35114503817 END
START 1.51074124756 -14.2119810547 3.52665904541 250.129770992 -96.2290076336 2.70229007634 END
START -0.871489404297 -2.47321031494 7.59919606934 250.129770992 -92.2900763359 6.58778625954 END
START 0.387860668945 -7.0844427124 9.44751975098 250.129770992 -102.58778626 0.290076335878 END
START -1.14682259521 -8.05648858643 7.47948598633 250.129770992 -104.595419847 5.95419847328 END
START 7.49863959961 -9.4762501709 8.43716665039 250.129770992 -104.41221374 8.29770992366 END
START -2.38941325684 -8.12831463623 10.553640918 250.129770992 -104.664122137 5.41984732824 END
START 1.52510645752 -4.35744702148 5.84424625244 250.129770992 -104.0 9.19847328244 END
START -1.23540805664 -4.11802685547 10.7691190674 250.129770992 -104.404580153 7.29770992366 END
START -3.48595761719 -5.26006104736 9.24880101318 250.129770992 -105.27480916 7.65648854962 END
START 0.893037219238 -9.69172832031 12.1840922485 250.129770992 -92.9770992366 7.6641221374 END
START 1.48679923096 -7.71651195068 9.26077202148 250.129770992 -101.778625954 10.2213740458 END
START -0.792480749512 -8.80347950439 10.7092640259 250.129770992 -103.603053435 -0.274809160305 END
START 1.56580788574 -10.4937858765 4.35984122314 250.129770992 -104.015267176 8.51908396947 END
START 2.31519300537 -12.8305266968 4.60404979248 250.129770992 -104.969465649 8.64122137405 END
START -4.43406147461 -15.0571342407 5.94001431885 250.129770992 -98.0916030534 8.08396946565 END
START 5.33428129883 -13.8696102173 2.24815535889 250.129770992 -105.480916031 0.801526717557 END
START -7.69256993408 -12.9310831665 18.0091848877 250.129770992 -104.312977099 17.4198473282 END
START 0.931344445801 -12.1194488037 8.31985076904 250.129770992 -97.358778626 0.374045801527 END
START -0.476446130371 -11.1426145264 16.5367508667 250.129770992 -105.145038168 16.7938931298 END
START 0.14604630127 -13.2926076172 4.02944139404 250.129770992 -92.5496183206 -7.6641221374 END
START 8.07324799805 -5.86339986572 7.41005413818 250.129770992 -89.3282442748 9.81679389313 END
START 5.54975944824 -1.53468326416 7.29992086182 250.129770992 -70.6641221374 4.56488549618 END
START 3.23217224121 -9.95269630127 12.6413847656 250.129770992 -68.465648855 12.9541984733 END
START -4.12520946045 -11.9686140991 10.3908352051 250.129770992 -69.7099236641 2.00763358779 END
START 1.07499654541 -10.8816465454 10.553640918 250.129770992 -74.1908396947 16.7404580153 END
START -3.83790526123 -17.0634752319 6.0693012085 250.129770992 -67.786259542 2.90076335878 END
START 1.8866309082 -10.1011368042 8.61194337158 250.129770992 -73.0305343511 7.78625954198 END
START 0.493205541992 -4.6447512207 6.28956776123 250.129770992 -61.5038167939 15.9389312977 END
START -1.67594116211 -5.41807835693 6.11239683838 250.129770992 -51.6106870229 6.87022900763 END
START 2.33913502197 -1.12766898193 10.9031943604 250.129770992 -50.2213740458 6.79389312977 END
START -0.814028564453 -9.70848773193 5.2217538208 250.129770992 -41.9541984733 4.74045801527 END
START -0.332794030762 -12.5216746826 10.285490332 250.129770992 -36.9007633588 4.4427480916 END
START 5.88973608398 -12.8760165283 14.7770126465 250.129770992 -42.6641221374 4.06870229008 END
START -2.79163913574 -8.41322463379 11.7555301514 250.129770992 -51.5801526718 11.9770992366 END
START 7.3909005249 -9.61032546387 5.65749852295 250.129770992 -55.1908396947 8.77099236641 END
START 1.17555301514 -14.4226708008 6.74446607666 250.129770992 -50.1145038168 7.63358778626 END
START -4.41251365967 -16.0794583496 10.6877162109 250.129770992 -59.9541984733 6.19847328244 END
START 3.34469971924 -5.73411297607 0.478840332031 250.129770992 -55.7786259542 11.8549618321 END
START 0.46686932373 -13.0172744263 5.64792171631 250.129770992 -52.0229007634 9.18320610687 END
START 8.10197841797 -7.3549875 10.8193973022 250.129770992 -51.2442748092 6.04580152672 END
START -0.0526724365234 -7.93677850342 9.53131680908 250.129770992 -69.1679389313 9.20610687023 END
START 3.1244331665 -6.00944616699 10.6829278076 250.129770992 -69.0763358779 5.64885496183 END
START -3.064578125 -7.37653531494 10.4411134399 250.129770992 -86.7786259542 12.4580152672 END
START -2.27927998047 -7.49624539795 7.97747993164 250.129770992 -70.8549618321 3.48854961832 END
START 1.05105452881 -9.43794294434 7.40047733154 250.129770992 -76.9312977099 7.09923664122 END
START -6.38533582764 -15.442600708 4.6088381958 250.129770992 -71.1145038168 5.56488549618 END
START 0.45489831543 -8.18816967773 6.91684859619 250.129770992 -77.9007633588 4.09923664122 END
START 1.88423670654 -12.0141039307 7.3669585083 250.129770992 -88.8396946565 1.41221374046 END
START 0.883460412598 -9.8186210083 3.17949980469 250.129770992 -83.7938931298 11.3969465649 END
START 3.93127912598 -8.89685336914 8.06127698975 250.129770992 -80.6183206107 10.0 END
START 4.20421811523 -5.72453616943 11.5663882202 250.129770992 -84.7251908397 11.8015267176 END
START 7.50103380127 -7.11317313232 9.10036051025 250.129770992 -88.4885496183 8.11450381679 END
START -2.6862942627 -11.9710083008 5.13077415771 250.129770992 -97.5419847328 2.10687022901 END
START 0.665588061523 -7.07965430908 7.81228001709 250.129770992 -98.4351145038 2.03816793893 END
START 3.37582434082 -10.5727945312 5.31273348389 250.129770992 -97.5496183206 7.45038167939 END
START -5.89931289062 -6.73488927002 12.5623761108 250.129770992 -86.3816793893 3.23664122137 END
START 0.553060583496 -10.6206785645 4.42687886963 250.129770992 -103.641221374 3.17557251908 END
START -0.711077893066 -6.38294162598 6.86178195801 250.129770992 -97.1297709924 9.97709923664 END
START -1.14442839355 -16.0435453247 7.84579884033 250.129770992 -99.0992366412 6.2213740458 END
START -1.93212073975 -13.117830896 7.6734163208 250.129770992 -97.9541984733 3.76335877863 END
START -0.440533105469 -7.59201346436 5.00388146973 250.129770992 -104.480916031 5.90076335878 END
START -0.289698400879 -16.8432086792 6.75643708496 250.129770992 -98.3129770992 11.465648855 END
START -0.715866296387 -5.11401474609 6.13155045166 250.129770992 -103.267175573 -2.09923664122 END
START 5.93762011719 -6.48110389404 12.0595937622 250.129770992 -102.541984733 4.58778625954 END
START 1.67115275879 -7.0245876709 4.13478626709 250.129770992 -104.900763359 1.56488549618 END
START 3.4428619873 1.07499654541 6.86896456299 250.129770992 -90.2977099237 3.64122137405 END
START -2.48039291992 -11.0875478882 13.1154366943 250.129770992 -84.0687022901 8.75572519084 END
START -0.952892260742 -7.49385119629 3.33991131592 250.129770992 -90.213740458 2.04580152672 END
START 3.19625921631 -6.27999095459 3.430890979 250.129770992 -100.404580153 6.36641221374 END
START 3.08612593994 -10.5344873047 9.99100352783 250.129770992 -90.7328244275 11.7557251908 END
START -5.20499440918 -9.75158336182 13.5583640015 250.129770992 -87.0916030534 14.5496183206 END
START 4.88417138672 -7.6973583374 12.8520745117 250.129770992 -88.106870229 9.06106870229 END
START -4.24491954346 -8.21211169434 8.6526447998 250.129770992 -76.5267175573 3.53435114504 END
START 4.02944139404 -8.37012900391 4.9512090332 250.129770992 -84.1526717557 2.09160305344 END
START 7.96311472168 -10.2974613403 10.7212350342 250.129770992 -68.6564885496 15.8167938931 END
START 5.67904633789 -9.80665 6.81868632812 250.129770992 -59.9236641221 3.27480916031 END
START 2.45645090332 -14.9972791992 4.9631800415 250.129770992 -52.213740458 -0.931297709924 END
START 12.5264630859 -12.3229559448 6.28238515625 250.129770992 -43.4503816794 9.54198473282 END
START 8.827421521 -11.1689507446 6.44040246582 250.129770992 -44.0381679389 3.48854961832 END
START 2.89698400879 -14.4322476074 7.29273825684 250.129770992 -32.6259541985 18.1984732824 END
START -6.58405456543 -11.5735708252 13.4578075317 250.129770992 -37.641221374 5.87022900763 END