START 4.8793829834 -8.84418093262 8.12113203125 250.129770992 -81.1984732824 5.6106870229 END
START 4.00310517578 -7.76679018555 9.46667336426 250.129770992 -75.4198473282 10.9160305344 END
START 4.62799180908 -14.6477257568 7.70454094238 250.129770992 -85.4045801527 8.70992366412 END
START -0.119710083008 -12.0955067871 5.42765516357 250.129770992 -83.1603053435 -3.18320610687 END
START 3.49792862549 -6.18661708984 6.34224019775 250.129770992 -100.496183206 3.56488549618 END
START 6.3997010376 -13.3333090454 11.9734025024 250.129770992 -93.3358778626 -1.89312977099 END
START 2.91853182373 -11.2742956177 10.5416699097 250.129770992 -100.992366412 11.1755725191 END
START -7.81228001709 -13.1920511475 3.62721551514 250.129770992 -101.022900763 10.0305343511 END
START 5.48272180176 -12.5623761108 7.84819304199 250.129770992 -97.6870229008 6.37404580153 END
START 4.51785853271 -11.0707884766 11.9638256958 250.129770992 -104.580152672 10.2061068702 END
START -9.11233151855 -8.3222449707 4.49152231445 250.129770992 -104.557251908 10.4198473282 END
START 4.12999786377 -7.04613548584 8.59518395996 250.129770992 -104.480916031 4.41221374046 END
START 1.15879360352 -8.00621035156 7.65426270752 250.129770992 -104.358778626 15.1679389313 END
START -5.01824667969 -1.13963999023 4.99909306641 250.129770992 -104.328244275 11.786259542 END
START 1.90099611816 -1.97521636963 10.1609918457 250.129770992 -103.93129771 8.90839694656 END
START -4.88177718506 -0.825999572754 7.66623371582 250.129770992 -106.404580153 0.396946564885 END
START -1.472434021 -5.23133062744 14.6788503784 250.129770992 -104.41221374 6.68702290076 END
START 7.71651195068 -4.01747038574 5.87537087402 250.129770992 -104.038167939 -1.95419847328 END
START 3.48835181885 -4.13478626709 11.659762085 250.129770992 -104.824427481 10.9923664122 END
START 3.6176387085 -3.38540114746 6.52180532227 250.129770992 -105.083969466 5.65648854962 END
START 0.368707055664 -8.69095202637 6.55532414551 250.129770992 -105.34351145 9.65648854962 END
START 7.79791480713 -4.11323845215 8.827421521 250.129770992 -104.022900763 6.13740458015 END
START -1.83635267334 -2.87543619385 10.5823713379 250.129770992 -98.786259542 -5.32824427481 END
START 3.67031114502 -6.55771834717 12.0883241821 250.129770992 -90.8854961832 -1.84732824427 END
START 5.15232197266 -11.6214548584 5.97113894043 250.129770992 -92.2671755725 10.7633587786 END
START 0.699106884766 -6.65109221191 5.43962617188 250.129770992 -86.9770992366 -1.43511450382 END
START -3.41173736572 -7.81946262207 10.546458313 250.129770992 -82.2900763359 13.4045801527 END
START 0.792480749512 -2.41096107178 5.35104071045 250.129770992 -70.8778625954 -7.54961832061 END
START -3.89297189941 -9.84735142822 12.0667763672 250.129770992 -71.8854961832 -3.22900763359 END
START 4.04620080566 -12.2104284668 10.8744639404 250.129770992 -61.0152671756 4.34351145038 END
START 7.45554396973 -4.69263525391 13.1705033325 250.129770992 -59.7404580153 7.50381679389 END
START 2.33434661865 -8.15465085449 12.3277443481 250.129770992 -56.7709923664 12.7404580153 END
START -0.342370837402 -6.07169541016 12.9406599731 250.129770992 -53.320610687 7.96183206107 END
START -0.955286462402 -3.20583602295 9.48343277588 250.129770992 -47.2977099237 6.96946564885 END
START 0.205901342773 -5.64313331299 12.0907183838 250.129770992 -52.1603053435 6.0534351145 END
START -3.56017786865 -10.3261917603 11.0923362915 250.129770992 -45.8396946565 8.14503816794 END
START 8.48265648193 -0.651222851562 7.52258161621 250.129770992 -40.0381679389 3.45038167939 END
START 0.414196887207 -4.43406147461 8.3461869873 250.129770992 -41.0687022901 5.61832061069 END
START 7.85776984863 -13.9390420654 10.3118265503 250.129770992 -60.5419847328 4.25190839695 END
START 8.78672009277 -4.58010777588 3.40934316406 250.129770992 -45.4809160305 11.0076335878 END
START 1.11330377197 -13.984531897 3.9600095459 250.129770992 -41.5267175573 14.4732824427 END
START 4.92966121826 -11.2982376343 6.56011254883 250.129770992 -54.1221374046 13.213740458 END
START -1.33835872803 -9.84016882324 7.967903125 250.129770992 -55.1908396947 11.1374045802 END
START 1.4604630127 -2.05901342773 3.15316358643 250.129770992 -50.9694656489 5.56488549618 END
START 1.57059628906 -9.01416925049 5.84185205078 250.129770992 -52.9770992366 1.42748091603 END
START -6.4356140625 -8.38449421387 1.75494981689 250.129770992 -57.0610687023 4.02290076336 END
START 0.837970581055 -6.69658204346 9.73003554687 250.129770992 -63.8854961832 6.23664122137 END
START 0.732625708008 -10.3022497437 6.4356140625 250.129770992 -65.3740458015 0.335877862595 END
START 2.60967980957 -12.9861498047 6.99825145264 250.129770992 -60.1603053435 4.01526717557 END
START -0.76135612793 -12.2774661133 4.74770189209 250.129770992 -73.8167938931 15.0534351145 END
START 0.30885201416 -11.4466781372 4.79079752197 250.129770992 -76.9694656489 14.641221374 END
START -2.99754047852 -8.44195505371 1.58974990234 250.129770992 -81.5954198473 -0.0687022900763 END
START 2.94486804199 -10.8481277222 6.11000263672 250.129770992 -81.1832061069 14.9160305344 END
START 3.37821854248 -12.0835357788 7.13232674561 250.129770992 -78.0152671756 -0.81679389313 END
START -0.174776721191 -15.1816327271 7.24485422363 250.129770992 -81.8320610687 8.29007633588 END
START 1.11330377197 -11.1258551147 4.6686932373 250.129770992 -87.6870229008 9.35114503817 END
START 3.47638081055 -5.32709869385 2.52588275146 250.129770992 -82.7709923664 -3.01526717557 END
START -3.05021291504 -7.17542237549 4.15393988037 250.129770992 -107.007633588 2.54198473282 END
START 0.213083947754 -4.39096584473 2.28885678711 250.129770992 -88.3511450382 9.03816793893 END
START -4.88177718506 -9.95509050293 16.2542350708 250.129770992 -94.8167938931 6.13740458015 END
START 1.15879360352 -11.0636058716 12.2750719116 250.129770992 -86.2519083969 1.17557251908 END
START 4.15393988037 -13.230358374 3.79720383301 250.129770992 -98.1832061069 4.51145038168 END
START -2.64559283447 -15.2869776001 9.18894597168 250.129770992 -104.312977099 4.18320610687 END
START 3.16752879639 -6.70376464844 5.06613071289 250.129770992 -105.442748092 6.60305343511 END
START 5.46117398682 -10.7427828491 8.51138690186 250.129770992 -103.503816794 9.04580152672 END
START 2.20745393066 -12.8424977051 2.51630594482 250.129770992 -97.0381679389 -2.87022900763 END
START -2.94486804199 2.70784207764 10.2088758789 250.129770992 -91.1679389313 8.58778625954 END
START 6.39251843262 -3.07894333496 -0.201112939453 250.129770992 -105.183206107 11.2824427481 END
START -2.4875755249 -7.15866296387 5.51863482666 250.129770992 -97.7099236641 6.96183206107 END
START -6.77319649658 -13.6780740845 4.49152231445 250.129770992 -100.694656489 15.5877862595 END
START 0.974440075684 -8.89685336914 7.0245876709 250.129770992 -94.3969465649 10.9236641221 END
START 8.19056387939 -7.08204851074 2.73178409424 250.129770992 -104.961832061 0.335877862595 END
START -6.32787498779 -8.61433757324 6.84981094971 250.129770992 -98.0992366412 6.82442748092 END
START 10.5895539429 -6.98149204102 5.96635053711 250.129770992 -104.86259542 12.9770992366 END
START 4.9631800415 -9.99339772949 9.89284125977 250.129770992 -105.015267176 -6.86259541985 END
START 0.189141931152 -10.4961800781 8.71249984131 250.129770992 -102.954198473 9.70229007634 END
START -1.46764561768 -9.91199487305 17.6428720337 250.129770992 -87.8778625954 16.465648855 END
START 6.26083734131 -12.2990139282 7.01979926758 250.129770992 -91.358778626 11.0076335878 END
START 3.13879837646 -4.21379492187 4.25689055176 250.129770992 -95.5267175573 6.60305343511 END
START 2.05183082275 -5.65989272461 10.0412817627 250.129770992 -76.0 8.88549618321 END
START 5.45159718018 -9.64863269043 4.2544963501 250.129770992 -93.2519083969 12.2748091603 END
START 5.7508723877 -6.55292994385 7.6135612793 250.129770992 -76.8625954198 10.2061068702 END
START 1.8866309082 -2.75572611084 9.04529387207 250.129770992 -91.4045801527 11.1603053435 END
START 4.2185833252 -10.187328064 2.99035787354 250.129770992 -86.9083969466 2.60305343511 END
START 11.4873795654 -8.71489404297 7.82903942871 250.129770992 -76.2595419847 -0.0534351145038 END
START 0.488417138672 -9.33978067627 8.74123026123 250.129770992 -86.4732824427 4.35877862595 END