START -1.31920511475 -7.6614453125 8.01818135986 250.129770992 -62.8396946565 4.93129770992 END
START -9.4283661377 -10.1298672241 1.45567460937 250.129770992 -73.8549618321 8.07633587786 END
START -1.8148048584 -4.5848961792 2.40856687012 250.129770992 -88.2748091603 7.32824427481 END
START 5.57848986816 -4.94163222656 10.6829278076 250.129770992 -95.4732824427 9.59541984733 END
START 2.87304199219 -9.21528218994 9.28950244141 250.129770992 -85.0992366412 3.45801526718 END
START -0.811634362793 -11.6717330933 5.40850155029 250.129770992 -90.9312977099 1.61832061069 END
START 7.99902774658 -4.64953962402 7.75242497559 250.129770992 -89.6259541985 7.49618320611 END
START 6.82347473145 -8.99501563721 4.8793829834 250.129770992 -96.213740458 9.39694656489 END
START 5.21935961914 -17.0586868286 12.8951701416 250.129770992 -103.65648855 3.42748091603 END
START -10.1705686523 -1.98718737793 9.83777462158 250.129770992 -104.152671756 11.5267175573 END
START -5.77720860596 -9.5361052124 7.20894119873 250.129770992 -104.236641221 11.7099236641 END
START 2.27927998047 -6.4595560791 9.52652840576 250.129770992 -104.458015267 -1.29007633588 END
START -6.37097061768 -8.76277807617 7.86016405029 250.129770992 -105.526717557 10.3816793893 END
START 2.62404501953 -14.3269027344 10.5009684814 250.129770992 -104.175572519 11.2748091603 END
START -2.48518132324 -9.34935748291 5.64313331299 250.129770992 -103.969465649 6.75572519084 END
START -1.79565124512 -10.9151653687 5.30794508057 250.129770992 -104.083969466 8.63358778626 END
START 7.22091220703 -13.0005150146 11.8225677979 250.129770992 -104.778625954 11.2061068702 END
START -0.263362182617 -12.871228125 7.44836136475 250.129770992 -104.435114504 8.73282442748 END
START 1.25456166992 -6.76122548828 7.78354959717 250.129770992 -103.961832061 4.59541984733 END
START 3.81396324463 -1.92733233643 7.87213505859 250.129770992 -105.564885496 14.8778625954 END
START 5.77002600098 1.64960494385 13.1872627441 250.129770992 -104.748091603 8.06870229008 END
START 0.849941589355 -14.5519576904 8.65503900146 250.129770992 -96.5572519084 4.13740458015 END
START -2.47081611328 -12.8544687134 6.53856473389 250.129770992 -105.351145038 -0.801526717557 END
START 8.03494077148 -7.93438430176 10.1083194092 250.129770992 -104.633587786 9.83969465649 END
START -2.05901342773 -8.26478413086 12.7898252686 250.129770992 -104.488549618 5.17557251908 END
START 4.65193382568 -5.44202037354 8.48744488525 250.129770992 -104.435114504 6.03816793893 END
START 0.14604630127 -6.36618221436 8.24563051758 250.129770992 -100.763358779 6.28244274809 END
START 5.32709869385 -10.060435376 8.41322463379 250.129770992 -77.7938931298 5.39694656489 END
START 1.81001645508 -7.77876119385 10.3046439453 250.129770992 -70.2290076336 1.41221374046 END
START 6.03578238525 -1.21625444336 12.1721212402 250.129770992 -55.2977099237 10.9770992366 END
START 10.1346556274 -7.42441934814 10.9750204102 250.129770992 -54.4427480916 10.4885496183 END
START -0.0837970581055 -10.9989624268 12.363657373 250.129770992 -52.5801526718 13.7175572519 END
START 3.01190568848 -9.37329949951 12.6988456055 250.129770992 -56.9465648855 7.80916030534 END
START 2.90656081543 -1.08457335205 10.4171714233 250.129770992 -58.641221374 17.5190839695 END
START -4.75727869873 -11.3126028442 10.6709567993 250.129770992 -61.2366412214 5.35114503817 END
START 6.58405456543 -10.9582609985 7.22330640869 250.129770992 -49.3129770992 9.82442748092 END
START -3.65594593506 -13.0268512329 10.5967365479 250.129770992 -40.9618320611 2.29007633588 END
START 0.129286889648 -10.9606552002 8.22408270264 250.129770992 -37.6335877863 7.52671755725 END
START 2.43011468506 -8.334215979 9.27992563477 250.129770992 -46.465648855 2.74809160305 END
START 3.25372005615 -3.52665904541 10.1514150391 250.129770992 -42.9923664122 9.12213740458 END
START 1.74776721191 -8.43956085205 4.70221206055 250.129770992 -34.5267175573 4.76335877863 END
START -1.31920511475 -6.22253011475 5.4922986084 250.129770992 -53.8167938931 8.78625954198 END
START 1.41976158447 -5.54975944824 5.57130726318 250.129770992 -48.5114503817 2.62595419847 END
START 3.76129080811 -5.28879146729 0.840364782715 250.129770992 -47.2900763359 9.01526717557 END
START 3.09091434326 -10.299855542 7.73087716064 250.129770992 -46.9389312977 16.0305343511 END
START 3.19865341797 -12.871228125 9.71806453857 250.129770992 -50.3511450382 7.0 END
START 0.756567724609 -13.6301900513 4.95839163818 250.129770992 -53.2900763359 1.03816793893 END
START 3.064578125 -9.07402429199 3.9719805542 250.129770992 -60.2519083969 7.90076335878 END
START -4.10845004883 -0.873883605957 9.54568201904 250.129770992 -58.1526717557 11.8015267176 END
START 4.08450803223 0.811634362793 5.32231029053 250.129770992 -51.5038167939 9.08396946565 END
START -0.696712683105 -12.0715647705 11.779472168 250.129770992 -62.5267175573 4.96946564885 END
START 2.11168586426 -14.6429373535 15.8687686035 250.129770992 -63.4580152672 13.3893129771 END
START -3.96240374756 -10.8960117554 5.30555087891 250.129770992 -68.893129771 8.92366412214 END
START 2.50433493652 -6.34224019775 11.2144405762 250.129770992 -70.1832061069 4.85496183206 END
START 0.854729992676 -3.61524450684 2.18351191406 250.129770992 -86.0458015267 8.12213740458 END
START -1.71424838867 -11.2311999878 6.33266339111 250.129770992 -80.2519083969 15.3358778626 END
START 0.92416184082 -6.44040246582 3.83790526123 250.129770992 -84.9618320611 0.190839694656 END
START -2.36068283691 -8.12592043457 8.24563051758 250.129770992 -93.213740458 12.427480916 END
START 0.538695373535 -3.50032282715 2.99993468018 250.129770992 -77.6641221374 0.358778625954 END
START 1.15639940186 -9.86171663818 9.193734375 250.129770992 -85.106870229 11.6717557252 END
START 3.76368500977 -6.23928952637 2.47321031494 250.129770992 -95.8473282443 1.81679389313 END
START -1.19710083008 -9.36851109619 10.41238302 250.129770992 -92.8015267176 6.64885496183 END
START 5.97832154541 -8.32703337402 9.03092866211 250.129770992 -97.8854961832 0.290076335878 END
START -2.23618435059 -9.11233151855 6.80671531982 250.129770992 -103.65648855 7.38167938931 END
START 10.5751887329 -6.68461103516 6.13155045166 250.129770992 -103.022900763 6.67175572519 END
START 9.13148513184 -8.5568767334 8.95192000732 250.129770992 -105.175572519 5.0534351145 END
START -1.04147772217 -10.4889974731 9.02614025879 250.129770992 -103.763358779 9.19083969466 END
START -1.97761057129 -10.9486841919 9.77552537842 250.129770992 -97.0458015267 18.7709923664 END
START 6.10042583008 -12.6294137573 12.6413847656 250.129770992 -97.6641221374 10.0916030534 END
START -1.73100780029 -11.4610433472 8.05888278809 250.129770992 -102.41221374 7.61832061069 END
START 3.48595761719 -11.2048637695 5.12359155273 250.129770992 -102.328244275 6.23664122137 END
START -1.07020814209 -7.07007750244 8.83699832764 250.129770992 -104.351145038 -0.312977099237 END
START -2.8060043457 -6.95755002441 15.7873657471 250.129770992 -95.465648855 0.961832061069 END
START 3.82114584961 -11.6430026733 10.3860468018 250.129770992 -99.7099236641 4.67938931298 END
START -0.215478149414 -5.4444145752 5.99986936035 250.129770992 -88.465648855 15.3358778626 END
START 4.39814844971 -12.1026893921 8.55927093506 250.129770992 -72.6717557252 9.87786259542 END
START 15.1409312988 -10.5009684814 11.6645504883 250.129770992 -73.4809160305 5.49618320611 END
START 7.52258161621 -9.76594857178 11.4730143555 250.129770992 -69.7786259542 10.7938931298 END
START 8.08043060303 -9.96706151123 9.76834277344 250.129770992 -67.213740458 -0.0534351145038 END
START 8.16183345947 -2.43011468506 6.02381137695 250.129770992 -71.9083969466 2.6641221374 END
START 9.7707369751 -9.36132849121 5.47075079346 250.129770992 -58.3740458015 14.5190839695 END
START 4.3023803833 -5.95198532715 14.4944968506 250.129770992 -57.2977099237 7.19083969466 END
START 6.42124885254 -10.0939541992 6.93121380615 250.129770992 -41.9312977099 6.81679389313 END