START -0.603338818359 -7.63510909424 5.37737692871 250.129770992 -85.0381679389 12.641221374 END
START 4.537012146 -6.59841977539 9.15063874512 250.129770992 -78.1755725191 -0.435114503817 END
START -0.258573779297 -6.60320817871 2.25054956055 250.129770992 -82.2213740458 4.83969465649 END
START 9.02853446045 -12.0404401489 10.7188408325 250.129770992 -85.2748091603 8.48091603053 END
START 1.42215578613 -4.02465299072 3.87860668945 250.129770992 -70.6946564885 27.9465648855 END
START -3.73495458984 -11.398794104 7.24246002197 250.129770992 -85.0381679389 8.15267175573 END
START -13.7499001343 -12.1601502319 8.42998404541 250.129770992 -68.8167938931 0.0534351145038 END
START 3.62003291016 -8.65503900146 11.0133276367 250.129770992 -72.1450381679 -0.297709923664 END
START 0.280121594238 -8.99740983887 14.1808564331 250.129770992 -69.9541984733 10.4961832061 END
START 1.44849200439 -9.98621512451 8.58560715332 250.129770992 -77.9465648855 8.42748091603 END
START 1.46764561768 -12.4019645996 13.7211697144 250.129770992 -79.6030534351 -0.435114503817 END
START 3.77565601807 -7.9439611084 10.6111017578 250.129770992 -78.2671755725 3.45801526718 END
START 3.53384165039 -12.9167179565 6.77559069824 250.129770992 -90.106870229 9.71755725191 END
START -2.10689746094 -11.9374894775 5.25287844238 250.129770992 -80.2290076336 -5.58778625954 END
START -0.658405456543 -10.8577045288 6.03578238525 250.129770992 -91.3893129771 8.69465648855 END
START 5.19302340088 -2.40617266846 4.81952794189 250.129770992 -103.832061069 1.07633587786 END
START -3.35188232422 -2.39659586182 5.86339986572 250.129770992 -92.0458015267 -1.65648854962 END
START 3.79720383301 -4.25210214844 1.99676418457 250.129770992 -103.954198473 4.60305343511 END
START 3.11485635986 -7.22330640869 9.10514891357 250.129770992 -93.1603053435 5.84732824427 END
START -0.270544787598 -1.93930334473 8.51138690186 250.129770992 -97.6717557252 17.3282442748 END
START 5.22414802246 -1.99197578125 3.61524450684 250.129770992 -96.3664122137 6.71755725191 END
START -0.191536132812 -8.15943925781 8.33900438232 250.129770992 -103.503816794 7.99236641221 END
START -2.45645090332 -6.1052142334 10.4578728516 250.129770992 -98.0076335878 10.3816793893 END
START 1.85311208496 -8.36773480225 5.76044919434 250.129770992 -99.0839694656 -2.63358778626 END
START 3.6056677002 -9.91678327637 6.27759675293 250.129770992 -105.129770992 6.60305343511 END
START 5.37737692871 -3.24653745117 5.10204373779 250.129770992 -104.664122137 14.1603053435 END
START -4.72615407715 -9.60074865723 4.76685550537 250.129770992 -104.694656489 -2.35877862595 END
START -5.42526096191 -3.75410820312 8.62152017822 250.129770992 -104.893129771 5.28244274809 END
START 2.32237561035 -9.31823286133 9.43554874268 250.129770992 -104.58778626 5.17557251908 END
START -0.184353527832 -4.80037432861 2.4995465332 250.129770992 -104.458015267 6.69465648855 END
START 1.25216746826 -15.8974990234 8.6287027832 250.129770992 -103.900763359 6.9465648855 END
START -8.88967076416 -8.27675513916 10.8912233521 250.129770992 -103.702290076 13.5038167939 END
START 3.04781871338 -7.73087716064 5.38216533203 250.129770992 -98.1221374046 20.6259541985 END
START -3.28245047607 -13.0507932495 13.5463929932 250.129770992 -97.7786259542 0.450381679389 END
START -0.703895288086 -10.41238302 11.0947304932 250.129770992 -101.984732824 11.1145038168 END
START 3.45483299561 -7.4028715332 3.27047946777 250.129770992 -93.9389312977 10.2061068702 END
START 0.483628735352 -12.8688339233 8.70531723633 250.129770992 -104.671755725 -1.63358778626 END
START 5.17147558594 -13.2710598022 7.81228001709 250.129770992 -78.572519084 3.88549618321 END
START -0.316034619141 -10.6326495728 13.8911580322 250.129770992 -73.1526717557 5.71755725191 END
START 4.34308181152 -5.81551583252 11.9159416626 250.129770992 -69.5877862595 5.87022900763 END
START -0.193930334473 -5.149927771 6.50504591064 250.129770992 -70.358778626 2.64122137405 END
START -0.497993945312 -10.793061084 14.3556331543 250.129770992 -58.5877862595 2.0 END
START -1.9105729248 -5.22654222412 7.23048901367 250.129770992 -64.1755725191 12.0305343511 END
START -2.1212626709 -12.3660515747 6.48589229736 250.129770992 -59.2519083969 8.70992366412 END
START 1.69988317871 -7.95114371338 5.09007272949 250.129770992 -56.5572519084 6.42748091603 END
START 5.5641246582 -12.3564747681 8.90882437744 250.129770992 -57.213740458 7.14503816794 END
START 2.52827695312 -11.6214548584 12.9286889648 250.129770992 -45.8244274809 0.167938931298 END
START 3.65834013672 -9.50258638916 11.9231242676 250.129770992 -53.5190839695 8.61832061069 END
START 1.15161099854 -10.6757452026 13.9965029053 250.129770992 -58.5877862595 6.7786259542 END
START -1.71424838867 -15.1361428955 11.525686792 250.129770992 -49.0534351145 6.96183206107 END
START 2.71741888428 -15.4976673462 8.00860455322 250.129770992 -46.7404580153 10.9160305344 END
START 1.37187755127 -12.490550061 9.23683000488 250.129770992 -49.9465648855 14.320610687 END
START -6.7660138916 -8.48265648193 8.11155522461 250.129770992 -67.2213740458 16.4732824427 END
START 2.19787712402 -5.59524927979 11.2455651978 250.129770992 -67.4122137405 6.35114503817 END
START 3.84508786621 -3.94325013428 4.07732542725 250.129770992 -60.6030534351 11.1297709924 END
START -4.46279189453 -0.682347473145 8.947131604 250.129770992 -49.0839694656 3.12977099237 END
START 4.65193382568 -6.6702458252 8.19774648437 250.129770992 -44.5267175573 -2.67175572519 END
START -4.87459458008 -9.86171663818 3.37821854248 250.129770992 -55.2748091603 6.98473282443 END
START -0.474051928711 -13.9055232422 8.45392606201 250.129770992 -59.6641221374 1.57251908397 END
START 1.86747729492 -13.2471177856 7.65665690918 250.129770992 -57.9083969466 3.52671755725 END
START -0.857124194336 -8.99501563721 6.08606062012 250.129770992 -70.4122137405 4.93129770992 END
START 0.572214196777 -9.38287630615 8.99501563721 250.129770992 -70.2900763359 11.6488549618 END
START 4.50588752441 -4.67587584229 2.40856687012 250.129770992 -74.572519084 7.80916030534 END
START -0.0167594116211 -7.94635531006 8.68376942139 250.129770992 -73.1755725191 -1.80916030534 END
START 1.69030637207 -7.75721337891 7.80509741211 250.129770992 -73.641221374 4.36641221374 END
START -0.0598550415039 -18.3898629517 7.88650026855 250.129770992 -69.0076335878 9.52671755725 END
START -1.30483990479 -7.66623371582 12.5695587158 250.129770992 -79.5419847328 10.8473282443 END
START 5.15232197266 -13.6086422363 7.75481917725 250.129770992 -79.8396946565 10.0152671756 END
START 0.524330163574 -8.84657513428 10.5895539429 250.129770992 -85.3358778626 13.3664122137 END
START 7.78594379883 -5.8346694458 9.31105025635 250.129770992 -68.320610687 1.40458015267 END
START 0.656011254883 -10.2400005005 9.88805285645 250.129770992 -79.8854961832 11.0763358779 END
START 0.61052142334 -14.5184388672 4.73333668213 250.129770992 -79.213740458 10.786259542 END
START 1.99436998291 -7.20175859375 4.76924970703 250.129770992 -88.6564885496 7.84732824427 END
START -1.45567460937 -6.63912120361 6.0812722168 250.129770992 -97.320610687 4.83969465649 END
START -6.32787498779 -11.3341506592 10.8864349487 250.129770992 -87.9236641221 3.50381679389 END
START 5.14753356934 -7.72369455566 8.36773480225 250.129770992 -86.6030534351 8.40458015267 END
START 4.95839163818 -13.4290771118 8.64306799316 250.129770992 -91.0381679389 12.2671755725 END
START 8.36294639893 -10.7116582275 10.6565915894 250.129770992 -91.7938931298 14.4809160305 END
START 6.56250675049 -6.51701691895 1.24737906494 250.129770992 -98.0076335878 0.473282442748 END
START -2.11168586426 0.569819995117 8.3222449707 250.129770992 -89.8778625954 7.42748091603 END
START -2.91134921875 -4.77164390869 4.78122071533 250.129770992 -100.091603053 11.679389313 END
START -2.79642753906 -12.4785790527 7.70214674072 250.129770992 -102.083969466 2.13740458015 END
START -3.65115753174 -6.59602557373 12.4067530029 250.129770992 -102.305343511 1.02290076336 END
START -3.1124621582 -4.56813676758 11.5783592285 250.129770992 -104.526717557 -1.01526717557 END
START 2.31998140869 -5.8945244873 6.25365473633 250.129770992 -97.2595419847 7.0 END
START -1.1540052002 -9.41639512939 11.8273562012 250.129770992 -107.160305344 5.5572519084 END
START 1.65199914551 -12.0907183838 9.58638344727 250.129770992 -98.1221374046 16.5038167939 END
START 1.63045133057 -8.35336959229 8.06367119141 250.129770992 -104.618320611 1.09160305344 END
START -0.335188232422 -12.998120813 7.99663354492 250.129770992 -104.259541985 0.167938931298 END
START 2.77248552246 -15.3492268433 3.57454307861 250.129770992 -104.954198473 19.2366412214 END
START -0.790086547852 -10.0269165527 5.75326658936 250.129770992 -104.396946565 19.9923664122 END
START 0.565031591797 2.35828863525 10.4961800781 250.129770992 -101.641221374 7.39694656489 END
START 2.23139594727 -6.39012423096 3.64636912842 250.129770992 -104.488549618 4.2213740458 END
START -0.488417138672 -10.0245223511 4.38138903809 250.129770992 -104.969465649 2.5572519084 END
START 1.81241065674 -4.59447298584 11.4873795654 250.129770992 -104.091603053 15.2824427481 END
START 7.82664522705 -13.8217261841 3.84029946289 250.129770992 -104.229007634 11.5877862595 END
START 6.08366641846 -6.63433280029 8.45632026367 250.129770992 -100.396946565 12.2595419847 END
START 1.64721074219 -9.00698664551 6.988674646 250.129770992 -90.0839694656 -4.12977099237 END
START -1.38145435791 -14.4011229858 11.3126028442 250.129770992 -91.1374045802 -1.51145038168 END
START 0.131681091309 -7.721300354 11.7818663696 250.129770992 -85.5801526718 -2.10687022901 END
START 3.98155736084 -9.59596025391 9.51455739746 250.129770992 -77.213740458 11.2061068702 END
START 9.10275471191 -11.2527478027 12.3947819946 250.129770992 -74.427480916 2.45038167939 END
START 10.0412817627 -10.1442324341 0.179565124512 250.129770992 -75.0381679389 9.45801526718 END
START -2.96402165527 -2.55461317139 10.8170031006 250.129770992 -67.9847328244 3.6641221374 END
START -0.179565124512 -3.40455476074 7.81467421875 250.129770992 -70.7175572519 15.1603053435 END
START -0.751779321289 -7.28076724854 7.69975253906 250.129770992 -60.9160305344 4.5572519084 END
START 3.4428619873 -3.57454307861 7.24006582031 250.129770992 -65.2748091603 6.0 END
START 7.70214674072 -4.97275684814 10.793061084 250.129770992 -60.1145038168 6.69465648855 END
START 9.10275471191 -11.6262432617 4.49152231445 250.129770992 -59.7404580153 6.89312977099 END
START -1.26413847656 -5.5641246582 10.3932294067 250.129770992 -48.0076335878 10.4503816794 END
START 4.2784383667 -13.8025725708 10.1059252075 250.129770992 -47.5190839695 4.13740458015 END
START 3.40216055908 -9.28710823975 9.02374605713 250.129770992 -49.2519083969 10.1679389313 END