START -0.270544787598 -4.96557424316 7.38132371826 250.129770992 -84.7251908397 8.01526717557 END
START -2.31758720703 -9.39963571777 5.68622894287 250.129770992 -98.0916030534 17.679389313 END
START 8.61433757324 -8.20014068604 7.2831614502 250.129770992 -80.5954198473 11.6106870229 END
START -2.7700913208 -12.5408282959 9.05726488037 250.129770992 -86.2290076336 12.8091603053 END
START -3.40455476074 -12.2702835083 6.43800826416 250.129770992 -95.9312977099 -1.32061068702 END
START 9.40681832275 -8.03015236816 8.53532891846 250.129770992 -90.1526717557 13.9541984733 END
START 1.34793553467 -8.08761320801 12.4067530029 250.129770992 -86.5648854962 10.4580152672 END
START -2.55221896973 -4.75009609375 6.49786330566 250.129770992 -79.3816793893 7.76335877863 END
START 2.24336695557 -7.86016405029 8.43716665039 250.129770992 -99.5190839695 12.2442748092 END
START 2.87543619385 -17.3316258179 7.88171186523 250.129770992 -102.816793893 11.4045801527 END
START -6.26562574463 -6.90727178955 8.68616362305 250.129770992 -103.893129771 7.29007633588 END
START 12.4594254395 -11.4347071289 9.61750806885 250.129770992 -87.3511450382 5.77099236641 END
START 3.53863005371 -10.4291424316 9.68933411865 250.129770992 -92.6946564885 -5.19083969466 END
START 6.50265170898 -12.7898252686 13.3955582886 250.129770992 -101.65648855 7.99236641221 END
START 2.31758720703 -10.314220752 4.54180054932 250.129770992 -102.366412214 14.4580152672 END
START -3.95043273926 -8.70771143799 6.0573302002 250.129770992 -104.053435115 16.7709923664 END
START -4.10845004883 -18.1863558105 4.70460626221 250.129770992 -105.198473282 11.0763358779 END
START 6.83544573975 0.986411083984 11.1617681396 250.129770992 -104.267175573 12.4580152672 END
START 6.22013591309 -13.596671228 11.2240173828 250.129770992 -89.6946564885 6.83969465649 END
START -0.134075292969 -13.1441671143 4.62559760742 250.129770992 -103.923664122 2.84732824427 END
START 7.06528909912 -8.23365950928 2.4516625 250.129770992 -105.221374046 10.4809160305 END
START -1.29047469482 -16.0842467529 10.8600987305 250.129770992 -104.358778626 12.6564885496 END
START 3.80438643799 -15.8735570068 8.40604202881 250.129770992 -103.893129771 1.42748091603 END
START -0.77093293457 -13.7020161011 11.9805851074 250.129770992 -103.671755725 11.5877862595 END
START 4.76206710205 -9.41639512939 6.39251843262 250.129770992 -104.389312977 4.27480916031 END
START -0.933738647461 -8.47307967529 9.82340941162 250.129770992 -100.770992366 13.8320610687 END
START 9.29429084473 -4.70939466553 4.2784383667 250.129770992 -105.473282443 8.73282442748 END
START -2.85149417725 -5.39174213867 9.62229647217 250.129770992 -103.34351145 10.1221374046 END
START -1.2378022583 -15.5120325562 11.2814782227 250.129770992 -107.312977099 5.91603053435 END
START 2.35350023193 -5.60722028809 5.88494768066 250.129770992 -89.0458015267 13.4580152672 END
START 1.62326872559 -8.20732329102 9.5361052124 250.129770992 -104.511450382 8.62595419847 END
START -0.447715710449 -5.26724365234 9.47864437256 250.129770992 -98.0458015267 2.7786259542 END
START -4.17788189697 -3.20344182129 13.1513497192 250.129770992 -92.5267175573 -0.488549618321 END
START -1.39821376953 -11.5208983887 10.4698438599 250.129770992 -81.2442748092 -0.75572519084 END
START -4.04141240234 -5.99508095703 9.32062706299 250.129770992 -83.2290076336 12.8625954198 END
START 11.525686792 -13.0795236694 9.28710823975 250.129770992 -85.213740458 7.62595419847 END
START -7.3669585083 -10.1538092407 7.15148035889 250.129770992 -86.2595419847 8.08396946565 END
START 2.62165081787 -9.7946789917 10.7643306641 250.129770992 -70.5877862595 9.36641221374 END
START 1.50116444092 -6.85938775635 4.94881483154 250.129770992 -61.9083969466 11.8091603053 END
START 0.9193734375 -10.4506902466 9.63905588379 250.129770992 -60.6946564885 4.54198473282 END
START -1.55862528076 -5.96156213379 7.25203682861 250.129770992 -61.7480916031 2.88549618321 END
START 0.272938989258 -9.95030209961 9.65820949707 250.129770992 -57.9618320611 8.32824427481 END
START 0.30406361084 -11.8608750244 7.76439598389 250.129770992 -45.6564885496 7.01526717557 END
START -1.39821376953 -4.69742365723 7.18978758545 250.129770992 -52.4351145038 5.65648854962 END
START 3.71819517822 -5.92325490723 8.63827958984 250.129770992 -51.427480916 2.13740458015 END
START -3.09809694824 -9.8784760498 5.48990440674 250.129770992 -51.6946564885 -3.10687022901 END
START -9.52174000244 -13.6373726562 13.9534072754 250.129770992 -51.4885496183 5.47328244275 END
START -6.19140549316 -8.08521900635 7.4268135498 250.129770992 -54.106870229 10.0992366412 END
START 6.44040246582 -12.1433908203 10.6613799927 250.129770992 -47.9618320611 13.5954198473 END
START 7.44117875977 -15.696386084 7.97029732666 250.129770992 -50.0152671756 5.6641221374 END
START -1.06063133545 -8.62391437988 6.94318481445 250.129770992 -41.8854961832 12.9541984733 END
START 2.67432325439 -11.8800286377 8.38449421387 250.129770992 -42.4122137405 4.67175572519 END
START 5.61679709473 -14.1186071899 6.04775339355 250.129770992 -47.1221374046 7.41984732824 END
START -0.502782348633 -2.66235224609 5.87297667236 250.129770992 -45.2748091603 0.648854961832 END
START 0.105344873047 -7.0964137207 7.31428607178 250.129770992 -60.4961832061 9.0 END
START -4.58729038086 -12.1912748535 9.18894597168 250.129770992 -69.1374045802 11.0229007634 END
START -3.14358677979 -9.88326445312 13.3452800537 250.129770992 -63.1221374046 14.2595419847 END
START -2.10210905762 -11.1234609131 11.750741748 250.129770992 -64.4809160305 5.25954198473 END
START 2.99993468018 -11.1258551147 15.0667110474 250.129770992 -65.2595419847 7.90076335878 END
START -2.7461493042 -7.52258161621 8.2384479126 250.129770992 -60.0687022901 10.1374045802 END
START -3.97437475586 1.30244570312 5.25048424072 250.129770992 -72.0381679389 5.6641221374 END
START 12.7467296387 -10.1394440308 6.9767036377 250.129770992 -63.0076335878 0.0763358778626 END
START -6.78277330322 -7.80030900879 12.4306950195 250.129770992 -68.2671755725 0.0 END
START -0.225054956055 -6.3877300293 6.04057078857 250.129770992 -80.3511450382 9.31297709924 END
START 6.43800826416 -7.00303985596 5.71495936279 250.129770992 -97.786259542 6.07633587786 END
START 1.07499654541 -10.2088758789 4.91769020996 250.129770992 -91.9465648855 2.90839694656 END
START 4.17548769531 -5.77720860596 9.49779798584 250.129770992 -81.8091603053 7.52671755725 END
START -2.32476981201 -6.6822168335 5.59764348145 250.129770992 -77.4427480916 -3.11450381679 END
START -4.34068760986 -6.48828649902 9.17218656006 250.129770992 -82.6335877863 9.40458015267 END
START 5.68383474121 -7.85776984863 6.25126053467 250.129770992 -89.0 3.19083969466 END
START -1.53468326416 -13.125013501 9.5720182373 250.129770992 -93.2900763359 11.9160305344 END
START -1.25695587158 -16.8384202759 7.64468590088 250.129770992 -94.9847328244 -2.38167938931 END
START -4.00549937744 -7.71890615234 5.34864650879 250.129770992 -102.885496183 8.93893129771 END
START 5.94959112549 -1.34314713135 7.11317313232 250.129770992 -87.3435114504 7.9465648855 END
START -0.706289489746 -2.26252056885 8.80826790771 250.129770992 -97.8244274809 13.7022900763 END
START -2.61446821289 -11.3580926758 2.49475812988 250.129770992 -102.549618321 1.87022900763 END
START 3.33272871094 -14.2862013062 8.28154354248 250.129770992 -91.7938931298 13.4351145038 END
START 1.25216746826 -11.3317564575 6.69897624512 250.129770992 -90.0839694656 20.7404580153 END
START -1.92972653809 -9.18655177002 4.34308181152 250.129770992 -104.488549618 8.06106870229 END
START -3.76129080811 -4.13957467041 10.7379944458 250.129770992 -91.5267175573 8.8320610687 END
START 5.55933625488 -6.73488927002 11.2623246094 250.129770992 -97.9312977099 8.29007633588 END
START 0.256179577637 -9.96466730957 5.43004936523 250.129770992 -106.992366412 9.93893129771 END
START -0.433350500488 -4.02225878906 16.4385885986 250.129770992 -97.6488549618 2.22900763359 END
START 8.50659849854 -10.0173397461 6.88811817627 250.129770992 -103.503816794 5.47328244275 END
START -2.93768543701 -4.36462962646 5.54257684326 250.129770992 -98.641221374 9.1679389313 END
START 0.272938989258 -10.2830961304 8.6047607666 250.129770992 -96.0458015267 6.11450381679 END
START 2.62643922119 -3.39258375244 11.6621562866 250.129770992 -105.030534351 6.48091603053 END
START 3.91451971436 -14.3963345825 5.74368978271 250.129770992 -97.3969465649 4.64885496183 END
START -3.12922156982 -8.70771143799 8.27196673584 250.129770992 -86.1832061069 14.4961832061 END
START -0.114921679688 -4.71897147217 7.47948598633 250.129770992 -89.1145038168 12.0763358779 END
START 4.80755693359 -3.86424147949 7.44596716309 250.129770992 -92.5267175573 4.37404580153 END
START 7.4148425415 -8.9112185791 4.75488449707 250.129770992 -107.251908397 12.0229007634 END
START 0.565031591797 -12.1816980469 7.32146867676 250.129770992 -104.450381679 -3.50381679389 END
START 3.86902988281 -8.20971749268 3.17949980469 250.129770992 -104.488549618 14.6564885496 END
START -7.85298144531 -11.6358200684 9.96227310791 250.129770992 -104.41221374 11.786259542 END
START 0.129286889648 -5.2816088623 10.2783077271 250.129770992 -105.473282443 16.0839694656 END
START 5.96395633545 -11.7291939331 6.67264002686 250.129770992 -88.8778625954 9.70992366412 END
START 10.6230727661 -6.77319649658 9.75637176514 250.129770992 -94.4122137405 18.534351145 END
START 5.03740029297 -7.59919606934 7.98226833496 250.129770992 -83.8702290076 10.5801526718 END
START 6.44519086914 -9.4283661377 17.401057666 250.129770992 -71.9694656489 4.78625954198 END
START 4.36941802979 -8.23126530762 7.76200178223 250.129770992 -71.4503816794 11.3893129771 END
START 2.99754047852 -7.08923111572 11.532869397 250.129770992 -65.7251908397 3.87786259542 END
START 0.433350500488 -6.45476767578 8.40843623047 250.129770992 -71.1297709924 3.76335877863 END
START -3.76368500977 -5.85142885742 8.93276639404 250.129770992 -52.9694656489 8.0 END
START 5.87776507568 -5.77242020264 8.54969412842 250.129770992 -54.1908396947 8.17557251908 END
START 6.25365473633 -9.43794294434 10.9391073853 250.129770992 -43.679389313 15.0916030534 END
START -3.49074602051 -5.04697709961 5.08049592285 250.129770992 -35.3435114504 3.96183206107 END