START -0.450109912109 -11.6430026733 6.1411272583 250.129770992 -103.374045802 -1.1679389313 END
START 0.186747729492 -4.07253702393 9.96466730957 250.129770992 -96.0992366412 0.290076335878 END
START -3.20823022461 -10.9654436035 8.21929429932 250.129770992 -85.1526717557 10.1755725191 END
START 3.54581265869 -6.29196196289 11.5951186401 250.129770992 -100.083969466 10.9236641221 END
START -4.2185833252 -12.885593335 6.42124885254 250.129770992 -71.2366412214 5.08396946565 END
START -1.8267758667 -7.29752666016 7.91044228516 250.129770992 -77.9465648855 2.97709923664 END
START 2.67911165771 -8.00860455322 11.9422778809 250.129770992 -84.5190839695 -2.3893129771 END
START -1.46525141602 -8.86812294922 9.23204160156 250.129770992 -86.8091603053 4.6641221374 END
START -1.43652099609 -8.37731160889 8.22168850098 250.129770992 -87.7633587786 11.6641221374 END
START 8.41322463379 -10.2232410889 8.27914934082 250.129770992 -99.8854961832 -0.480916030534 END
START 2.22660754395 -7.71651195068 5.90170709229 250.129770992 -86.8320610687 6.38167938931 END
START 2.7222072876 -9.74918916016 6.86178195801 250.129770992 -76.4351145038 10.8702290076 END
START 0.787692346191 -12.5599819092 12.7467296387 250.129770992 -71.8396946565 -3.50381679389 END
START -1.26653267822 -2.24097275391 10.9702320068 250.129770992 -63.0992366412 7.58015267176 END
START 3.0406361084 -7.43639035645 7.24006582031 250.129770992 -41.8702290076 11.1297709924 END
START 1.96085115967 -9.32541546631 9.78749638672 250.129770992 -44.5114503817 12.8244274809 END
START 9.67018050537 -7.81706842041 13.1154366943 250.129770992 -51.3053435115 2.51908396947 END
START -0.117315881348 -3.49074602051 10.6613799927 250.129770992 -51.3511450382 12.6488549618 END
START 6.31829818115 -11.5161099854 7.62313808594 250.129770992 -59.9160305344 10.8778625954 END
START 8.62391437988 -2.54743056641 10.8816465454 250.129770992 -52.3435114504 6.25190839695 END
START 11.5208983887 -11.4993505737 12.9933324097 250.129770992 -40.8702290076 10.0992366412 END
START 8.37731160889 -5.85382305908 12.744335437 250.129770992 -25.9923664122 4.87786259542 END
START 0.893037219238 -5.8346694458 10.0963484009 250.129770992 -26.8549618321 -1.22900763359 END
START -3.52905324707 -11.2503536011 8.70771143799 250.129770992 -30.2213740458 10.4885496183 END
START 11.5424462036 -1.8267758667 13.3835872803 250.129770992 -33.4427480916 10.7099236641 END
START 8.79629689941 -9.34696328125 11.5615998169 250.129770992 -33.1374045802 6.43511450382 END
START 5.77960280762 -15.0260096191 6.28956776123 250.129770992 -34.7022900763 5.56488549618 END
START 0.591367810059 -10.0843773926 7.9080480835 250.129770992 -31.358778626 3.73282442748 END
START -3.59130249023 -2.13802208252 11.0229044434 250.129770992 -51.4503816794 17.4732824427 END
START -0.854729992676 -6.65109221191 13.9007348389 250.129770992 -35.7557251908 0.75572519084 END
START -0.0167594116211 -10.8816465454 7.68299312744 250.129770992 -35.1450381679 5.64122137405 END
START -0.495599743652 -8.6406737915 7.44117875977 250.129770992 -33.9160305344 9.41984732824 END
START 1.24019645996 -12.6150485474 8.10676682129 250.129770992 -38.8015267176 8.95419847328 END
START 6.14830986328 -15.8711628052 3.52665904541 250.129770992 -48.4122137405 14.6106870229 END
START 6.60081397705 -10.8792523438 7.6614453125 250.129770992 -49.3129770992 9.64122137405 END
START -0.526724365234 -12.8089788818 10.7834842773 250.129770992 -47.3893129771 9.38167938931 END
START 5.49469281006 -9.31105025635 8.08761320801 250.129770992 -59.1603053435 2.85496183206 END
START 2.30322199707 -8.71489404297 8.95431420898 250.129770992 -60.6564885496 10.5954198473 END
START -1.84592947998 -9.75397756348 6.51701691895 250.129770992 -64.1679389313 9.9465648855 END
START 7.71890615234 -6.85699355469 8.28393774414 250.129770992 -71.9160305344 3.69465648855 END
START -2.79163913574 -4.67587584229 0.0 250.129770992 -82.4045801527 6.1679389313 END
START -5.21935961914 -7.10120212402 8.12831463623 250.129770992 -91.8091603053 7.53435114504 END
START -2.1212626709 -10.651803186 6.08366641846 250.129770992 -98.1832061069 4.0534351145 END
START -5.18823499756 -15.195997937 5.49708701172 250.129770992 -104.86259542 7.31297709924 END
START -0.126892687988 -15.5982238159 7.75960758057 250.129770992 -105.328244275 4.41221374046 END
START 1.59693250732 -0.840364782715 7.89847127686 250.129770992 -104.099236641 -2.87022900763 END
START -1.11809217529 -10.0987426025 7.01740506592 250.129770992 -104.641221374 0.832061068702 END
START 2.20745393066 -8.12113203125 2.5115175415 250.129770992 -104.175572519 6.45038167939 END
START -0.45250411377 -13.9438304687 5.69819995117 250.129770992 -104.213740458 1.1679389313 END
START 10.2136642822 -12.2056400635 5.95916793213 250.129770992 -117.86259542 17.3664122137 END
START 2.14281048584 -2.64798703613 6.42843145752 250.129770992 -109.129770992 5.58778625954 END
START 0.902614025879 -10.8888291504 6.24886633301 250.129770992 -116.93129771 5.47328244275 END
START -0.375889660645 -8.8513635376 8.49462749023 250.129770992 -102.702290076 6.02290076336 END
START -3.49074602051 -10.673351001 10.2064816772 250.129770992 -104.0 -2.03053435115 END
START 1.75734401855 -10.3237975586 10.2352120972 250.129770992 -103.786259542 2.19847328244 END
START 14.2359230713 -11.9757967041 4.5848961792 250.129770992 -104.625954198 4.84732824427 END
START -0.639251843262 -9.82580361328 10.0221281494 250.129770992 -104.160305344 8.28244274809 END
START 0.936132849121 -2.80121594238 7.6973583374 250.129770992 -106.442748092 4.96946564885 END
START 0.15322890625 -12.131419812 13.1393787109 250.129770992 -99.1679389313 11.786259542 END
START 4.86501777344 -4.75249029541 5.77242020264 250.129770992 -100.93129771 9.45801526718 END
START 0.600944616699 -4.45800349121 9.32541546631 250.129770992 -77.2900763359 0.282442748092 END
START 2.83473476562 -6.05014759521 6.24407792969 250.129770992 -54.6030534351 1.18320610687 END
START 2.93289703369 -10.0700121826 14.3340853394 250.129770992 -43.2366412214 4.53435114504 END
START 4.22816013184 -15.5287919678 8.72207664795 250.129770992 -38.3053435115 12.6870229008 END
START 5.09964953613 -10.5488525146 6.41406624756 250.129770992 -27.9236641221 9.79389312977 END
START 8.42998404541 -5.5760956665 10.4961800781 250.129770992 -27.9160305344 -2.4427480916 END
START 0.0502782348633 -7.46990917969 6.4715270874 250.129770992 -24.6870229008 11.2900763359 END
START 3.12922156982 -12.7706716553 10.0748005859 250.129770992 -20.3435114504 0.030534351145 END
START -2.7461493042 -8.5209637085 4.02225878906 250.129770992 -30.6564885496 6.2213740458 END
START 6.98628044434 -13.3979524902 9.48582697754 250.129770992 -24.3969465649 -5.4427480916 END
START 3.50032282715 -3.99113416748 7.3071034668 250.129770992 -22.8244274809 3.09923664122 END
START 3.90015450439 -8.69574042969 5.80115062256 250.129770992 -22.6259541985 -1.31297709924 END
START 6.13394465332 -16.3547915405 6.97909783936 250.129770992 -30.3129770992 4.51908396947 END
START -1.26653267822 -7.19218178711 7.01740506592 250.129770992 -34.1984732824 1.46564885496 END
START 5.98789835205 -8.3461869873 8.35815799561 250.129770992 -32.1679389313 10.2213740458 END
START 9.02374605713 -12.0021329224 6.34942280273 250.129770992 -33.3664122137 19.1603053435 END
START 3.0166940918 -2.76051451416 8.30548555908 250.129770992 -34.4198473282 2.18320610687 END
START -5.69101734619 -11.8201735962 5.29357987061 250.129770992 -36.9465648855 4.49618320611 END
START -1.11569797363 -14.7650416382 2.75333190918 250.129770992 -48.7251908397 9.11450381679 END
START -6.78516750488 -3.27047946777 5.80354482422 250.129770992 -46.0229007634 2.93129770992 END
START 0.842758984375 -16.3930987671 9.29189664307 250.129770992 -54.5572519084 17.5267175573 END
START 0.991199487305 -2.67671745605 6.34942280273 250.129770992 -65.5190839695 -3.40458015267 END
START 3.6176387085 -11.4035825073 4.70221206055 250.129770992 -62.1832061069 0.961832061069 END
START 6.42124885254 -4.36702382812 6.07648381348 250.129770992 -61.3282442748 0.893129770992 END
START -2.43011468506 -6.53377633057 6.54335313721 250.129770992 -68.7480916031 6.39694656489 END
START 7.14669195557 -9.27513723145 11.7770779663 250.129770992 -66.358778626 1.00763358779 END
START -3.10288535156 -5.37019432373 6.35899960937 250.129770992 -78.4503816794 9.49618320611 END
START 1.78128603516 -8.334215979 7.97029732666 250.129770992 -78.7480916031 -2.46564885496 END
START 4.56813676758 -13.4506249268 10.4004120117 250.129770992 -69.2900763359 7.41221374046 END
START 1.5682020874 -9.53849941406 4.94163222656 250.129770992 -89.3053435115 2.27480916031 END
START 0.363918652344 -1.80043964844 8.65503900146 250.129770992 -102.312977099 16.9618320611 END
START 0.16041151123 -7.54652363281 6.60081397705 250.129770992 -105.824427481 6.61832061069 END
START 1.43412679443 -3.11006795654 12.8927759399 250.129770992 -88.572519084 7.75572519084 END