START 1.91775552979 -9.193734375 3.67509954834 250.129770992 -93.0229007634 4.09923664122 END
START 1.11569797363 -10.8026378906 8.13070883789 250.129770992 -105.267175573 13.9083969466 END
START -0.351947644043 -14.0539637451 3.24414324951 250.129770992 -98.2366412214 -0.00763358778626 END
START 3.23456644287 -8.80587370605 8.38688841553 250.129770992 -104.969465649 5.00763358779 END
START 5.21457121582 -11.8153851929 10.5512467163 250.129770992 -97.3511450382 5.64122137405 END
START -3.36145913086 -8.84896933594 3.89536610107 250.129770992 -78.0610687023 3.54961832061 END
START 0.380678063965 -16.168043811 5.31512768555 250.129770992 -76.4351145038 6.70992366412 END
START -2.17393510742 -5.99508095703 13.0005150146 250.129770992 -78.5801526718 2.86259541985 END
START 5.63355650635 -3.19147081299 4.21140072021 250.129770992 -82.9160305344 -0.832061068702 END
START 7.33583388672 -4.59447298584 8.37491740723 250.129770992 -65.7709923664 0.519083969466 END
START 2.83712896729 -3.73016618652 5.62158549805 250.129770992 -62.9007633588 -1.96946564885 END
START 3.85466467285 -4.57531937256 4.57531937256 250.129770992 -51.106870229 7.90076335878 END
START 9.34935748291 -9.33978067627 9.22485899658 250.129770992 -44.427480916 11.3893129771 END
START -1.71424838867 -2.8060043457 8.05170018311 250.129770992 -30.893129771 8.42748091603 END
START 3.46919820557 -10.8313683105 9.98382092285 250.129770992 -31.572519084 13.4809160305 END
START 4.13239206543 0.91458503418 6.22492431641 250.129770992 -27.9160305344 2.56488549618 END
START 5.7867854126 -8.44674345703 8.85375773926 250.129770992 -21.2366412214 12.5038167939 END
START 5.41328995361 -3.35188232422 5.23611903076 250.129770992 -20.8702290076 -1.1679389313 END
START -0.670376464844 -5.38934793701 11.8273562012 250.129770992 -33.7328244275 10.6870229008 END
START 3.17471140137 2.1212626709 12.9239005615 250.129770992 -34.2366412214 2.13740458015 END
START -1.18512982178 -5.2337248291 4.72136567383 250.129770992 -40.3358778626 2.29770992366 END
START -0.495599743652 -6.91684859619 10.2902787354 250.129770992 -38.5038167939 2.84732824427 END
START 7.0006456543 -13.6469494629 6.63433280029 250.129770992 -25.7328244275 -0.893129770992 END
START -1.64481654053 -4.28083256836 6.25844313965 250.129770992 -30.3511450382 -3.85496183206 END
START -2.4516625 -2.27688577881 3.48835181885 250.129770992 -24.8854961832 -4.70992366412 END
START 3.83551105957 -5.53539423828 11.9614314941 250.129770992 -26.2748091603 3.23664122137 END
START 3.26808526611 -16.5056262451 2.28885678711 250.129770992 -33.3664122137 6.51145038168 END
START -5.05655390625 -12.1673328369 6.0573302002 250.129770992 -40.9770992366 2.3358778626 END
START 6.52659372559 -10.3022497437 2.04225401611 250.129770992 -41.8320610687 2.87022900763 END
START -1.12527478027 -12.2247936768 6.4834980957 250.129770992 -61.7404580153 1.21374045802 END
START 3.84987626953 -7.88410606689 7.3430164917 250.129770992 -61.9160305344 10.8091603053 END
START -5.92564910889 -9.1697923584 4.17788189697 250.129770992 -65.3664122137 9.20610687023 END
START 1.62566292725 -5.70777675781 7.10120212402 250.129770992 -59.6564885496 1.19083969466 END
START 2.34392342529 -6.05972440186 10.8098204956 250.129770992 -77.8396946565 10.2213740458 END
START -6.94797321777 -10.1681744507 13.603853833 250.129770992 -74.0305343511 8.0 END
START 3.21541282959 -8.61433757324 2.35110603027 250.129770992 -84.9007633588 14.9541984733 END
START 0.77093293457 -4.51546433105 5.63116230469 250.129770992 -84.2595419847 10.2671755725 END
START 4.20900651855 -8.09000740967 10.1011368042 250.129770992 -104.183206107 7.09160305344 END
START -0.263362182617 -11.2958434326 2.75572611084 250.129770992 -97.4503816794 16.358778626 END
START 2.10210905762 -0.842758984375 6.11000263672 250.129770992 -105.770992366 13.7251908397 END
START 0.986411083984 -9.05008227539 2.20745393066 250.129770992 -101.694656489 5.03053435115 END
START 1.1540052002 -7.89847127686 12.6892687988 250.129770992 -105.061068702 7.14503816794 END
START 4.25689055176 -2.95923325195 4.8674119751 250.129770992 -104.389312977 3.03816793893 END
START 1.57059628906 -10.2304236938 13.0795236694 250.129770992 -104.190839695 13.4885496183 END
START 1.01753570557 -6.52898792725 7.65905111084 250.129770992 -104.442748092 3.88549618321 END
START -2.40138426514 -14.1401550049 7.65186850586 250.129770992 -110.564885496 0.839694656489 END
START 3.79959803467 -12.0667763672 1.2018892334 250.129770992 -118.129770992 6.93893129771 END
START -1.67833536377 -10.2783077271 10.1131078125 250.129770992 -104.694656489 10.1603053435 END
START -3.7253777832 -2.7581203125 2.59770880127 250.129770992 -104.267175573 7.45801526718 END
START 7.08923111572 -8.77235488281 9.09557210693 250.129770992 -106.503816794 9.19083969466 END
START 3.40216055908 -1.45088620605 14.0419927368 250.129770992 -105.320610687 5.58778625954 END
START 7.69975253906 -6.53377633057 10.3285859619 250.129770992 -110.854961832 10.320610687 END
START 3.79241542969 -7.35259329834 9.76594857178 250.129770992 -104.618320611 7.28244274809 END
START 8.26717833252 -6.90008918457 11.4083709106 250.129770992 -104.27480916 7.41221374046 END
START 3.37343013916 -5.39653054199 12.2559182983 250.129770992 -103.618320611 7.01526717557 END
START 3.55778366699 -5.40610734863 3.93367332764 250.129770992 -98.5038167939 15.1832061069 END
START 3.90015450439 -4.11084425049 10.7547538574 250.129770992 -90.5572519084 2.38167938931 END
START 6.01184036865 -9.79946739502 8.91361278076 250.129770992 -84.4580152672 -2.84732824427 END
START 2.37265384521 -8.91361278076 17.4992199341 250.129770992 -71.6183206107 6.29770992366 END
START 5.7987564209 -10.8026378906 5.46356818848 250.129770992 -61.5267175573 3.2213740458 END
START -1.64721074219 -9.21288798828 11.145008728 250.129770992 -62.9083969466 2.64122137405 END
START 8.33661018066 -8.46829127197 10.7092640259 250.129770992 -43.2671755725 17.358778626 END
START 3.53144744873 -2.92571442871 12.6940572021 250.129770992 -36.0 9.9465648855 END
START 0.572214196777 -5.5401826416 3.4428619873 250.129770992 -39.6259541985 8.12213740458 END
START 0.0430956298828 -9.14106193848 9.44273134766 250.129770992 -29.9923664122 14.5801526718 END
START 10.3046439453 -5.73171877441 11.0612116699 250.129770992 -26.6030534351 12.2213740458 END
START 2.60010300293 -9.45470235596 5.31512768555 250.129770992 -19.9465648855 1.96183206107 END
START 0.232237561035 -12.6988456055 4.28562097168 250.129770992 -20.6259541985 6.58778625954 END
START -4.35984122314 -5.14513936768 12.0164981323 250.129770992 -24.9770992366 4.60305343511 END
START 0.62009822998 -11.6501852783 7.93438430176 250.129770992 -20.0 10.9465648855 END
START 7.3789295166 -9.1697923584 7.85537564697 250.129770992 -25.9847328244 10.4427480916 END
START 8.58560715332 -6.55771834717 10.912771167 250.129770992 -23.9618320611 0.343511450382 END
START 0.871489404297 -16.4385885986 6.90008918457 250.129770992 -30.2213740458 15.1221374046 END
START 1.35990654297 -11.5903302368 4.96078583984 250.129770992 -25.5267175573 17.465648855 END
START 2.79163913574 -14.9039053345 9.66539210205 250.129770992 -34.534351145 5.20610687023 END
START -5.41089575195 -8.74841286621 8.35576379395 250.129770992 -32.2061068702 9.57251908397 END
START -4.34308181152 -5.26245524902 8.40125362549 250.129770992 -19.6641221374 3.97709923664 END
START 7.42202514648 -4.63038601074 7.40765993652 250.129770992 -25.1145038168 7.15267175573 END
START 2.06380183105 -8.10916102295 9.75158336182 250.129770992 -41.9770992366 22.465648855 END
START 3.38779534912 -15.7418759155 8.96867941895 250.129770992 -46.6259541985 8.32824427481 END
START 2.11886846924 -15.5814644043 10.4626612549 250.129770992 -45.7175572519 6.27480916031 END
START 1.59693250732 -11.7315881348 6.23689532471 250.129770992 -50.7709923664 12.4961832061 END
START 2.54982476807 -8.06127698975 7.79791480713 250.129770992 -51.7633587786 11.2519083969 END
START 9.65581529541 -12.1936690552 5.73890137939 250.129770992 -37.8549618321 11.213740458 END
START 4.84825836182 -16.3404263306 5.22414802246 250.129770992 -40.5877862595 14.2748091603 END
START 1.25935007324 -4.93205541992 12.0859299805 250.129770992 -47.7633587786 0.30534351145 END
START -6.34702860107 -9.22246479492 -1.51792385254 250.129770992 -51.4885496183 0.0763358778626 END
START 3.80917484131 -5.03021768799 8.76038387451 250.129770992 -59.9389312977 9.48091603053 END
START 3.58890828857 -12.4450602295 6.85938775635 250.129770992 -63.3435114504 2.54198473282 END
START -1.76452662354 -5.43962617188 1.41976158447 250.129770992 -57.4580152672 1.29007633588 END
START -2.56418997803 -12.1601502319 8.36055219727 250.129770992 -41.8320610687 -0.236641221374 END
START 2.31758720703 -9.27513723145 0.751779321289 250.129770992 -37.893129771 3.35114503817 END
START -3.86424147949 -5.90410129395 7.74045396729 250.129770992 -37.4427480916 3.18320610687 END
START -0.124498486328 -9.09557210693 9.41400092773 250.129770992 -73.7557251908 17.0763358779 END
START 1.97282216797 -7.72848295898 6.51941112061 250.129770992 -88.6335877863 5.98473282443 END
START -3.37821854248 -5.32709869385 7.68778153076 250.129770992 -103.984732824 9.52671755725 END
START -0.30885201416 -8.25281312256 14.0946651733 250.129770992 -111.503816794 11.1221374046 END