START 4.043806604 -7.54652363281 6.10760843506 250.129770992 -102.496183206 19.4122137405 END
START 3.03345350342 -13.843273999 6.35181700439 250.129770992 -90.893129771 14.2519083969 END
START 4.75967290039 -7.15148035889 12.6820861938 250.129770992 -77.9389312977 -2.12977099237 END
START 0.409408483887 -11.1258551147 8.2384479126 250.129770992 -85.0381679389 6.85496183206 END
START 3.78523282471 -16.8743333008 7.6375032959 250.129770992 -57.0229007634 5.28244274809 END
START 2.58813199463 -11.8656634277 10.8433393188 250.129770992 -46.7328244275 3.75572519084 END
START 7.0006456543 -6.94318481445 6.24168372803 250.129770992 -47.7328244275 8.6641221374 END
START 9.41878933105 -5.16429298096 2.14999309082 250.129770992 -45.1221374046 5.06870229008 END
START 0.385466467285 -6.4116720459 5.56173045654 250.129770992 -43.0916030534 4.54198473282 END
START 5.32231029053 -6.76840809326 3.45483299561 250.129770992 -34.7709923664 12.0534351145 END
START -4.97275684814 -1.29047469482 4.18267030029 250.129770992 -40.8244274809 16.641221374 END
START -6.14830986328 -6.30393297119 8.9351605957 250.129770992 -47.4122137405 14.4961832061 END
START -1.27850368652 -10.5991307495 5.64552751465 250.129770992 -51.0229007634 10.9541984733 END
START -1.10851536865 -6.0812722168 10.2112700806 250.129770992 -61.0458015267 3.35877862595 END