START 1.12288057861 -1.44370360107 13.2207815674 250.129770992 -93.106870229 7.99236641221 END
START 7.64229169922 -12.6796919922 12.0691705688 250.129770992 -94.3053435115 7.3358778626 END
START 3.38540114746 -11.3868230957 7.82903942871 250.129770992 -98.3740458015 7.6106870229 END
START 10.0748005859 -11.7698953613 5.43004936523 250.129770992 -85.7022900763 11.2442748092 END
START 5.05415970459 -11.1545855347 8.48744488525 250.129770992 -92.5267175573 17.5648854962 END
START 6.87375296631 -4.5968671875 7.38850632324 250.129770992 -90.5801526718 8.40458015267 END
START 10.2160584839 -7.46990917969 7.60637867432 250.129770992 -99.0839694656 3.32061068702 END
START 7.14669195557 -7.6135612793 7.79791480713 250.129770992 -85.320610687 11.2366412214 END
START 4.86980617676 -9.88805285645 6.7540428833 250.129770992 -74.1832061069 6.01526717557 END
START 11.2072579712 -11.0420580566 9.87608184814 250.129770992 -58.3358778626 4.76335877863 END
START 11.7172229248 -10.8193973022 11.0588174683 250.129770992 -47.9389312977 12.9160305344 END
START 6.15070406494 -13.1441671143 7.15148035889 250.129770992 -58.1832061069 18.2900763359 END
START 7.37174691162 -10.7954552856 14.8632039062 250.129770992 -43.6717557252 3.92366412214 END
START 13.8839754272 -5.66228692627 6.00465776367 250.129770992 -47.5190839695 4.65648854962 END
START 7.08204851074 -2.20745393066 10.3644989868 250.129770992 -33.7938931298 5.56488549618 END
START 5.01106407471 -8.09958421631 15.1122008789 250.129770992 -27.6564885496 0.603053435115 END
START 4.75488449707 -10.5943423462 8.67179841309 250.129770992 -26.7022900763 12.0305343511 END
START 7.89847127686 -12.7275760254 11.5735708252 250.129770992 -21.213740458 11.9618320611 END
START 15.0355864258 -7.85058724365 9.39005891113 250.129770992 -15.213740458 8.09160305344 END
START 6.46195028076 -9.2535894165 7.6614453125 250.129770992 -18.0305343511 4.25190839695 END
START 10.1538092407 -6.23689532471 6.56250675049 250.129770992 -38.9694656489 9.3358778626 END
START 1.31920511475 -10.0891657959 4.04620080566 250.129770992 -46.0687022901 3.91603053435 END
START -1.62087452393 -5.91128389893 7.3909005249 250.129770992 -36.6717557252 14.9847328244 END
START -0.497993945312 -8.96867941895 12.2247936768 250.129770992 -40.5038167939 8.12213740458 END
START -5.28879146729 -8.00860455322 7.90325968018 250.129770992 -39.0610687023 21.8091603053 END
START 2.21942493896 -10.0748005859 7.50103380127 250.129770992 -39.3664122137 7.79389312977 END
START 4.50349332275 -17.1616375 8.00142194824 250.129770992 -36.6564885496 4.6106870229 END
START 7.6255322876 -11.4754085571 4.3502644165 250.129770992 -43.2824427481 -0.519083969466 END
START 4.84586416016 -9.09078370361 5.20020600586 250.129770992 -58.0381679389 4.25954198473 END
START 0.730231506348 -9.15063874512 6.95515582275 250.129770992 -61.4351145038 9.26717557252 END
START -4.48673391113 -13.3093670288 7.65186850586 250.129770992 -58.7938931298 11.1450381679 END
START 4.69981785889 -5.60482608643 9.41639512939 250.129770992 -72.0763358779 8.13740458015 END
START -5.7748144043 -5.5760956665 5.46356818848 250.129770992 -71.5267175573 2.34351145038 END
START 3.311180896 -7.78354959717 7.12753834229 250.129770992 -86.2824427481 3.47328244275 END
START -2.85149417725 -15.0930472656 5.68144053955 250.129770992 -82.534351145 5.74809160305 END
START 6.81868632812 -7.90086547852 13.4721727417 250.129770992 -89.6183206107 5.00763358779 END
START 0.46686932373 -10.6494089844 9.12430252686 250.129770992 -99.7557251908 -0.603053435115 END
START 2.03985981445 -14.1329723999 8.16662186279 250.129770992 -93.4732824427 9.63358778626 END
START 3.62721551514 -9.80425579834 2.7341782959 250.129770992 -104.839694656 2.70992366412 END
START 0.179565124512 -9.09078370361 9.58398924561 250.129770992 -104.175572519 9.70992366412 END
START 4.87459458008 -4.95839163818 8.32463917236 250.129770992 -98.7175572519 5.28244274809 END
START 4.98951625977 -16.5032320435 7.33583388672 250.129770992 -104.083969466 -5.07633587786 END
START 2.25294376221 -10.8481277222 5.37258852539 250.129770992 -104.572519084 -0.030534351145 END
START 4.09408483887 -1.80043964844 9.66778630371 250.129770992 -108.221374046 5.04580152672 END
START 7.91283648682 -10.9223479736 9.49540378418 250.129770992 -102.679389313 11.3969465649 END
START 6.83544573975 -3.48595761719 3.98873996582 250.129770992 -119.954198473 4.50381679389 END
START 10.3956236084 -9.31105025635 6.72052406006 250.129770992 -128.381679389 -2.82442748092 END
START 3.00232888184 -9.13866773682 5.75326658936 250.129770992 -111.480916031 10.8549618321 END
START 2.94247384033 -10.7978494873 9.22725319824 250.129770992 -104.175572519 7.83969465649 END
START -3.3231519043 -9.8545340332 9.12669672852 250.129770992 -104.145038168 9.12977099237 END
START 7.61834968262 -3.50511123047 9.08599530029 250.129770992 -105.473282443 17.4885496183 END
START 7.1203557373 -14.8105314697 7.29752666016 250.129770992 -103.732824427 2.89312977099 END
START 11.1641623413 -7.6734163208 8.87291135254 250.129770992 -104.374045802 11.9694656489 END
START 13.1770873871 -3.49314022217 12.1888806519 250.129770992 -103.610687023 2.32061068702 END
START 4.37899483643 -12.018892334 7.24485422363 250.129770992 -95.4732824427 11.8702290076 END
START 11.5472346069 -10.0963484009 4.5968671875 250.129770992 -80.0534351145 1.88549618321 END
START 4.38857164307 -8.04451757812 7.9439611084 250.129770992 -59.3969465649 4.45801526718 END
START 2.99035787354 -12.5815297241 12.0164981323 250.129770992 -35.0076335878 10.8244274809 END
START 7.69256993408 -12.7084224121 11.0636058716 250.129770992 -28.5801526718 4.67938931298 END
START -0.572214196777 -9.38766470947 10.6374379761 250.129770992 -17.7404580153 18.1145038168 END
START -2.46123930664 -7.73087716064 7.97269152832 250.129770992 -21.7328244275 3.63358778626 END
START 7.65426270752 -8.87769975586 3.17949980469 250.129770992 -26.0992366412 15.3053435115 END
START -3.80199223633 -5.64073911133 8.77714328613 250.129770992 -21.3053435115 5.82442748092 END
START 3.36145913086 -6.83783994141 9.18415756836 250.129770992 -23.0610687023 18.6259541985 END
START 2.99514627686 -8.26957253418 5.88015927734 250.129770992 -19.5572519084 8.64885496183 END
START 2.41814367676 -9.77552537842 8.27914934082 250.129770992 -21.5419847328 6.68702290076 END
START 7.43878455811 -9.36372269287 10.4674496582 250.129770992 -22.6641221374 5.99236641221 END
START 0.821211169434 -6.60081397705 8.48744488525 250.129770992 -29.9618320611 6.86259541985 END
START 4.71178886719 -7.07726010742 10.4171714233 250.129770992 -34.4885496183 6.77099236641 END
START 2.99514627686 -3.31596929932 9.18655177002 250.129770992 -40.6564885496 10.4580152672 END
START -5.07570751953 -8.93755479736 0.536301171875 250.129770992 -32.5038167939 14.7175572519 END
START -0.976834277344 -10.0556469727 6.73967767334 250.129770992 -51.6259541985 14.4198473282 END
START 1.00556469727 -8.03015236816 3.06936652832 250.129770992 -53.8549618321 -2.0 END
START -2.52588275146 -9.70609353027 6.50025750732 250.129770992 -60.6106870229 6.81679389313 END
START 4.48194550781 -5.516240625 6.67982263184 250.129770992 -61.1221374046 -2.28244274809 END
START 0.193930334473 -7.9080480835 4.42927307129 250.129770992 -49.0458015267 6.62595419847 END
START 6.06690700684 -8.8633345459 10.9462899902 250.129770992 -47.1221374046 14.7633587786 END
START 3.20823022461 -6.98388624268 12.1601502319 250.129770992 -46.5877862595 5.49618320611 END
START -0.651222851562 -6.92642540283 13.1585323242 250.129770992 -51.1526717557 4.46564885496 END
START 9.43794294434 -11.63821427 8.08043060303 250.129770992 -50.5801526718 -0.984732824427 END
START -5.35343491211 -11.1114899048 3.80678063965 250.129770992 -58.6030534351 7.19847328244 END
START -3.95282694092 -16.4409828003 8.78193168945 250.129770992 -69.2824427481 10.3664122137 END
START 2.09253225098 -11.4801969604 6.05254179687 250.129770992 -81.0076335878 19.7175572519 END
START 10.8553103271 -9.30147344971 10.3261917603 250.129770992 -88.8854961832 2.39694656489 END
START 1.73340200195 -10.2136642822 6.01184036865 250.129770992 -92.6183206107 4.90839694656 END
START 2.62643922119 -9.77313117676 10.6087075562 250.129770992 -77.1755725191 9.79389312977 END
START 1.02232410889 -9.88805285645 5.06852491455 250.129770992 -80.7251908397 5.34351145038 END
START -4.54419475098 -5.30794508057 12.4450602295 250.129770992 -75.1374045802 1.58778625954 END
START 0.969651672363 -6.7301008667 7.66623371582 250.129770992 -93.7404580153 9.0 END
START -2.0973206543 -15.9094700317 3.82354005127 250.129770992 -79.0534351145 3.72519083969 END
START 1.55862528076 -9.82580361328 8.00860455322 250.129770992 -86.5648854962 -0.908396946565 END
START 5.74368978271 -4.34068760986 11.3221796509 250.129770992 -73.0381679389 5.16030534351 END
START 10.2950671387 -10.6781394043 7.18260498047 250.129770992 -63.8167938931 6.50381679389 END
START -0.203507141113 -4.48673391113 1.06302553711 250.129770992 -74.1145038168 0.0458015267176 END
START 0.962469067383 -13.0483990479 4.5250411377 250.129770992 -56.0916030534 2.8320610687 END
START 1.29286889648 -12.0141039307 9.88087025146 250.129770992 -69.4809160305 9.99236641221 END
START -1.07260234375 -10.553640918 10.3525279785 250.129770992 -60.1755725191 14.9618320611 END
START 6.16985767822 -6.53856473389 10.6182843628 250.129770992 -53.9770992366 13.1297709924 END
START 3.43328518066 -6.51222851562 6.01184036865 250.129770992 -55.7786259542 9.49618320611 END
START -6.39012423096 -10.4387192383 7.05331809082 250.129770992 -45.8167938931 8.12977099237 END
START -0.591367810059 -15.0595284424 8.70531723633 250.129770992 -53.213740458 7.41984732824 END
START 6.13394465332 -9.11951412354 8.99980404053 250.129770992 -59.641221374 7.41984732824 END
START 0.972045874023 -9.90002386475 4.59207878418 250.129770992 -62.5801526718 7.09160305344 END
START -5.82509263916 -7.85537564697 4.77164390869 250.129770992 -57.8091603053 11.641221374 END
START 13.8672160156 -11.7028577148 14.0611463501 250.129770992 -68.572519084 4.65648854962 END
START -3.66791694336 -11.9829793091 8.42519564209 250.129770992 -78.1603053435 -2.30534351145 END
START 4.79319172363 -12.8161614868 9.71088193359 250.129770992 -89.5267175573 13.0229007634 END
START -2.54982476807 -11.0971246948 9.4283661377 250.129770992 -94.2290076336 8.48854961832 END
START 1.50355864258 -15.5742817993 6.14830986328 250.129770992 -101.335877863 8.58778625954 END
START -0.478840332031 -8.58560715332 6.99106884766 250.129770992 -97.4122137405 13.4045801527 END
START 3.1004911499 -16.3691567505 11.2240173828 250.129770992 -94.7404580153 2.51145038168 END
START 2.85867678223 -12.871228125 6.0812722168 250.129770992 -93.2900763359 5.64122137405 END
START 4.44363828125 -7.91762489014 15.0499516357 250.129770992 -93.2213740458 5.64122137405 END
START 0.883460412598 -9.60074865723 10.4506902466 250.129770992 -94.9770992366 6.41221374046 END
START 0.179565124512 -6.47392128906 7.90325968018 250.129770992 -97.9923664122 13.0 END
START 3.02387669678 -13.1465613159 11.8129909912 250.129770992 -97.0916030534 3.77099236641 END
START 3.66791694336 -19.381062439 8.22887110596 250.129770992 -95.2442748092 3.93129770992 END
START 4.79319172363 -7.58483085937 6.31350977783 250.129770992 -102.832061069 14.5038167939 END