START 2.49236392822 -7.96550892334 7.57046564941 250.129770992 -80.5648854962 11.1908396947 END
START -2.19069451904 -3.6415807251 4.83628735352 250.129770992 -77.4732824427 -1.92366412214 END
START 1.83156427002 -10.6829278076 12.9693903931 250.129770992 -76.9770992366 5.40458015267 END
START 10.3549221802 -2.13083947754 10.546458313 250.129770992 -101.076335878 6.67938931298 END
START -6.48589229736 -9.52652840576 6.24886633301 250.129770992 -89.0839694656 8.51908396947 END
START 5.40610734863 -2.16675250244 14.970942981 250.129770992 -92.9694656489 0.0839694656489 END
START 8.41322463379 -6.19619389648 14.6381489502 250.129770992 -80.320610687 3.12977099237 END
START 5.30794508057 -11.6932809082 10.5656119263 250.129770992 -81.9847328244 7.2213740458 END
START 5.58327827148 -9.45470235596 7.88889447021 250.129770992 -72.5267175573 16.7786259542 END
START 2.67432325439 -7.88650026855 8.67419261475 250.129770992 -80.4198473282 0.809160305344 END
START -2.16675250244 -4.38378323975 10.4961800781 250.129770992 -78.0992366412 10.4198473282 END
START 1.08457335205 -10.3525279785 10.8529161255 250.129770992 -78.8320610687 7.48854961832 END
START -1.80522805176 -10.2830961304 7.18739338379 250.129770992 -76.9236641221 3.68702290076 END
START 5.32231029053 -8.47786807861 9.41400092773 250.129770992 -75.8473282443 14.8473282443 END
START 4.43884987793 -5.34385810547 5.02303508301 250.129770992 -66.0 8.53435114504 END
START 5.59285507812 -10.6613799927 7.88410606689 250.129770992 -58.0152671756 8.28244274809 END
START 0.493205541992 -13.4027408936 8.01818135986 250.129770992 -56.2977099237 8.03053435115 END
START 3.26090266113 -7.3430164917 6.15549246826 250.129770992 -66.4198473282 -1.54198473282 END
START 5.61679709473 -5.29597407227 12.5719529175 250.129770992 -61.6488549618 15.427480916 END
START 0.861912597656 -5.52102902832 8.0038161499 250.129770992 -54.2824427481 9.68702290076 END
START 6.72770666504 -1.57777889404 9.27034882812 250.129770992 -43.7786259542 3.67175572519 END
START 4.45082088623 -5.95916793213 9.32541546631 250.129770992 -45.9694656489 6.20610687023 END
START -1.41497318115 -7.07007750244 14.5615344971 250.129770992 -54.4503816794 15.2213740458 END
START 2.33195241699 -6.49786330566 7.44596716309 250.129770992 -50.5114503817 11.9160305344 END
START 4.08211383057 -10.2040874756 11.3628810791 250.129770992 -42.6564885496 12.2366412214 END
START 1.35751234131 -4.90811340332 10.7116582275 250.129770992 -44.8778625954 12.9465648855 END
START -2.43490308838 -5.46596239014 8.16183345947 250.129770992 -43.3282442748 8.06870229008 END
START 6.58644876709 -4.82192214355 12.1218430054 250.129770992 -45.641221374 11.9541984733 END
START 0.411802685547 -13.3811930786 4.25928475342 250.129770992 -50.7175572519 14.1221374046 END
START -8.03733497314 -7.82185682373 5.10922634277 250.129770992 -43.6564885496 6.82442748092 END
START 1.27850368652 -4.32871660156 10.5201220947 250.129770992 -51.6717557252 3.74809160305 END
START 0.928950244141 -10.0245223511 9.20809958496 250.129770992 -56.0381679389 12.1450381679 END
START 0.943315454102 -10.7547538574 9.46667336426 250.129770992 -47.4809160305 10.572519084 END
START -4.6447512207 -5.54257684326 9.34217487793 250.129770992 -45.1984732824 -1.38167938931 END
START 11.4825911621 -14.5423808838 3.56975467529 250.129770992 -62.7022900763 10.6717557252 END
START -0.730231506348 -9.4283661377 5.32949289551 250.129770992 -64.3435114504 9.90076335878 END
START 4.71897147217 -12.3732341797 8.60715496826 250.129770992 -66.2748091603 4.21374045802 END
START -1.27610948486 -15.0236154175 8.81066210937 250.129770992 -74.4351145038 4.89312977099 END
START -6.01662877197 -4.80755693359 6.48828649902 250.129770992 -67.3740458015 9.71755725191 END
START 4.87459458008 -11.3963999023 10.3190091553 250.129770992 -75.679389313 7.64885496183 END
START -1.7669208252 -7.32865128174 8.65503900146 250.129770992 -70.0992366412 8.86259541985 END
START 0.735019909668 -8.60236656494 6.7301008667 250.129770992 -89.1984732824 11.0229007634 END
START -4.80276853027 -4.43166727295 6.1530982666 250.129770992 -73.5572519084 6.54961832061 END
START 1.50116444092 -7.68299312744 5.79157381592 250.129770992 -84.8854961832 5.79389312977 END
START 9.98621512451 -17.1999447266 7.69975253906 250.129770992 -81.5954198473 7.42748091603 END
START -1.97761057129 -10.1705686523 5.38216533203 250.129770992 -95.4809160305 4.56488549618 END
START -3.26808526611 -3.1244331665 10.9606552002 250.129770992 -93.0229007634 2.13740458015 END
START 2.54743056641 -1.77410343018 9.61750806885 250.129770992 -101.106870229 -3.85496183206 END
START -10.6829278076 -7.70693514404 8.62630858154 250.129770992 -104.786259542 20.2290076336 END
START 7.40765993652 -5.98550415039 4.67108743896 250.129770992 -99.5572519084 7.72519083969 END
START 7.55131203613 -9.21528218994 5.76523759766 250.129770992 -103.79389313 0.908396946565 END
START -2.50672913818 -8.72686505127 4.57771357422 250.129770992 -104.267175573 9.5572519084 END
START -1.18752402344 -4.18027609863 10.9654436035 250.129770992 -104.465648855 2.67938931298 END
START -2.71502468262 -8.19056387939 6.83783994141 250.129770992 -104.770992366 16.106870229 END
START 4.9512090332 -11.04684646 5.67904633789 250.129770992 -102.27480916 4.06106870229 END
START 6.25365473633 -3.9959225708 6.57926616211 250.129770992 -101.625954198 10.7251908397 END
START 4.69502945557 -10.9534725952 8.95670841064 250.129770992 -103.93129771 8.91603053435 END
START -0.794874951172 -8.95431420898 6.91684859619 250.129770992 -103.893129771 1.64122137405 END
START -3.36385333252 -6.38054742432 7.26640203857 250.129770992 -104.465648855 12.9312977099 END
START -5.33667550049 -5.01345827637 9.38766470947 250.129770992 -104.335877863 11.6488549618 END
START 4.29759197998 -13.9246768555 13.4625959351 250.129770992 -103.786259542 6.62595419847 END
START -0.162805712891 -4.41730206299 9.36611689453 250.129770992 -104.458015267 10.2366412214 END
START -0.936132849121 -1.23301385498 12.9861498047 250.129770992 -104.175572519 11.8778625954 END
START 7.1203557373 -11.7411649414 15.8639802002 250.129770992 -93.3053435115 10.3282442748 END
START 3.39258375244 -9.39963571777 8.76277807617 250.129770992 -83.5801526718 9.4427480916 END
START 11.3485158691 -4.47715710449 6.38294162598 250.129770992 -75.2519083969 4.0 END
START 7.73805976562 -6.45476767578 9.23443580322 250.129770992 -62.1374045802 -5.51908396947 END
START 5.90888969727 -7.54891783447 6.87375296631 250.129770992 -39.0839694656 15.0839694656 END
START 7.59919606934 -3.67270534668 5.41328995361 250.129770992 -45.641221374 7.62595419847 END
START -0.957680664062 -8.2983029541 11.1114899048 250.129770992 -47.3511450382 8.17557251908 END
START 4.59447298584 -7.49863959961 5.47553919678 250.129770992 -44.2671755725 6.80916030534 END
START 9.80425579834 -5.97353314209 6.02620557861 250.129770992 -40.0 -3.64122137405 END
START 13.4530191284 -9.82580361328 8.77235488281 250.129770992 -34.9007633588 10.7175572519 END
START 3.65115753174 -7.38132371826 7.59919606934 250.129770992 -33.5954198473 8.77099236641 END
START 6.94797321777 -5.95677373047 8.75798967285 250.129770992 -41.3053435115 7.12213740458 END
START 4.3263223999 -15.9549598633 5.43723197021 250.129770992 -32.6335877863 7.74045801527 END
START 0.0263362182617 -12.8089788818 7.13950935059 250.129770992 -43.786259542 6.69465648855 END
START -6.52180532227 -8.19535228271 5.92564910889 250.129770992 -45.0839694656 8.85496183206 END
START -5.94959112549 -10.0556469727 6.0932432251 250.129770992 -59.6641221374 17.0229007634 END
START 5.94240852051 -0.488417138672 2.4157494751 250.129770992 -49.0152671756 12.6946564885 END
START 1.69509477539 -7.77876119385 5.88494768066 250.129770992 -45.0229007634 2.71755725191 END
START -4.44124407959 -11.7914431763 8.45392606201 250.129770992 -35.3969465649 16.3969465649 END
START 0.210689746094 -12.9143237549 4.81713374023 250.129770992 -44.2900763359 0.625954198473 END
START -1.88184250488 -10.2208468872 11.8680576294 250.129770992 -54.1374045802 7.67938931298 END
START -6.58405456543 -16.9940433838 6.28238515625 250.129770992 -50.3816793893 7.46564885496 END
START 5.43962617188 -5.7748144043 13.1369845093 250.129770992 -49.0 0.206106870229 END
START -4.68305844727 -9.70369932861 6.53856473389 250.129770992 -57.0458015267 3.65648854962 END
START -3.60806190186 -4.35505281982 7.19457598877 250.129770992 -61.2748091603 4.83969465649 END
START -0.471657727051 -7.08923111572 8.08043060303 250.129770992 -69.6335877863 1.73282442748 END
START 6.04057078857 -11.9853735107 11.0899420898 250.129770992 -66.8396946565 9.21374045802 END
START -8.30069715576 -11.9039706543 5.46596239014 250.129770992 -74.7022900763 7.21374045802 END
START 2.76290871582 -13.8384855957 10.6613799927 250.129770992 -70.7404580153 10.4198473282 END
START 0.77093293457 -7.43399615479 13.1465613159 250.129770992 -87.6717557252 9.07633587786 END
START 3.76607921143 -3.36864173584 5.269637854 250.129770992 -79.4503816794 13.3053435115 END
START -1.62566292725 -5.68622894287 6.39491263428 250.129770992 -74.2519083969 9.29007633588 END
START -0.469263525391 -9.2296473999 2.11168586426 250.129770992 -62.5954198473 7.28244274809 END
START -1.18752402344 -6.93600220947 8.44195505371 250.129770992 -71.7099236641 1.81679389313 END
START -0.244208569336 -7.9559321167 6.81868632812 250.129770992 -55.3053435115 4.42748091603 END
START -3.48356341553 -10.0508585693 7.14429775391 250.129770992 -51.8778625954 6.10687022901 END
START 3.42131417236 -4.65193382568 6.4356140625 250.129770992 -63.1450381679 7.45038167939 END
START -3.20583602295 -8.97107362061 8.47307967529 250.129770992 -55.893129771 8.32061068702 END
START 0.241814367676 -7.96550892334 6.25844313965 250.129770992 -57.5496183206 3.54198473282 END
START -1.06063133545 -16.1201597778 7.6375032959 250.129770992 -58.9465648855 13.2595419847 END
START -1.21625444336 -5.8586114624 8.68137521973 250.129770992 -54.7251908397 5.45038167939 END
START -2.27688577881 -1.93930334473 11.4825911621 250.129770992 -77.9312977099 13.6030534351 END
START 1.17076461182 -11.7866547729 11.0683942749 250.129770992 -78.9923664122 13.2213740458 END
START 1.59932670898 -5.41807835693 12.3277443481 250.129770992 -100.251908397 9.63358778626 END
START -4.68066424561 -8.01339295654 9.7827079834 250.129770992 -104.389312977 5.76335877863 END
START 4.62559760742 -11.8967880493 9.13866773682 250.129770992 -104.20610687 8.00763358779 END
START -0.0119710083008 -11.3700636841 4.13478626709 250.129770992 -105.122137405 7.87786259542 END
START -4.77164390869 -7.93917270508 13.3835872803 250.129770992 -103.824427481 7.88549618321 END
START 6.93839641113 -11.4801969604 13.0412164429 250.129770992 -104.801526718 11.5801526718 END
START 17.1616375 -4.64235701904 12.1338140137 250.129770992 -95.2900763359 4.34351145038 END
START 4.24013114014 -4.58729038086 3.64876333008 250.129770992 -84.5801526718 4.62595419847 END
START 4.86501777344 -15.8184903687 4.96557424316 250.129770992 -64.7786259542 6.29770992366 END
START 10.0748005859 -3.36624753418 9.76355437012 250.129770992 -60.1374045802 9.96946564885 END
START 12.7036340088 -6.59841977539 3.55538946533 250.129770992 -46.6335877863 10.6488549618 END
START 0.105344873047 -8.11873782959 7.77636699219 250.129770992 -43.641221374 0.992366412214 END
START 0.402225878906 -13.0819178711 2.49236392822 250.129770992 -34.8015267176 3.11450381679 END
START -0.512359155273 -8.98783303223 7.23527741699 250.129770992 -38.6183206107 11.9389312977 END
START -2.97599266357 -7.9319901001 16.2416655121 250.129770992 -46.6564885496 -3.26717557252 END
START 2.17632930908 -4.32153399658 5.43244356689 250.129770992 -63.0610687023 -0.679389312977 END