START -7.44596716309 -11.1162783081 8.21690009766 250.129770992 -73.6641221374 9.41221374046 END
START 11.3173912476 -7.15626876221 8.71968244629 250.129770992 -74.572519084 11.2366412214 END
START 0.711077893066 -2.32237561035 6.00465776367 250.129770992 -74.0305343511 9.22900763359 END
START 6.38054742432 -12.3349269531 11.631031665 250.129770992 -72.320610687 2.21374045802 END
START 6.23928952637 -5.07570751953 12.3014081299 250.129770992 -86.0458015267 9.96183206107 END
START 3.04303031006 0.708683691406 6.90008918457 250.129770992 -79.641221374 0.847328244275 END
START -3.6894647583 -12.251129895 12.2798603149 250.129770992 -99.9083969466 7.96183206107 END
START 8.81066210937 -3.62721551514 9.73003554687 250.129770992 -84.5038167939 15.6259541985 END
START 3.80678063965 -11.2335941895 4.96796844482 250.129770992 -69.9770992366 4.16030534351 END
START 7.87931766357 -10.2974613403 8.2384479126 250.129770992 -70.0916030534 18.8244274809 END
START -0.995987890625 -9.4523081543 9.1458503418 250.129770992 -61.8167938931 4.91603053435 END
START -0.818816967773 -8.03015236816 8.60715496826 250.129770992 -66.8167938931 13.0076335878 END
START 7.15148035889 -10.9103769653 7.19457598877 250.129770992 -61.358778626 10.2366412214 END
START 3.97916315918 -7.26400783691 11.1282493164 250.129770992 -66.9694656489 11.6335877863 END
START 6.47392128906 -6.82108052979 11.8584808228 250.129770992 -70.2595419847 9.48091603053 END
START 4.96796844482 -2.698265271 7.92720169678 250.129770992 -46.8167938931 4.00763358779 END
START 9.00698664551 -13.110648291 8.50181009521 250.129770992 -34.1984732824 5.03816793893 END
START 1.50595284424 -13.6828624878 4.02225878906 250.129770992 -27.8320610687 5.79389312977 END
START 6.19379969482 -3.55778366699 11.1689507446 250.129770992 -35.5877862595 10.6641221374 END
START 8.5329347168 -1.75734401855 7.40047733154 250.129770992 -26.5114503817 0.770992366412 END
START 6.1650692749 0.897825622559 8.11634362793 250.129770992 -30.9083969466 6.99236641221 END
START 3.86663568115 -9.75637176514 6.82826313477 250.129770992 -31.5038167939 2.3893129771 END
START -2.39899006348 -7.108384729 3.43328518066 250.129770992 -28.0305343511 14.4198473282 END
START -1.98239897461 -8.31266816406 9.49300958252 250.129770992 -36.4961832061 2.06870229008 END
START -3.43807358398 -7.31428607178 3.64397492676 250.129770992 -36.5267175573 11.8625954198 END
START 7.05571229248 -8.8753055542 7.82425102539 250.129770992 -39.427480916 3.35114503817 END
START 4.77643231201 -5.69341154785 4.25928475342 250.129770992 -36.2061068702 8.72519083969 END
START 3.88339509277 -8.64306799316 5.01106407471 250.129770992 -47.9236641221 6.22900763359 END
START -0.933738647461 -4.39096584473 9.42357773437 250.129770992 -40.6946564885 14.0305343511 END
START 1.47482822266 -14.4154881958 7.32146867676 250.129770992 -47.8015267176 6.91603053435 END
START 1.46764561768 -10.9965682251 6.742071875 250.129770992 -60.5267175573 1.60305343511 END
START -1.16118780518 -10.7739074707 -0.316034619141 250.129770992 -78.5648854962 2.96946564885 END
START 3.35188232422 -8.19295808105 10.0771947876 250.129770992 -80.7404580153 10.641221374 END
START 2.40856687012 -13.5439987915 7.71411774902 250.129770992 -85.1755725191 6.61832061069 END
START -3.88339509277 -10.2783077271 10.3381627686 250.129770992 -75.4427480916 0.427480916031 END
START 10.038887561 -11.2072579712 0.560243188477 250.129770992 -79.6183206107 12.2977099237 END
START 6.99825145264 -6.27280834961 6.4595560791 250.129770992 -74.5267175573 -1.35877862595 END
START 6.62715019531 -7.86734665527 2.50912333984 250.129770992 -92.1145038168 2.0534351145 END
START -0.141257897949 -7.5896192627 9.1697923584 250.129770992 -95.8549618321 1.97709923664 END
START 0.14844050293 -13.0412164429 2.04225401611 250.129770992 -104.312977099 13.7709923664 END
START 4.79319172363 -5.82030423584 4.85783516846 250.129770992 -103.847328244 8.23664122137 END
START -0.660799658203 -11.4682259521 2.31998140869 250.129770992 -104.801526718 11.358778626 END
START -4.91290180664 -6.94797321777 7.97508572998 250.129770992 -115.740458015 8.6641221374 END
START 11.0420580566 -4.5250411377 11.1497971313 250.129770992 -104.664122137 -1.80916030534 END
START 7.48188018799 -13.2183873657 8.29590875244 250.129770992 -104.900763359 -1.87022900763 END
START 2.5115175415 -9.29429084473 3.78283862305 250.129770992 -104.328244275 1.23664122137 END
START 0.0981622680664 -12.9095353516 9.42357773437 250.129770992 -104.175572519 5.29770992366 END
START 1.11569797363 -0.277727392578 9.28231983643 250.129770992 -110.740458015 12.9465648855 END
START 4.65193382568 -7.601590271 14.2359230713 250.129770992 -114.717557252 9.49618320611 END
START 2.17632930908 -12.1505734253 5.22414802246 250.129770992 -115.305343511 10.5801526718 END
START 6.7660138916 -5.98071574707 11.0851536865 250.129770992 -101.625954198 8.35114503817 END
START 0.694318481445 -8.48265648193 9.47864437256 250.129770992 -101.664122137 8.3358778626 END
START 1.31920511475 -6.90008918457 8.93755479736 250.129770992 -105.503816794 11.7786259542 END
START 2.62165081787 -6.05972440186 3.9480385376 250.129770992 -104.312977099 5.61832061069 END
START 4.73333668213 -6.61517918701 2.7940333374 250.129770992 -104.58778626 13.6335877863 END
START 1.4963760376 -6.55532414551 3.6056677002 250.129770992 -103.13740458 -1.06870229008 END
START 4.01507618408 -10.7763016724 12.4402718262 250.129770992 -97.8167938931 6.56488549618 END
START 8.78193168945 -1.41976158447 8.6047607666 250.129770992 -85.6870229008 -1.36641221374 END
START 9.99100352783 -3.65834013672 12.8185556885 250.129770992 -87.1755725191 0.541984732824 END
START 9.36132849121 -7.03416447754 8.15225665283 250.129770992 -53.1145038168 6.39694656489 END
START 5.47075079346 -9.40202991943 9.5001921875 250.129770992 -41.6335877863 6.34351145038 END
START 7.85298144531 -5.92086070557 8.53054051514 250.129770992 -36.6335877863 5.73282442748 END
START 12.5551935059 -13.6876508911 11.0827594849 250.129770992 -25.6106870229 5.16030534351 END
START 6.64869801025 -6.4356140625 7.83143363037 250.129770992 -25.786259542 3.9465648855 END
START 2.92092602539 -9.2057053833 7.75003077393 250.129770992 -28.7557251908 6.32824427481 END
START 7.6853873291 -3.99113416748 5.09007272949 250.129770992 -35.1832061069 9.25190839695 END
START 6.08845482178 -16.9509477539 6.46195028076 250.129770992 -22.4427480916 10.0152671756 END
START 13.378798877 -11.0827594849 9.25119521484 250.129770992 -10.1450381679 10.4045801527 END
START 2.7940333374 -7.48666859131 9.36851109619 250.129770992 -27.0 8.08396946565 END
START 12.9957266113 -11.0085392334 9.76594857178 250.129770992 -21.3893129771 4.36641221374 END
START 2.01352359619 -1.8746598999 7.96072052002 250.129770992 -21.0534351145 3.59541984733 END
START -6.07408961182 -11.7076461182 5.34385810547 250.129770992 -26.5419847328 6.46564885496 END
START -1.74297880859 -4.14675727539 3.74692559814 250.129770992 -34.7099236641 9.29007633588 END
START -4.09408483887 -8.35097539062 3.84508786621 250.129770992 -29.6183206107 17.4351145038 END
START 3.13879837646 -12.2152168701 2.4037784668 250.129770992 -23.0763358779 10.1450381679 END
START 6.50504591064 -7.55131203613 1.55144267578 250.129770992 -41.7557251908 3.26717557252 END
START 2.49236392822 -1.71664259033 3.79720383301 250.129770992 -33.6870229008 4.64122137405 END
START -4.9512090332 -9.09078370361 6.15788666992 250.129770992 -39.9847328244 -0.259541984733 END
START -1.67354696045 -8.07803640137 10.0748005859 250.129770992 -36.0687022901 7.74045801527 END
START 4.79319172363 -8.99501563721 1.46285721436 250.129770992 -49.1145038168 14.9923664122 END
START -4.62320340576 -10.5368815063 4.54419475098 250.129770992 -47.3816793893 9.06870229008 END
START 4.3023803833 -1.8746598999 6.48110389404 250.129770992 -47.9923664122 5.34351145038 END
START -4.52982954102 -14.4202765991 4.81713374023 250.129770992 -58.2061068702 10.4198473282 END
START 2.95923325195 -7.97029732666 14.702792395 250.129770992 -54.0305343511 5.90076335878 END
START -0.706289489746 -12.3061965332 5.882553479 250.129770992 -53.6030534351 13.1221374046 END
START -1.8028338501 -15.93580625 0.895431420898 250.129770992 -51.5572519084 9.50381679389 END
START 1.34314713135 -11.7698953613 10.7499654541 250.129770992 -60.0305343511 16.8015267176 END
START -2.73896669922 -9.48103857422 6.67503422852 250.129770992 -63.8091603053 6.73282442748 END
START -3.45004459229 -12.8401035034 7.36935270996 250.129770992 -78.8396946565 4.23664122137 END
START 0.512359155273 -8.59757816162 8.03494077148 250.129770992 -77.6488549618 5.14503816794 END
START 2.30082779541 -4.5848961792 6.11239683838 250.129770992 -70.1832061069 -1.83969465649 END
START 0.0119710083008 -12.0069213257 10.5440641113 250.129770992 -82.5267175573 5.57251908397 END
START -0.0287304199219 -11.6717330933 10.5751887329 250.129770992 -79.6259541985 5.81679389313 END
START 10.1418382324 -8.97825622559 9.39245311279 250.129770992 -90.786259542 12.3435114504 END
START 5.37977113037 -15.7586353271 9.74200655518 250.129770992 -81.7786259542 8.67938931298 END
START -9.62229647217 -14.4801316406 10.9031943604 250.129770992 -96.0534351145 0.030534351145 END
START -6.24168372803 -4.0198645874 13.3357032471 250.129770992 -76.6183206107 10.0076335878 END
START 3.24414324951 -9.95030209961 18.866309082 250.129770992 -86.6106870229 12.9618320611 END
START 4.63038601074 -8.5209637085 5.33428129883 250.129770992 -96.786259542 8.25190839695 END
START 10.4794206665 -9.25119521484 5.2456958374 250.129770992 -104.748091603 1.95419847328 END
START -2.90177241211 -0.658405456543 12.1984574585 250.129770992 -70.427480916 2.8320610687 END
START 3.25611425781 -17.4561243042 10.4459018433 250.129770992 -57.8015267176 10.5801526718 END
START 3.76368500977 -9.49300958252 6.62475599365 250.129770992 -50.8473282443 13.7557251908 END
START 17.1329070801 -11.1210667114 10.5680061279 250.129770992 -59.4809160305 8.22900763359 END
START 7.24246002197 -16.0603047363 6.47392128906 250.129770992 -60.6335877863 0.725190839695 END
START 6.05254179687 -12.2367646851 4.70700046387 250.129770992 -58.641221374 3.90076335878 END
START 7.86255825195 -12.2008516602 1.21625444336 250.129770992 -43.893129771 12.9541984733 END
START -0.531512768555 -4.97754525146 12.265495105 250.129770992 -35.3969465649 12.7557251908 END
START -2.91613762207 -10.5656119263 7.92959589844 250.129770992 -36.2824427481 9.25190839695 END
START 2.85628258057 -14.8943285278 10.6877162109 250.129770992 -41.2824427481 9.91603053435 END
START 4.08450803223 -11.1426145264 3.56496627197 250.129770992 -38.0305343511 6.4427480916 END
START 3.82832845459 -7.77157858887 12.990938208 250.129770992 -55.8015267176 10.9847328244 END
START 2.53067115479 -7.90086547852 9.25598361816 250.129770992 -64.0839694656 8.7786259542 END
START -0.272938989258 -9.18415756836 9.58398924561 250.129770992 -67.3282442748 10.320610687 END
START 0.76375032959 -0.883460412598 11.9997387207 250.129770992 -82.2748091603 17.0381679389 END
START -0.835576379395 -4.30956298828 9.57920084229 250.129770992 -97.8473282443 10.6488549618 END
START 4.07493122559 -11.7387707397 10.5057568848 250.129770992 -103.648854962 8.73282442748 END
START -1.18273562012 -11.7172229248 3.26808526611 250.129770992 -104.099236641 11.2519083969 END
START 1.09654436035 -4.69502945557 7.77876119385 250.129770992 -104.129770992 4.43511450382 END
START -2.80361014404 -11.0851536865 3.89057769775 250.129770992 -104.305343511 15.2824427481 END
START 2.17872351074 -9.01177504883 7.03895288086 250.129770992 -103.984732824 8.8320610687 END
START -3.31357509766 -3.75410820312 7.81706842041 250.129770992 -104.396946565 3.49618320611 END
START 6.68700523682 -12.2128226685 6.33745179443 250.129770992 -104.190839695 2.51145038168 END
START 7.52976422119 -0.237025964355 11.0779710815 250.129770992 -109.526717557 12.893129771 END
START 8.97107362061 -6.23689532471 1.62326872559 250.129770992 -121.404580153 13.572519084 END
START -1.36230074463 -5.22893642578 9.43794294434 250.129770992 -125.27480916 15.572519084 END
START 1.69509477539 -13.7259581177 9.33020386963 250.129770992 -138.717557252 10.2061068702 END
START 2.48518132324 -11.5735708252 10.053252771 250.129770992 -135.748091603 5.2213740458 END
START 6.61757338867 -9.73721815186 9.07881269531 250.129770992 -103.702290076 2.73282442748 END
START 1.47482822266 -14.3699983643 11.2359883911 250.129770992 -111.557251908 11.6717557252 END
START 9.89284125977 -11.6884925049 5.03740029297 250.129770992 -114.160305344 9.48854961832 END
START 2.89219560547 -8.12352623291 4.290409375 250.129770992 -119.687022901 8.69465648855 END