START 1.62805712891 -9.74200655518 4.02944139404 250.129770992 -67.8625954198 16.7099236641 END
START 5.49708701172 -2.59770880127 8.35576379395 250.129770992 -51.7099236641 15.5114503817 END
START -0.15562310791 -13.6373726562 3.12922156982 250.129770992 -62.4351145038 9.12213740458 END
START 2.64559283447 -15.0188270142 5.94240852051 250.129770992 -45.0916030534 5.04580152672 END
START -1.19231242676 -13.2112047607 4.6686932373 250.129770992 -45.0305343511 12.2366412214 END
START 1.30723410645 -5.66228692627 3.92888492432 250.129770992 -43.0381679389 4.83969465649 END
START -1.92254393311 -7.81706842041 7.92241329346 250.129770992 -45.1374045802 8.95419847328 END
START 1.00556469727 -8.47547387695 10.4961800781 250.129770992 -50.3893129771 6.59541984733 END
START -2.29364519043 -8.32703337402 7.33822808838 250.129770992 -66.320610687 3.47328244275 END
START -0.577002600098 -11.525686792 9.05487067871 250.129770992 -68.534351145 2.29770992366 END
START -6.20816490479 -3.67749375 5.59524927979 250.129770992 -101.297709924 9.43511450382 END
START -4.22576593018 -1.30962830811 11.04684646 250.129770992 -104.633587786 11.3358778626 END
START 1.47722242432 -8.54011732178 12.24394729 250.129770992 -103.984732824 10.1450381679 END
START 6.94557901611 -7.0485296875 3.47398660889 250.129770992 -103.847328244 5.74045801527 END
START 7.37174691162 -13.3309148437 5.76763179932 250.129770992 -94.4427480916 4.73282442748 END
START 11.1282493164 -7.32865128174 4.34068760986 250.129770992 -98.1603053435 12.427480916 END