START 7.9200190918 -10.3429511719 7.08204851074 250.129770992 -87.8167938931 8.59541984733 END
START 0.835576379395 -6.93121380615 10.6422263794 250.129770992 -76.8778625954 4.29007633588 END
START -2.87304199219 -4.32392819824 4.52982954102 250.129770992 -81.106870229 -0.801526717557 END
START 8.86572874756 3.33751711426 9.8665050415 250.129770992 -88.5801526718 16.2824427481 END
START 2.1811177124 -5.22414802246 9.22246479492 250.129770992 -83.5267175573 3.0534351145 END
START 0.775721337891 -8.84657513428 9.89523546143 250.129770992 -95.8625954198 13.213740458 END
START 6.85220515137 -7.97029732666 14.0036855103 250.129770992 -97.8396946565 3.75572519084 END
START 5.11880314941 -9.91678327637 7.42920775146 250.129770992 -105.297709924 4.37404580153 END
START -0.91697923584 -9.76594857178 11.6334258667 250.129770992 -98.3816793893 0.12213740458 END
START 4.41969626465 -12.0883241821 7.40047733154 250.129770992 -85.2519083969 3.3893129771 END
START 1.82438166504 -4.86980617676 9.04768807373 250.129770992 -79.358778626 5.34351145038 END
START 9.85692823486 -7.20654699707 9.85692823486 250.129770992 -91.9160305344 1.31297709924 END
START -2.82755216064 -7.61595548096 5.32231029053 250.129770992 -97.0992366412 14.3740458015 END
START -4.82910474854 -5.65749852295 6.44519086914 250.129770992 -99.9160305344 15.2824427481 END
START 8.42998404541 -12.8089788818 6.68461103516 250.129770992 -77.8625954198 10.6030534351 END
START 4.36941802979 -8.83220992432 5.41328995361 250.129770992 -79.4351145038 13.7786259542 END
START 8.23365950928 -7.39568892822 8.31266816406 250.129770992 -65.9694656489 9.54198473282 END
START 9.17218656006 -0.16041151123 9.50976899414 250.129770992 -54.0916030534 5.41984732824 END
START 2.4037784668 -7.23288321533 10.8050320923 250.129770992 -41.3740458015 6.29007633588 END
START 7.05331809082 -7.46512077637 10.9031943604 250.129770992 -40.7633587786 10.6183206107 END
START 8.46829127197 -2.98556947021 3.92170231934 250.129770992 -34.5038167939 1.00763358779 END
START 7.62074388428 -11.1545855347 2.7581203125 250.129770992 -34.8244274809 4.65648854962 END
START 1.65439334717 -9.75637176514 7.91523068848 250.129770992 -34.5801526718 7.22900763359 END
START 10.778695874 0.897825622559 12.6772977905 250.129770992 -32.6564885496 3.81679389313 END
START 9.03811126709 -5.07331331787 2.94726224365 250.129770992 -27.0152671756 2.3358778626 END
START -4.97993945312 -7.56328304443 7.48666859131 250.129770992 -19.6106870229 12.679389313 END
START 12.3947819946 -6.08845482178 3.6894647583 250.129770992 -11.1221374046 4.62595419847 END
START 1.07020814209 -7.66383951416 4.70460626221 250.129770992 -22.7480916031 9.5572519084 END
START 4.41011945801 -8.79390269775 9.37090529785 250.129770992 -11.8396946565 13.534351145 END
START -0.847547387695 -10.8648871338 7.25203682861 250.129770992 -20.2442748092 5.6641221374 END
START 10.3214033569 -10.4650554565 4.32392819824 250.129770992 -35.9770992366 8.1679389313 END
START 4.16591088867 -14.2885955078 5.61440289307 250.129770992 -32.7328244275 8.20610687023 END
START 2.27688577881 -3.9480385376 5.85621726074 250.129770992 -34.641221374 12.4427480916 END
START 2.17393510742 -8.53054051514 7.78833800049 250.129770992 -33.6946564885 14.572519084 END
START 5.10204373779 -13.8336971924 8.334215979 250.129770992 -39.1526717557 -0.12213740458 END
START 2.11647426758 -11.6358200684 5.57848986816 250.129770992 -47.6564885496 1.78625954198 END
START 5.54736524658 -13.8265145874 7.58483085937 250.129770992 -54.786259542 4.74045801527 END
START 9.25837781982 -10.9726262085 7.51061060791 250.129770992 -45.0152671756 -3.13740458015 END
START 1.2856862915 -10.3118265503 7.40526573486 250.129770992 -62.0687022901 13.9160305344 END
START -0.397437475586 -8.47307967529 7.81228001709 250.129770992 -81.2977099237 -2.82442748092 END
START 0.866701000977 -7.65665690918 6.0573302002 250.129770992 -91.427480916 6.03053435115 END
START -6.78277330322 -5.4803276001 12.8041904785 250.129770992 -84.9694656489 0.480916030534 END
START 1.83395847168 -2.63601602783 9.62229647217 250.129770992 -97.4885496183 9.22900763359 END
START -0.253785375977 -9.96945571289 7.86255825195 250.129770992 -104.969465649 14.7022900763 END
START 7.28794985352 -10.5033626831 5.80833322754 250.129770992 -103.93129771 7.19083969466 END
START 3.6894647583 -14.6692735718 11.4155535156 250.129770992 -103.732824427 7.62595419847 END
START -0.804451757813 -12.0907183838 4.21140072021 250.129770992 -104.557251908 4.65648854962 END
START 5.79636221924 -7.72608875732 11.7435591431 250.129770992 -104.13740458 13.1755725191 END
START -1.04866032715 -8.17859287109 9.01416925049 250.129770992 -109.419847328 2.78625954198 END
START 7.16345136719 -3.19386501465 5.2097828125 250.129770992 -102.923664122 3.37404580153 END
START -2.8299463623 -10.4937858765 12.885593335 250.129770992 -116.099236641 10.2366412214 END
START 0.567425793457 -11.2455651978 10.2543657104 250.129770992 -102.381679389 9.64885496183 END
START -1.04147772217 -2.42053787842 11.2838724243 250.129770992 -104.717557252 -1.03816793893 END
START -2.96881005859 -5.80354482422 11.1306435181 250.129770992 -104.267175573 3.96946564885 END
START 11.1258551147 -5.14753356934 8.30548555908 250.129770992 -96.0992366412 13.1374045802 END
START 7.27358464355 -12.1194488037 10.8864349487 250.129770992 -90.8854961832 3.0 END
START 9.55525882568 -8.5688477417 8.10437261963 250.129770992 -88.4427480916 10.5954198473 END
START 6.23210692139 -4.24970794678 7.93438430176 250.129770992 -77.2442748092 12.6946564885 END
START 7.28076724854 -13.8720044189 6.86896456299 250.129770992 -61.0763358779 3.60305343511 END
START 2.51630594482 -9.50258638916 12.0667763672 250.129770992 -42.679389313 7.29770992366 END
START 4.43166727295 -6.32548078613 4.08929643555 250.129770992 -31.6183206107 15.5496183206 END
START 3.55299526367 -13.2183873657 8.75320126953 250.129770992 -29.9465648855 7.51908396947 END
START 7.94635531006 -6.58884296875 7.92959589844 250.129770992 -36.7938931298 9.9465648855 END
START 5.516240625 -12.0715647705 8.08761320801 250.129770992 -33.427480916 1.52671755725 END
START -1.00556469727 -6.39251843262 7.18739338379 250.129770992 -45.358778626 3.32824427481 END
START 10.2160584839 -3.13879837646 4.9512090332 250.129770992 -37.358778626 11.8167938931 END
START 6.63193859863 -11.65257948 11.4634375488 250.129770992 -28.6030534351 -3.27480916031 END
START 8.10676682129 -9.72524714355 5.67425793457 250.129770992 -36.5801526718 9.5572519084 END
START -1.56341368408 -3.84748206787 8.72447084961 250.129770992 -32.7022900763 10.7251908397 END
START 6.33984599609 -12.4809732544 6.07648381348 250.129770992 -29.7786259542 3.26717557252 END
START 1.99436998291 -9.54568201904 8.70292303467 250.129770992 -24.1297709924 12.9465648855 END
START 8.27675513916 -6.30872137451 3.39976635742 250.129770992 -24.0 15.5114503817 END
START -0.196324536133 -4.8674119751 2.54982476807 250.129770992 -25.2442748092 5.28244274809 END
START 6.74925447998 -6.39012423096 9.59835445557 250.129770992 -32.6183206107 7.28244274809 END
START -1.23301385498 -18.3994397583 8.14986245117 250.129770992 -33.0305343511 6.41221374046 END
START 0.14604630127 -3.9959225708 4.98712205811 250.129770992 -37.6641221374 9.49618320611 END
START 2.76290871582 -6.60560238037 6.27280834961 250.129770992 -31.2824427481 11.2748091603 END
START -0.15801730957 -7.08683691406 8.36773480225 250.129770992 -40.1679389313 6.83969465649 END
START -2.63362182617 -0.938527050781 7.59919606934 250.129770992 -48.8320610687 -0.534351145038 END
START -6.63433280029 -4.9631800415 12.152967627 250.129770992 -56.0992366412 8.40458015267 END
START 1.26653267822 -9.10036051025 10.5177278931 250.129770992 -80.9770992366 8.31297709924 END
START 1.10372696533 -4.69024105225 11.0276928467 250.129770992 -97.6641221374 5.46564885496 END
START -7.55849464111 -8.65743320312 11.4083709106 250.129770992 -103.79389313 7.59541984733 END
START 3.30639249268 -5.63834490967 10.7308118408 250.129770992 -101.786259542 12.4427480916 END
START 3.77086761475 -8.97825622559 11.3963999023 250.129770992 -104.465648855 6.40458015267 END
START 4.29998618164 -2.94247384033 9.81143840332 250.129770992 -104.79389313 6.58778625954 END
START -2.37504804687 -7.59919606934 8.40125362549 250.129770992 -103.824427481 11.8778625954 END
START 1.18752402344 -8.72686505127 11.0348754517 250.129770992 -104.175572519 3.16030534351 END
START 5.79636221924 -13.0483990479 7.0605006958 250.129770992 -96.8473282443 7.48854961832 END
START 9.76116016846 -10.5488525146 4.55616575928 250.129770992 -93.8167938931 5.9465648855 END
START 9.99818613281 -10.1107136108 6.58884296875 250.129770992 -65.4809160305 7.82442748092 END
START 4.77643231201 -13.9390420654 8.08043060303 250.129770992 -44.0076335878 6.20610687023 END
START 2.74854350586 -7.40047733154 8.59997236328 250.129770992 -37.0458015267 17.1679389313 END
START 3.36385333252 -16.7761710327 5.82988104248 250.129770992 -33.5648854962 13.0 END
START 3.90494290771 -6.32308658447 5.09725533447 250.129770992 -29.2366412214 7.22900763359 END
START 6.17225187988 -8.6287027832 8.20492908936 250.129770992 -22.320610687 12.5038167939 END
START -6.80671531982 -8.32942757568 7.9319901001 250.129770992 -34.3053435115 13.572519084 END
START -2.04225401611 -7.97029732666 13.0986772827 250.129770992 -49.3816793893 5.43511450382 END
START -4.34068760986 -8.89445916748 7.50821640625 250.129770992 -56.0763358779 5.01526717557 END
START -0.165199914551 -10.3333743652 5.12119735107 250.129770992 -60.6183206107 -3.47328244275 END
START 4.62799180908 -7.3789295166 5.14513936768 250.129770992 -74.641221374 2.06106870229 END
START -1.35032973633 -11.4586491455 12.512097876 250.129770992 -81.786259542 9.28244274809 END
START -1.41736738281 -9.88805285645 10.4435076416 250.129770992 -91.0763358779 10.3893129771 END
START 5.86339986572 -6.05014759521 7.35738170166 250.129770992 -84.0381679389 -3.63358778626 END
START 2.65756384277 -5.7987564209 3.43328518066 250.129770992 -93.3053435115 11.2366412214 END
START 5.2097828125 -10.4099888184 10.4889974731 250.129770992 -96.7480916031 -3.85496183206 END
START -1.7908628418 -16.6229421265 9.8305920166 250.129770992 -100.816793893 10.5190839695 END
START -1.74537301025 -9.08120689697 8.95670841064 250.129770992 -103.977099237 9.69465648855 END
START 0.782903942871 -8.69813463135 8.95431420898 250.129770992 -101.0 7.26717557252 END
START -2.17632930908 -15.7203281006 6.30632717285 250.129770992 -89.0916030534 6.57251908397 END
START 4.66629903564 -9.56962403564 5.34625230713 250.129770992 -107.175572519 10.8702290076 END
START 2.03028300781 -11.1067015015 11.9207300659 250.129770992 -98.6641221374 8.26717557252 END