START 6.66066901855 -9.67257470703 3.96958635254 250.129770992 -69.7022900763 4.22900763359 END
START -2.62883342285 -8.96867941895 2.26252056885 250.129770992 -69.5954198473 3.18320610687 END
START -1.62087452393 1.4963760376 13.3261264404 250.129770992 -82.4198473282 10.8396946565 END
START 0.268150585937 -10.42674823 6.05972440186 250.129770992 -95.1908396947 14.5801526718 END
START 2.83234056396 -4.17788189697 7.01022246094 250.129770992 -97.8473282443 5.0534351145 END
START 5.61200869141 -9.86171663818 8.35576379395 250.129770992 -103.954198473 12.9312977099 END
START -1.24498486328 -7.06289489746 6.71094725342 250.129770992 -103.053435115 15.0992366412 END
START -1.07739074707 -9.11951412354 8.99022723389 250.129770992 -104.824427481 9.40458015267 END
START -0.907402429199 -14.2862013062 9.63426748047 250.129770992 -101.305343511 12.0839694656 END
START 6.40927784424 -8.68616362305 7.12993254395 250.129770992 -102.244274809 4.9465648855 END
START -4.903325 -7.87931766357 9.93833109131 250.129770992 -104.022900763 -3.29007633588 END
START 5.94240852051 -10.3261917603 8.96628521729 250.129770992 -96.7480916031 16.7175572519 END
START 12.1984574585 -3.08373173828 11.3149970459 250.129770992 -98.1526717557 5.74809160305 END
START 8.07324799805 -9.1578213501 14.8464444946 250.129770992 -104.045801527 4.90076335878 END
START 4.59926138916 -13.9462246704 4.99909306641 250.129770992 -103.396946565 14.0992366412 END
START 6.97909783936 -10.8050320923 9.90960067139 250.129770992 -97.9083969466 4.86259541985 END
START 0.380678063965 -10.4746322632 8.74123026123 250.129770992 -94.0 14.8854961832 END
START -5.8586114624 -8.99980404053 10.2112700806 250.129770992 -103.778625954 6.00763358779 END
START 9.86889924316 -8.08761320801 10.6422263794 250.129770992 -104.244274809 8.06106870229 END
START 2.59770880127 -6.84741674805 10.2232410889 250.129770992 -98.106870229 14.7480916031 END
START 4.8554409668 -9.98621512451 10.9247421753 250.129770992 -96.4198473282 8.74809160305 END
START -1.99915838623 -9.35654008789 2.21224233398 250.129770992 -89.6641221374 11.3053435115 END
START -0.0574608398438 -3.64876333008 12.4761848511 250.129770992 -82.5038167939 8.64885496183 END
START 5.72453616943 -10.3980178101 10.7882726807 250.129770992 -76.9541984733 5.89312977099 END
START 4.28083256836 -2.25773216553 14.2000100464 250.129770992 -76.893129771 20.3969465649 END
START 4.49631071777 -4.97036264648 2.75093770752 250.129770992 -72.4885496183 4.21374045802 END
START -2.11647426758 -11.1737391479 8.80587370605 250.129770992 -73.3740458015 6.93129770992 END
START 6.12436784668 -8.8154505127 2.49236392822 250.129770992 -71.8854961832 3.78625954198 END
START 4.01028778076 -5.70059415283 7.34062229004 250.129770992 -68.786259542 8.71755725191 END
START 3.28723887939 -11.6142722534 9.31344445801 250.129770992 -50.9465648855 6.96183206107 END
START -3.48356341553 -6.46434448242 8.93037219238 250.129770992 -54.4503816794 7.19083969466 END
START 2.11408006592 -2.43729729004 5.20738861084 250.129770992 -50.4961832061 8.80152671756 END
START 10.187328064 -9.88087025146 4.52982954102 250.129770992 -48.8320610687 6.51908396947 END
START 1.14203419189 -4.83628735352 6.75643708496 250.129770992 -31.7022900763 7.45038167939 END
START 0.936132849121 -11.7962315796 5.58567247314 250.129770992 -39.572519084 6.46564885496 END
START 7.71890615234 -6.91206019287 7.68778153076 250.129770992 -30.3129770992 15.4885496183 END
START 3.63200391846 -6.29196196289 5.13316835937 250.129770992 -25.2442748092 9.61832061069 END
START 4.12999786377 1.30483990479 4.33350500488 250.129770992 -24.9007633588 2.1679389313 END
START 0.555454785156 -7.05571229248 4.21379492187 250.129770992 -29.1450381679 -3.09923664122 END
START 7.6973583374 -9.51695159912 7.42920775146 250.129770992 -25.8473282443 1.82442748092 END
START 8.18816967773 -6.4475850708 8.51378110352 250.129770992 -33.6717557252 4.79389312977 END
START 1.45806881104 -9.67975731201 1.5322890625 250.129770992 -37.6870229008 1.16030534351 END
START 7.98466253662 -6.0812722168 5.59046087646 250.129770992 -31.3053435115 8.1679389313 END
START 3.52665904541 -9.48582697754 2.13802208252 250.129770992 -44.893129771 12.6564885496 END
START 1.60172091064 -8.77714328613 7.23527741699 250.129770992 -47.2900763359 -0.419847328244 END
START 7.45793817139 -10.3740757935 8.84178673096 250.129770992 -55.7251908397 5.22900763359 END
START 1.47961662598 -11.9925561157 8.20492908936 250.129770992 -56.8778625954 3.47328244275 END
START 2.05661922607 -11.0899420898 6.42603725586 250.129770992 -68.6259541985 -0.0381679389313 END
START 3.30160408936 -12.6270195557 5.13556256104 250.129770992 -79.7633587786 11.8625954198 END
START 0.107739074707 -11.4825911621 9.71806453857 250.129770992 -71.8244274809 3.3893129771 END
START 1.44370360107 -6.50025750732 10.0580411743 250.129770992 -83.8167938931 0.679389312977 END
START -0.878672009277 -11.9350952759 7.9319901001 250.129770992 -76.3129770992 14.2900763359 END
START -7.0605006958 -6.95994422607 6.98388624268 250.129770992 -90.6946564885 5.09160305344 END
START 3.26329686279 -7.89368287354 6.6702458252 250.129770992 -98.3282442748 -3.8320610687 END
START -1.75734401855 -6.61278498535 10.1945106689 250.129770992 -105.351145038 4.45801526718 END
START -4.24491954346 -6.66066901855 9.67257470703 250.129770992 -95.8854961832 -3.4427480916 END
START 4.95360323486 -14.0659347534 8.76517227783 250.129770992 -101.763358779 8.64885496183 END
START -2.85388837891 -9.67018050537 6.39730683594 250.129770992 -97.427480916 6.04580152672 END
START -2.56179577637 -10.9917798218 9.59835445557 250.129770992 -104.534351145 -2.93129770992 END
START 4.79079752197 -9.83777462158 2.98796367187 250.129770992 -95.3129770992 7.97709923664 END
START 7.82664522705 -7.83143363037 11.5951186401 250.129770992 -104.511450382 5.62595419847 END
START 0.727837304687 -6.54814154053 9.52174000244 250.129770992 -104.312977099 -0.24427480916 END
START -0.77093293457 -13.9821376953 12.5288572876 250.129770992 -103.870229008 8.79389312977 END
START 4.47476290283 -6.10282003174 5.55933625488 250.129770992 -109.480916031 4.9465648855 END
START 1.95606275635 -10.7595422607 4.71418306885 250.129770992 -118.671755725 8.85496183206 END
START 0.325611425781 -10.7499654541 9.1458503418 250.129770992 -103.832061069 6.61832061069 END
START -0.62009822998 -8.05648858643 6.87614716797 250.129770992 -106.893129771 12.5572519084 END
START 0.114921679688 7.47469758301 12.4929442627 250.129770992 -104.541984733 12.3664122137 END
START 2.88740720215 -1.4844050293 7.12274993896 250.129770992 -104.160305344 16.213740458 END
START -0.988805285645 -1.90817872314 7.0724717041 250.129770992 -103.961832061 7.32061068702 END
START 6.742071875 -4.72854827881 4.73333668213 250.129770992 -104.572519084 1.68702290076 END
START 2.75572611084 -10.1107136108 12.5671645142 250.129770992 -102.114503817 2.19847328244 END
START 4.89374819336 -4.47236870117 8.06606539307 250.129770992 -102.213740458 2.06870229008 END
START 3.60087929687 -3.36145913086 7.42202514648 250.129770992 -95.8396946565 9.90839694656 END
START 7.21612380371 -2.67671745605 2.85149417725 250.129770992 -104.809160305 21.0610687023 END
START -0.29927520752 -14.2550766846 5.14274516602 250.129770992 -87.8854961832 12.8549618321 END
START 7.44596716309 -3.924096521 9.16500395508 250.129770992 -85.9465648855 4.39694656489 END
START 10.8146088989 -7.15148035889 5.71495936279 250.129770992 -73.2748091603 -4.20610687023 END
START 2.29603939209 -4.44603248291 10.2902787354 250.129770992 -59.9847328244 5.98473282443 END
START 2.91134921875 -5.53539423828 9.16500395508 250.129770992 -61.0 9.63358778626 END
START 1.54186586914 -7.77397279053 7.27119044189 250.129770992 -45.6717557252 10.5648854962 END
START 9.59356605225 -7.50821640625 6.3997010376 250.129770992 -44.427480916 13.4732824427 END
START -0.811634362793 -14.0683289551 6.91684859619 250.129770992 -40.8320610687 12.9389312977 END
START 6.03817658691 -5.78439121094 9.68693991699 250.129770992 -37.1297709924 5.02290076336 END
START 1.81001645508 -10.6111017578 8.70292303467 250.129770992 -32.0534351145 8.64885496183 END
START 4.92487281494 -12.2607067017 13.5583640015 250.129770992 -25.4503816794 19.0381679389 END
START 6.96233842773 -9.16500395508 12.4211182129 250.129770992 -12.9847328244 2.3358778626 END
START 6.45237347412 -6.28238515625 10.1155020142 250.129770992 -27.5877862595 13.5801526718 END
START 2.28406838379 -11.7124345215 8.14267984619 250.129770992 -23.0992366412 -3.92366412214 END
START 0.581791003418 -13.836091394 2.57616098633 250.129770992 -21.6183206107 5.45801526718 END
START 5.73650717773 -7.25921943359 3.62721551514 250.129770992 -36.7022900763 18.7175572519 END
START 2.98796367187 -9.84735142822 5.2217538208 250.129770992 -22.3435114504 8.19847328244 END
START 9.37569370117 -9.47146176758 7.84579884033 250.129770992 -28.1984732824 10.6030534351 END
START 9.19852277832 -8.5209637085 8.44913765869 250.129770992 -21.2519083969 8.90839694656 END
START -0.387860668945 -3.93367332764 7.83861623535 250.129770992 -27.5114503817 10.2061068702 END
START 4.01507618408 -10.6637741943 8.59997236328 250.129770992 -26.6641221374 12.2595419847 END
START -1.83156427002 -11.0516348633 10.3046439453 250.129770992 -28.572519084 9.6106870229 END
START 2.02549460449 -12.2200052734 5.06134230957 250.129770992 -35.1450381679 11.3740458015 END
START 3.3949779541 -7.9080480835 8.93276639404 250.129770992 -42.7938931298 10.679389313 END
START 3.46680400391 -14.7578590332 11.0923362915 250.129770992 -35.9770992366 9.07633587786 END
START -0.102950671387 -4.50588752441 13.6996218994 250.129770992 -43.465648855 6.58778625954 END
START 3.47638081055 -7.63032069092 9.09796630859 250.129770992 -46.2595419847 5.25954198473 END
START 1.69748897705 -8.98543883057 8.68376942139 250.129770992 -52.9770992366 -3.62595419847 END
START -4.10845004883 -8.8872765625 -1.26413847656 250.129770992 -57.3664122137 -0.587786259542 END
START -2.92810863037 -6.77080229492 2.05661922607 250.129770992 -47.8549618321 -0.740458015267 END
START -4.26407315674 -13.5320277832 3.47398660889 250.129770992 -47.5267175573 10.3740458015 END
START 4.41011945801 -11.3030260376 8.98543883057 250.129770992 -50.0992366412 7.3893129771 END
START -1.38145435791 -10.7619364624 5.07091911621 250.129770992 -50.7251908397 12.7709923664 END
START 2.44208569336 -12.4881558594 3.67749375 250.129770992 -52.2748091603 -2.96946564885 END
START 1.05823713379 -6.92642540283 6.02381137695 250.129770992 -58.8244274809 14.0458015267 END
START 2.88980140381 -7.14429775391 4.73094248047 250.129770992 -58.679389313 8.08396946565 END
START 6.14591566162 -10.5440641113 1.63045133057 250.129770992 -48.9389312977 7.82442748092 END
START -1.72143099365 -7.25203682861 7.9918451416 250.129770992 -58.0610687023 2.23664122137 END
START 1.55144267578 -8.87769975586 9.07402429199 250.129770992 -68.2519083969 9.64122137405 END
START -0.579396801758 -3.6176387085 8.30069715576 250.129770992 -64.0381679389 14.3129770992 END
START 1.5322890625 -5.71735356445 8.09719001465 250.129770992 -69.4503816794 11.2442748092 END
START 2.39899006348 2.7102362793 9.81383260498 250.129770992 -70.9236641221 0.496183206107 END
START -0.30166940918 -11.5927244385 7.84819304199 250.129770992 -83.5267175573 11.9618320611 END
START 2.64559283447 -7.02937607422 13.1992337524 250.129770992 -92.0534351145 6.04580152672 END
START -0.531512768555 -9.35175168457 15.6006180176 250.129770992 -108.473282443 4.17557251908 END
START -0.562637390137 -1.92733233643 3.12203896484 250.129770992 -112.961832061 11.0458015267 END
START 5.32709869385 -7.50103380127 15.7993367554 250.129770992 -109.610687023 12.5572519084 END
START 4.8913539917 -9.01416925049 12.1122661987 250.129770992 -106.969465649 15.6717557252 END
START 13.1489555176 -6.94318481445 7.65665690918 250.129770992 -100.923664122 6.51908396947 END
START 1.41976158447 -12.131419812 6.34702860107 250.129770992 -82.5572519084 12.1679389313 END
START 8.00142194824 -13.3620394653 3.54341845703 250.129770992 -69.5419847328 3.61832061069 END
START 2.36547124023 -8.06845959473 0.988805285645 250.129770992 -64.3511450382 13.1374045802 END
START 14.7434938232 -7.0605006958 9.98860932617 250.129770992 -47.2213740458 9.83969465649 END
START 0.222660754395 -16.9341883423 9.40442412109 250.129770992 -29.5572519084 -1.80152671756 END
START 2.06619603271 -7.69256993408 9.49300958252 250.129770992 -25.7175572519 -1.48091603053 END
START -4.81952794189 -5.93283171387 5.80354482422 250.129770992 -31.4732824427 4.2213740458 END
START 0.646434448242 -11.8297504028 9.23683000488 250.129770992 -31.4198473282 6.6106870229 END
START -0.541089575195 -12.0835357788 11.7387707397 250.129770992 -28.7251908397 5.12213740458 END
START -1.57538469238 -13.9725608887 8.16901606445 250.129770992 -36.7328244275 15.2595419847 END
START 0.287304199219 -9.39005891113 2.1691467041 250.129770992 -40.4809160305 11.1908396947 END
START 1.82917006836 -4.36941802979 6.03817658691 250.129770992 -45.3816793893 16.2442748092 END
START -1.20667763672 -7.92480749512 11.2503536011 250.129770992 -54.6030534351 6.72519083969 END
START 0.368707055664 -2.94965644531 5.29836827393 250.129770992 -62.5038167939 -4.60305343511 END
START -1.90578452148 -9.4283661377 12.9717845947 250.129770992 -74.2671755725 16.5572519084 END
START -0.0191536132812 -7.20415279541 6.96712683105 250.129770992 -85.4122137405 9.09923664122 END
START 0.0861912597656 -7.31428607178 6.60799658203 250.129770992 -93.3511450382 13.3664122137 END
START -3.88100089111 -2.20745393066 13.1776859375 250.129770992 -102.160305344 3.87786259542 END
START -3.86663568115 -4.04859500732 8.77235488281 250.129770992 -96.8854961832 9.30534351145 END
START 4.9512090332 -15.1361428955 6.52898792725 250.129770992 -96.893129771 9.6641221374 END