START 4.16830509033 -7.10599052734 5.35582911377 250.129770992 -84.3129770992 2.70229007634 END
START 0.634463439941 -13.5224509766 6.21295330811 250.129770992 -103.374045802 3.68702290076 END
START 8.8872765625 -6.26801994629 11.1306435181 250.129770992 -103.938931298 20.0381679389 END
START 0.794874951172 -10.8912233521 12.7108166138 250.129770992 -95.1221374046 16.8778625954 END
START -3.1244331665 -11.2359883911 9.58638344727 250.129770992 -104.801526718 10.3129770992 END
START 2.4157494751 -6.69179364014 12.3325327515 250.129770992 -95.0534351145 2.64122137405 END
START -3.54341845703 -3.27526787109 13.7187755127 250.129770992 -104.381679389 5.89312977099 END
START -0.77332713623 -4.18027609863 10.1609918457 250.129770992 -91.9007633588 15.8702290076 END
START 4.08690223389 -8.27914934082 8.25760152588 250.129770992 -81.8549618321 11.9541984733 END
START -1.30005150146 -9.95748470459 9.23443580322 250.129770992 -86.4122137405 -5.50381679389 END
START 8.04691177979 -3.4189199707 8.2384479126 250.129770992 -81.9541984733 3.1679389313 END
START 8.49223328857 -13.7738421509 10.9989624268 250.129770992 -83.5801526718 13.5267175573 END
START -0.392649072266 -7.68299312744 5.11401474609 250.129770992 -64.7328244275 5.86259541985 END
START 8.81784471436 -10.5009684814 15.1313544922 250.129770992 -53.0458015267 3.11450381679 END
START -0.390254870605 -6.78756170654 6.33745179443 250.129770992 -40.641221374 4.18320610687 END
START 0.196324536133 -8.87291135254 10.4650554565 250.129770992 -32.6564885496 3.06106870229 END
START 4.92008441162 -8.45153186035 7.60637867432 250.129770992 -33.0076335878 3.1679389313 END
START 3.87381828613 -8.29112034912 10.9103769653 250.129770992 -38.1984732824 -1.36641221374 END
START 5.56173045654 -8.60715496826 7.59919606934 250.129770992 -33.3664122137 15.9236641221 END
START -0.435744702148 -5.69580574951 8.17859287109 250.129770992 -34.4809160305 2.78625954198 END
START 3.9959225708 -3.48595761719 4.10126744385 250.129770992 -31.7328244275 3.19847328244 END
START -1.58496149902 -8.33900438232 6.58405456543 250.129770992 -34.6488549618 -3.11450381679 END
START 11.3580926758 -4.45560928955 3.26329686279 250.129770992 -27.9007633588 8.73282442748 END
START 0.0119710083008 -2.83952316895 1.87226569824 250.129770992 -34.7709923664 5.87022900763 END
START 1.44849200439 -12.5456166992 7.61595548096 250.129770992 -34.7022900763 10.1526717557 END
START -4.3263223999 -10.9869914185 9.7467949585 250.129770992 -26.7022900763 3.53435114504 END
START 2.47081611328 -4.53222374268 6.19858809814 250.129770992 -40.4961832061 7.07633587786 END
START 0.117315881348 -9.09557210693 11.7986257812 250.129770992 -35.6870229008 16.2366412214 END
START 11.039663855 -12.4570312378 5.8705824707 250.129770992 -45.8320610687 10.5648854962 END
START 3.75889660645 -11.5735708252 7.36217010498 250.129770992 -48.1221374046 13.0534351145 END
START -1.02471831055 -10.9630494019 8.81066210937 250.129770992 -53.1908396947 20.5954198473 END
START 3.10527955322 -8.6287027832 4.22576593018 250.129770992 -58.1450381679 0.0992366412214 END
START 0.112527478027 -2.53785375977 0.239420166016 250.129770992 -61.427480916 16.6106870229 END
START 0.126892687988 -12.1888806519 6.23928952637 250.129770992 -63.8320610687 12.7251908397 END
START 6.988674646 -11.906364856 10.1945106689 250.129770992 -59.9847328244 8.2213740458 END
START -0.940921252441 -13.244723584 1.93212073975 250.129770992 -72.9541984733 5.31297709924 END
START -4.48433970947 -4.52982954102 6.35181700439 250.129770992 -90.7709923664 13.0458015267 END
START -0.679953271484 -13.4530191284 2.53067115479 250.129770992 -97.2977099237 6.43511450382 END
START -0.0909796630859 -15.7322991089 7.3789295166 250.129770992 -104.236641221 10.3511450382 END
START 2.91853182373 -4.78600911865 9.75158336182 250.129770992 -104.717557252 14.0458015267 END
START 4.12042105713 -13.3907698853 7.45554396973 250.129770992 -104.595419847 3.90076335878 END
START 0.0502782348633 -10.6446205811 5.8945244873 250.129770992 -105.374045802 13.0 END
START -6.77559069824 -11.1545855347 3.68467635498 250.129770992 -104.213740458 13.1450381679 END
START 6.49307490234 -6.33745179443 8.2384479126 250.129770992 -104.86259542 7.93129770992 END
START -4.78361491699 -7.12274993896 5.48990440674 250.129770992 -105.519083969 1.99236641221 END
START 1.07020814209 -12.7132108154 8.59039555664 250.129770992 -112.404580153 4.6106870229 END
START 2.57855518799 -8.03494077148 6.56250675049 250.129770992 -109.732824427 10.1908396947 END
START 7.21133540039 -5.53539423828 7.05810649414 250.129770992 -113.13740458 7.43511450382 END
START -3.40934316406 -7.10599052734 6.55053574219 250.129770992 -103.954198473 8.29770992366 END
START 1.68072956543 -4.01507618408 11.3628810791 250.129770992 -104.458015267 1.06106870229 END
START 1.58735570068 -13.3165496338 7.7093293457 250.129770992 -104.755725191 16.5877862595 END
START 2.01352359619 1.63523973389 3.56257207031 250.129770992 -103.366412214 3.87786259542 END
START 6.74686027832 -5.68862314453 7.26879624023 250.129770992 -104.541984733 -1.51145038168 END
START 1.60890351563 -3.58172568359 9.97903251953 250.129770992 -104.435114504 8.03816793893 END
START 1.03190091553 -3.38779534912 8.09240161133 250.129770992 -97.9694656489 10.5648854962 END
START 6.01423457031 -0.77332713623 11.0827594849 250.129770992 -82.786259542 10.2061068702 END
START 10.6158901611 -7.99423934326 7.06768330078 250.129770992 -78.679389313 3.97709923664 END
START 7.97508572998 -6.13633885498 7.21851800537 250.129770992 -51.5572519084 7.58015267176 END
START 4.50109912109 -5.34146390381 5.97832154541 250.129770992 -59.3129770992 8.97709923664 END
START 5.43483776855 -12.6701151855 10.5751887329 250.129770992 -45.9923664122 8.56488549618 END
START 7.78594379883 -7.85537564697 11.3173912476 250.129770992 -32.7480916031 -3.40458015267 END
START 8.40364782715 -8.74601866455 9.37808790283 250.129770992 -36.2213740458 4.80916030534 END
START 2.14999309082 -10.7810900757 7.29034405518 250.129770992 -25.9694656489 12.4580152672 END
START 4.84107575684 -3.17710560303 9.18415756836 250.129770992 -24.7557251908 16.2366412214 END
START 7.64229169922 -6.77319649658 11.7291939331 250.129770992 -27.0763358779 2.76335877863 END
START 2.25294376221 -5.13556256104 6.96473262939 250.129770992 -24.8167938931 -0.030534351145 END
START 1.33596452637 -9.59596025391 6.13394465332 250.129770992 -27.8015267176 4.9465648855 END
START 3.924096521 -11.2288057861 10.0053687378 250.129770992 -21.786259542 9.76335877863 END
START -0.92416184082 -11.166556543 7.23048901367 250.129770992 -25.7251908397 10.5801526718 END
START 5.15711037598 -12.4163298096 12.0548053589 250.129770992 -34.4045801527 -1.35877862595 END
START 2.62643922119 -11.4227361206 10.9008001587 250.129770992 -28.6106870229 -0.114503816794 END
START -2.32716401367 -15.1409312988 6.03099398193 250.129770992 -33.9923664122 5.46564885496 END
START 1.81959326172 -14.1138187866 5.97832154541 250.129770992 -32.3511450382 2.65648854962 END
START 2.71981308594 -13.2495119873 2.96881005859 250.129770992 -48.2671755725 8.79389312977 END
START 4.26167895508 -14.1521260132 5.00388146973 250.129770992 -49.3893129771 -0.00763358778626 END
START 4.67108743896 -7.37414111328 4.42927307129 250.129770992 -60.8549618321 2.12977099237 END
START 3.12682736816 -8.36534060059 5.70298835449 250.129770992 -64.4503816794 1.48091603053 END
START 2.14759888916 -11.5424462036 4.81713374023 250.129770992 -57.5419847328 1.16030534351 END
START -4.45321508789 -4.3502644165 3.82832845459 250.129770992 -68.3129770992 3.41984732824 END
START -2.03267720947 -9.92396588135 11.413159314 250.129770992 -67.358778626 9.37404580153 END
START -2.86825358887 -15.3133138184 9.12430252686 250.129770992 -54.6183206107 9.30534351145 END
START 1.80522805176 -7.05571229248 3.77086761475 250.129770992 -63.641221374 8.92366412214 END
START 2.40138426514 -8.72925925293 6.83065733643 250.129770992 -64.7786259542 9.9465648855 END
START -1.70227738037 -10.2423947021 9.30147344971 250.129770992 -71.4885496183 3.16030534351 END
START -0.900219824219 -5.53300003662 5.59285507812 250.129770992 -68.4503816794 3.24427480916 END
START 3.53863005371 -8.29590875244 8.24563051758 250.129770992 -67.0534351145 16.2213740458 END
START -4.71178886719 -5.08049592285 7.56328304443 250.129770992 -81.0152671756 4.7786259542 END
START 3.11964476318 -9.37329949951 6.12915625 250.129770992 -103.511450382 8.9465648855 END
START -3.77805021973 -4.25210214844 9.85932243652 250.129770992 -104.335877863 2.71755725191 END
START -1.63763393555 -9.13627353516 12.504915271 250.129770992 -104.404580153 3.46564885496 END
START 0.045489831543 -10.2519715088 7.17302817383 250.129770992 -106.351145038 11.3358778626 END
START 1.07978494873 -9.05008227539 8.25999572754 250.129770992 -104.41221374 3.39694656489 END
START 6.8019269165 -15.9765076782 8.5449057251 250.129770992 -104.86259542 6.67175572519 END
START 4.26167895508 -19.3259958008 11.3485158691 250.129770992 -81.3816793893 1.95419847328 END
START 7.36935270996 -16.4792900269 5.65271011963 250.129770992 -56.7557251908 -1.3358778626 END
START 3.43807358398 -12.6485673706 7.22809481201 250.129770992 -51.2213740458 9.57251908397 END
START 1.34793553467 -9.52174000244 8.56166513672 250.129770992 -38.358778626 9.16030534351 END
START 3.93846173096 -13.1082540894 6.70855305176 250.129770992 -29.2977099237 9.00763358779 END
START -1.91536132812 -10.2830961304 7.46033237305 250.129770992 -23.3282442748 0.946564885496 END
START -0.502782348633 -7.84340463867 8.8992475708 250.129770992 -32.320610687 -2.87786259542 END
START 2.49715233154 -6.0573302002 5.19302340088 250.129770992 -43.3664122137 2.18320610687 END
START -0.622492431641 -10.5991307495 4.52025273438 250.129770992 -53.8702290076 3.90076335878 END
START 7.52258161621 -6.93600220947 10.7212350342 250.129770992 -72.2061068702 8.70992366412 END
START 0.234631762695 -5.77002600098 8.57124194336 250.129770992 -84.3129770992 6.45801526718 END
START -0.588973608398 -11.391611499 3.23217224121 250.129770992 -97.9847328244 10.9923664122 END
START 1.52989486084 -6.67742843018 7.00303985596 250.129770992 -100.419847328 3.80916030534 END
START 3.37582434082 -11.5208983887 2.30082779541 250.129770992 -96.4198473282 5.51908396947 END
START 10.666168396 -10.8265799072 8.03733497314 250.129770992 -96.1221374046 5.63358778626 END
START -0.976834277344 -10.0245223511 11.039663855 250.129770992 -102.603053435 1.52671755725 END
START 6.38294162598 -8.0397291748 9.96466730957 250.129770992 -104.396946565 16.9618320611 END
START 9.09557210693 -11.5376578003 6.31350977783 250.129770992 -104.251908397 4.78625954198 END
START 17.8655327881 -12.0715647705 6.54814154053 250.129770992 -104.198473282 8.30534351145 END