START 9.56722983398 -1.72382519531 6.14830986328 250.129770992 -101.007633588 -1.62595419847 END
START 4.56334836426 -9.25598361816 11.5615998169 250.129770992 -90.5572519084 5.93129770992 END
START 3.74213719482 -6.55771834717 8.42519564209 250.129770992 -93.1908396947 5.4427480916 END
START 3.90494290771 -6.75883128662 1.43652099609 250.129770992 -92.3740458015 1.97709923664 END
START 5.22654222412 -7.59919606934 3.05500131836 250.129770992 -95.1832061069 4.21374045802 END
START 3.47638081055 -12.4354834229 8.00860455322 250.129770992 -88.9007633588 6.54961832061 END
START 7.73087716064 -8.06367119141 6.20337650146 250.129770992 -84.2519083969 8.53435114504 END
START 0.239420166016 -10.1083194092 9.23443580322 250.129770992 -71.5419847328 16.0534351145 END
START -0.931344445801 -13.7020161011 10.187328064 250.129770992 -76.0687022901 3.53435114504 END
START 12.6796919922 -6.63433280029 6.28717355957 250.129770992 -69.9618320611 15.5190839695 END
START 1.42454998779 -5.80833322754 8.2025348877 250.129770992 -63.106870229 6.23664122137 END
START 4.5968671875 -6.04057078857 10.8529161255 250.129770992 -67.5038167939 6.79389312977 END
START 0.938527050781 -11.3030260376 6.0932432251 250.129770992 -43.4045801527 9.91603053435 END
START 7.82664522705 -12.1050835937 4.94642062988 250.129770992 -44.5114503817 2.61832061069 END
START 12.1433908203 -13.4673843384 8.58321295166 250.129770992 -30.8244274809 5.27480916031 END
START 1.56580788574 1.11569797363 4.80037432861 250.129770992 -35.3816793893 12.7328244275 END
START -1.24259066162 -13.0340338379 9.03092866211 250.129770992 -23.3664122137 3.93129770992 END
START 8.92797799072 -3.58890828857 7.3549875 250.129770992 -27.5801526718 10.8625954198 END
START -7.86974085693 -4.34787021484 9.09557210693 250.129770992 -32.8015267176 14.9770992366 END
START 9.1578213501 -6.24886633301 11.2168347778 250.129770992 -26.2595419847 -3.11450381679 END
START -3.50032282715 -3.74453139648 10.7739074707 250.129770992 -34.7557251908 2.59541984733 END
START -0.0287304199219 -8.22408270264 10.4626612549 250.129770992 -34.9083969466 11.9236641221 END
START 4.0198645874 -5.71256516113 4.76685550537 250.129770992 -33.6030534351 16.9236641221 END
START 4.35744702148 -5.01824667969 -0.138863696289 250.129770992 -31.4809160305 4.9465648855 END
START 4.28322677002 0.284909997559 4.03422979736 250.129770992 -25.6030534351 2.84732824427 END
START 6.76361968994 -7.2951324585 7.33343968506 250.129770992 -30.0076335878 12.5419847328 END
START 0.45489831543 -5.94719692383 4.36462962646 250.129770992 -34.5114503817 -2.88549618321 END
START -3.45004459229 -10.187328064 4.61123239746 250.129770992 -31.7251908397 12.4580152672 END
START -0.174776721191 -2.49715233154 4.13478626709 250.129770992 -44.4503816794 4.02290076336 END
START 7.28794985352 -11.525686792 4.12760366211 250.129770992 -44.534351145 -0.725190839695 END
START 1.98000477295 -6.94318481445 5.03979449463 250.129770992 -43.0763358779 20.2290076336 END
START 2.76051451416 -15.1241718872 4.80755693359 250.129770992 -55.4351145038 8.73282442748 END
START -1.22104284668 -13.3835872803 6.8019269165 250.129770992 -51.1603053435 9.12213740458 END
START 6.25604893799 -6.72531246338 2.36068283691 250.129770992 -60.2061068702 10.1450381679 END
START 2.7940333374 -8.8154505127 6.58884296875 250.129770992 -53.0916030534 5.41221374046 END
START 4.6208092041 0.3064578125 5.15950457764 250.129770992 -64.8015267176 8.70992366412 END
START 3.10288535156 -7.89847127686 9.58877764893 250.129770992 -82.7557251908 2.64122137405 END
START 6.23928952637 -15.0786820557 8.03015236816 250.129770992 -71.4198473282 12.8320610687 END
START -0.184353527832 -9.62708487549 1.98000477295 250.129770992 -85.5954198473 12.534351145 END
START -4.08690223389 -11.5687824219 15.8352497803 250.129770992 -88.320610687 4.38167938931 END
START 0.179565124512 -10.046070166 6.37097061768 250.129770992 -101.763358779 11.6335877863 END
START -1.00795889893 -10.5871597412 2.67192905273 250.129770992 -97.1297709924 2.6106870229 END
START 4.66629903564 -12.3301385498 -0.586579406738 250.129770992 -104.641221374 9.10687022901 END
START -3.45483299561 -14.5184388672 9.41400092773 250.129770992 -104.435114504 0.717557251908 END
START 2.36786544189 -13.0579758545 2.83952316895 250.129770992 -104.618320611 9.37404580153 END
START -2.72460148926 -5.50187541504 6.29675036621 250.129770992 -103.702290076 12.6488549618 END
START 0.77332713623 -7.93917270508 7.92241329346 250.129770992 -102.480916031 9.76335877863 END
START -3.9360675293 -5.20260020752 9.19852277832 250.129770992 -104.65648855 9.74045801527 END
START 1.67594116211 -14.0946651733 7.0245876709 250.129770992 -105.312977099 15.3969465649 END
START -0.565031591797 -13.4027408936 6.54574733887 250.129770992 -117.870229008 -4.84732824427 END
START -7.04613548584 -3.51947644043 6.41406624756 250.129770992 -116.946564885 10.8091603053 END
START 10.2160584839 -5.74847818604 10.0173397461 250.129770992 -116.763358779 5.34351145038 END
START 1.57059628906 -4.30716878662 6.24647213135 250.129770992 -117.251908397 2.10687022901 END
START 1.94648594971 -10.2088758789 2.53067115479 250.129770992 -113.061068702 4.80916030534 END
START 8.18577547607 -13.6589204712 8.12831463623 250.129770992 -108.86259542 11.3969465649 END
START -3.45962139893 -3.48116921387 11.8489040161 250.129770992 -105.458015267 0.908396946565 END
START 1.30005150146 -4.77403811035 5.44680877686 250.129770992 -105.27480916 -1.15267175573 END
START 5.89931289062 -5.02303508301 8.49223328857 250.129770992 -110.083969466 10.8702290076 END
START 0.696712683105 -3.17949980469 4.52264693604 250.129770992 -105.503816794 10.4961832061 END
START -3.00951148682 -4.70460626221 8.48505068359 250.129770992 -102.351145038 2.64122137405 END
START 7.06768330078 -7.25443103027 10.5033626831 250.129770992 -104.221374046 4.19847328244 END
START 8.31745656738 -3.38540114746 12.378022583 250.129770992 -80.8091603053 8.64885496183 END
START 10.067617981 -6.44040246582 6.09563742676 250.129770992 -57.2442748092 11.5954198473 END
START 12.8448919067 -10.187328064 2.06380183105 250.129770992 -50.320610687 11.2519083969 END
START 6.04535919189 -9.11472572021 6.72770666504 250.129770992 -45.4732824427 8.90839694656 END
START 6.43800826416 -8.17380446777 7.40765993652 250.129770992 -34.0076335878 16.1450381679 END
START 9.86171663818 -8.84896933594 8.50659849854 250.129770992 -30.3282442748 7.90839694656 END
START 7.83143363037 -9.97184991455 5.2097828125 250.129770992 -29.6030534351 9.81679389313 END
START 4.656722229 -13.1513497192 3.78283862305 250.129770992 -28.3282442748 17.4732824427 END
START -1.19231242676 -9.10514891357 2.62404501953 250.129770992 -21.2519083969 4.6106870229 END
START 11.2383825928 -5.72214196777 8.11155522461 250.129770992 -32.6641221374 11.6030534351 END
START 2.58573779297 -14.358027356 5.35343491211 250.129770992 -21.2061068702 13.7786259542 END
START -2.36068283691 -5.51863482666 9.09796630859 250.129770992 -26.3358778626 4.63358778626 END
START 9.22246479492 -11.4538607422 1.46764561768 250.129770992 -29.6259541985 4.75572519084 END
START -0.292092602539 -10.3668931885 3.51229383545 250.129770992 -25.7175572519 10.2213740458 END
START 6.83305153809 -6.07887801514 4.97275684814 250.129770992 -25.0992366412 2.2213740458 END
START 1.64960494385 -8.25760152588 7.39568892822 250.129770992 -35.7022900763 4.12213740458 END
START 2.22660754395 -11.0300870483 6.34463439941 250.129770992 -19.6488549618 -1.89312977099 END
START 1.36230074463 -9.75637176514 13.2543003906 250.129770992 -29.9694656489 12.7633587786 END
START 2.45645090332 -11.0085392334 3.311180896 250.129770992 -38.1755725191 3.74045801527 END
START -1.61129771729 -15.6796266724 4.94881483154 250.129770992 -56.893129771 4.03816793893 END
START 2.98078106689 -10.4459018433 11.3963999023 250.129770992 -48.1984732824 16.0610687023 END
START 6.83065733643 -5.92564910889 3.53623585205 250.129770992 -52.6717557252 -4.42748091603 END
START -0.897825622559 -10.172962854 9.94072529297 250.129770992 -53.2519083969 4.54198473282 END
START 1.12766898193 -14.8727807129 6.19619389648 250.129770992 -54.8396946565 8.74809160305 END
START 2.14041628418 -4.69981785889 6.35899960937 250.129770992 -51.4732824427 10.9236641221 END
START 0.368707055664 -9.43794294434 8.63588538818 250.129770992 -46.9923664122 8.99236641221 END
START 3.99352836914 -16.0531221313 6.47392128906 250.129770992 -58.465648855 0.648854961832 END
START -3.46201560059 -4.89614239502 4.64714542236 250.129770992 -64.7022900763 4.06870229008 END
START -1.17555301514 -9.64145008545 11.2503536011 250.129770992 -75.8854961832 2.81679389313 END
START 1.50595284424 -9.84495722656 6.13155045166 250.129770992 -73.4198473282 8.86259541985 END
START -0.708683691406 -4.92247861328 6.6702458252 250.129770992 -86.786259542 -1.41984732824 END
START 2.89458980713 -11.7220113281 7.0964137207 250.129770992 -69.0305343511 13.8167938931 END
START -2.31758720703 -10.2615483154 7.18739338379 250.129770992 -74.9541984733 6.43511450382 END
START 5.91367810059 -5.38934793701 8.06845959473 250.129770992 -94.0381679389 -3.8320610687 END
START -3.29202728271 -7.69256993408 8.12831463623 250.129770992 -102.648854962 -3.73282442748 END
START -2.07577283936 -3.98873996582 10.673351001 250.129770992 -105.381679389 4.45801526718 END
START -3.33751711426 -9.81622680664 6.46195028076 250.129770992 -104.625954198 7.75572519084 END
START 4.34068760986 -14.0994535767 12.7682774536 250.129770992 -104.236641221 11.0610687023 END
START -7.53934102783 -2.76530291748 11.7675011597 250.129770992 -104.580152672 3.20610687023 END
START 4.23294853516 -16.5367508667 8.214505896 250.129770992 -92.893129771 4.29007633588 END
START 5.36540592041 -11.0276928467 9.16739815674 250.129770992 -104.732824427 8.6106870229 END
START 6.74925447998 -4.68305844727 8.36534060059 250.129770992 -99.2595419847 -3.61832061069 END
START 7.27597884521 -12.5504051025 4.76446130371 250.129770992 -72.4580152672 2.13740458015 END
START 1.36469494629 -8.14986245117 4.33111080322 250.129770992 -50.3740458015 15.427480916 END
START 10.8648871338 -15.2343051636 9.87608184814 250.129770992 -37.4580152672 8.85496183206 END
START 11.2527478027 -17.4202112793 7.36456430664 250.129770992 -36.1374045802 13.8625954198 END
START -1.78846864014 -9.53131680908 8.70292303467 250.129770992 -37.0076335878 1.41984732824 END
START -7.48427438965 -14.4250650024 12.0835357788 250.129770992 -32.1984732824 5.1679389313 END
START 2.04943662109 -5.55933625488 3.50271702881 250.129770992 -39.572519084 10.6870229008 END
START -0.430956298828 -7.59201346436 3.21780703125 250.129770992 -44.1526717557 4.48091603053 END
START 6.80671531982 -6.94079061279 10.285490332 250.129770992 -49.5877862595 9.69465648855 END
START -2.15238729248 -15.1002298706 2.87783039551 250.129770992 -71.7633587786 13.7938931298 END
START -4.35744702148 -2.70784207764 8.65503900146 250.129770992 -73.9847328244 1.83969465649 END
START -3.51229383545 -3.96958635254 4.903325 250.129770992 -80.2900763359 19.6106870229 END
START 2.06140762939 0.672770666504 10.7619364624 250.129770992 -98.6870229008 -2.63358778626 END
START -2.62165081787 -3.72777198486 5.60961448975 250.129770992 -104.030534351 0.931297709924 END
START -7.21851800537 -6.56729515381 9.17697496338 250.129770992 -105.259541985 5.74809160305 END
START 0.682347473145 -4.96796844482 7.88410606689 250.129770992 -96.358778626 13.2595419847 END
START -0.679953271484 -15.4928789429 9.50258638916 250.129770992 -104.244274809 13.1755725191 END
START 0.574608398438 -18.7705410156 6.59841977539 250.129770992 -104.145038168 6.9465648855 END
START -2.70065947266 -8.89685336914 7.34780489502 250.129770992 -96.2977099237 7.58778625954 END
START 3.86184727783 -6.18182868652 6.72291826172 250.129770992 -98.6030534351 15.6030534351 END
START 5.04937130127 -11.8967880493 8.30787976074 250.129770992 -98.5877862595 8.0534351145 END
START 1.75973822021 -13.2064163574 7.34062229004 250.129770992 -92.9847328244 13.3511450382 END