START -0.656011254883 -3.13161577148 5.53060583496 250.129770992 -82.679389313 12.213740458 END
START 3.84987626953 -7.79312640381 9.44512554932 250.129770992 -79.0152671756 7.19847328244 END
START 4.22816013184 -17.0443216187 5.90888969727 250.129770992 -64.3282442748 10.0916030534 END
START 1.05584293213 -9.59835445557 4.64235701904 250.129770992 -74.893129771 12.9389312977 END
START 3.95522114258 -6.8138979248 6.55292994385 250.129770992 -72.8778625954 11.1679389313 END
START -7.16823977051 -9.11233151855 7.12274993896 250.129770992 -72.0381679389 6.85496183206 END
START 4.54419475098 -7.97029732666 7.50103380127 250.129770992 -76.5801526718 5.32824427481 END
START -0.644040246582 -13.244723584 4.42927307129 250.129770992 -69.0916030534 6.82442748092 END
START -1.20667763672 -4.49631071777 7.65186850586 250.129770992 -71.8549618321 3.60305343511 END
START 6.29435616455 -5.19062919922 3.18428820801 250.129770992 -77.8625954198 6.1679389313 END
START -3.09809694824 -7.70454094238 7.97508572998 250.129770992 -73.6183206107 24.4732824427 END
START -2.99754047852 -9.02853446045 7.44117875977 250.129770992 -76.7786259542 3.0 END
START 5.7508723877 -9.85213983154 5.07570751953 250.129770992 -66.6106870229 4.53435114504 END
START 1.12048637695 -13.251906189 9.67018050537 250.129770992 -74.9770992366 14.4885496183 END
START -7.81228001709 -6.30632717285 5.47553919678 250.129770992 -75.4045801527 5.72519083969 END
START 3.72058937988 -8.14507404785 7.28555565186 250.129770992 -71.6564885496 5.83969465649 END
START -0.114921679688 -10.5105452881 4.13478626709 250.129770992 -66.2595419847 4.86259541985 END
START 1.2976572998 -9.18894597168 12.9526309814 250.129770992 -56.5114503817 -0.809160305344 END
START -6.60081397705 -5.7987564209 4.0198645874 250.129770992 -47.572519084 4.80152671756 END
START 1.05584293213 -8.93276639404 11.9303068726 250.129770992 -55.0763358779 14.7938931298 END
START 6.77319649658 -13.8241203857 10.771513269 250.129770992 -61.7480916031 10.1908396947 END
START -2.76290871582 -10.2400005005 7.25203682861 250.129770992 -61.0305343511 -1.71755725191 END
START -4.17788189697 -7.21851800537 6.77319649658 250.129770992 -73.0687022901 3.49618320611 END
START 10.4099888184 -12.9430541748 3.79720383301 250.129770992 -80.9923664122 10.9465648855 END
START 3.4428619873 -17.1664259033 8.72925925293 250.129770992 -70.9770992366 3.61832061069 END
START 8.91361278076 -8.14746824951 8.6287027832 250.129770992 -81.1145038168 3.1679389313 END
START -0.823605371094 -3.97676895752 6.45476767578 250.129770992 -71.6717557252 11.7022900763 END
START 6.52419952393 -12.5073094727 4.32871660156 250.129770992 -66.5190839695 9.71755725191 END
START 4.42448466797 -10.2807019287 10.9486841919 250.129770992 -68.5954198473 -1.97709923664 END
START 5.10204373779 -14.7219460083 11.9231242676 250.129770992 -71.5572519084 3.53435114504 END
START 5.60722028809 -9.91199487305 8.54969412842 250.129770992 -67.5572519084 3.3358778626 END
START -2.1691467041 -19.4672536987 7.46512077637 250.129770992 -62.2061068702 11.9770992366 END
START 4.76206710205 -8.90643017578 4.66151063232 250.129770992 -69.3740458015 10.679389313 END
START -3.18668240967 -9.5480762207 6.17943448486 250.129770992 -64.7938931298 6.38167938931 END
START 3.1004911499 -4.55616575928 4.07253702393 250.129770992 -61.358778626 15.3511450382 END
START -0.184353527832 -11.9470662842 7.69256993408 250.129770992 -67.0916030534 5.51908396947 END
START 2.03507141113 -11.8369330078 7.16105716553 250.129770992 -58.6183206107 2.81679389313 END
START 0.62009822998 -17.5638633789 5.40850155029 250.129770992 -64.5190839695 5.8320610687 END
START -2.81558115234 -7.15866296387 8.35576379395 250.129770992 -74.4427480916 16.0458015267 END
START 3.00711728516 -11.5855418335 1.06302553711 250.129770992 -67.0305343511 0.931297709924 END
START 2.63122762451 -9.63426748047 6.15788666992 250.129770992 -74.9847328244 15.3969465649 END
START 0.794874951172 -10.6637741943 7.01740506592 250.129770992 -76.1450381679 2.8320610687 END
START 2.16196409912 -3.21301862793 12.5336456909 250.129770992 -78.1755725191 9.51908396947 END
START -2.65516964111 -12.7251818237 10.0556469727 250.129770992 -83.4809160305 -1.29007633588 END
START 1.18512982178 -9.70369932861 1.2737152832 250.129770992 -79.3511450382 4.36641221374 END
START -0.421379492187 -9.44512554932 9.72045874023 250.129770992 -106.335877863 4.35114503817 END
START 4.50588752441 -12.1697270386 5.88015927734 250.129770992 -95.9618320611 7.90839694656 END
START 2.68868846436 -10.0173397461 5.48990440674 250.129770992 -102.076335878 6.3358778626 END
START 1.09893856201 -4.74530769043 8.8753055542 250.129770992 -88.4351145038 2.06106870229 END
START 3.63439812012 -12.2535240967 8.14986245117 250.129770992 -104.251908397 8.71755725191 END
START 1.22343704834 -9.61511386719 10.1322614258 250.129770992 -86.2824427481 3.19847328244 END
START 1.84832368164 -12.4929442627 9.46188496094 250.129770992 -88.4045801527 12.7022900763 END
START -2.94726224365 -11.6645504883 9.98382092285 250.129770992 -97.9694656489 5.93129770992 END
START 0.818816967773 -8.41083043213 8.09958421631 250.129770992 -96.8473282443 16.3969465649 END
START -0.421379492187 -8.46350286865 10.4482960449 250.129770992 -97.3664122137 16.8854961832 END
START 0.660799658203 -7.87931766357 10.9750204102 250.129770992 -100.854961832 11.4198473282 END
START 3.6535517334 -6.7540428833 9.5480762207 250.129770992 -104.79389313 12.3740458015 END
START -5.13077415771 -11.3820346924 4.70939466553 250.129770992 -104.0 6.79389312977 END
START 4.043806604 -14.6764561768 13.3596452637 250.129770992 -98.4503816794 8.15267175573 END
START -1.12766898193 -5.27203205566 12.6054717407 250.129770992 -103.702290076 4.48854961832 END
START 6.61278498535 -7.3190744751 9.47864437256 250.129770992 -90.2977099237 14.679389313 END
START 3.86902988281 -8.73644185791 10.7427828491 250.129770992 -84.5190839695 11.0229007634 END
START 4.6208092041 -8.72686505127 13.850456604 250.129770992 -89.786259542 2.04580152672 END
START 8.90643017578 -12.4019645996 10.2328178955 250.129770992 -76.2977099237 17.2595419847 END
START 0.134075292969 -11.5089273804 11.6717330933 250.129770992 -85.5114503817 -1.17557251908 END
START -5.72693037109 -1.10612116699 6.77559069824 250.129770992 -73.8778625954 10.4503816794 END
START 9.77552537842 -5.30794508057 11.6358200684 250.129770992 -68.9389312977 -2.8320610687 END
START 2.64319863281 -7.66623371582 7.30231506348 250.129770992 -63.9236641221 5.69465648855 END
START 5.73171877441 -11.7411649414 1.40300217285 250.129770992 -45.7175572519 12.3129770992 END
START 2.3798364502 -12.5073094727 14.3101433228 250.129770992 -60.1450381679 5.0534351145 END
START 9.71806453857 -12.5240688843 9.36132849121 250.129770992 -57.4809160305 1.34351145038 END
START 3.7014357666 -7.46272657471 11.398794104 250.129770992 -55.7786259542 2.25190839695 END
START -3.3949779541 -13.9342536621 6.07408961182 250.129770992 -66.8015267176 8.74809160305 END
START -1.54904847412 -3.61524450684 10.9079827637 250.129770992 -55.679389313 2.41221374046 END
START -1.84114107666 -3.84508786621 6.33745179443 250.129770992 -66.465648855 17.3053435115 END
START -4.03422979736 -4.99669886475 2.32955821533 250.129770992 -72.4961832061 19.3740458015 END
START -0.931344445801 -10.5967365479 10.4913916748 250.129770992 -76.572519084 0.465648854962 END
START -2.57137258301 -6.15070406494 6.74686027832 250.129770992 -70.5114503817 -2.43511450382 END
START 7.53694682617 -7.42202514648 7.65905111084 250.129770992 -87.2900763359 6.57251908397 END
START 2.38941325684 -13.9581956787 13.5368161865 250.129770992 -76.7938931298 11.320610687 END
START -4.58250197754 -5.92564910889 11.5065331787 250.129770992 -88.5572519084 5.58015267176 END
START -5.06134230957 -10.2567599121 4.90093079834 250.129770992 -75.9847328244 18.0152671756 END
START -8.83220992432 -8.49223328857 4.97275684814 250.129770992 -78.0916030534 17.2213740458 END
START 7.71890615234 -5.44202037354 4.97754525146 250.129770992 -76.7633587786 7.29007633588 END
START 6.34942280273 -13.7666595459 8.28154354248 250.129770992 -69.1526717557 1.8320610687 END
START 1.09654436035 -8.44434925537 12.5599819092 250.129770992 -66.1603053435 0.335877862595 END
START -0.909796630859 -6.30153876953 4.85783516846 250.129770992 -70.0458015267 4.98473282443 END
START 5.40371314697 -12.7251818237 7.19697019043 250.129770992 -71.2977099237 1.40458015267 END
START -0.124498486328 -12.6030775391 8.58560715332 250.129770992 -59.2748091603 -0.610687022901 END
START 0.227449157715 -2.7820623291 5.91607230225 250.129770992 -66.6259541985 3.7786259542 END
START -0.110133276367 -9.05726488037 1.55862528076 250.129770992 -60.7328244275 5.64122137405 END
START 1.04147772217 -3.74692559814 9.28950244141 250.129770992 -53.0076335878 7.70229007634 END
START 0.706289489746 -9.63187327881 9.7348239502 250.129770992 -58.9618320611 8.68702290076 END
START -1.36469494629 -6.22492431641 2.33674082031 250.129770992 -69.6488549618 2.14503816794 END
START 0.287304199219 -8.98304462891 12.1218430054 250.129770992 -74.2213740458 10.3129770992 END
START 0.756567724609 -5.76523759766 6.30393297119 250.129770992 -98.8702290076 5.96183206107 END
START 0.509964953613 -11.7483475464 8.20732329102 250.129770992 -96.9007633588 6.95419847328 END
START -6.18661708984 -6.22731851807 13.0723410645 250.129770992 -105.748091603 2.61832061069 END