START 5.269637854 -5.24090743408 5.61200869141 250.129770992 -54.2366412214 11.8549618321 END
START 2.99035787354 -11.6693388916 8.48505068359 250.129770992 -65.8778625954 11.2061068702 END
START 4.11563265381 -5.34864650879 9.09557210693 250.129770992 -57.0763358779 7.58778625954 END
START -2.94726224365 -7.97029732666 2.5234885498 250.129770992 -62.1908396947 7.74809160305 END
START -1.35511813965 -8.27914934082 5.26724365234 250.129770992 -57.5801526718 7.54198473282 END
START 8.68616362305 -6.67503422852 9.89284125977 250.129770992 -80.427480916 7.41984732824 END
START -2.61925661621 -10.5296989014 11.5807534302 250.129770992 -64.2366412214 4.43511450382 END
START -6.14830986328 -7.84101043701 8.17141026611 250.129770992 -74.7633587786 5.93893129771 END
START 5.40850155029 -12.2559182983 9.31583865967 250.129770992 -61.786259542 3.91603053435 END
START 7.6135612793 -5.46356818848 11.7555301514 250.129770992 -69.9923664122 10.1374045802 END
START 9.74200655518 -13.1705033325 7.26400783691 250.129770992 -80.1908396947 -0.572519083969 END
START 9.2655604248 -6.02859978027 5.38934793701 250.129770992 -80.8167938931 19.2671755725 END
START 9.09078370361 -9.33259807129 12.6916630005 250.129770992 -79.106870229 5.93893129771 END
START -5.86579406738 -0.366312854004 3.45004459229 250.129770992 -78.4045801527 7.8320610687 END
START 4.24013114014 -1.52750065918 12.9789671997 250.129770992 -52.5801526718 12.1374045802 END
START 1.07020814209 -11.0372696533 8.50420429687 250.129770992 -51.1145038168 15.0 END
START 6.00944616699 -10.2471831055 11.9781909058 250.129770992 -58.641221374 7.97709923664 END
START 0.272938989258 -8.32463917236 12.8903817383 250.129770992 -65.0381679389 2.67175572519 END
START 5.36540592041 -2.84909997559 5.60961448975 250.129770992 -59.1297709924 7.23664122137 END
START 8.47307967529 -10.1250788208 10.0173397461 250.129770992 -55.4580152672 11.9541984733 END
START 2.10210905762 -6.67503422852 6.75883128662 250.129770992 -44.0916030534 -1.0534351145 END
START 7.40526573486 -12.8592571167 4.89374819336 250.129770992 -39.8473282443 9.87022900763 END
START 8.39646522217 -14.6908213867 10.9175595703 250.129770992 -29.5877862595 16.4045801527 END
START 4.58010777588 -5.00388146973 11.9159416626 250.129770992 -39.0305343511 8.40458015267 END
START 1.21625444336 -8.82502731934 8.40125362549 250.129770992 -36.7328244275 5.89312977099 END
START 1.80522805176 -10.3764699951 6.31590397949 250.129770992 -32.3740458015 9.79389312977 END
START 6.72531246338 -5.48511600342 9.96706151123 250.129770992 -27.9083969466 5.54198473282 END
START 6.91206019287 -3.7493197998 2.87543619385 250.129770992 -38.0 15.5419847328 END
START 4.9751510498 -7.64229169922 10.1107136108 250.129770992 -46.1450381679 -0.885496183206 END
START -5.12119735107 -16.5463276733 7.05092388916 250.129770992 -35.0305343511 2.19083969466 END
START 4.63996281738 -12.8233440918 3.23217224121 250.129770992 -37.0839694656 8.24427480916 END
START 0.421379492187 -12.2535240967 4.01028778076 250.129770992 -40.4198473282 1.48091603053 END
START 6.52898792725 -3.35188232422 1.98000477295 250.129770992 -37.0992366412 5.04580152672 END
START 6.00705196533 -14.7506764282 11.9805851074 250.129770992 -45.2900763359 12.7480916031 END
START 6.70855305176 -17.3723272461 3.87860668945 250.129770992 -41.6488549618 7.8320610687 END
START 7.07486590576 -13.4218945068 9.67018050537 250.129770992 -55.6717557252 4.64122137405 END
START -2.70305367432 -7.53934102783 4.33111080322 250.129770992 -55.7633587786 0.885496183206 END
START 2.78924493408 -2.93529123535 6.53856473389 250.129770992 -65.0839694656 10.0763358779 END
START 7.4148425415 -14.9278473511 7.43639035645 250.129770992 -79.1679389313 7.9465648855 END
START -5.02303508301 -9.39005891113 8.22887110596 250.129770992 -67.465648855 -2.53435114504 END
START -1.04387192383 -7.3669585083 5.88973608398 250.129770992 -80.2595419847 2.80152671756 END
START -0.342370837402 -6.61996759033 7.5896192627 250.129770992 -85.5648854962 11.1832061069 END
START 3.81156904297 -5.26724365234 3.45243879395 250.129770992 -92.5801526718 18.3282442748 END
START 0.0837970581055 -9.8665050415 6.94557901611 250.129770992 -104.152671756 3.78625954198 END
START 6.72770666504 -9.63666168213 6.64390960693 250.129770992 -106.748091603 8.32824427481 END
START 4.22576593018 -13.4099234985 6.19140549316 250.129770992 -104.473282443 12.1832061069 END
START 0.77093293457 -11.2575362061 3.74692559814 250.129770992 -104.229007634 8.75572519084 END
START -6.53138212891 -0.478840332031 6.95276162109 250.129770992 -104.213740458 18.9389312977 END
START 4.12999786377 -15.5000615479 2.65038123779 250.129770992 -104.526717557 16.7404580153 END
START -2.01112939453 -3.23696064453 4.537012146 250.129770992 -111.114503817 6.29770992366 END
START 4.56813676758 -4.99191046143 12.1002951904 250.129770992 -112.145038168 5.85496183206 END
START 7.04134708252 -4.10366164551 10.9438957886 250.129770992 -116.312977099 13.3893129771 END
START 4.46039769287 -4.16112248535 11.5161099854 250.129770992 -104.442748092 18.7022900763 END
START 5.27921466064 -5.86339986572 12.3995703979 250.129770992 -104.20610687 0.190839694656 END
START 9.51934580078 -12.8113730835 5.21935961914 250.129770992 -104.404580153 16.4580152672 END
START 4.65193382568 -7.58004245605 8.50420429687 250.129770992 -101.946564885 1.60305343511 END
START 14.8177140747 -6.63193859863 9.7946789917 250.129770992 -87.2824427481 2.59541984733 END
START 5.69819995117 -11.0420580566 10.7092640259 250.129770992 -89.1679389313 -1.8320610687 END
START -0.181959326172 -9.97903251953 11.1186725098 250.129770992 -76.641221374 7.35114503817 END
START 7.67820472412 -5.88973608398 11.3149970459 250.129770992 -80.3893129771 17.2595419847 END
START 12.8496803101 -2.74136090088 5.41089575195 250.129770992 -70.1832061069 5.70229007634 END
START 12.856862915 -9.99100352783 7.64229169922 250.129770992 -47.4580152672 5.87786259542 END
START 8.11155522461 -11.9542488892 5.5042696167 250.129770992 -32.7480916031 2.82442748092 END
START 9.59117185059 -10.9558667969 6.26083734131 250.129770992 -34.7480916031 0.106870229008 END
START 7.39568892822 -1.94888015137 6.14591566162 250.129770992 -28.8778625954 22.2977099237 END
START 8.06367119141 1.14203419189 5.8346694458 250.129770992 -29.9236641221 3.57251908397 END
START 0.622492431641 -8.70292303467 8.19056387939 250.129770992 -40.4351145038 12.3358778626 END
START 2.23618435059 -11.0037508301 7.45554396973 250.129770992 -31.5572519084 19.9770992366 END
START 0.936132849121 -5.73890137939 5.18105239258 250.129770992 -43.1450381679 9.18320610687 END
START -2.7222072876 -7.0006456543 7.86495245361 250.129770992 -41.3969465649 9.98473282443 END
START 3.01190568848 -9.74918916016 5.35104071045 250.129770992 -49.4580152672 5.7786259542 END
START -0.0430956298828 -5.43723197021 7.26161363525 250.129770992 -50.9465648855 6.51908396947 END
START 2.04225401611 -5.46356818848 8.82502731934 250.129770992 -52.7099236641 1.50381679389 END
START -1.13485158691 -0.995987890625 6.61517918701 250.129770992 -46.427480916 3.41984732824 END
START 0.694318481445 -9.193734375 6.82586893311 250.129770992 -59.3816793893 8.98473282443 END
START -5.5282116333 -12.1026893921 7.57525405273 250.129770992 -72.465648855 0.717557251908 END
START 5.76044919434 -8.50420429687 1.39342536621 250.129770992 -71.5801526718 7.50381679389 END
START 6.22492431641 -9.99100352783 10.3812583984 250.129770992 -77.4122137405 2.21374045802 END
START 1.87705410156 -6.61517918701 3.25372005615 250.129770992 -65.4351145038 10.4809160305 END
START -1.74297880859 -9.99818613281 6.1530982666 250.129770992 -72.5038167939 0.580152671756 END
START 2.31279880371 -6.64151540527 9.69412252197 250.129770992 -74.213740458 14.9236641221 END
START -5.01824667969 -8.29590875244 5.44202037354 250.129770992 -93.4503816794 7.43511450382 END
START 1.85550628662 -6.86896456299 6.97430943604 250.129770992 -80.5648854962 2.27480916031 END
START 3.18907661133 -6.84981094971 12.4378776245 250.129770992 -92.0 6.7786259542 END
START 3.55538946533 -3.78044442139 6.06211860352 250.129770992 -102.893129771 12.5419847328 END
START -0.433350500488 -13.7403233276 4.77643231201 250.129770992 -95.7251908397 11.4885496183 END
START 9.23204160156 -10.3884410034 11.0276928467 250.129770992 -103.740458015 3.48854961832 END
START 2.9927520752 -15.435418103 12.998120813 250.129770992 -102.198473282 11.9923664122 END
START -4.51067592773 -6.91445439453 3.05739552002 250.129770992 -103.79389313 14.786259542 END
START 0.227449157715 -4.0557776123 1.44370360107 250.129770992 -83.9389312977 5.84732824427 END
START 0.591367810059 -2.84670577393 10.0173397461 250.129770992 -76.7251908397 14.3664122137 END
START 1.80762225342 -13.9988971069 6.56490095215 250.129770992 -71.8396946565 4.40458015267 END
START -2.30082779541 -9.61750806885 7.18978758545 250.129770992 -73.2442748092 7.40458015267 END
START -0.46686932373 -9.03092866211 2.63601602783 250.129770992 -70.6564885496 8.58778625954 END
START 10.2376062988 -9.78989058838 8.21211169434 250.129770992 -57.8778625954 6.49618320611 END
START -1.23301385498 -3.51708223877 10.3118265503 250.129770992 -54.7328244275 2.74809160305 END
START 5.01585247803 -8.06845959473 7.02219346924 250.129770992 -44.9770992366 4.07633587786 END
START 2.7461493042 -2.20266552734 10.4387192383 250.129770992 -37.427480916 3.67938931298 END
START 2.45884510498 -10.9630494019 12.8951701416 250.129770992 -55.7786259542 13.3969465649 END
START -1.31202250977 -8.45153186035 11.2072579712 250.129770992 -55.0 12.6946564885 END
START 0.830787976074 -8.214505896 6.31350977783 250.129770992 -44.5648854962 1.45038167939 END
START 10.0939541992 -8.15704505615 11.166556543 250.129770992 -44.9847328244 -3.37404580153 END
START -0.703895288086 -6.70376464844 7.63032069092 250.129770992 -45.893129771 6.30534351145 END
START -2.85149417725 -10.2878845337 10.3573163818 250.129770992 -56.1908396947 5.68702290076 END
START -0.809240161133 -11.9710083008 0.232237561035 250.129770992 -56.9312977099 6.5572519084 END
START -7.8960770752 -13.1202250977 9.51455739746 250.129770992 -56.8778625954 11.6564885496 END
START -8.20732329102 -13.6206132446 10.1562034424 250.129770992 -60.4045801527 13.8167938931 END
START 0.00718260498047 -0.129286889648 8.43237824707 250.129770992 -39.4351145038 11.0610687023 END
START -8.42998404541 -4.85783516846 14.4083055908 250.129770992 -34.213740458 7.11450381679 END
START 7.74284816895 -5.27682045898 9.06205328369 250.129770992 -40.6259541985 7.45038167939 END
START -2.53067115479 -9.17458076172 5.11880314941 250.129770992 -42.4503816794 4.24427480916 END
START 6.29435616455 -13.6254016479 4.61362659912 250.129770992 -53.4732824427 8.23664122137 END
START 6.31829818115 -7.47709178467 11.0995188965 250.129770992 -53.9541984733 4.45038167939 END
START -4.90093079834 -7.63989749756 6.75883128662 250.129770992 -54.5496183206 0.236641221374 END
START 7.04374128418 2.55461317139 10.6350437744 250.129770992 -64.6030534351 6.38167938931 END
START 6.22492431641 -4.70460626221 7.79312640381 250.129770992 -67.0381679389 9.67175572519 END
START 5.04218869629 -9.2057053833 6.29435616455 250.129770992 -64.9465648855 3.78625954198 END
START -8.6167317749 -14.8751749146 13.0460048462 250.129770992 -79.679389313 2.49618320611 END
START 0.488417138672 -10.7595422607 2.51870014648 250.129770992 -86.0687022901 -3.95419847328 END
START 4.86262357178 -16.1249481812 13.0483990479 250.129770992 -85.2824427481 11.1526717557 END
START -2.28406838379 -9.35175168457 4.37899483643 250.129770992 -86.8702290076 6.78625954198 END
START 0.584185205078 -14.8775691162 10.9008001587 250.129770992 -99.3969465649 2.51145038168 END
START -1.21864864502 -5.22893642578 7.24485422363 250.129770992 -101.229007634 8.51145038168 END
START 12.7778542603 -13.1441671143 10.038887561 250.129770992 -98.8320610687 8.06106870229 END
START 9.61990227051 -2.47321031494 2.1571756958 250.129770992 -77.4885496183 7.64122137405 END
START 3.05021291504 -14.449007019 6.65827481689 250.129770992 -52.9770992366 12.0763358779 END
START -2.15956989746 -4.55137735596 6.44040246582 250.129770992 -59.8167938931 15.0152671756 END
START 9.63905588379 -10.3046439453 4.56574256592 250.129770992 -58.9312977099 4.74809160305 END
START -0.00957680664062 -9.2296473999 4.537012146 250.129770992 -47.5419847328 8.14503816794 END
START 1.31441671143 -9.34935748291 3.62003291016 250.129770992 -43.5572519084 2.48854961832 END
START 4.15633408203 -11.6477910767 9.85692823486 250.129770992 -40.9007633588 2.63358778626 END
START -5.1858407959 -8.09000740967 5.54975944824 250.129770992 -55.5496183206 6.08396946565 END
START 1.70227738037 -7.16345136719 5.4563855835 250.129770992 -52.9465648855 17.1450381679 END
START -2.74136090088 -5.14035096436 11.4873795654 250.129770992 -61.5114503817 10.6488549618 END
START -0.318428820801 -8.17380446777 5.33428129883 250.129770992 -59.2366412214 9.06106870229 END
START -0.679953271484 -9.7946789917 6.93360800781 250.129770992 -67.8778625954 8.79389312977 END
START 0.940921252441 -6.06211860352 9.83777462158 250.129770992 -72.0229007634 7.64122137405 END
START -6.98149204102 -7.32146867676 6.4356140625 250.129770992 -92.7557251908 11.9083969466 END
START -0.560243188477 -6.07648381348 9.96227310791 250.129770992 -85.8167938931 -1.77099236641 END
START -2.74375510254 -14.1664912231 12.4690022461 250.129770992 -97.6641221374 9.89312977099 END