START 9.01416925049 -3.97437475586 5.78439121094 250.129770992 -79.9694656489 5.09923664122 END
START 1.47482822266 -8.55927093506 5.57370146484 250.129770992 -73.1984732824 5.10687022901 END
START 1.86508309326 -3.83790526123 4.70939466553 250.129770992 -81.2595419847 1.77099236641 END
START -3.31596929932 -10.3166149536 11.4610433472 250.129770992 -79.1603053435 5.5572519084 END
START -1.54186586914 -7.41963094482 5.07570751953 250.129770992 -74.2977099237 7.83969465649 END
START 5.43004936523 -3.6296097168 10.7260234375 250.129770992 -90.6946564885 7.24427480916 END
START 5.85382305908 -12.0763531738 9.30626185303 250.129770992 -97.8625954198 8.57251908397 END
START 1.24019645996 -6.10042583008 4.39575424805 250.129770992 -103.045801527 0.977099236641 END
START 2.03267720947 -6.30632717285 13.0627642578 250.129770992 -79.8854961832 7.24427480916 END
START 1.74297880859 -3.53623585205 12.2176110718 250.129770992 -84.0458015267 5.32061068702 END
START 4.46997449951 -7.78115539551 13.5775176147 250.129770992 -84.8778625954 1.00763358779 END
START 8.69813463135 -5.64313331299 13.0388222412 250.129770992 -104.877862595 14.0305343511 END
START 5.15950457764 -10.3716815918 7.3669585083 250.129770992 -96.4885496183 10.2977099237 END
START -7.0605006958 -3.70861837158 8.08761320801 250.129770992 -96.7557251908 -0.419847328244 END
START 1.12048637695 -10.2902787354 2.21224233398 250.129770992 -69.8091603053 12.2900763359 END
START 6.00705196533 -6.90248338623 10.3333743652 250.129770992 -62.2061068702 9.32824427481 END
START -1.06781394043 -2.82276375732 9.68933411865 250.129770992 -57.4580152672 9.96183206107 END
START 5.49708701172 -7.12993254395 8.96867941895 250.129770992 -54.4732824427 6.99236641221 END
START 0.675164868164 1.25695587158 13.3620394653 250.129770992 -41.4732824427 12.893129771 END
START 5.93043751221 -5.68383474121 8.41561883545 250.129770992 -54.8854961832 15.5114503817 END
START -1.69509477539 -5.85621726074 9.65102689209 250.129770992 -56.8320610687 11.1832061069 END
START -2.29843359375 -9.72764134521 5.98789835205 250.129770992 -58.6106870229 7.91603053435 END
START 2.54743056641 -7.19697019043 7.35977590332 250.129770992 -39.2900763359 5.22900763359 END
START 3.53144744873 -7.91044228516 8.10676682129 250.129770992 -32.6870229008 3.90839694656 END
START 3.90973131104 -11.137826123 12.4187240112 250.129770992 -17.9618320611 9.0534351145 END
START 4.81952794189 -7.04374128418 2.89937821045 250.129770992 -18.7786259542 7.18320610687 END
START 5.72214196777 -11.7124345215 9.56722983398 250.129770992 -18.786259542 5.45038167939 END
START 5.30315667725 -9.48343277588 8.97825622559 250.129770992 -5.24427480916 10.4198473282 END
START 9.4762501709 -3.87142408447 9.8545340332 250.129770992 -17.0534351145 0.267175572519 END
START 4.34547601318 -5.75326658936 9.76594857178 250.129770992 -18.5038167939 5.31297709924 END
START 8.93276639404 -9.60553706055 9.1697923584 250.129770992 -22.9618320611 13.5572519084 END
START 3.90254870605 -5.95198532715 9.89284125977 250.129770992 -21.2519083969 11.9236641221 END
START -1.66636435547 -7.56328304443 9.19134017334 250.129770992 -25.6870229008 9.96183206107 END
START 4.10845004883 -13.7666595459 9.79228479004 250.129770992 -30.3282442748 2.19847328244 END
START 4.2544963501 -8.52814631348 11.7196171265 250.129770992 -46.3358778626 16.5038167939 END
START -1.75494981689 -8.11394942627 5.96635053711 250.129770992 -43.9160305344 -0.992366412214 END
START -8.31506236572 -8.36773480225 5.86579406738 250.129770992 -35.1221374046 8.45801526718 END
START 3.51947644043 -7.75003077393 7.80988581543 250.129770992 -33.0687022901 6.19847328244 END
START -0.31124621582 -3.77326181641 2.64798703613 250.129770992 -45.6946564885 3.13740458015 END
START 3.1124621582 -11.2527478027 3.65834013672 250.129770992 -43.2290076336 9.91603053435 END
START 3.57693728027 -6.89051237793 5.36780012207 250.129770992 -37.4045801527 13.3053435115 END
START -0.100556469727 -10.3022497437 10.3357685669 250.129770992 -39.0229007634 5.32824427481 END
START 12.5312514893 -2.42293208008 3.26808526611 250.129770992 -48.641221374 5.7786259542 END
START 2.4636335083 -18.126500769 6.31350977783 250.129770992 -66.2671755725 -5.21374045802 END
START -1.95845695801 -19.6133 2.38941325684 250.129770992 -59.1984732824 9.79389312977 END
START -2.8060043457 -5.09007272949 3.41413156738 250.129770992 -63.7251908397 6.11450381679 END
START -4.24491954346 -8.53532891846 5.61200869141 250.129770992 -75.7404580153 1.6106870229 END
START 4.01747038574 -3.42849677734 5.43962617188 250.129770992 -74.4351145038 12.1297709924 END
START -1.592144104 -6.79235010986 1.39342536621 250.129770992 -76.5419847328 2.95419847328 END
START 11.4466781372 -3.3710359375 4.08929643555 250.129770992 -77.4732824427 10.1526717557 END
START -3.01429989014 -12.4306950195 -0.248996972656 250.129770992 -98.6564885496 12.9465648855 END
START 0.979228479004 -7.82664522705 11.0037508301 250.129770992 -91.6106870229 7.13740458015 END
START 2.45645090332 -12.0979009888 4.57531937256 250.129770992 -104.541984733 8.30534351145 END
START 1.03190091553 -12.3253501465 5.34146390381 250.129770992 -104.770992366 -1.20610687023 END
START 0.435744702148 -14.1329723999 1.25935007324 250.129770992 -107.419847328 4.58778625954 END
START 10.5799771362 -8.35576379395 8.947131604 250.129770992 -103.618320611 -2.58015267176 END
START 10.0125513428 -11.9255184692 8.08282480469 250.129770992 -104.213740458 -0.160305343511 END
START -1.35272393799 -16.9485535522 0.854729992676 250.129770992 -105.122137405 4.92366412214 END
START 1.27610948486 -10.3525279785 9.29429084473 250.129770992 -112.641221374 11.427480916 END
START -2.39420166016 -12.6581441772 3.25372005615 250.129770992 -124.244274809 9.02290076336 END
START 2.05661922607 -12.7563064453 6.62236179199 250.129770992 -106.480916031 10.5190839695 END
START 9.10275471191 -8.47068547363 8.80108530273 250.129770992 -130.908396947 11.465648855 END
START -0.91458503418 -3.51708223877 6.4595560791 250.129770992 -122.778625954 5.68702290076 END
START -0.814028564453 -2.52588275146 10.3501337769 250.129770992 -112.396946565 8.47328244275 END
START -0.715866296387 -6.67503422852 12.6701151855 250.129770992 -109.20610687 11.6946564885 END
START 2.22181914063 -10.8888291504 6.14352145996 250.129770992 -114.465648855 13.8091603053 END
START 9.57680664062 -6.87135876465 11.6573678833 250.129770992 -120.938931298 15.2671755725 END
START 4.88417138672 -8.79629689941 5.00148726807 250.129770992 -117.335877863 0.809160305344 END
START 1.22343704834 -2.30082779541 11.5544172119 250.129770992 -115.557251908 -3.15267175573 END
START 3.58172568359 -9.93593688965 8.15704505615 250.129770992 -116.061068702 2.15267175573 END
START 5.98071574707 -4.06774862061 17.1353012817 250.129770992 -105.259541985 0.328244274809 END
START 6.91206019287 -7.78354959717 13.9534072754 250.129770992 -104.13740458 8.5572519084 END
START 0.658405456543 -14.0779057617 10.7691190674 250.129770992 -103.908396947 9.98473282443 END
START 5.62876810303 -5.7867854126 7.19457598877 250.129770992 -90.1221374046 4.79389312977 END
START 7.75960758057 -9.32062706299 10.673351001 250.129770992 -85.0916030534 4.21374045802 END
START -3.84748206787 -3.75410820312 11.1976811646 250.129770992 -67.9541984733 11.2061068702 END
START 6.03338818359 -11.3317564575 8.65743320312 250.129770992 -54.1755725191 6.34351145038 END
START 7.45793817139 -12.1936690552 8.88248815918 250.129770992 -58.4885496183 7.12213740458 END
START 6.63433280029 -2.58813199463 8.67179841309 250.129770992 -42.8778625954 6.6106870229 END
START 4.26407315674 -9.17218656006 6.495469104 250.129770992 -31.2748091603 0.900763358779 END
START -0.416591088867 -6.12676204834 11.6238490601 250.129770992 -34.5801526718 9.50381679389 END
START 3.94085593262 -8.42758984375 9.81383260498 250.129770992 -21.3053435115 5.03053435115 END
START 1.74537301025 -5.83945784912 9.49300958252 250.129770992 -22.893129771 4.06870229008 END
START 0.402225878906 -7.84579884033 4.48673391113 250.129770992 -27.5496183206 2.86259541985 END
START 7.94156690674 -12.7970078735 9.16260975342 250.129770992 -12.9847328244 15.5877862595 END
START 5.97353314209 -9.37329949951 4.76685550537 250.129770992 -29.0916030534 5.79389312977 END
START -3.56736047363 -7.99663354492 2.69108266602 250.129770992 -29.1374045802 6.24427480916 END
START 4.33111080322 -8.34139858398 8.24802471924 250.129770992 -26.0458015267 8.27480916031 END
START -3.62721551514 -9.2176763916 6.43800826416 250.129770992 -24.7404580153 5.59541984733 END
START 2.62165081787 -8.19295808105 7.85776984863 250.129770992 -22.8244274809 12.2290076336 END
START 0.672770666504 -1.18034141846 11.2144405762 250.129770992 -25.4732824427 8.12977099237 END
START -2.56897838135 -7.79791480713 3.89776030273 250.129770992 -34.9312977099 9.19847328244 END
START 4.19703551025 -7.97029732666 8.71010563965 250.129770992 -38.534351145 5.03053435115 END
START 10.0700121826 -3.68467635498 6.15070406494 250.129770992 -29.5648854962 4.75572519084 END
START -0.0502782348633 -3.43328518066 7.14429775391 250.129770992 -38.4045801527 5.34351145038 END
START 0.435744702148 -4.537012146 8.55448253174 250.129770992 -44.1297709924 13.8549618321 END
START 1.95606275635 -8.06845959473 5.4683565918 250.129770992 -50.0992366412 6.48091603053 END
START 3.42849677734 -5.1978118042 8.67179841309 250.129770992 -44.6717557252 3.93129770992 END
START 10.5009684814 -10.0364933594 7.46033237305 250.129770992 -59.5114503817 14.2442748092 END
START 7.76200178223 -9.42118353271 11.3724578857 250.129770992 -47.7557251908 7.29770992366 END
START 0.222660754395 -10.2687309204 7.11077893066 250.129770992 -52.6564885496 10.3893129771 END
START -5.16429298096 -10.5225162964 6.72770666504 250.129770992 -63.3053435115 7.15267175573 END
START 1.95366855469 -7.93677850342 10.5296989014 250.129770992 -46.9694656489 11.2442748092 END
START 4.22576593018 -6.82108052979 4.12281525879 250.129770992 -69.0610687023 1.27480916031 END
START -0.196324536133 -7.62074388428 12.9047469482 250.129770992 -74.3969465649 11.1221374046 END
START 0.112527478027 -0.804451757813 6.96952103271 250.129770992 -79.3664122137 12.320610687 END
START -0.280121594238 -5.11880314941 8.93037219238 250.129770992 -78.8320610687 9.56488549618 END
START 7.18021077881 -6.4715270874 8.33661018066 250.129770992 -78.320610687 13.4045801527 END
START 0.847547387695 -12.7227876221 9.68933411865 250.129770992 -67.0076335878 10.1297709924 END
START 4.01028778076 -5.41568415527 8.71728824463 250.129770992 -77.0381679389 10.5954198473 END
START 4.98233365479 -16.0531221313 3.64397492676 250.129770992 -83.320610687 16.1832061069 END
START -3.24893165283 -10.3022497437 5.62397969971 250.129770992 -76.2213740458 5.54198473282 END
START -0.577002600098 -12.1122661987 8.334215979 250.129770992 -77.9236641221 -0.259541984733 END
START 1.20667763672 -12.0955067871 8.29351455078 250.129770992 -87.8854961832 0.137404580153 END
START 12.998120813 -12.5839239258 12.8281324951 250.129770992 -68.1832061069 14.4122137405 END
START 3.06936652832 -9.43076033936 9.72524714355 250.129770992 -78.1374045802 5.29007633588 END
START 4.75249029541 -12.0883241821 5.2337248291 250.129770992 -66.4503816794 6.11450381679 END
START -2.16675250244 -9.04768807373 11.9159416626 250.129770992 -83.9770992366 2.22900763359 END
START 2.60489140625 -6.79953271484 7.71890615234 250.129770992 -70.893129771 14.786259542 END
START 1.8507178833 -10.4913916748 4.97036264648 250.129770992 -69.8244274809 11.0610687023 END
START 5.82030423584 -10.3022497437 5.28400306396 250.129770992 -69.6870229008 0.0992366412214 END
START -0.181959326172 -8.26957253418 11.1138841064 250.129770992 -77.2061068702 6.15267175573 END
START 4.61123239746 -0.373495458984 8.49462749023 250.129770992 -72.9160305344 5.29770992366 END
START 3.19865341797 -6.47631549072 2.93768543701 250.129770992 -78.6106870229 11.1526717557 END
START 9.06444748535 -8.10197841797 12.1266314087 250.129770992 -70.5496183206 7.03053435115 END
START -3.79480963135 -15.188815332 9.31583865967 250.129770992 -79.7022900763 -3.12977099237 END
START 6.61278498535 -5.62637390137 4.3263223999 250.129770992 -78.1374045802 5.23664122137 END
START -1.13724578857 -10.898405957 9.86411083984 250.129770992 -83.9236641221 1.03816793893 END
START 3.15555778809 -10.3525279785 7.3071034668 250.129770992 -71.7633587786 9.67175572519 END
START -3.9839515625 -1.56341368408 9.20091697998 250.129770992 -64.7175572519 10.679389313 END
START 4.84107575684 -5.08767852783 8.19056387939 250.129770992 -63.9618320611 9.53435114504 END
START 2.14999309082 -8.31745656738 7.67102211914 250.129770992 -76.3282442748 5.51908396947 END
START 2.0973206543 -13.7187755127 8.24563051758 250.129770992 -64.893129771 1.03816793893 END
START 5.04697709961 -11.1306435181 7.92480749512 250.129770992 -73.358778626 9.52671755725 END
START 1.76213242187 -6.84502254639 11.1258551147 250.129770992 -76.7251908397 10.2748091603 END
START 3.3710359375 -10.3501337769 4.75249029541 250.129770992 -71.5190839695 -3.96946564885 END
START 1.33596452637 -8.2264769043 7.44596716309 250.129770992 -56.8549618321 3.39694656489 END
START -0.225054956055 -6.33984599609 4.5968671875 250.129770992 -68.0763358779 9.34351145038 END
START 12.1649386353 -11.405976709 9.14106193848 250.129770992 -68.8549618321 10.5572519084 END
START 4.56334836426 0.335188232422 5.23851323242 250.129770992 -63.2061068702 1.84732824427 END
START 0.418985290527 -10.5560351196 3.18907661133 250.129770992 -67.534351145 -2.87786259542 END
START 1.472434021 -12.2774661133 3.31836350098 250.129770992 -70.0687022901 4.38167938931 END
START 3.43567938232 -8.88967076416 10.1011368042 250.129770992 -50.3816793893 9.49618320611 END
START 1.50595284424 -9.49540378418 4.88417138672 250.129770992 -54.213740458 13.4809160305 END
START 1.63284553223 -7.92241329346 4.02465299072 250.129770992 -65.8167938931 5.1679389313 END
START -7.71890615234 -15.9669308716 7.47230338135 250.129770992 -64.7633587786 14.8702290076 END
START -4.41011945801 -17.1736085083 4.93684382324 250.129770992 -54.9236641221 12.5954198473 END
START -2.16196409912 -13.2207815674 11.0875478882 250.129770992 -52.2595419847 -4.7786259542 END
START 4.17548769531 -9.99579193115 7.88889447021 250.129770992 -54.1221374046 6.26717557252 END
START -2.03028300781 -7.15387456055 5.82509263916 250.129770992 -54.8015267176 16.8396946565 END
START -2.97120426025 -11.6741272949 8.43237824707 250.129770992 -52.1603053435 8.21374045802 END
START 8.49941589355 -8.78672009277 5.83227524414 250.129770992 -64.0305343511 5.74809160305 END
START 1.26892687988 -7.37653531494 9.1817633667 250.129770992 -57.6106870229 -1.65648854962 END
START 5.72453616943 -13.0316396362 7.17063397217 250.129770992 -51.5114503817 -0.129770992366 END
START -0.92655604248 -9.15303294678 7.21133540039 250.129770992 -65.2366412214 1.3358778626 END
START -1.38384855957 -16.7402580078 11.1761333496 250.129770992 -58.5801526718 5.47328244275 END
START 4.34068760986 -9.03332286377 10.2376062988 250.129770992 -66.3358778626 4.80152671756 END
START -7.27597884521 -2.61446821289 5.79157381592 250.129770992 -75.9160305344 8.74045801527 END
START 2.44447989502 -5.47553919678 12.4211182129 250.129770992 -76.5572519084 21.7709923664 END
START 0.442927307129 0.186747729492 10.3261917603 250.129770992 -82.427480916 10.9541984733 END
START 0.837970581055 -9.10993731689 11.5663882202 250.129770992 -81.1145038168 2.74809160305 END
START 4.19942971191 -11.2120463745 6.05972440186 250.129770992 -95.893129771 2.75572519084 END
START -6.21295330811 -6.28238515625 13.0148802246 250.129770992 -101.541984733 -3.04580152672 END
START 0.0167594116211 -6.85459935303 6.65348641357 250.129770992 -104.839694656 16.8549618321 END
START 8.28154354248 -12.0787473755 5.04218869629 250.129770992 -104.473282443 12.7404580153 END
START 6.02381137695 -5.7748144043 6.34463439941 250.129770992 -91.0610687023 5.13740458015 END
START 5.40371314697 -5.87297667236 1.05344873047 250.129770992 -81.9389312977 4.09160305344 END
START 3.39018955078 -1.91775552979 3.96719215088 250.129770992 -57.5572519084 5.77099236641 END
START 3.97437475586 -11.3461216675 10.2136642822 250.129770992 -47.5114503817 13.2061068702 END
START 13.1585323242 -14.7003981934 12.7634890503 250.129770992 -38.0076335878 6.83969465649 END
START 9.7587659668 -5.43004936523 4.18267030029 250.129770992 -27.7175572519 3.35114503817 END
START -0.483628735352 -16.4625306152 6.4236430542 250.129770992 -31.0610687023 4.6641221374 END
START 4.77643231201 -11.7698953613 10.0628295776 250.129770992 -21.0610687023 12.8702290076 END
START -3.20344182129 -7.17781657715 5.30555087891 250.129770992 -30.0229007634 3.32061068702 END
START -3.55299526367 -10.9941740234 9.1458503418 250.129770992 -33.3129770992 0.603053435115 END