START 1.8866309082 -5.62637390137 3.67031114502 250.129770992 -88.8091603053 14.0916030534 END
START 5.22654222412 -8.60954916992 10.8241857056 250.129770992 -99.1450381679 0.0992366412214 END
START 5.00388146973 -10.5344873047 4.73094248047 250.129770992 -100.648854962 4.19847328244 END
START -1.13724578857 -9.55286462402 7.9439611084 250.129770992 -104.183206107 13.0076335878 END
START 2.4277204834 -7.85537564697 8.37012900391 250.129770992 -104.167938931 12.6030534351 END
START 1.31681091309 -1.69509477539 11.4227361206 250.129770992 -103.877862595 5.92366412214 END
START 1.75734401855 -13.723563916 12.8760165283 250.129770992 -104.213740458 6.78625954198 END
START 3.80199223633 -11.1545855347 4.25928475342 250.129770992 -95.2213740458 4.68702290076 END
START 3.72058937988 -11.4730143555 6.78277330322 250.129770992 -82.5038167939 -0.587786259542 END
START 9.29429084473 -9.02374605713 8.44674345703 250.129770992 -74.1755725191 8.43511450382 END
START 10.4889974731 -12.3349269531 5.47793339844 250.129770992 -70.786259542 4.91603053435 END
START 3.24174904785 -4.49870491943 5.43004936523 250.129770992 -73.5954198473 17.213740458 END
START 6.82108052979 -10.3046439453 7.61116707764 250.129770992 -63.465648855 5.61832061069 END
START 0.430956298828 -4.68305844727 14.1569144165 250.129770992 -66.1374045802 4.72519083969 END
START -2.4636335083 -12.8736223267 6.66066901855 250.129770992 -56.2824427481 14.0916030534 END
START -7.12753834229 -10.7403886475 8.83460412598 250.129770992 -54.5190839695 7.40458015267 END
START -0.986411083984 0.217872351074 9.36372269287 250.129770992 -40.7557251908 12.2519083969 END
START 4.38857164307 -6.87375296631 12.8520745117 250.129770992 -35.1526717557 9.13740458015 END
START 0.624886633301 -3.47398660889 8.96149681396 250.129770992 -30.9007633588 13.5419847328 END
START 4.84107575684 -3.54820686035 8.80587370605 250.129770992 -21.7938931298 8.27480916031 END
START 5.15711037598 -6.04775339355 8.36055219727 250.129770992 -32.2900763359 6.31297709924 END
START 2.92332022705 -9.24401260986 11.6717330933 250.129770992 -29.3358778626 12.9770992366 END
START 5.39653054199 -7.64468590088 4.80516273193 250.129770992 -24.9160305344 2.84732824427 END
START 5.25527264404 -0.864306799316 10.546458313 250.129770992 -22.2900763359 -1.58015267176 END
START 2.84909997559 -4.49391651611 5.99029255371 250.129770992 -21.9465648855 14.0839694656 END
START -0.323217224121 -10.42674823 3.08612593994 250.129770992 -24.8396946565 9.49618320611 END
START 6.95276162109 -6.1890112915 4.52982954102 250.129770992 -32.1297709924 6.52671755725 END
START 7.17063397217 -13.9294652588 7.9918451416 250.129770992 -14.3358778626 2.37404580153 END
START 5.32949289551 -8.13070883789 11.8345388062 250.129770992 -28.3664122137 -5.00763358779 END
START -0.581791003418 -6.00465776367 5.87776507568 250.129770992 -29.8702290076 15.3816793893 END
START 1.18512982178 -6.13394465332 7.39808312988 250.129770992 -37.9847328244 6.09923664122 END
START 8.16183345947 -12.1936690552 7.64229169922 250.129770992 -47.9923664122 7.82442748092 END
START 4.42448466797 -6.28956776123 9.30865605469 250.129770992 -42.7404580153 7.87022900763 END
START 2.52827695312 -8.00621035156 6.60320817871 250.129770992 -54.2213740458 7.84732824427 END
START -4.47236870117 -11.4155535156 9.2057053833 250.129770992 -65.6106870229 -1.19847328244 END
START -1.42933839111 -13.2614829956 4.37899483643 250.129770992 -59.679389313 11.6641221374 END
START -3.67988795166 -6.43082565918 9.64863269043 250.129770992 -74.5038167939 6.09923664122 END
START -1.41736738281 -11.4945621704 7.82664522705 250.129770992 -89.641221374 17.8015267176 END
START 4.45800349121 -9.27992563477 11.5807534302 250.129770992 -81.5190839695 0.374045801527 END
START -1.28808049316 -7.97269152832 8.5329347168 250.129770992 -79.6564885496 9.39694656489 END
START -4.62559760742 -9.71088193359 5.37977113037 250.129770992 -84.0992366412 3.19083969466 END
START 2.56179577637 -7.43399615479 6.03578238525 250.129770992 -97.679389313 10.5267175573 END
START 6.34942280273 -11.2766898193 7.02937607422 250.129770992 -92.9770992366 4.36641221374 END
START 0.0119710083008 -4.92966121826 0.14604630127 250.129770992 -104.557251908 2.01526717557 END
START 0.263362182617 -8.09479581299 6.50265170898 250.129770992 -104.488549618 -1.58778625954 END
START 8.47547387695 -15.4378123047 6.83305153809 250.129770992 -104.038167939 5.73282442748 END
START -10.3716815918 -6.60799658203 9.03811126709 250.129770992 -104.20610687 10.6488549618 END
START -3.48116921387 -11.6621562866 4.043806604 250.129770992 -108.396946565 9.01526717557 END
START -4.37181223145 -3.27287366943 5.72453616943 250.129770992 -109.770992366 3.29770992366 END
START 13.2064163574 -5.55454785156 2.37744224854 250.129770992 -123.259541985 3.65648854962 END
START 2.17632930908 -7.9080480835 5.67904633789 250.129770992 -127.251908397 3.20610687023 END
START 1.57299049072 -8.02296976318 12.1577560303 250.129770992 -127.916030534 12.106870229 END
START -2.39899006348 -4.39096584473 15.0164328125 250.129770992 -125.290076336 7.26717557252 END
START 3.54341845703 -11.5711766235 10.5727945312 250.129770992 -103.0 12.3053435115 END
START 2.75572611084 -10.1083194092 7.56807144775 250.129770992 -103.763358779 7.54961832061 END
START -2.08056124268 -10.793061084 7.55849464111 250.129770992 -103.977099237 11.5496183206 END
START 1.89620771484 -2.87543619385 8.42998404541 250.129770992 -104.671755725 7.75572519084 END
START -7.06528909912 -5.47314499512 10.3812583984 250.129770992 -104.664122137 12.4961832061 END
START 7.40765993652 -10.7092640259 9.92875428467 250.129770992 -104.290076336 10.8854961832 END
START 9.13627353516 -14.2622592896 11.1474029297 250.129770992 -96.7404580153 7.1679389313 END
START 10.3788641968 -9.58398924561 9.67736311035 250.129770992 -92.1297709924 10.1297709924 END
START 10.4482960449 -12.3301385498 11.5639940186 250.129770992 -64.8778625954 9.38167938931 END
START 3.15795198975 -5.01585247803 8.0397291748 250.129770992 -60.5496183206 6.80916030534 END
START 0.835576379395 -5.7508723877 5.81551583252 250.129770992 -41.4198473282 4.41984732824 END
START 0.632069238281 -11.4921679687 6.6941878418 250.129770992 -37.8778625954 5.31297709924 END
START -0.46686932373 -7.82664522705 8.56166513672 250.129770992 -36.1297709924 4.45038167939 END
START 11.7698953613 -9.97903251953 10.0580411743 250.129770992 -29.9312977099 10.7709923664 END
START 9.27513723145 -12.976572998 15.1529023071 250.129770992 -32.9312977099 14.6717557252 END
START -2.28167418213 -4.39096584473 7.48906279297 250.129770992 -23.8091603053 11.0381679389 END
START 5.30555087891 -15.7825773437 4.79319172363 250.129770992 -22.8625954198 7.61832061069 END
START 3.2992098877 -5.03740029297 8.08521900635 250.129770992 -15.5496183206 4.29007633588 END
START 0.0359130249023 -13.7546885376 7.69256993408 250.129770992 -9.45801526718 3.0534351145 END
START 0.330399829102 -2.42293208008 6.02381137695 250.129770992 -8.00763358779 11.3969465649 END
START -1.02711251221 -8.58321295166 3.4428619873 250.129770992 -19.4961832061 8.87022900763 END
START -3.41173736572 -9.42357773437 9.74200655518 250.129770992 -28.9236641221 9.03053435115 END
START -0.0861912597656 -7.63032069092 10.1107136108 250.129770992 -31.3893129771 3.04580152672 END
START -1.42933839111 -5.86100566406 8.59997236328 250.129770992 -45.3129770992 8.14503816794 END
START -4.99909306641 -11.0420580566 5.4563855835 250.129770992 -52.9923664122 -3.60305343511 END
START 2.61207401123 -8.5209637085 4.49631071777 250.129770992 -57.2977099237 8.82442748092 END
START -0.526724365234 -12.7491238403 5.72932457275 250.129770992 -47.8167938931 9.87786259542 END
START -1.5322890625 -10.1490208374 6.95036741943 250.129770992 -48.6488549618 8.48854961832 END
START -0.555454785156 -12.1338140137 9.98142672119 250.129770992 -54.2061068702 3.64885496183 END
START -0.895431420898 -12.7994020752 9.28471403809 250.129770992 -55.0458015267 14.4961832061 END
START -1.60890351563 -11.5017447754 10.7427828491 250.129770992 -65.9847328244 10.3511450382 END
START -5.83227524414 -13.4314713135 5.45877978516 250.129770992 -73.3053435115 12.1297709924 END
START -6.18182868652 -14.8584155029 9.74200655518 250.129770992 -87.5877862595 10.4198473282 END
START 0.713472094727 -11.6142722534 18.8112424438 250.129770992 -75.1145038168 6.34351145038 END
START 4.01507618408 -13.4673843384 5.48990440674 250.129770992 -79.679389313 10.5038167939 END
START 5.45159718018 -15.6461078491 9.5720182373 250.129770992 -72.0076335878 5.38167938931 END
START 2.33674082031 -5.97832154541 9.29668504639 250.129770992 -56.4045801527 19.786259542 END
START 1.4604630127 -10.9774146118 5.90410129395 250.129770992 -59.0152671756 3.19847328244 END
START 11.5879360352 -3.14837518311 10.4746322632 250.129770992 -48.465648855 13.4809160305 END
START -2.68390006104 -11.2599304077 7.13472094727 250.129770992 -44.3969465649 4.61832061069 END
START 6.69897624512 -14.5806881104 4.54658895264 250.129770992 -51.7404580153 7.58778625954 END
START -7.63032069092 -3.26808526611 3.28723887939 250.129770992 -66.0381679389 5.19083969466 END
START 2.91134921875 -13.2734540039 8.80347950439 250.129770992 -71.5648854962 12.6259541985 END
START -0.780509741211 -11.4897737671 8.33182177734 250.129770992 -69.2213740458 4.45801526718 END
START -2.16675250244 -13.7666595459 6.26562574463 250.129770992 -79.6641221374 3.52671755725 END
START -3.3590649292 -10.5057568848 9.88565865479 250.129770992 -65.4122137405 9.12213740458 END
START 11.286266626 -11.8728460327 10.4315366333 250.129770992 -62.7022900763 16.8473282443 END
START 0.811634362793 -8.16662186279 9.45949075928 250.129770992 -79.3053435115 4.19847328244 END
START 0.0119710083008 -4.78840332031 8.60715496826 250.129770992 -89.320610687 8.51145038168 END
START 1.9105729248 -8.6526447998 8.8753055542 250.129770992 -104.748091603 8.36641221374 END
START 2.47081611328 -7.82664522705 6.31350977783 250.129770992 -104.450381679 15.8625954198 END
START 1.92733233643 -5.20020600586 11.5472346069 250.129770992 -104.41221374 9.47328244275 END
START 4.78600911865 -5.97592734375 10.6781394043 250.129770992 -99.9465648855 1.34351145038 END
START 0.581791003418 -12.8209498901 6.39251843262 250.129770992 -71.8702290076 11.2290076336 END
START 0.723048901367 -4.80276853027 12.0524111572 250.129770992 -87.3053435115 9.47328244275 END
START 7.84101043701 -11.2000753662 9.40442412109 250.129770992 -108.755725191 0.343511450382 END
START -0.488417138672 -6.96473262939 9.30626185303 250.129770992 -84.5572519084 6.45801526718 END
START 6.26562574463 -5.82988104248 3.02627089844 250.129770992 -69.0381679389 13.8778625954 END
START 1.00556469727 -14.0802999634 11.3173912476 250.129770992 -58.0152671756 5.67938931298 END
START 5.5401826416 -5.96395633545 10.1681744507 250.129770992 -32.8778625954 9.32824427481 END
START -2.30322199707 -10.5344873047 9.30865605469 250.129770992 -32.4885496183 3.76335877863 END
START 7.49624539795 -9.83777462158 6.27520255127 250.129770992 -36.213740458 12.3129770992 END
START 4.34787021484 -16.4673190186 6.92403120117 250.129770992 -48.427480916 -0.618320610687 END
START -7.55370623779 -9.36611689453 8.69334622803 250.129770992 -48.0076335878 3.12213740458 END
START -2.80361014404 -9.32541546631 10.1178962158 250.129770992 -60.7938931298 -1.93893129771 END
START -1.13724578857 -7.22570061035 3.71580097656 250.129770992 -57.6335877863 4.85496183206 END
START 2.28885678711 -9.00938084717 9.88565865479 250.129770992 -72.4045801527 5.32824427481 END
START 4.86022937012 -9.84735142822 9.27034882812 250.129770992 -77.6030534351 -1.70992366412 END
START 5.26245524902 -9.82580361328 6.28477935791 250.129770992 -86.0229007634 -4.69465648855 END
START 0.61052142334 -5.47553919678 5.67665213623 250.129770992 -100.58778626 8.30534351145 END
START 2.82276375732 -14.9302415527 10.6422263794 250.129770992 -94.8167938931 3.0 END
START 5.25287844238 -13.3452800537 6.79235010986 250.129770992 -104.687022901 16.893129771 END
START 4.62559760742 -4.77643231201 9.75158336182 250.129770992 -104.160305344 3.90076335878 END
START 2.21942493896 -1.21864864502 6.73728347168 250.129770992 -104.076335878 4.60305343511 END