START 9.10036051025 -13.5439987915 1.69270057373 250.129770992 -87.3129770992 7.48854961832 END
START 0.486022937012 -9.5121631958 3.48835181885 250.129770992 -76.4045801527 7.48091603053 END
START 4.18267030029 -7.56328304443 12.4498486328 250.129770992 -90.5572519084 13.358778626 END
START -9.90002386475 -5.61200869141 10.5656119263 250.129770992 -85.9618320611 7.2213740458 END
START 3.58172568359 -5.07810172119 10.8409451172 250.129770992 -99.6717557252 11.0076335878 END
START 1.61848032227 -8.05888278809 10.9008001587 250.129770992 -79.1145038168 18.7099236641 END
START -2.66235224609 -5.14035096436 8.07324799805 250.129770992 -75.6335877863 8.99236641221 END
START 4.0078935791 -3.88578929443 9.7348239502 250.129770992 -74.4961832061 0.190839694656 END
START 2.84909997559 -6.98628044434 2.64559283447 250.129770992 -84.5648854962 18.641221374 END
START 2.3798364502 -4.64953962402 12.8927759399 250.129770992 -90.6564885496 19.0381679389 END
START 1.51792385254 -12.4929442627 10.1466266357 250.129770992 -80.6030534351 1.75572519084 END
START 11.8560866211 -9.64145008545 9.58159504395 250.129770992 -71.4732824427 9.96946564885 END
START 8.33661018066 -6.96233842773 3.96719215088 250.129770992 -60.3282442748 0.946564885496 END
START 0.193930334473 -10.7308118408 8.41801303711 250.129770992 -38.6564885496 7.30534351145 END
START 7.52018741455 -6.3997010376 5.43962617188 250.129770992 -48.6259541985 10.2900763359 END
START 6.39491263428 -14.6142069336 10.060435376 250.129770992 -32.1603053435 9.63358778626 END
START 9.22725319824 -6.90727178955 7.721300354 250.129770992 -31.8244274809 6.98473282443 END
START -3.81875164795 -7.81946262207 12.8975643433 250.129770992 -39.3969465649 5.42748091603 END
START 2.26970317383 -8.78672009277 4.78600911865 250.129770992 -36.1526717557 11.1984732824 END
START 3.22020123291 -11.4562549438 9.72045874023 250.129770992 -37.7022900763 10.0458015267 END
START 5.77720860596 -7.29273825684 6.58884296875 250.129770992 -29.8167938931 1.96946564885 END
START 4.9152960083 -9.39484731445 5.99508095703 250.129770992 -33.4198473282 4.32061068702 END
START 1.51792385254 -13.618219043 9.51455739746 250.129770992 -26.5267175573 12.4351145038 END
START -3.21780703125 -4.40293685303 5.42047255859 250.129770992 -26.4427480916 6.34351145038 END
START 1.91536132812 -6.4356140625 13.5655466064 250.129770992 -36.0534351145 0.793893129771 END
START 5.13556256104 -13.6996218994 0.593762011719 250.129770992 -39.1984732824 5.8320610687 END
START 4.41730206299 -3.10767375488 2.62643922119 250.129770992 -32.9312977099 2.92366412214 END
START 1.56580788574 -5.74847818604 11.9494604858 250.129770992 -32.0076335878 14.4351145038 END
START 1.61129771729 -10.7882726807 3.09091434326 250.129770992 -42.7404580153 9.53435114504 END
START -1.83156427002 -8.49223328857 10.3094323486 250.129770992 -41.2824427481 11.0305343511 END
START 4.87698878174 -11.540052002 4.17069929199 250.129770992 -45.8091603053 3.32824427481 END
START 1.89381351318 -17.1927621216 12.5815297241 250.129770992 -62.1297709924 9.11450381679 END
START 5.65271011963 -9.23443580322 4.57771357422 250.129770992 -67.1603053435 12.2290076336 END
START 0.727837304687 -12.7179992187 7.84340463867 250.129770992 -64.8473282443 8.09923664122 END
START 1.05584293213 -2.20027132568 5.39653054199 250.129770992 -63.6488549618 5.6106870229 END
START 5.88015927734 -5.07091911621 3.67270534668 250.129770992 -72.3435114504 4.17557251908 END
START -5.36540592041 -2.49715233154 3.77086761475 250.129770992 -81.427480916 6.96946564885 END
START 2.57616098633 -7.38611212158 6.52898792725 250.129770992 -74.0152671756 5.70992366412 END
START 0.586579406738 -7.04374128418 6.1770402832 250.129770992 -70.8702290076 5.60305343511 END
START 2.90656081543 -7.3789295166 10.0724063843 250.129770992 -71.4122137405 15.4122137405 END
START 8.25760152588 -2.68390006104 13.9151000488 250.129770992 -82.0610687023 5.1679389313 END
START -1.92014973145 -8.8393925293 8.96389101563 250.129770992 -76.7480916031 5.12213740458 END
START 7.26161363525 -12.7730658569 3.32794030762 250.129770992 -81.1984732824 11.358778626 END
START 0.883460412598 -15.3851398682 8.9231895874 250.129770992 -89.4809160305 9.0534351145 END
START -1.15639940186 -5.52342322998 -2.50433493652 250.129770992 -93.9694656489 9.48091603053 END
START 8.41561883545 -3.65594593506 10.1992990723 250.129770992 -101.305343511 2.53435114504 END
START -5.74847818604 -6.11000263672 -0.0239420166016 250.129770992 -103.526717557 -3.46564885496 END
START -8.28154354248 -5.00388146973 6.41885465088 250.129770992 -104.992366412 4.18320610687 END
START 2.46123930664 -17.8511675781 7.81706842041 250.129770992 -104.396946565 11.6106870229 END
START 8.05648858643 -0.191536132812 9.63905588379 250.129770992 -103.717557252 8.83969465649 END
START -2.18590611572 -11.8034141846 9.91678327637 250.129770992 -104.282442748 9.98473282443 END
START 8.36055219727 -4.6686932373 5.67425793457 250.129770992 -103.72519084 8.48854961832 END
START 1.25456166992 -4.70700046387 12.8329208984 250.129770992 -117.129770992 -2.68702290076 END
START 1.7669208252 -7.84819304199 10.1418382324 250.129770992 -110.816793893 7.48091603053 END
START 0.186747729492 -2.91613762207 12.2271878784 250.129770992 -102.679389313 10.213740458 END
START -3.33751711426 -11.4658317505 3.95043273926 250.129770992 -104.496183206 14.4809160305 END
START 1.69270057373 -2.10450325928 9.46667336426 250.129770992 -103.946564885 3.58778625954 END
START -8.14267984619 -12.8089788818 4.85783516846 250.129770992 -88.7099236641 12.106870229 END
START 11.518504187 -7.16823977051 9.05487067871 250.129770992 -87.8244274809 2.14503816794 END
START 5.66946953125 -10.9654436035 5.60961448975 250.129770992 -85.534351145 -0.656488549618 END
START 9.07163009033 -9.7827079834 8.19535228271 250.129770992 -98.3282442748 8.37404580153 END
START 4.16351668701 -9.17458076172 7.41723674316 250.129770992 -77.9694656489 3.76335877863 END
START 8.11634362793 -12.6868745972 12.7227876221 250.129770992 -64.1526717557 14.5267175573 END
START 6.09803162842 -10.1777512573 12.026074939 250.129770992 -55.4045801527 8.42748091603 END
START -0.445321508789 -7.79073220215 10.2447889038 250.129770992 -49.9465648855 19.2442748092 END
START 3.82114584961 -7.9559321167 12.8975643433 250.129770992 -31.8167938931 10.3969465649 END
START -1.04866032715 -8.44195505371 9.36372269287 250.129770992 -40.8778625954 19.3664122137 END
START 0.667982263184 -6.61517918701 5.29118566895 250.129770992 -46.0305343511 4.40458015267 END
START -0.632069238281 -8.17619866943 6.61996759033 250.129770992 -72.2519083969 -4.86259541985 END
START -1.30962830811 -14.5806881104 9.98621512451 250.129770992 -72.0 5.45801526718 END
START -3.19386501465 -15.7753947388 5.31991608887 250.129770992 -74.320610687 2.37404580153 END
START 4.8434699585 -3.85945307617 2.93050283203 250.129770992 -60.1374045802 12.1221374046 END
START 5.56651885986 -9.39724151611 7.50821640625 250.129770992 -35.3969465649 11.8396946565 END
START 6.52659372559 -1.82917006836 6.80910952148 250.129770992 -33.4732824427 7.95419847328 END
START 6.94079061279 -19.5845695801 0.490811340332 250.129770992 -41.6717557252 11.5267175573 END
START 2.08774384766 -12.9598135864 11.6023012451 250.129770992 -32.4198473282 11.3664122137 END
START 0.76375032959 -7.67102211914 9.40442412109 250.129770992 -45.106870229 4.37404580153 END
START -3.09330854492 -14.2526824829 11.4155535156 250.129770992 -48.6106870229 2.3893129771 END
START 4.44603248291 -14.1473376099 7.85298144531 250.129770992 -53.7022900763 1.76335877863 END
START 3.65834013672 -10.3932294067 2.90416661377 250.129770992 -64.5572519084 4.98473282443 END
START 1.04626612549 -12.6796919922 7.62792648926 250.129770992 -66.7099236641 6.02290076336 END
START 1.17076461182 -7.0006456543 7.50103380127 250.129770992 -50.1221374046 10.6259541985 END
START -4.98233365479 -2.84431157227 10.0795889893 250.129770992 -50.5190839695 3.28244274809 END
START -2.07816704102 -9.99100352783 11.5592056152 250.129770992 -46.4427480916 6.27480916031 END
START -3.25611425781 -6.99825145264 5.34146390381 250.129770992 -51.427480916 10.4045801527 END
START -0.258573779297 -8.77953748779 4.13478626709 250.129770992 -48.3816793893 10.9618320611 END
START 10.4363250366 -6.83065733643 3.45483299561 250.129770992 -55.4198473282 1.54198473282 END
START 1.82917006836 -6.38294162598 5.5042696167 250.129770992 -73.2671755725 9.10687022901 END
START 5.01824667969 -2.83712896729 7.13950935059 250.129770992 -69.8320610687 3.65648854962 END
START 5.38216533203 -11.391611499 2.29843359375 250.129770992 -67.1145038168 11.4122137405 END
START 1.69509477539 -14.5208330688 6.26323154297 250.129770992 -63.8320610687 15.2442748092 END
START -1.38384855957 -0.732625708008 9.93354268799 250.129770992 -61.0305343511 10.0458015267 END
START -2.58094938965 -5.7987564209 3.88818349609 250.129770992 -56.6641221374 3.8320610687 END
START 3.00232888184 -12.5408282959 4.57771357422 250.129770992 -52.6259541985 5.07633587786 END
START 3.37582434082 -2.76530291748 7.95114371338 250.129770992 -62.0992366412 10.8778625954 END
START -2.0733786377 -6.56729515381 4.69502945557 250.129770992 -67.8015267176 5.96946564885 END
START -1.23540805664 -8.14267984619 5.02303508301 250.129770992 -75.0076335878 19.1145038168 END
START 3.35427652588 -3.67509954834 9.73721815186 250.129770992 -79.2748091603 8.19083969466 END
START 6.03338818359 -14.6764561768 15.5790702026 250.129770992 -82.641221374 10.7022900763 END
START 2.79163913574 -12.6509615723 9.36132849121 250.129770992 -73.2748091603 11.9312977099 END
START -0.591367810059 -6.08366641846 8.55448253174 250.129770992 -70.9618320611 6.90839694656 END
START 2.13802208252 -13.8073609741 8.65982740479 250.129770992 -78.6335877863 3.01526717557 END
START 0.670376464844 -11.2120463745 7.73566556396 250.129770992 -101.427480916 13.7251908397 END
START 3.03824190674 -8.11155522461 5.60243188477 250.129770992 -106.053435115 9.73282442748 END
START -0.490811340332 -11.3820346924 11.645396875 250.129770992 -104.404580153 8.45801526718 END
START 6.06690700684 -12.7299702271 5.64313331299 250.129770992 -72.9465648855 -1.81679389313 END
START 10.4315366333 -1.46764561768 5.64073911133 250.129770992 -65.6870229008 1.59541984733 END
START 5.16429298096 -5.72214196777 2.09013804932 250.129770992 -46.4351145038 16.2442748092 END
START 5.11401474609 -2.57376678467 9.61750806885 250.129770992 -47.7633587786 8.87786259542 END
START 8.71968244629 -9.69651672363 8.73404765625 250.129770992 -54.8320610687 13.5114503817 END
START -1.54904847412 -5.5521536499 7.88171186523 250.129770992 -51.8091603053 14.6717557252 END
START 2.80121594238 -7.01979926758 2.99993468018 250.129770992 -50.2824427481 12.0839694656 END
START 7.59680186768 -4.43884987793 5.14753356934 250.129770992 -54.4503816794 16.1297709924 END
START -1.16118780518 -6.54814154053 11.3269680542 250.129770992 -53.7099236641 5.12213740458 END
START 3.3949779541 -8.83699832764 11.293449231 250.129770992 -64.3740458015 6.27480916031 END
START -5.28879146729 -4.27604416504 5.71974776611 250.129770992 -61.6259541985 2.78625954198 END
START 1.79565124512 -11.7818663696 6.1171852417 250.129770992 -79.6259541985 4.36641221374 END
START -0.107739074707 -7.78833800049 7.18021077881 250.129770992 -82.8244274809 10.6641221374 END
START 3.87142408447 -5.03740029297 4.51546433105 250.129770992 -96.0152671756 11.1145038168 END
START -1.13963999023 -6.71573565674 10.5584293213 250.129770992 -92.0992366412 12.0458015267 END
START 2.37504804687 -5.21696541748 6.00465776367 250.129770992 -92.8854961832 -0.351145038168 END
START -3.42849677734 -11.0875478882 4.69742365723 250.129770992 -97.9618320611 6.19847328244 END
START 2.33434661865 -19.4289464722 6.32308658447 250.129770992 -105.847328244 13.3816793893 END
START 2.86825358887 -11.1976811646 11.5089273804 250.129770992 -102.236641221 -2.45038167939 END
START 5.27682045898 -8.16901606445 8.03494077148 250.129770992 -97.1526717557 13.465648855 END
START 8.94952580566 -7.55131203613 6.40688364258 250.129770992 -104.13740458 8.32061068702 END
START -6.42603725586 -8.72686505127 8.49462749023 250.129770992 -107.099236641 6.00763358779 END
START 8.35576379395 -6.46195028076 10.0963484009 250.129770992 -97.3129770992 14.6106870229 END
START 1.85550628662 -6.91684859619 8.31506236572 250.129770992 -106.083969466 10.0763358779 END
START 0.818816967773 -17.7577937134 4.16351668701 250.129770992 -104.801526718 7.74809160305 END
START 9.34456907959 -5.15950457764 3.3710359375 250.129770992 -104.419847328 7.74809160305 END
START 4.63038601074 -1.52271225586 4.80276853027 250.129770992 -104.809160305 14.2442748092 END
START 5.45399138184 -14.2502882812 8.61194337158 250.129770992 -102.496183206 5.73282442748 END
START 7.16584556885 -4.50588752441 8.89206496582 250.129770992 -104.06870229 8.56488549618 END
START 3.95761534424 -13.4051350952 6.72291826172 250.129770992 -104.633587786 6.6641221374 END