START 7.26400783691 -6.40209523926 11.8225677979 250.129770992 -79.0839694656 4.12213740458 END
START -2.72460148926 -10.7403886475 5.43483776855 250.129770992 -76.8473282443 -3.13740458015 END
START 5.09246693115 -11.7746837646 7.93677850342 250.129770992 -80.5877862595 8.32061068702 END
START 0.117315881348 -1.25935007324 6.375759021 250.129770992 -72.1984732824 0.137404580153 END
START 3.66791694336 -9.32541546631 9.13627353516 250.129770992 -73.572519084 6.00763358779 END
START -1.72143099365 -3.25132585449 9.96706151123 250.129770992 -73.8091603053 -2.84732824427 END
START 4.72136567383 -10.3573163818 9.02853446045 250.129770992 -83.572519084 5.39694656489 END
START 5.65031591797 -11.7435591431 4.49870491943 250.129770992 -75.6488549618 4.6641221374 END
START 0.0622492431641 -9.02853446045 5.19062919922 250.129770992 -87.0992366412 -1.32061068702 END
START 3.72777198486 -8.15225665283 8.10197841797 250.129770992 -72.9541984733 5.04580152672 END
START 1.02950671387 -8.90643017578 6.1530982666 250.129770992 -86.4045801527 5.10687022901 END
START 5.96874473877 -7.82903942871 6.88332977295 250.129770992 -85.7175572519 4.7786259542 END
START 5.28879146729 -8.41561883545 0.92416184082 250.129770992 -80.7938931298 6.25190839695 END
START 4.77882651367 -11.6358200684 6.59602557373 250.129770992 -87.4809160305 4.06870229008 END
START 1.78607443848 -9.2296473999 2.10689746094 250.129770992 -82.4198473282 8.8320610687 END
START 10.7451770508 -8.51856950684 8.67658681641 250.129770992 -81.8702290076 10.679389313 END
START 4.59926138916 -14.8033488647 10.060435376 250.129770992 -72.2519083969 9.56488549618 END
START -2.59770880127 -4.67348164062 10.4746322632 250.129770992 -59.8854961832 8.6641221374 END
START -1.03429511719 -12.4115414062 8.27196673584 250.129770992 -64.5496183206 3.16030534351 END
START 6.83065733643 -10.5919481445 6.01662877197 250.129770992 -53.9007633588 2.12213740458 END
START 6.50025750732 -5.5880666748 7.32386287842 250.129770992 -53.6259541985 -0.213740458015 END
START 5.19302340088 -6.28238515625 6.26562574463 250.129770992 -46.8625954198 11.3969465649 END
START 4.18985290527 -7.96072052002 7.53215842285 250.129770992 -42.9083969466 10.8320610687 END
START 9.4762501709 -9.81622680664 6.87614716797 250.129770992 -37.0763358779 -4.70229007634 END
START 6.75883128662 -9.4882211792 8.53532891846 250.129770992 -32.0916030534 15.2519083969 END
START -2.04704241943 -6.04057078857 7.50582220459 250.129770992 -27.679389313 8.26717557252 END
START 2.07098443604 -5.5760956665 8.84418093262 250.129770992 -28.679389313 2.84732824427 END
START 6.68461103516 -5.64552751465 11.7938373779 250.129770992 -32.0305343511 7.40458015267 END
START 3.1004911499 -8.5927897583 13.1776859375 250.129770992 -24.786259542 7.37404580153 END
START 10.0125513428 -10.2471831055 7.40765993652 250.129770992 -28.7251908397 8.91603053435 END
START 1.06541973877 -6.54574733887 6.86896456299 250.129770992 -33.8015267176 -3.03816793893 END
START -0.785298144531 -12.5767413208 6.63433280029 250.129770992 -35.4045801527 3.46564885496 END
START 3.90254870605 -7.41723674316 9.23683000488 250.129770992 -33.7480916031 11.4045801527 END
START 4.05817181396 -10.539275708 7.73087716064 250.129770992 -46.9694656489 3.25954198473 END
START -2.64559283447 -10.4075946167 7.09401951904 250.129770992 -49.2977099237 -0.129770992366 END
START -0.442927307129 -5.50905802002 5.60482608643 250.129770992 -54.0305343511 14.3358778626 END
START 1.51792385254 -9.92636008301 6.12436784668 250.129770992 -54.6106870229 10.679389313 END
START -0.220266552734 -9.90002386475 7.14190355225 250.129770992 -54.0458015267 12.572519084 END
START -0.0167594116211 -7.74284816895 10.2040874756 250.129770992 -55.5190839695 15.1755725191 END
START -5.93522591553 -4.3023803833 9.58159504395 250.129770992 -60.106870229 6.06870229008 END
START 9.94072529297 -9.66060369873 8.24563051758 250.129770992 -74.572519084 4.18320610687 END
START 0.392649072266 -19.6133 8.29590875244 250.129770992 -68.8854961832 7.18320610687 END
START 1.85311208496 -10.7379944458 6.375759021 250.129770992 -79.0916030534 8.64885496183 END
START 7.03177027588 -13.2590887939 14.3197201294 250.129770992 -77.4961832061 7.93893129771 END
START -3.89057769775 -5.58088406982 2.63601602783 250.129770992 -91.7328244275 8.80916030534 END
START -3.19625921631 -13.8767928223 5.05176550293 250.129770992 -92.9389312977 7.71755725191 END
START 0.512359155273 -9.88565865479 5.54257684326 250.129770992 -98.9923664122 9.56488549618 END
START 0.667982263184 -6.55053574219 5.84424625244 250.129770992 -106.58778626 17.2366412214 END
START 3.87381828613 -7.49624539795 11.5759650269 250.129770992 -104.061068702 -1.46564885496 END
START 2.60489140625 -8.28154354248 5.36540592041 250.129770992 -104.633587786 11.5419847328 END
START 4.74530769043 -7.91523068848 10.4578728516 250.129770992 -104.229007634 12.0687022901 END
START 3.85945307617 -6.20337650146 8.00142194824 250.129770992 -104.13740458 9.93893129771 END
START 3.86424147949 -7.82903942871 7.36217010498 250.129770992 -105.335877863 3.53435114504 END
START 3.6655227417 -13.1776859375 8.99262143555 250.129770992 -107.893129771 11.8473282443 END
START -3.4189199707 -11.7770779663 7.01979926758 250.129770992 -103.557251908 17.0992366412 END
START 4.38138903809 -7.69975253906 7.05810649414 250.129770992 -108.954198473 4.22900763359 END
START 4.21379492187 -6.62954439697 10.060435376 250.129770992 -103.977099237 3.76335877863 END
START -1.18752402344 -14.463372229 4.85065256348 250.129770992 -104.244274809 3.06106870229 END
START 4.39575424805 -11.4155535156 9.27034882812 250.129770992 -104.366412214 1.74045801527 END
START -3.3949779541 -10.680533606 7.50582220459 250.129770992 -106.778625954 -3.58778625954 END
START 11.1043072998 1.39342536621 4.51546433105 250.129770992 -109.229007634 2.6106870229 END
START 3.27287366943 -7.14190355225 2.20984813232 250.129770992 -105.129770992 9.54961832061 END
START 2.14759888916 -10.4746322632 11.6358200684 250.129770992 -101.923664122 1.71755725191 END
START 2.25533796387 -1.23301385498 10.8864349487 250.129770992 -105.061068702 9.40458015267 END
START 7.30470926514 -10.9893856201 9.68215151367 250.129770992 -103.770992366 7.49618320611 END
START 0.514753356934 -9.13866773682 5.76523759766 250.129770992 -103.79389313 4.04580152672 END
START 8.03015236816 -6.25604893799 9.58159504395 250.129770992 -88.7404580153 8.93893129771 END
START 2.85149417725 -0.0167594116211 7.85776984863 250.129770992 -88.465648855 3.41984732824 END
START 9.48103857422 1.50116444092 14.8943285278 250.129770992 -81.7251908397 12.0229007634 END
START 4.58010777588 -7.61116707764 8.56645354004 250.129770992 -64.4045801527 9.67938931298 END
START 3.83551105957 -11.5137157837 7.9559321167 250.129770992 -58.2290076336 17.1450381679 END
START 7.0485296875 -4.22097752686 7.74524237061 250.129770992 -41.9236641221 16.6488549618 END
START 9.00219824219 -7.6135612793 8.68855782471 250.129770992 -41.8702290076 14.6717557252 END
START 3.06218392334 -4.04859500732 7.10599052734 250.129770992 -34.8854961832 -3.3893129771 END
START -0.76853873291 -6.00944616699 10.1370498291 250.129770992 -37.1755725191 8.89312977099 END
START 9.27274302979 -13.7044103027 11.1952869629 250.129770992 -38.6183206107 7.00763358779 END
START 0.732625708008 -9.08120689697 7.32865128174 250.129770992 -29.9160305344 3.00763358779 END
START 7.36217010498 -6.06690700684 9.62469067383 250.129770992 -33.0152671756 -1.03816793893 END
START 3.18907661133 -4.74770189209 6.26801994629 250.129770992 -28.9618320611 12.6870229008 END
START 6.12197364502 -8.09000740967 5.88015927734 250.129770992 -18.1526717557 1.09160305344 END
START 2.23618435059 -9.50258638916 7.37653531494 250.129770992 -35.0152671756 17.9923664122 END
START -4.31195718994 -2.02788880615 8.66222160645 250.129770992 -35.7938931298 13.6030534351 END
START -5.62876810303 -5.97353314209 7.40765993652 250.129770992 -30.213740458 5.58778625954 END
START -3.28484467773 -7.35738170166 9.36611689453 250.129770992 -31.3129770992 8.90839694656 END
START 4.53461794434 -4.46997449951 4.73333668213 250.129770992 -46.786259542 8.45038167939 END
START 2.50672913818 -9.67018050537 7.48188018799 250.129770992 -42.8320610687 5.64122137405 END
START 11.2024695679 -6.66785162354 2.48996972656 250.129770992 -50.6183206107 14.0610687023 END
START 3.02148249512 -7.53934102783 10.8241857056 250.129770992 -41.8015267176 2.63358778626 END
START 6.72770666504 -8.23126530762 6.64630380859 250.129770992 -36.3740458015 10.0229007634 END
START 2.52588275146 -12.6844803955 4.5968671875 250.129770992 -44.9618320611 8.78625954198 END
START 8.82981572266 -11.7842605713 6.23210692139 250.129770992 -47.0458015267 5.93129770992 END
START -5.30076247559 -11.0372696533 7.66383951416 250.129770992 -48.9160305344 3.18320610687 END
START 2.48996972656 -3.42849677734 6.81629212646 250.129770992 -59.106870229 7.12213740458 END
START -0.407014282227 -7.87452926025 7.6255322876 250.129770992 -62.0381679389 18.679389313 END
START 5.97353314209 -10.927136377 12.8951701416 250.129770992 -57.6870229008 8.46564885496 END
START 7.38850632324 -5.12837995605 4.90093079834 250.129770992 -64.2900763359 2.18320610687 END
START -5.31512768555 -13.1154366943 7.24006582031 250.129770992 -61.3893129771 8.88549618321 END
START 1.11569797363 -9.5121631958 9.71088193359 250.129770992 -52.0152671756 13.6106870229 END
START 5.04697709961 -13.4721727417 8.73883605957 250.129770992 -57.7099236641 -1.21374045802 END
START -0.861912597656 -8.64546219482 6.89530078125 250.129770992 -61.1297709924 2.31297709924 END
START -1.06302553711 -7.42920775146 6.51941112061 250.129770992 -69.4045801527 1.03053435115 END
START -4.44842668457 -8.37491740723 10.553640918 250.129770992 -64.9312977099 17.8015267176 END
START -1.51313544922 -8.06367119141 9.82340941162 250.129770992 -70.6870229008 7.10687022901 END
START 3.21780703125 -9.97424411621 8.92079538574 250.129770992 -78.4503816794 3.45801526718 END
START 4.18027609863 -8.41801303711 10.1298672241 250.129770992 -88.9312977099 5.19083969466 END
START -0.471657727051 -9.34935748291 4.13478626709 250.129770992 -86.6183206107 6.29770992366 END
START 6.83065733643 -7.01022246094 8.85854614258 250.129770992 -92.2900763359 15.2213740458 END
START 4.64714542236 -10.0364933594 15.5886470093 250.129770992 -87.7557251908 21.6641221374 END
START 3.2992098877 -6.83305153809 9.72524714355 250.129770992 -101.06870229 -5.7786259542 END
START 2.93768543701 -4.23773693848 8.05170018311 250.129770992 -97.7709923664 10.9618320611 END
START 2.36068283691 -9.89762966309 15.2127573486 250.129770992 -98.4198473282 4.70992366412 END
START 2.27449157715 -12.6892687988 10.1131078125 250.129770992 -102.93129771 5.90076335878 END
START 4.02704719238 -1.33596452637 12.0308633423 250.129770992 -93.0229007634 2.5572519084 END
START 5.53300003662 -10.8193973022 6.23450112305 250.129770992 -77.6106870229 12.358778626 END
START 4.85783516846 -4.37660063477 7.86495245361 250.129770992 -62.8091603053 10.7099236641 END
START 5.03021768799 -9.88565865479 7.73566556396 250.129770992 -62.0687022901 16.4732824427 END
START 5.85621726074 -12.0979009888 -0.77332713623 250.129770992 -51.1145038168 5.82442748092 END
START 8.77235488281 -15.0882588623 10.0628295776 250.129770992 -42.1526717557 23.320610687 END
START 6.84023414307 -12.5911065308 7.68059892578 250.129770992 -40.358778626 11.3358778626 END
START 3.51468803711 -11.6717330933 5.23133062744 250.129770992 -40.786259542 10.3893129771 END
START 3.3590649292 -11.9542488892 6.33266339111 250.129770992 -43.2595419847 3.19083969466 END
START 5.69580574951 -12.0859299805 6.61517918701 250.129770992 -40.0305343511 15.5114503817 END
START -0.960074865723 -11.3030260376 7.44357296143 250.129770992 -51.5801526718 1.26717557252 END
START -2.97838686523 -11.5137157837 8.18577547607 250.129770992 -57.4809160305 9.88549618321 END
START 1.7669208252 -11.1306435181 6.83305153809 250.129770992 -72.427480916 16.7709923664 END
START 4.95599743652 -2.05661922607 14.0204449219 250.129770992 -77.0610687023 15.7099236641 END
START -6.76840809326 -8.02296976318 7.95114371338 250.129770992 -89.641221374 12.9618320611 END
START -1.54665427246 -1.96324536133 7.88650026855 250.129770992 -103.519083969 1.11450381679 END
START 1.41018477783 -10.7379944458 8.30787976074 250.129770992 -104.038167939 8.26717557252 END
START -0.00718260498047 -14.9948849976 6.40927784424 250.129770992 -99.7328244275 11.1145038168 END
START 2.86825358887 -0.596156213379 12.378022583 250.129770992 -102.572519084 11.9923664122 END