START -2.39659586182 -5.97113894043 7.35259329834 250.129770992 -55.9541984733 5.08396946565 END
START -3.23935484619 -6.3637880127 9.74200655518 250.129770992 -70.0381679389 10.2290076336 END
START 4.87459458008 -6.77080229492 9.56483563232 250.129770992 -70.0458015267 1.93893129771 END
START 0.366312854004 -9.71806453857 9.41400092773 250.129770992 -53.5496183206 20.4198473282 END
START 1.93690914307 -14.963760376 11.0851536865 250.129770992 -52.0610687023 1.80916030534 END
START -0.591367810059 -10.4387192383 12.026074939 250.129770992 -62.9541984733 10.0687022901 END
START 2.31758720703 -16.3691567505 11.5280809937 250.129770992 -62.2290076336 6.02290076336 END
START 4.71657727051 -14.0204449219 8.61912597656 250.129770992 -70.3435114504 3.02290076336 END
START 5.69819995117 -6.05014759521 6.86178195801 250.129770992 -82.0 15.1832061069 END
START -3.04303031006 -7.23048901367 11.7962315796 250.129770992 -95.4427480916 7.29770992366 END
START 7.21851800537 -7.02219346924 6.44279666748 250.129770992 -98.9007633588 16.3358778626 END
START 5.21935961914 -0.287304199219 3.45962139893 250.129770992 -94.3740458015 5.04580152672 END
START -2.34631762695 -10.3525279785 10.0412817627 250.129770992 -104.496183206 3.26717557252 END
START -1.98000477295 -10.3908352051 7.99423934326 250.129770992 -90.3053435115 15.6030534351 END
START 2.86346518555 -10.2807019287 9.42357773437 250.129770992 -79.8091603053 5.48091603053 END
START 2.76290871582 -8.55208833008 6.33505759277 250.129770992 -71.641221374 9.81679389313 END
START 2.22181914063 -4.50588752441 3.81875164795 250.129770992 -67.2442748092 1.74809160305 END
START 3.05978972168 -5.1618987793 10.9582609985 250.129770992 -68.8702290076 0.160305343511 END
START -2.29843359375 -4.80995113525 9.06444748535 250.129770992 -67.9694656489 14.7251908397 END
START 1.28089788818 -2.33195241699 11.2096521729 250.129770992 -81.5954198473 9.93129770992 END
START -0.0622492431641 -10.307038147 12.0164981323 250.129770992 -80.2519083969 6.63358778626 END
START -0.323217224121 -6.39251843262 4.42209046631 250.129770992 -73.8015267176 7.24427480916 END
START 3.03584770508 -2.33913502197 7.63989749756 250.129770992 -62.1908396947 8.5572519084 END
START 4.63038601074 -3.26808526611 8.32463917236 250.129770992 -38.2824427481 5.78625954198 END
START 5.64552751465 -8.74841286621 8.07085379639 250.129770992 -36.6259541985 6.41221374046 END
START 10.680533606 -14.5040736572 6.34224019775 250.129770992 -29.7328244275 7.5572519084 END
START -0.849941589355 -3.83072265625 10.6877162109 250.129770992 -35.6335877863 18.2366412214 END
START 2.1332336792 -18.4856310181 8.43716665039 250.129770992 -32.3511450382 3.98473282443 END
START 11.4658317505 -6.988674646 5.98789835205 250.129770992 -44.6106870229 13.3740458015 END
START 10.4530844482 -9.32302126465 9.30386765137 250.129770992 -39.1984732824 6.21374045802 END
START 0.112527478027 -6.16746347656 7.3071034668 250.129770992 -31.320610687 21.2442748092 END
START 5.39892474365 -8.17619866943 10.4818148682 250.129770992 -32.0076335878 6.35877862595 END
START 2.89937821045 -10.0556469727 9.98860932617 250.129770992 -29.6030534351 18.6030534351 END
START 2.75093770752 -13.0867062744 8.2504189209 250.129770992 -33.5114503817 10.8320610687 END
START 2.1571756958 -7.55131203613 5.97113894043 250.129770992 -40.2824427481 5.51145038168 END
START 2.31519300537 -7.67581052246 10.6063133545 250.129770992 -46.3282442748 8.25190839695 END
START -1.05105452881 -12.7874310669 7.93677850342 250.129770992 -55.1145038168 3.20610687023 END
START -0.972045874023 -13.0460048462 8.11634362793 250.129770992 -57.0305343511 12.427480916 END
START -7.7093293457 -13.2950018188 8.6047607666 250.129770992 -58.5496183206 9.64122137405 END
START 3.01190568848 -7.40047733154 10.0580411743 250.129770992 -64.4961832061 0.916030534351 END
START 1.22104284668 -7.82664522705 7.0365586792 250.129770992 -65.7480916031 4.68702290076 END
START 1.32638771973 -11.1138841064 7.32625708008 250.129770992 -89.5801526718 11.3969465649 END
START -3.67749375 -8.93755479736 3.21301862793 250.129770992 -78.2519083969 1.99236641221 END
START 0.952892260742 -7.84579884033 9.51934580078 250.129770992 -78.1984732824 11.5038167939 END
START -1.35990654297 -14.8584155029 12.4618196411 250.129770992 -83.4961832061 0.969465648855 END
START 2.15478149414 -10.0364933594 5.46117398682 250.129770992 -97.6564885496 5.97709923664 END
START -0.16041151123 -12.6078659424 12.87841073 250.129770992 -96.8015267176 6.0534351145 END
START 3.83311685791 -9.67736311035 6.12197364502 250.129770992 -103.938931298 6.40458015267 END
START 2.18830031738 -17.6069590088 5.03740029297 250.129770992 -104.809160305 -1.1679389313 END
START 1.83395847168 -10.3884410034 8.53054051514 250.129770992 -105.20610687 2.28244274809 END
START -1.41497318115 -6.60799658203 4.08211383057 250.129770992 -104.198473282 11.0 END
START 5.22654222412 -10.1131078125 7.88410606689 250.129770992 -104.648854962 5.11450381679 END
START -0.840364782715 -8.78432589111 7.11077893066 250.129770992 -109.908396947 7.06106870229 END
START 0.210689746094 -9.79946739502 6.24647213135 250.129770992 -106.458015267 7.54198473282 END
START 0.945709655762 -4.34787021484 6.03338818359 250.129770992 -102.946564885 13.3816793893 END
START 1.80043964844 1.18034141846 7.10359632568 250.129770992 -102.015267176 15.0763358779 END
START -3.7134067749 -14.1521260132 5.85142885742 250.129770992 -104.86259542 10.2213740458 END
START 5.71495936279 -4.88177718506 5.29357987061 250.129770992 -104.969465649 11.5038167939 END
START 2.42293208008 -11.6741272949 8.65982740479 250.129770992 -104.213740458 6.93129770992 END
START 1.5083470459 -11.1904985596 13.6086422363 250.129770992 -106.572519084 11.2290076336 END
START 1.7908628418 -12.5025210693 16.4050697754 250.129770992 -96.5038167939 9.46564885496 END
START -1.74537301025 -8.8753055542 10.7954552856 250.129770992 -100.595419847 7.53435114504 END
START 10.1346556274 -9.84974562988 8.9112185791 250.129770992 -91.8244274809 1.34351145038 END
START -2.43250888672 -13.0531874512 9.87368764648 250.129770992 -89.358778626 10.6259541985 END
START 5.10683214111 -4.69742365723 12.1912748535 250.129770992 -80.0763358779 -2.0534351145 END
START 8.24802471924 -7.0006456543 6.81150372314 250.129770992 -67.3129770992 0.312977099237 END
START 3.47398660889 -6.33984599609 9.63187327881 250.129770992 -51.5419847328 11.7938931298 END
START 9.80904420166 -3.66791694336 8.68137521973 250.129770992 -45.0152671756 -5.47328244275 END
START 8.9351605957 -5.70538255615 8.43956085205 250.129770992 -34.0458015267 2.14503816794 END
START 6.41406624756 -8.03015236816 9.33499227295 250.129770992 -32.1450381679 4.09160305344 END
START -0.670376464844 -11.8632692261 12.4426660278 250.129770992 -32.9694656489 10.8167938931 END
START -0.361524450684 -12.0380459473 9.55525882568 250.129770992 -35.1374045802 0.374045801527 END
START 6.28238515625 -12.3277443481 8.12592043457 250.129770992 -23.7709923664 -5.76335877863 END
START 0.701501086426 -11.1282493164 9.2057053833 250.129770992 -25.8473282443 0.36641221374 END
START 0.514753356934 -2.52827695312 3.46919820557 250.129770992 -32.7938931298 12.0 END
START 6.18182868652 -5.52581743164 5.8945244873 250.129770992 -35.3969465649 8.97709923664 END
START -2.74854350586 -4.52264693604 4.9272670166 250.129770992 -33.4045801527 10.7251908397 END
START 7.82425102539 -11.04684646 7.48188018799 250.129770992 -44.7175572519 14.8091603053 END
START 3.311180896 -11.7028577148 5.67186373291 250.129770992 -43.4809160305 4.9465648855 END
START -1.42933839111 -14.6189953369 6.51222851562 250.129770992 -49.4732824427 18.9541984733 END
START -2.45405670166 -9.40681832275 6.76122548828 250.129770992 -45.9312977099 3.38167938931 END
START -6.93121380615 -9.92875428467 8.81066210937 250.129770992 -48.5038167939 13.0381679389 END
START 4.87220037842 -6.66785162354 6.28717355957 250.129770992 -52.3282442748 6.21374045802 END
START 0.45489831543 -14.8847517212 4.85065256348 250.129770992 -56.9236641221 8.3893129771 END
START -3.75650240479 -9.7707369751 6.87614716797 250.129770992 -61.3740458015 9.48091603053 END
START 4.22816013184 -12.6605383789 6.08845482178 250.129770992 -65.5190839695 4.09923664122 END
START -1.27132108154 -8.85375773926 5.98789835205 250.129770992 -71.7709923664 5.31297709924 END
START -0.416591088867 -9.22007059326 8.33182177734 250.129770992 -63.5877862595 2.97709923664 END
START 5.66946953125 -7.42441934814 6.63912120361 250.129770992 -51.4961832061 6.71755725191 END
START 7.81706842041 -14.209586853 2.56658417969 250.129770992 -51.4351145038 5.52671755725 END
START 3.47159240723 -10.6326495728 5.38455953369 250.129770992 -52.8778625954 9.54961832061 END
START -8.41322463379 -5.43962617188 6.23689532471 250.129770992 -53.7175572519 7.3358778626 END
START -0.45729251709 -13.5511813965 4.20421811523 250.129770992 -80.5572519084 9.71755725191 END
START 1.5801730957 -5.98789835205 11.2503536011 250.129770992 -76.4198473282 11.0763358779 END
START 5.94959112549 -5.67904633789 7.27358464355 250.129770992 -87.0458015267 9.70229007634 END
START -6.07648381348 -10.053252771 11.2814782227 250.129770992 -92.1908396947 6.59541984733 END
START 1.78128603516 -9.46906756592 5.51145222168 250.129770992 -93.7786259542 5.18320610687 END
START 7.77636699219 -3.77086761475 7.4148425415 250.129770992 -87.8702290076 7.20610687023 END
START -1.29047469482 -11.3149970459 4.8314989502 250.129770992 -92.7786259542 -3.07633587786 END
START 8.64306799316 -4.94163222656 8.52814631348 250.129770992 -104.847328244 8.29770992366 END
START 6.87135876465 -11.8489040161 7.54891783447 250.129770992 -102.190839695 12.1145038168 END
START 5.41807835693 -9.4762501709 7.70693514404 250.129770992 -88.572519084 -2.69465648855 END
START 7.36935270996 -12.3995703979 13.9534072754 250.129770992 -70.0763358779 7.93129770992 END
START -0.902614025879 -10.2974613403 5.97353314209 250.129770992 -58.9847328244 9.42748091603 END
START 0.533906970215 -12.0571995605 2.4636335083 250.129770992 -47.4122137405 13.3969465649 END
START 2.58573779297 -5.24809003906 5.43004936523 250.129770992 -36.1984732824 15.6183206107 END
START 1.87226569824 -12.5599819092 3.0765491333 250.129770992 -34.6564885496 1.78625954198 END
START -9.59835445557 -14.2502882812 5.99508095703 250.129770992 -35.0381679389 9.34351145038 END
START 3.1124621582 -9.29907924805 6.12676204834 250.129770992 -44.6030534351 4.67938931298 END
START 0.778115539551 -7.75721337891 3.96719215088 250.129770992 -55.534351145 8.35114503817 END
START -0.45250411377 -10.7978494873 5.17865819092 250.129770992 -52.7022900763 9.25190839695 END
START 3.14598098145 -10.9582609985 7.82425102539 250.129770992 -61.3358778626 11.0458015267 END
START 9.76355437012 -12.7539122437 6.27999095459 250.129770992 -81.5648854962 10.0229007634 END
START -1.45567460937 -8.44913765869 6.00226356201 250.129770992 -75.0076335878 6.09160305344 END
START 1.89381351318 -8.10916102295 5.85142885742 250.129770992 -90.8854961832 21.4503816794 END
START -6.54335313721 -13.6756798828 7.20415279541 250.129770992 -84.1221374046 16.9389312977 END
START -2.205059729 -6.1411272583 13.6732856812 250.129770992 -88.5038167939 1.30534351145 END
START 8.48983908691 -11.4778027588 6.14591566162 250.129770992 -98.4580152672 3.14503816794 END