START 8.17859287109 -7.4268135498 -1.53947166748 250.129770992 -82.4885496183 1.47328244275 END
START 7.76918438721 -11.7267997314 7.3430164917 250.129770992 -67.8244274809 13.0076335878 END
START 1.8028338501 -7.14190355225 0.227449157715 250.129770992 -68.0916030534 12.2290076336 END
START 0.679953271484 -11.0133276367 9.65342109375 250.129770992 -70.9160305344 14.7709923664 END
START 4.99191046143 -9.8784760498 9.24640681152 250.129770992 -93.3893129771 15.8244274809 END
START -5.63116230469 0.634463439941 1.82917006836 250.129770992 -97.0534351145 12.7480916031 END
START 5.93043751221 -9.63666168213 8.50659849854 250.129770992 -100.79389313 8.99236641221 END
START 1.79565124512 -5.23851323242 7.35019909668 250.129770992 -77.7480916031 11.0992366412 END
START 2.12365687256 -5.59046087646 5.05894810791 250.129770992 -65.5267175573 -0.969465648855 END
START -0.603338818359 -5.53060583496 6.72052406006 250.129770992 -65.3511450382 9.42748091603 END
START 4.78840332031 -14.9278473511 10.0700121826 250.129770992 -50.3893129771 13.1526717557 END
START -2.7222072876 -13.6684972778 8.31985076904 250.129770992 -65.6030534351 2.12977099237 END
START 1.28329208984 -8.32463917236 3.21062442627 250.129770992 -77.7786259542 10.1984732824 END
START 3.27526787109 -11.2383825928 6.95276162109 250.129770992 -75.9923664122 2.39694656489 END
START 6.54335313721 -11.3604868774 7.55849464111 250.129770992 -78.5954198473 6.04580152672 END
START 14.2478940796 -10.0125513428 8.12352623291 250.129770992 -76.4961832061 7.03053435115 END
START 2.4756045166 -8.36055219727 6.70137044678 250.129770992 -63.6335877863 4.46564885496 END
START 3.55778366699 -6.78037910156 7.59919606934 250.129770992 -54.7099236641 -1.69465648855 END
START 1.48201082764 -9.23443580322 12.8137672852 250.129770992 -60.6870229008 4.32061068702 END
START 1.22822545166 -2.7222072876 3.54581265869 250.129770992 -59.8549618321 5.41221374046 END
START 2.77487972412 -7.3310454834 6.38533582764 250.129770992 -66.7175572519 4.58778625954 END
START 1.13245738525 -11.9590372925 8.30787976074 250.129770992 -46.1603053435 12.0229007634 END
START 9.12669672852 -10.9845972168 7.16105716553 250.129770992 -36.3282442748 14.3511450382 END
START -2.84191737061 -10.1681744507 9.72285294189 250.129770992 -23.7786259542 9.27480916031 END
START 0.782903942871 -11.1785275513 3.3351229126 250.129770992 -27.1755725191 -3.79389312977 END
START 12.131419812 -4.21140072021 6.24886633301 250.129770992 -22.2595419847 7.69465648855 END
START 8.9112185791 -7.6135612793 2.40617266846 250.129770992 -30.2824427481 16.1145038168 END
START 2.50433493652 -6.87614716797 9.91199487305 250.129770992 -34.641221374 12.7328244275 END
START 7.71890615234 -10.912771167 9.35414588623 250.129770992 -29.3740458015 15.0839694656 END
START 2.17154090576 -6.88332977295 10.9822030151 250.129770992 -32.5572519084 26.8473282443 END
START 4.04620080566 -8.80587370605 6.46913288574 250.129770992 -31.3129770992 14.465648855 END
START -0.229843359375 -5.62876810303 5.71017095947 250.129770992 -35.4503816794 11.4503816794 END
START 2.98796367187 -4.90571920166 4.95599743652 250.129770992 -36.5419847328 -3.41984732824 END
START 3.69904156494 -9.4283661377 7.58722506104 250.129770992 -35.641221374 9.95419847328 END
START 2.91134921875 -6.51701691895 6.8019269165 250.129770992 -47.6335877863 10.8473282443 END
START -0.169988317871 -7.88889447021 11.03248125 250.129770992 -47.5648854962 12.786259542 END
START -1.81001645508 -7.58004245605 7.94156690674 250.129770992 -58.786259542 15.3282442748 END
START 0.263362182617 -6.65348641357 10.651803186 250.129770992 -69.3129770992 13.7022900763 END
START -4.19224710693 -9.82819781494 7.68778153076 250.129770992 -76.7175572519 13.1984732824 END
START 3.48116921387 -10.4435076416 9.11711992188 250.129770992 -82.7328244275 16.6183206107 END
START -1.838746875 -3.96719215088 4.6088381958 250.129770992 -90.0916030534 0.160305343511 END
START -3.09809694824 -10.5033626831 4.17309349365 250.129770992 -96.7709923664 2.99236641221 END
START 4.3382934082 -1.05823713379 3.35667072754 250.129770992 -93.9923664122 10.0458015267 END
START 7.04613548584 -12.6653267822 10.3597105835 250.129770992 -90.3358778626 13.2442748092 END
START -0.30406361084 -19.5271087402 4.73812508545 250.129770992 -104.20610687 9.59541984733 END
START -5.03500609131 -10.8193973022 8.2025348877 250.129770992 -104.557251908 13.6030534351 END
START -6.46434448242 -5.98789835205 8.15465085449 250.129770992 -105.20610687 15.9465648855 END
START 3.00232888184 -0.670376464844 11.1857101562 250.129770992 -104.198473282 12.5496183206 END
START -1.28089788818 -2.97359846191 11.145008728 250.129770992 -104.801526718 4.00763358779 END
START 0.0646434448242 -11.6908867065 10.1178962158 250.129770992 -118.893129771 -0.900763358779 END
START 3.27047946777 -2.54982476807 13.723563916 250.129770992 -117.740458015 8.07633587786 END
START 6.69897624512 -5.90170709229 15.0714994507 250.129770992 -111.946564885 4.95419847328 END
START -6.27280834961 -15.2654297852 9.01416925049 250.129770992 -117.358778626 6.08396946565 END
START 9.52652840576 -13.5679408081 15.8520091919 250.129770992 -102.083969466 -1.97709923664 END
START -1.51313544922 -4.82671054687 2.70065947266 250.129770992 -103.969465649 4.69465648855 END
START 1.40539637451 -8.11634362793 9.06444748535 250.129770992 -92.572519084 5.54198473282 END
START 3.51708223877 -9.5720182373 8.06127698975 250.129770992 -74.6335877863 8.64885496183 END
START -4.50349332275 -8.57124194336 5.62158549805 250.129770992 -72.6335877863 4.65648854962 END
START 9.27274302979 -3.14119257812 17.1329070801 250.129770992 -84.6259541985 9.70992366412 END
START 12.1050835937 -13.1752917358 12.9215063599 250.129770992 -76.1297709924 -2.89312977099 END
START 14.3412679443 -12.8999585449 7.18739338379 250.129770992 -60.679389313 5.48854961832 END
START 9.41639512939 -12.6126543457 9.79946739502 250.129770992 -38.5038167939 6.39694656489 END
START 5.80354482422 -11.1306435181 7.83143363037 250.129770992 -33.3282442748 10.4351145038 END
START 4.73333668213 -9.30865605469 7.51300480957 250.129770992 -24.7786259542 9.09923664122 END
START 0.181959326172 -12.9693903931 5.5760956665 250.129770992 -22.5496183206 5.82442748092 END
START 17.1113592651 -9.47146176758 4.87459458008 250.129770992 -32.6641221374 2.68702290076 END
START 3.97916315918 -6.09563742676 5.83945784912 250.129770992 -35.0610687023 4.75572519084 END
START 6.28956776123 -8.95431420898 5.33188709717 250.129770992 -30.5801526718 6.3358778626 END
START -1.83395847168 -9.2176763916 9.17218656006 250.129770992 -34.2900763359 6.13740458015 END
START 8.14986245117 -9.05247647705 7.78833800049 250.129770992 -43.6259541985 -2.89312977099 END
START -1.5203180542 -13.3333090454 -3.28484467773 250.129770992 -32.9389312977 9.35114503817 END
START -2.32716401367 -12.4115414062 2.99035787354 250.129770992 -46.3893129771 8.62595419847 END
START -1.31202250977 -9.89523546143 9.49300958252 250.129770992 -49.9007633588 4.54198473282 END
START 4.91769020996 -15.5599165894 11.286266626 250.129770992 -57.572519084 12.2748091603 END
START 2.59770880127 -11.1067015015 11.1019130981 250.129770992 -60.4351145038 7.59541984733 END
START -1.43173259277 -14.1497318115 7.94635531006 250.129770992 -59.7709923664 5.72519083969 END
START 2.698265271 -9.75158336182 1.86747729492 250.129770992 -61.0763358779 7.92366412214 END
START 0.16041151123 -11.2264115845 6.14591566162 250.129770992 -55.9160305344 3.90839694656 END
START 0.960074865723 -16.3763393555 11.0372696533 250.129770992 -53.465648855 6.26717557252 END
START -2.32237561035 -6.68461103516 2.7940333374 250.129770992 -62.6717557252 5.29007633588 END
START -4.36702382812 -7.59440766602 7.87931766357 250.129770992 -71.9160305344 2.45801526718 END
START 2.58094938965 -12.8113730835 2.9927520752 250.129770992 -78.9007633588 -3.80916030534 END
START 2.19069451904 -6.12436784668 7.97269152832 250.129770992 -71.3816793893 0.503816793893 END
START -5.68144053955 -14.7123692017 11.3604868774 250.129770992 -70.1832061069 13.0458015267 END
START -0.450109912109 -17.0898114502 4.29519777832 250.129770992 -76.3282442748 5.58015267176 END
START -2.84191737061 -10.8816465454 7.32625708008 250.129770992 -85.8167938931 6.15267175573 END
START 1.17076461182 2.71263048096 4.98712205811 250.129770992 -86.6183206107 5.50381679389 END
START 6.64630380859 -16.0028438965 12.6796919922 250.129770992 -93.2595419847 4.79389312977 END
START -6.00705196533 -14.8416560913 12.5695587158 250.129770992 -85.4580152672 -0.916030534351 END
START 1.30244570312 -9.47385596924 10.4626612549 250.129770992 -69.4732824427 6.48091603053 END
START 1.13724578857 -0.237025964355 12.737152832 250.129770992 -76.2366412214 5.70229007634 END
START -3.44525618896 -12.0069213257 9.73721815186 250.129770992 -70.1755725191 9.03816793893 END
START 9.43076033936 -16.2255046509 -2.5115175415 250.129770992 -61.3053435115 -3.51908396947 END
START 1.84353527832 -6.90248338623 6.45476767578 250.129770992 -68.0687022901 15.358778626 END
START -5.35822331543 -9.21288798828 9.32541546631 250.129770992 -64.0152671756 6.71755725191 END
START 8.05888278809 -11.6046954468 12.1625444336 250.129770992 -63.6717557252 8.78625954198 END
START 3.45962139893 -14.7889836548 9.12430252686 250.129770992 -57.0534351145 3.36641221374 END
START 4.77643231201 -11.1952869629 8.91840118408 250.129770992 -46.8320610687 3.88549618321 END
START 0.335188232422 -18.2318456421 6.62236179199 250.129770992 -50.4198473282 7.51145038168 END
START -2.34152922363 -5.42286676025 5.04697709961 250.129770992 -39.4198473282 7.18320610687 END
START 0.110133276367 -0.450109912109 2.34631762695 250.129770992 -52.1145038168 6.40458015267 END
START -5.62876810303 -10.053252771 9.82819781494 250.129770992 -50.3358778626 14.1145038168 END
START -2.31519300537 -7.58722506104 3.37821854248 250.129770992 -63.6946564885 13.7709923664 END
START 1.03668931885 -9.04289967041 9.27992563477 250.129770992 -59.893129771 3.18320610687 END
START 2.43250888672 -12.0883241821 7.23767161865 250.129770992 -84.0 14.0916030534 END
START 2.71263048096 -9.49061538086 2.50672913818 250.129770992 -82.5496183206 6.70992366412 END
START -1.81001645508 -13.5799118164 1.94409174805 250.129770992 -91.2824427481 5.1679389313 END
START -11.4897737671 -9.12430252686 3.72777198486 250.129770992 -92.1679389313 -0.320610687023 END
START 3.82114584961 -10.9438957886 4.45321508789 250.129770992 -93.4427480916 2.74809160305 END
START 0.15801730957 -7.29752666016 6.68461103516 250.129770992 -101.984732824 18.9541984733 END
START 2.16675250244 -9.19612857666 10.5608235229 250.129770992 -83.6946564885 2.86259541985 END
START 1.64721074219 -7.18021077881 10.9247421753 250.129770992 -94.9923664122 7.43511450382 END
START 0.799663354492 -10.9223479736 7.90565388184 250.129770992 -105.809160305 4.25954198473 END
START -7.35259329834 -10.5704003296 7.85058724365 250.129770992 -105.366412214 13.679389313 END
START -1.64960494385 -4.74770189209 6.23928952637 250.129770992 -102.526717557 9.90839694656 END
START 5.64792171631 -7.5896192627 4.04141240234 250.129770992 -102.160305344 5.08396946565 END
START 2.66474644775 -10.8600987305 12.1146604004 250.129770992 -104.526717557 13.5954198473 END