START -1.37666595459 -7.78833800049 8.48983908691 250.129770992 -101.549618321 7.90839694656 END
START -3.88818349609 -10.9630494019 14.7458880249 250.129770992 -98.0687022901 8.87022900763 END
START 4.61841500244 -7.85058724365 4.80037432861 250.129770992 -104.961832061 -1.54961832061 END
START 3.6176387085 -5.95916793213 11.137826123 250.129770992 -104.282442748 11.1297709924 END
START 14.6501199585 -10.3285859619 3.35188232422 250.129770992 -87.4122137405 7.70229007634 END
START 13.7403233276 -7.84101043701 5.03740029297 250.129770992 -63.0610687023 8.02290076336 END
START 4.16830509033 -9.1578213501 9.97184991455 250.129770992 -51.7557251908 7.31297709924 END
START -1.12766898193 -8.33900438232 1.11809217529 250.129770992 -33.9770992366 1.30534351145 END
START 2.817975354 -6.99825145264 10.4315366333 250.129770992 -39.7557251908 2.72519083969 END
START -0.172382519531 -12.9334773682 1.26653267822 250.129770992 -31.4045801527 5.30534351145 END
START 6.29435616455 -10.1418382324 7.62313808594 250.129770992 -35.3969465649 5.81679389313 END
START 0.586579406738 -12.2104284668 7.46272657471 250.129770992 -46.7938931298 3.22900763359 END
START 6.15788666992 -10.6015249512 5.73650717773 250.129770992 -52.2519083969 3.87786259542 END
START -1.68072956543 -9.60074865723 2.73657249756 250.129770992 -66.7328244275 -2.0534351145 END