START 3.45483299561 -8.66222160645 2.54743056641 250.129770992 -98.1450381679 12.6183206107 END
START 1.09415015869 -5.98789835205 8.67179841309 250.129770992 -94.2977099237 3.12977099237 END
START 5.23851323242 -8.49223328857 11.04684646 250.129770992 -89.6183206107 11.4427480916 END
START 0.579396801758 -8.42040723877 4.8314989502 250.129770992 -82.7099236641 -0.167938931298 END
START 4.58968458252 -5.63116230469 10.8313683105 250.129770992 -98.2061068702 5.96183206107 END
START 6.70137044678 -8.15465085449 7.97269152832 250.129770992 -101.79389313 6.61832061069 END
START -1.68551796875 -5.43962617188 8.18098707275 250.129770992 -79.8702290076 4.96946564885 END
START 6.37097061768 -12.4019645996 11.5280809937 250.129770992 -67.6946564885 15.7022900763 END
START -0.294486804199 -11.2168347778 9.40202991943 250.129770992 -73.0916030534 0.129770992366 END
START 8.42040723877 -6.50025750732 10.9845972168 250.129770992 -66.9007633588 5.58778625954 END
START 1.51792385254 -12.7132108154 7.9798741333 250.129770992 -69.0152671756 9.37404580153 END
START 1.8507178833 -13.6589204712 9.09078370361 250.129770992 -58.9465648855 17.358778626 END
START 4.02944139404 -5.06613071289 2.00394678955 250.129770992 -38.8167938931 12.3358778626 END
START 4.33350500488 -6.40448944092 9.65102689209 250.129770992 -36.0229007634 18.6641221374 END
START 1.4963760376 -5.52102902832 9.41878933105 250.129770992 -21.7022900763 0.0839694656489 END
START 7.00782825928 -0.718260498047 1.64721074219 250.129770992 -35.6183206107 15.4885496183 END
START -0.907402429199 -10.038887561 3.97676895752 250.129770992 -26.9083969466 7.46564885496 END
START -2.7940333374 -8.36534060059 6.60799658203 250.129770992 -35.3816793893 11.6106870229 END
START 3.99113416748 -9.17936916504 9.30386765137 250.129770992 -29.2519083969 4.75572519084 END
START 1.30723410645 -16.3212727173 5.25527264404 250.129770992 -34.9312977099 14.0763358779 END
START -0.0478840332031 -3.52905324707 3.89297189941 250.129770992 -34.4809160305 10.5648854962 END
START 2.82755216064 -9.7467949585 7.68299312744 250.129770992 -27.641221374 5.51908396947 END
START 3.46201560059 -14.3101433228 7.0605006958 250.129770992 -28.9312977099 5.09160305344 END
START 1.65199914551 -6.93600220947 7.3789295166 250.129770992 -34.106870229 11.679389313 END
START -4.95839163818 -6.7181298584 9.12430252686 250.129770992 -50.8473282443 4.35114503817 END
START 1.13963999023 -11.9303068726 3.69185895996 250.129770992 -43.8473282443 10.5954198473 END
START -1.75016141357 -9.7827079834 9.89762966309 250.129770992 -45.9389312977 14.7480916031 END
START 0.849941589355 -1.2856862915 5.8107274292 250.129770992 -64.2442748092 -3.80916030534 END
START -2.33674082031 -3.23456644287 3.14119257812 250.129770992 -60.3053435115 2.26717557252 END
START 3.86663568115 -3.98873996582 5.94480272217 250.129770992 -63.3053435115 2.27480916031 END
START 6.01662877197 -12.519280481 8.56645354004 250.129770992 -89.6641221374 0.893129770992 END
START 7.25921943359 -5.2097828125 7.6973583374 250.129770992 -82.8244274809 19.2213740458 END
START -3.19865341797 -4.74770189209 6.60320817871 250.129770992 -96.7175572519 -2.81679389313 END
START 3.0047230835 -10.1705686523 5.5880666748 250.129770992 -97.2900763359 5.10687022901 END
START 1.8986019165 -8.35336959229 6.07169541016 250.129770992 -104.374045802 9.17557251908 END
START -5.32231029053 -7.00543405762 5.31512768555 250.129770992 -104.679389313 4.2213740458 END
START -0.648828649902 -10.2711251221 6.11239683838 250.129770992 -104.251908397 -3.48091603053 END
START 2.90416661377 -8.34379278564 8.09000740967 250.129770992 -110.984732824 5.35877862595 END
START 2.67671745605 -6.4715270874 5.33906970215 250.129770992 -103.297709924 8.54198473282 END
START 0.830787976074 -6.30632717285 6.3637880127 250.129770992 -105.229007634 20.465648855 END
START -1.26653267822 -3.81635744629 8.70771143799 250.129770992 -116.648854962 5.42748091603 END
START -2.46602770996 -10.5656119263 6.59602557373 250.129770992 -102.0 16.2595419847 END
START 5.88494768066 -5.73650717773 7.75960758057 250.129770992 -110.801526718 12.7786259542 END
START 0.92655604248 -11.2264115845 3.86902988281 250.129770992 -111.076335878 4.21374045802 END
START -1.21864864502 -3.12682736816 7.57525405273 250.129770992 -111.839694656 12.2671755725 END
START 0.727837304687 -9.39963571777 10.4985742798 250.129770992 -110.290076336 7.78625954198 END
START 3.92170231934 -5.1858407959 9.04050546875 250.129770992 -110.106870229 7.08396946565 END
START 0.677559069824 -5.8107274292 10.2878845337 250.129770992 -104.34351145 8.48091603053 END
START 5.97353314209 -0.708683691406 14.1545202148 250.129770992 -101.969465649 9.16030534351 END
START 4.26886156006 -9.64623848877 8.49462749023 250.129770992 -104.099236641 15.4198473282 END
START -1.52750065918 -9.02853446045 11.01811604 250.129770992 -103.984732824 5.07633587786 END
START -1.30723410645 -3.22977803955 9.31344445801 250.129770992 -95.7709923664 10.7022900763 END
START -0.869095202637 -2.87304199219 8.09000740967 250.129770992 -103.251908397 3.35877862595 END
START 0.871489404297 -7.19936439209 6.84502254639 250.129770992 -70.1526717557 2.08396946565 END
START 5.20499440918 -7.13950935059 10.3501337769 250.129770992 -64.0916030534 17.2366412214 END
START 5.06373651123 -6.55053574219 13.3045786255 250.129770992 -60.5954198473 5.22900763359 END
START 13.6014596313 -9.02135185547 9.33499227295 250.129770992 -39.3511450382 -0.656488549618 END
START 4.82192214355 -12.3253501465 6.89290657959 250.129770992 -33.1755725191 6.29007633588 END
START 5.1858407959 -10.2902787354 7.98466253662 250.129770992 -32.9847328244 10.7709923664 END
START 7.48906279297 -2.17154090576 5.81791003418 250.129770992 -31.9160305344 11.0305343511 END
START 7.46033237305 -2.42293208008 13.2399351807 250.129770992 -29.3282442748 21.4351145038 END
START 11.3676694824 -10.8912233521 7.27358464355 250.129770992 -34.8778625954 8.29007633588 END
START 6.12436784668 -1.33357032471 5.24090743408 250.129770992 -26.8015267176 6.49618320611 END
START 2.42532628174 -10.5632177246 9.33738647461 250.129770992 -25.8854961832 17.4198473282 END
START 6.81629212646 -4.29759197998 7.39329472656 250.129770992 -21.9160305344 17.7022900763 END
START -2.60489140625 -11.3461216675 -0.294486804199 250.129770992 -12.213740458 6.79389312977 END
START 2.1571756958 -6.64630380859 12.7754600586 250.129770992 -18.9847328244 5.6641221374 END
START 0.955286462402 -11.1258551147 10.7236292358 250.129770992 -32.6183206107 10.6259541985 END
START 7.50103380127 -8.69813463135 0.936132849121 250.129770992 -29.3816793893 1.00763358779 END
START 1.35272393799 -11.7603185547 8.42758984375 250.129770992 -33.0076335878 10.0229007634 END
START 7.00543405762 -9.61032546387 6.81150372314 250.129770992 -32.4809160305 7.91603053435 END
START -0.845153186035 -18.6771671509 9.07881269531 250.129770992 -36.3740458015 -0.496183206107 END
START 4.88656558838 -13.2040221558 7.67820472412 250.129770992 -32.5114503817 15.0763358779 END
START 2.16675250244 -9.67975731201 4.89853659668 250.129770992 -41.1526717557 5.12213740458 END
START -7.82903942871 -9.41160672607 5.37019432373 250.129770992 -43.213740458 0.358778625954 END
START 3.17231719971 -6.8138979248 7.24246002197 250.129770992 -46.2442748092 6.1679389313 END
START 0.701501086426 -7.35738170166 7.05092388916 250.129770992 -43.8625954198 4.22900763359 END
START 1.44370360107 -9.53131680908 11.4275245239 250.129770992 -54.8167938931 1.18320610687 END
START -0.629675036621 -13.0603700562 11.0157218384 250.129770992 -63.4427480916 2.60305343511 END