START -6.85699355469 -9.55765302734 6.40448944092 250.129770992 -84.2824427481 -1.14503816794 END
START 2.19548292236 -8.87769975586 6.10042583008 250.129770992 -88.0839694656 12.786259542 END
START 11.5041389771 -14.9924907959 4.35984122314 250.129770992 -88.4580152672 10.0152671756 END
START -4.14675727539 -7.30231506348 9.02135185547 250.129770992 -86.8015267176 5.49618320611 END
START -2.13802208252 -10.8960117554 9.7946789917 250.129770992 -84.2900763359 0.610687022901 END
START 5.99508095703 -14.4609780273 8.04930598145 250.129770992 -70.358778626 18.5114503817 END
START 6.80671531982 -11.4610433472 11.532869397 250.129770992 -65.465648855 4.58778625954 END
START -2.80839854736 -16.4697132202 8.88488236084 250.129770992 -59.3816793893 6.99236641221 END
START 2.86825358887 -11.04684646 12.1122661987 250.129770992 -63.9312977099 3.75572519084 END
START -6.64151540527 -9.45470235596 3.79002122803 250.129770992 -60.5877862595 3.18320610687 END
START 4.14915147705 -4.91050760498 13.9031290405 250.129770992 -56.4045801527 5.75572519084 END
START 9.32541546631 -4.84107575684 14.2119810547 250.129770992 -61.0305343511 1.53435114504 END
START 4.33111080322 -6.5074401123 4.48194550781 250.129770992 -58.8244274809 7.28244274809 END
START -1.58735570068 -6.27759675293 11.9231242676 250.129770992 -49.7022900763 0.557251908397 END
START 5.48511600342 -3.68228215332 11.1761333496 250.129770992 -45.1450381679 6.69465648855 END
START -1.56580788574 -16.534356665 10.5512467163 250.129770992 -33.9007633588 24.0076335878 END
START 4.50588752441 -4.39575424805 3.63679232178 250.129770992 -38.641221374 3.1679389313 END
START 0.119710083008 -9.14824454346 12.3899935913 250.129770992 -30.9541984733 9.45038167939 END
START 11.293449231 -12.0021329224 7.84819304199 250.129770992 -36.0 12.3740458015 END
START 1.26892687988 -3.38779534912 3.83311685791 250.129770992 -33.9847328244 2.22900763359 END
START 1.83156427002 -8.5449057251 11.5903302368 250.129770992 -38.4885496183 6.63358778626 END
START 3.45962139893 -6.01184036865 9.68693991699 250.129770992 -36.9389312977 8.23664122137 END
START 2.82036955566 -5.22654222412 0.948103857422 250.129770992 -32.9465648855 4.04580152672 END
START 3.65115753174 -6.83544573975 10.0819831909 250.129770992 -39.9541984733 11.2900763359 END
START -1.8626888916 -3.6176387085 10.8912233521 250.129770992 -38.7099236641 9.03816793893 END
START 0.316034619141 -16.1321307861 6.26323154297 250.129770992 -33.9236641221 10.4732824427 END
START 0.15562310791 -4.41251365967 7.26161363525 250.129770992 -37.2595419847 17.7633587786 END
START 11.9039706543 -13.9869260986 6.51941112061 250.129770992 -44.4122137405 19.465648855 END
START 8.48744488525 -1.38863696289 4.46279189453 250.129770992 -40.1832061069 10.2519083969 END
START -0.363918652344 -9.57920084229 3.69904156494 250.129770992 -34.679389313 10.9083969466 END
START 0.909796630859 -7.51300480957 9.85932243652 250.129770992 -40.8625954198 11.3358778626 END
START 5.01585247803 -8.57124194336 9.40921252441 250.129770992 -45.8396946565 10.4732824427 END
START 4.68545264893 -5.32470449219 7.0126166626 250.129770992 -36.6106870229 9.35877862595 END
START -8.67898101807 -9.17936916504 6.46195028076 250.129770992 -32.3816793893 2.47328244275 END
START 9.2296473999 -8.94952580566 4.00310517578 250.129770992 -39.6183206107 4.95419847328 END
START -1.42215578613 -9.08120689697 13.6637088745 250.129770992 -52.4427480916 10.7633587786 END
START -0.442927307129 -6.43800826416 6.00944616699 250.129770992 -52.6030534351 12.0458015267 END
START 4.31913979492 -8.34139858398 1.86987149658 250.129770992 -63.9694656489 7.59541984733 END
START -1.40539637451 -14.2646534912 5.39174213867 250.129770992 -69.7709923664 9.35114503817 END
START 8.6287027832 -11.7411649414 5.74368978271 250.129770992 -71.5419847328 6.74045801527 END
START 3.82114584961 -18.2079036255 12.856862915 250.129770992 -66.2748091603 9.32824427481 END
START -2.94486804199 -2.61686241455 5.47314499512 250.129770992 -79.1984732824 -3.03053435115 END
START 2.44687409668 -13.7355349243 4.86022937012 250.129770992 -83.7404580153 13.0763358779 END
START 2.79882174072 -11.6693388916 9.92396588135 250.129770992 -86.0839694656 11.2290076336 END
START 7.78833800049 -6.96712683105 6.08845482178 250.129770992 -88.4427480916 8.74809160305 END
START -0.505176550293 -5.74847818604 4.5609541626 250.129770992 -92.8473282443 9.54961832061 END
START -2.64798703613 -11.8010199829 5.89691868896 250.129770992 -105.290076336 15.0 END
START 10.9606552002 -12.2343704834 10.1107136108 250.129770992 -103.877862595 7.89312977099 END
START 2.58573779297 -5.1379567627 9.31823286133 250.129770992 -104.770992366 6.31297709924 END
START 0.60812722168 -9.43315454102 8.27914934082 250.129770992 -104.083969466 -3.74809160305 END
START -3.2992098877 -5.49948121338 3.33272871094 250.129770992 -104.297709924 11.2900763359 END
START -1.06781394043 -4.45082088623 9.96945571289 250.129770992 -104.145038168 9.49618320611 END
START 8.33661018066 -13.7786305542 2.85628258057 250.129770992 -104.679389313 7.8320610687 END
START -6.41646044922 -6.45716187744 0.806845959473 250.129770992 -103.969465649 6.27480916031 END
START -4.35744702148 -12.9502367798 4.90093079834 250.129770992 -105.328244275 6.3358778626 END
START -0.0598550415039 -4.15154567871 7.86974085693 250.129770992 -103.717557252 8.3893129771 END
START -7.46272657471 -7.0245876709 7.52976422119 250.129770992 -104.114503817 4.32061068702 END
START 12.1338140137 -5.22893642578 12.9933324097 250.129770992 -104.603053435 9.29770992366 END
START 9.82819781494 -13.1345903076 12.363657373 250.129770992 -105.183206107 4.25190839695 END
START 2.87543619385 -6.62715019531 11.4778027588 250.129770992 -104.564885496 9.12977099237 END
START 8.53054051514 -4.67108743896 8.34139858398 250.129770992 -103.816793893 11.534351145 END
START 8.64785639648 -6.70855305176 4.25928475342 250.129770992 -97.4885496183 -1.41984732824 END
START 7.28555565186 -9.53849941406 3.36385333252 250.129770992 -98.6030534351 6.42748091603 END
START 12.3588689697 -8.44195505371 13.7738421509 250.129770992 -83.1908396947 3.15267175573 END
START -0.622492431641 -11.7339823364 11.7196171265 250.129770992 -74.0916030534 13.4351145038 END
START 1.03190091553 -2.19787712402 12.3828109863 250.129770992 -61.9389312977 6.43511450382 END
START -5.2337248291 -4.65911643066 9.92157167969 250.129770992 -54.0610687023 4.6641221374 END
START -0.588973608398 -4.88417138672 14.6836387817 250.129770992 -41.6183206107 7.62595419847 END
START 1.84592947998 -4.61362659912 9.21049378662 250.129770992 -39.5801526718 5.37404580153 END
START 1.56580788574 -1.20428343506 5.2576668457 250.129770992 -41.9007633588 10.9389312977 END
START -1.43652099609 -4.88177718506 15.2127573486 250.129770992 -48.7938931298 11.3664122137 END
START -4.11563265381 -8.01339295654 9.93833109131 250.129770992 -53.2213740458 4.01526717557 END
START -1.42694418945 -8.04451757812 12.2247936768 250.129770992 -58.4427480916 12.465648855 END
START -1.02232410889 -8.79150849609 11.5089273804 250.129770992 -53.6870229008 6.14503816794 END
START 5.62397969971 -4.69742365723 14.5280156738 250.129770992 -50.8549618321 10.3511450382 END
START 2.4037784668 -9.81143840332 12.6796919922 250.129770992 -53.9236641221 15.9923664122 END
START -10.8672813354 -6.6941878418 9.98142672119 250.129770992 -49.6183206107 5.61832061069 END
START -6.95994422607 -7.3310454834 6.28717355957 250.129770992 -51.0229007634 1.57251908397 END
START -4.2544963501 -5.12119735107 9.94311949463 250.129770992 -54.4885496183 3.65648854962 END
START -4.10366164551 0.641646044922 5.22654222412 250.129770992 -64.106870229 11.1679389313 END
START 8.39646522217 -8.50659849854 10.0101571411 250.129770992 -55.2519083969 15.4045801527 END
START -1.05344873047 -4.71897147217 7.601590271 250.129770992 -56.2519083969 0.63358778626 END
START 5.71256516113 -16.2207162476 10.3812583984 250.129770992 -66.2977099237 9.74045801527 END
START 5.43723197021 -6.8138979248 11.6238490601 250.129770992 -69.2900763359 8.9465648855 END
START 5.01345827637 -11.7315881348 8.08043060303 250.129770992 -71.3816793893 9.08396946565 END
START -3.38061274414 -10.4650554565 8.2025348877 250.129770992 -72.5801526718 2.56488549618 END
START -4.04141240234 -9.95987890625 4.06774862061 250.129770992 -75.8091603053 9.74045801527 END
START 1.96324536133 -1.45328040771 7.55849464111 250.129770992 -56.1221374046 15.786259542 END
START -3.36385333252 -10.9103769653 4.54419475098 250.129770992 -57.0610687023 -0.229007633588 END
START 6.60560238037 -9.97184991455 4.88656558838 250.129770992 -41.0992366412 4.09923664122 END
START 7.80270321045 -9.2535894165 1.57777889404 250.129770992 -33.6564885496 7.80152671756 END
START 1.18752402344 -10.5296989014 4.2185833252 250.129770992 -36.1526717557 5.61832061069 END
START -0.591367810059 -10.9845972168 6.86657036133 250.129770992 -37.3893129771 4.86259541985 END
START 11.3197854492 -13.6541320679 8.69813463135 250.129770992 -37.5954198473 6.67175572519 END
START 6.15549246826 -10.8960117554 4.29759197998 250.129770992 -35.4351145038 5.72519083969 END
START 6.75883128662 -7.21612380371 8.69334622803 250.129770992 -35.5954198473 10.4503816794 END
START 1.35751234131 -9.48103857422 1.57777889404 250.129770992 -34.5801526718 0.0610687022901 END
START 0.265756384277 -6.19379969482 13.4649901367 250.129770992 -51.0 10.320610687 END
START 7.03895288086 -6.83305153809 13.7044103027 250.129770992 -52.1221374046 10.7938931298 END
START 1.53468326416 -6.98149204102 5.90170709229 250.129770992 -53.1450381679 13.5801526718 END
START 8.31266816406 -19.2589581543 16.3476089355 250.129770992 -60.4885496183 6.32824427481 END
START -8.17380446777 -10.6087075562 10.6302553711 250.129770992 -62.3893129771 13.8473282443 END
START 2.59531459961 -10.1298672241 6.26323154297 250.129770992 -64.6335877863 6.41984732824 END
START -2.30082779541 -6.28717355957 3.38061274414 250.129770992 -62.5954198473 7.63358778626 END
START -3.05500131836 1.84592947998 13.6637088745 250.129770992 -67.3816793893 15.2519083969 END
START 7.2951324585 -9.03332286377 7.39808312988 250.129770992 -69.2290076336 18.893129771 END
START 0.521935961914 -12.1745154419 9.00698664551 250.129770992 -67.5496183206 9.35877862595 END
START -4.83628735352 -8.42519564209 9.52652840576 250.129770992 -62.213740458 3.96946564885 END
START 4.63756861572 -9.7587659668 0.502782348633 250.129770992 -78.7022900763 7.85496183206 END
START -4.42687886963 -13.589488623 10.8505219238 250.129770992 -76.0992366412 1.93893129771 END
START -1.45567460937 -4.2305543335 9.91917747803 250.129770992 -66.2442748092 4.79389312977 END
START -4.30956298828 -5.64792171631 9.07881269531 250.129770992 -69.3435114504 2.56488549618 END
START -3.55538946533 -15.3707746582 4.22816013184 250.129770992 -57.1984732824 12.7175572519 END
START -0.0359130249023 -8.10916102295 5.82030423584 250.129770992 -59.9312977099 1.04580152672 END
START 1.5083470459 -4.10366164551 12.9717845947 250.129770992 -67.9923664122 3.6106870229 END
START 6.78037910156 -5.2456958374 7.78354959717 250.129770992 -56.7022900763 14.7099236641 END
START 2.88022459717 -12.9239005615 7.65426270752 250.129770992 -61.2977099237 16.5648854962 END
START -4.92247861328 -15.435418103 6.00705196533 250.129770992 -62.893129771 7.48091603053 END
START -0.474051928711 -9.40921252441 9.08120689697 250.129770992 -73.2671755725 10.0305343511 END
START 6.82108052979 -11.5975128418 6.96712683105 250.129770992 -85.7328244275 4.77099236641 END
START 6.1411272583 -9.59117185059 9.24401260986 250.129770992 -75.3969465649 12.4580152672 END
START -4.34787021484 -11.9231242676 6.78516750488 250.129770992 -80.9618320611 9.3358778626 END
START 0.244208569336 -15.2606413818 6.81868632812 250.129770992 -77.6564885496 7.59541984733 END
START -0.524330163574 -8.08761320801 8.2863319458 250.129770992 -64.8396946565 0.24427480916 END
START 4.81234533691 -17.5686517822 2.31040460205 250.129770992 -75.0610687023 6.3893129771 END
START -4.71418306885 -5.88973608398 9.27034882812 250.129770992 -74.5954198473 6.70229007634 END
START -0.61770402832 -7.58243665771 10.4482960449 250.129770992 -67.106870229 7.24427480916 END
START 7.27358464355 -13.7522943359 6.29675036621 250.129770992 -65.0381679389 10.9770992366 END
START 6.25604893799 -13.9438304687 11.7483475464 250.129770992 -67.4045801527 13.3664122137 END
START 3.48595761719 -0.569819995117 4.51307012939 250.129770992 -65.9389312977 9.63358778626 END
START 6.05493599854 -9.69651672363 13.8672160156 250.129770992 -63.7022900763 10.8244274809 END
START 0.471657727051 -7.90565388184 11.5951186401 250.129770992 -55.5190839695 2.80916030534 END
START -1.39103116455 -13.8169377808 8.06845959473 250.129770992 -48.465648855 7.3893129771 END
START 12.370839978 -12.3971761963 9.38527050781 250.129770992 -35.4503816794 14.6259541985 END
START -0.337582434082 -9.1458503418 7.48906279297 250.129770992 -40.4961832061 19.465648855 END
START 10.6087075562 -15.7514527222 11.906364856 250.129770992 -40.8091603053 5.63358778626 END
START 3.52905324707 -3.52426484375 11.2240173828 250.129770992 -44.6946564885 -2.9465648855 END
START -3.39018955078 -8.74362446289 9.60314285889 250.129770992 -56.9160305344 0.251908396947 END
START 4.09887324219 -10.8193973022 8.59518395996 250.129770992 -69.7633587786 -1.6106870229 END
START -3.28245047607 -11.7603185547 12.4187240112 250.129770992 -78.641221374 13.7709923664 END
START -3.59130249023 -13.4242887085 6.30872137451 250.129770992 -89.8320610687 13.427480916 END
START -5.01345827637 -7.19457598877 6.8138979248 250.129770992 -106.946564885 7.34351145038 END
START -2.66235224609 -9.5361052124 7.601590271 250.129770992 -104.007633588 13.0458015267 END
START -3.68467635498 -9.12909093018 12.6270195557 250.129770992 -103.748091603 14.2061068702 END
START -0.706289489746 -4.44363828125 10.0221281494 250.129770992 -105.519083969 4.51145038168 END
START 7.37653531494 -13.1944453491 8.63588538818 250.129770992 -113.114503817 17.1755725191 END
START 4.80755693359 -6.4834980957 7.70693514404 250.129770992 -104.488549618 15.4198473282 END
START -6.1890112915 -7.60398447266 10.6326495728 250.129770992 -103.076335878 6.3893129771 END
START 10.793061084 -8.44434925537 8.16662186279 250.129770992 -104.106870229 2.54198473282 END
START 8.69574042969 -11.04684646 13.2662713989 250.129770992 -92.893129771 1.0534351145 END
START 4.01028778076 -5.60961448975 8.40125362549 250.129770992 -73.3664122137 10.9465648855 END
START 6.02381137695 -10.7356002441 7.16823977051 250.129770992 -59.1526717557 6.2213740458 END
START 4.30716878662 -8.02057556152 6.48110389404 250.129770992 -47.2442748092 3.26717557252 END
START -4.97754525146 -11.1737391479 4.92487281494 250.129770992 -34.1526717557 10.9541984733 END
START 4.32392819824 -14.477737439 -2.20027132568 250.129770992 -29.0458015267 6.69465648855 END
START -2.4516625 -10.8170031006 3.94085593262 250.129770992 -31.0839694656 8.7786259542 END
START -3.96958635254 -6.53377633057 9.88326445312 250.129770992 -28.7709923664 17.1679389313 END
START -2.12365687256 -7.86255825195 1.7788918335 250.129770992 -30.9007633588 8.45801526718 END
START -2.82755216064 -10.8624929321 8.90643017578 250.129770992 -43.8244274809 13.0305343511 END
START 1.20667763672 -12.265495105 6.61278498535 250.129770992 -54.6946564885 7.54961832061 END
START -5.94480272217 -8.37012900391 5.5042696167 250.129770992 -59.8091603053 14.9618320611 END