START 1.65678754883 -14.0874825684 8.46589707031 250.129770992 -65.2748091603 15.1755725191 END
START -0.984016882324 -11.757924353 3.45004459229 250.129770992 -73.8702290076 8.06870229008 END
START -0.076614453125 -12.3133791382 9.74440075684 250.129770992 -66.4045801527 8.6641221374 END
START 8.24563051758 -8.57603034668 12.8592571167 250.129770992 -63.1374045802 14.6106870229 END
START 15.1912095337 -7.11317313232 10.4315366333 250.129770992 -61.106870229 10.5496183206 END
START -4.35265861816 -11.2359883911 13.0603700562 250.129770992 -48.0381679389 11.0992366412 END
START -1.16837041016 -14.0683289551 3.31357509766 250.129770992 -52.4503816794 6.80152671756 END
START 1.80762225342 -0.368707055664 9.39963571777 250.129770992 -44.3740458015 7.83969465649 END
START -3.57454307861 -6.58166036377 11.1881043579 250.129770992 -60.4885496183 7.47328244275 END
START 6.78277330322 -8.59757816162 11.0827594849 250.129770992 -42.9618320611 2.34351145038 END
START 6.988674646 -6.72291826172 5.87776507568 250.129770992 -46.7175572519 1.7786259542 END
START -6.87375296631 -6.49786330566 6.49786330566 250.129770992 -41.9618320611 11.2671755725 END
START 3.48835181885 -4.90093079834 7.76439598389 250.129770992 -27.6717557252 1.70992366412 END
START 3.87860668945 -7.22570061035 6.68939943848 250.129770992 -24.679389313 -0.709923664122 END
START -8.9591026123 -8.40843623047 3.23935484619 250.129770992 -39.9694656489 10.1908396947 END
START 3.28723887939 -10.8744639404 12.5982891357 250.129770992 -27.2900763359 12.4809160305 END
START 5.51145222168 -12.3157733398 8.82502731934 250.129770992 -36.1374045802 4.82442748092 END
START -1.70706578369 -9.93354268799 9.39724151611 250.129770992 -35.8778625954 9.48091603053 END
START -9.62469067383 -9.53849941406 5.98550415039 250.129770992 -36.1984732824 -4.93129770992 END
START 2.93529123535 -0.217872351074 13.7642653442 250.129770992 -33.3435114504 11.0839694656 END
START -1.19231242676 -8.85615194092 6.0932432251 250.129770992 -40.6259541985 -2.47328244275 END
START -2.03985981445 -13.8911580322 9.06205328369 250.129770992 -49.641221374 12.0152671756 END
START 0.852335791016 -6.43321986084 8.50420429687 250.129770992 -43.3053435115 -4.02290076336 END
START 0.397437475586 -11.7267997314 10.5273046997 250.129770992 -42.8167938931 13.3664122137 END
START 5.97113894043 -19.6133 9.41160672607 250.129770992 -34.1221374046 15.6564885496 END
START 0.45729251709 -8.53532891846 7.97029732666 250.129770992 -33.2061068702 0.335877862595 END
START 10.0748005859 -12.7610948486 8.8633345459 250.129770992 -33.213740458 -0.419847328244 END
START 0.00239420166016 -10.6350437744 4.80516273193 250.129770992 -38.0305343511 7.56488549618 END
START -9.50976899414 -8.38210001221 1.08457335205 250.129770992 -38.0076335878 1.58778625954 END
START 2.05661922607 -5.51863482666 5.5880666748 250.129770992 -41.6946564885 13.1297709924 END
START 2.71741888428 -14.6740619751 5.76044919434 250.129770992 -50.3053435115 14.893129771 END
START 5.61200869141 -8.42519564209 6.71334145508 250.129770992 -63.6641221374 8.88549618321 END
START -0.0287304199219 -8.58800135498 -0.138863696289 250.129770992 -49.106870229 14.3129770992 END
START 1.33117612305 -12.8760165283 8.54729992676 250.129770992 -59.0458015267 -0.335877862595 END
START 3.31836350098 -9.00459244385 9.26077202148 250.129770992 -60.1755725191 19.1603053435 END
START -3.13879837646 -3.28484467773 12.3660515747 250.129770992 -59.6870229008 5.62595419847 END
START -5.61200869141 -14.2000100464 6.05493599854 250.129770992 -60.534351145 -5.20610687023 END
START 5.84185205078 -10.314220752 7.23527741699 250.129770992 -58.4198473282 10.1679389313 END
START -1.27132108154 -11.6142722534 5.5401826416 250.129770992 -57.7099236641 4.24427480916 END
START 7.69017573242 -4.16112248535 -1.38624276123 250.129770992 -59.2900763359 4.41984732824 END
START 2.58573779297 -15.4258412964 11.2695072144 250.129770992 -52.0916030534 2.87786259542 END
START 3.95043273926 -13.9007348389 4.84107575684 250.129770992 -65.4122137405 9.26717557252 END
START -0.205901342773 -8.82981572266 10.3597105835 250.129770992 -70.9694656489 14.1221374046 END
START -5.80833322754 -3.47877501221 6.23210692139 250.129770992 -71.9236641221 10.9618320611 END
START 2.36307703857 -13.1202250977 5.37258852539 250.129770992 -72.2519083969 5.45801526718 END
START 4.03901820068 -4.71897147217 6.14830986328 250.129770992 -74.5877862595 11.2366412214 END
START -0.538695373535 1.37666595459 8.93994899902 250.129770992 -95.3053435115 12.0152671756 END
START -1.62805712891 -11.5208983887 6.91684859619 250.129770992 -90.5038167939 4.75572519084 END
START 2.86825358887 -11.8273562012 2.85867678223 250.129770992 -84.9923664122 6.35114503817 END
START 2.56179577637 -15.2845833984 8.57124194336 250.129770992 -87.106870229 9.65648854962 END
START 5.1858407959 -11.5927244385 6.83305153809 250.129770992 -91.6488549618 9.91603053435 END
START -0.998382092285 -9.43554874268 3.24893165283 250.129770992 -92.6717557252 16.7709923664 END
START -4.59447298584 -10.3285859619 12.2702835083 250.129770992 -91.4351145038 7.03053435115 END
START 4.72854827881 -9.46667336426 13.4171061035 250.129770992 -84.2290076336 7.26717557252 END
START -4.16830509033 -2.05661922607 5.06373651123 250.129770992 -81.0839694656 7.96946564885 END
START 11.1043072998 -10.3261917603 9.8665050415 250.129770992 -95.9923664122 13.9389312977 END
START 0.217872351074 -11.1258551147 5.2337248291 250.129770992 -91.7328244275 4.45801526718 END
START -2.29125098877 -18.4114107666 7.43160195312 250.129770992 -88.2748091603 4.21374045802 END
START 7.17302817383 -11.7818663696 3.84987626953 250.129770992 -89.2595419847 19.4580152672 END
START -1.89620771484 -2.78685073242 7.44357296143 250.129770992 -95.0534351145 3.74809160305 END
START 6.00944616699 -12.7634890503 4.07732542725 250.129770992 -99.1450381679 12.8320610687 END
START -2.29364519043 -8.90403597412 9.80186159668 250.129770992 -98.9618320611 16.5572519084 END
START 2.68150585937 -8.14507404785 7.32625708008 250.129770992 -105.358778626 18.4198473282 END
START -4.46997449951 6.16267507324 7.51061060791 250.129770992 -104.664122137 4.28244274809 END
START 1.42215578613 -4.57053096924 5.31991608887 250.129770992 -103.969465649 -1.87022900763 END
START 4.22816013184 -6.79474431152 5.30794508057 250.129770992 -112.167938931 2.15267175573 END
START 0.984016882324 -8.68376942139 7.76439598389 250.129770992 -107.816793893 8.19847328244 END
START 0.328005627441 -0.0598550415039 13.1992337524 250.129770992 -116.79389313 13.7633587786 END
START 9.1817633667 -4.39096584473 7.98226833496 250.129770992 -109.732824427 1.96183206107 END
START 3.924096521 -2.56418997803 6.85699355469 250.129770992 -115.038167939 15.5496183206 END
START 0.648828649902 -6.81629212646 6.98388624268 250.129770992 -103.305343511 13.2366412214 END
START 3.55299526367 -1.76931502686 8.37731160889 250.129770992 -104.41221374 4.82442748092 END
START 8.70531723633 -1.68312376709 2.96881005859 250.129770992 -104.122137405 10.7557251908 END
START 7.80988581543 -3.22498963623 12.9646019897 250.129770992 -105.480916031 6.7786259542 END
START 5.72932457275 -10.7140524292 10.9654436035 250.129770992 -98.6106870229 6.60305343511 END
START 4.32153399658 -5.28879146729 12.7898252686 250.129770992 -100.290076336 8.12977099237 END
START -2.78445653076 -13.6541320679 3.84987626953 250.129770992 -84.6870229008 7.62595419847 END
START 3.96479794922 -14.2790187012 7.78354959717 250.129770992 -77.4809160305 4.20610687023 END
START 0.543483776855 -10.8600987305 9.75397756348 250.129770992 -81.1603053435 7.41984732824 END
START 3.71101257324 -9.2416184082 12.7802484619 250.129770992 -57.9465648855 17.3435114504 END
START -1.84832368164 -8.79629689941 9.67736311035 250.129770992 -61.8625954198 1.90076335878 END
START -1.59932670898 -10.3214033569 0.746990917969 250.129770992 -43.0076335878 9.9465648855 END
START 1.15879360352 -11.2910550293 10.7284176392 250.129770992 -37.9694656489 12.1908396947 END
START 5.94480272217 -6.46673868408 7.84340463867 250.129770992 -39.7251908397 0.0 END
START -0.390254870605 -11.3365448608 2.76530291748 250.129770992 -30.9847328244 5.9465648855 END
START -5.53539423828 -2.76051451416 6.27520255127 250.129770992 -32.893129771 8.62595419847 END
START 0.0598550415039 -11.6549736816 6.54814154053 250.129770992 -40.893129771 -2.74045801527 END
START -11.8896054443 -9.04529387207 12.4235124146 250.129770992 -28.3511450382 20.9770992366 END
START -6.82586893311 -7.53694682617 1.11090957031 250.129770992 -30.6030534351 5.19847328244 END
START -6.01902297363 -10.8960117554 18.3635267334 250.129770992 -31.9694656489 6.23664122137 END
START -3.78762702637 -13.6637088745 8.99740983887 250.129770992 -34.3282442748 -1.63358778626 END
START -2.05661922607 -6.27041414795 17.3819040527 250.129770992 -37.9389312977 3.32061068702 END
START -0.543483776855 -6.46195028076 9.62229647217 250.129770992 -46.2366412214 7.88549618321 END
START 2.41814367676 -6.92403120117 11.0923362915 250.129770992 -50.6183206107 21.8320610687 END
START 4.41011945801 -1.67354696045 3.7253777832 250.129770992 -53.9618320611 4.28244274809 END
START 2.21942493896 -6.1770402832 9.04529387207 250.129770992 -59.2595419847 -0.984732824427 END
START -6.04296499023 -8.88967076416 11.8656634277 250.129770992 -53.1832061069 -0.0839694656489 END
START -3.48116921387 -11.3006318359 7.55849464111 250.129770992 -65.6335877863 12.6641221374 END
START 4.13957467041 -17.2478287598 6.35181700439 250.129770992 -61.7633587786 15.2366412214 END
START -0.237025964355 -1.80043964844 3.60806190186 250.129770992 -61.2366412214 3.48854961832 END
START 1.50116444092 -12.490550061 9.13627353516 250.129770992 -65.572519084 4.45038167939 END
START -0.725443103027 -10.3237975586 10.4530844482 250.129770992 -75.427480916 7.09923664122 END
START -6.12676204834 -10.2136642822 9.56962403564 250.129770992 -76.6106870229 13.641221374 END
START -4.88895979004 -3.22020123291 11.0612116699 250.129770992 -88.6335877863 -3.25190839695 END
START -2.03267720947 -4.28801517334 4.14196887207 250.129770992 -79.8549618321 8.28244274809 END
START 9.98142672119 -17.2909243896 2.42293208008 250.129770992 -86.9312977099 9.22900763359 END
START 8.23605371094 -11.5711766235 5.19062919922 250.129770992 -69.1145038168 10.6030534351 END
START 5.5282116333 -7.65905111084 2.37504804687 250.129770992 -59.1908396947 6.17557251908 END
START 7.41005413818 -3.22738383789 8.6167317749 250.129770992 -51.2595419847 7.73282442748 END
START -0.790086547852 -13.1968395508 14.7937720581 250.129770992 -52.2824427481 9.80916030534 END
START 13.364433667 -10.3860468018 9.04050546875 250.129770992 -48.8702290076 12.5648854962 END
START 3.41173736572 -4.32871660156 5.00388146973 250.129770992 -46.534351145 4.3358778626 END
START 5.59524927979 -11.7148287231 13.0962830811 250.129770992 -47.3511450382 8.29770992366 END
START -3.6894647583 -1.01514150391 3.29442148437 250.129770992 -38.6488549618 9.80152671756 END
START -0.928950244141 -11.3533042725 3.3949779541 250.129770992 -48.5954198473 8.92366412214 END
START -4.17309349365 -5.42765516357 11.2288057861 250.129770992 -50.106870229 5.58015267176 END
START -4.35505281982 -8.85375773926 8.8753055542 250.129770992 -64.4961832061 5.28244274809 END
START 9.25119521484 -11.7842605713 4.70700046387 250.129770992 -61.5648854962 6.5572519084 END
START -1.78128603516 -6.22731851807 7.53215842285 250.129770992 -72.4351145038 11.358778626 END
START -7.97747993164 -16.4170407837 9.22725319824 250.129770992 -80.3129770992 10.5267175573 END
START -1.21864864502 -12.5935007324 9.40202991943 250.129770992 -71.5954198473 18.0381679389 END
START 3.56736047363 -8.45392606201 10.8936175537 250.129770992 -68.0076335878 6.35114503817 END
START 1.00077629395 -14.1257897949 2.10450325928 250.129770992 -74.8473282443 1.51145038168 END
START -1.06302553711 -7.59919606934 10.0724063843 250.129770992 -69.0152671756 11.9007633588 END
START -0.268150585937 -7.35019909668 11.9422778809 250.129770992 -63.7938931298 7.99236641221 END
START 7.95353791504 -5.87297667236 3.49792862549 250.129770992 -63.2900763359 12.3816793893 END
START -4.02465299072 -7.30231506348 9.89523546143 250.129770992 -57.9007633588 19.1450381679 END
START 6.30153876953 -10.1897222656 8.36534060059 250.129770992 -68.320610687 4.29007633588 END
START 4.16112248535 -15.7466643188 11.9781909058 250.129770992 -64.1374045802 -0.954198473282 END
START 1.44849200439 -10.7691190674 7.3310454834 250.129770992 -68.3129770992 10.2671755725 END
START -1.94648594971 -12.7108166138 7.69975253906 250.129770992 -71.3893129771 14.8015267176 END
START 2.47321031494 -9.55286462402 4.81952794189 250.129770992 -63.6259541985 6.81679389313 END
START 2.54982476807 -6.92642540283 9.96227310791 250.129770992 -56.358778626 2.17557251908 END
START 1.23301385498 -9.4283661377 9.02374605713 250.129770992 -62.0076335878 13.4503816794 END
START -0.737414111328 -11.4227361206 4.46758029785 250.129770992 -47.3053435115 11.1603053435 END
START -0.888248815918 -10.7284176392 8.26478413086 250.129770992 -64.8091603053 3.13740458015 END
START 5.92804331055 -15.6772324707 11.1713449463 250.129770992 -60.7022900763 8.09923664122 END
START 5.24330163574 -14.8536270996 8.49223328857 250.129770992 -67.0534351145 12.6335877863 END
START -5.80833322754 -15.6293484375 2.11886846924 250.129770992 -59.1450381679 13.213740458 END
START -3.05739552002 -6.14352145996 3.50271702881 250.129770992 -61.5038167939 10.0381679389 END
START 4.23294853516 -11.0875478882 14.6429373535 250.129770992 -55.7175572519 22.1832061069 END
START -0.945709655762 -5.03979449463 11.3700636841 250.129770992 -57.6106870229 8.72519083969 END
START -4.90571920166 -12.4474544312 2.66235224609 250.129770992 -56.7709923664 8.35114503817 END
START 2.58334359131 -17.4609127075 7.3909005249 250.129770992 -61.7175572519 6.10687022901 END
START 1.38145435791 -11.4801969604 10.2950671387 250.129770992 -51.2519083969 14.5648854962 END
START 7.14429775391 -7.63032069092 5.03261188965 250.129770992 -69.1679389313 17.0992366412 END
START -3.21780703125 -10.5895539429 5.36540592041 250.129770992 -67.8396946565 10.6183206107 END
START -6.00705196533 -12.5719529175 9.25119521484 250.129770992 -74.7557251908 2.29007633588 END
START 2.02070620117 -13.6924392944 5.67186373291 250.129770992 -87.1374045802 9.62595419847 END
START 5.47793339844 -2.93289703369 12.6509615723 250.129770992 -85.3893129771 9.12977099237 END
START 4.17069929199 -4.98712205811 7.59680186768 250.129770992 -86.6259541985 2.22900763359 END
START -4.54419475098 -12.9119295532 8.48505068359 250.129770992 -100.229007634 7.4427480916 END
START 1.22343704834 -5.54975944824 8.64546219482 250.129770992 -101.633587786 2.28244274809 END
START -5.00627567139 -8.93037219238 10.2663367187 250.129770992 -80.9083969466 4.00763358779 END
START 1.21146604004 -12.9741787964 0.201112939453 250.129770992 -78.7938931298 15.0992366412 END
START -1.63045133057 -10.927136377 8.2504189209 250.129770992 -72.1145038168 -2.64122137405 END
START 0.383072265625 -6.56490095215 3.03345350342 250.129770992 -62.9541984733 -2.79389312977 END
START 1.7788918335 -8.12592043457 5.55933625488 250.129770992 -54.8091603053 11.5648854962 END
START 0.169988317871 -8.19295808105 8.90882437744 250.129770992 -40.8854961832 -1.89312977099 END
START -1.90817872314 -9.47864437256 0.706289489746 250.129770992 -42.2366412214 7.46564885496 END
START -3.05978972168 -8.62630858154 9.00219824219 250.129770992 -33.0992366412 3.2213740458 END
START 4.92487281494 -10.187328064 4.11802685547 250.129770992 -29.5267175573 2.18320610687 END
START -5.78439121094 -13.2950018188 11.9710083008 250.129770992 -42.4961832061 4.40458015267 END
START -0.840364782715 -9.73961235352 7.78115539551 250.129770992 -55.7175572519 11.1450381679 END
START -5.44920297852 -11.5520230103 7.00303985596 250.129770992 -59.9236641221 7.18320610687 END
START -1.71424838867 -14.082694165 9.66060369873 250.129770992 -74.3053435115 10.1908396947 END
START -5.95437952881 -6.64151540527 11.2910550293 250.129770992 -77.1526717557 7.26717557252 END
START -3.51708223877 -9.35654008789 7.54652363281 250.129770992 -84.8091603053 5.29007633588 END