START 1.16358200684 -14.2670476929 10.9534725952 250.129770992 -67.8854961832 -1.67175572519 END
START 7.04613548584 -6.61517918701 9.03571706543 250.129770992 -60.7557251908 7.60305343511 END
START 3.06697232666 -8.05648858643 8.23605371094 250.129770992 -74.1832061069 5.45038167939 END
START -2.3918074585 -11.7986257812 8.55927093506 250.129770992 -62.9007633588 7.77099236641 END
START -6.39012423096 -2.68868846436 8.73644185791 250.129770992 -69.4961832061 17.1297709924 END
START -5.80593902588 -11.039663855 3.89057769775 250.129770992 -73.5648854962 -7.74045801527 END
START 1.69748897705 -7.3549875 10.3692873901 250.129770992 -75.0916030534 14.9847328244 END
START -1.36469494629 -13.3883756836 8.26957253418 250.129770992 -70.7938931298 7.2213740458 END
START 5.32470449219 -6.96233842773 9.89523546143 250.129770992 -74.6870229008 7.42748091603 END
START 1.79325704346 -8.32703337402 4.01747038574 250.129770992 -77.6335877863 5.06870229008 END
START -1.24737906494 -17.0754462402 14.3795751709 250.129770992 -91.5572519084 1.95419847328 END
START 0.275333190918 0.988805285645 9.20809958496 250.129770992 -102.72519084 5.25954198473 END
START 3.50511123047 -9.14345614014 1.64002813721 250.129770992 -92.5190839695 12.4885496183 END
START -6.09563742676 -0.414196887207 2.86107098389 250.129770992 -105.045801527 5.59541984733 END
START -0.933738647461 -8.18816967773 5.91128389893 250.129770992 -104.129770992 12.6335877863 END
START -1.70945998535 -3.9959225708 10.0508585693 250.129770992 -98.358778626 5.56488549618 END
START -2.47321031494 1.64960494385 1.67354696045 250.129770992 -106.748091603 6.19847328244 END
START 5.76523759766 -10.0748005859 5.02303508301 250.129770992 -104.381679389 13.6030534351 END
START 0.711077893066 -16.4912610352 7.52258161621 250.129770992 -103.923664122 9.19847328244 END
START 3.02387669678 -2.57137258301 4.68545264893 250.129770992 -105.519083969 -2.70229007634 END
START 0.962469067383 -11.7411649414 7.26640203857 250.129770992 -104.419847328 2.18320610687 END
START 1.2138602417 -7.53215842285 6.7181298584 250.129770992 -103.694656489 0.450381679389 END
START -2.88740720215 -13.0579758545 4.00549937744 250.129770992 -105.419847328 8.70229007634 END
START 9.13148513184 -4.06296021729 13.0651584595 250.129770992 -104.297709924 7.06870229008 END
START 0.440533105469 -1.51074124756 14.6189953369 250.129770992 -102.564885496 4.29007633588 END
START 6.22253011475 -8.71489404297 11.8896054443 250.129770992 -99.3969465649 8.95419847328 END
START 7.85537564697 -12.2870429199 9.64384428711 250.129770992 -93.7251908397 10.4885496183 END
START 4.71897147217 -3.1124621582 6.7540428833 250.129770992 -85.0534351145 2.74809160305 END
START -2.59770880127 0.385466467285 5.60961448975 250.129770992 -73.9694656489 13.2900763359 END
START -0.239420166016 -14.4729490356 10.2950671387 250.129770992 -75.8320610687 5.47328244275 END
START 9.93593688965 -9.36611689453 8.9351605957 250.129770992 -58.7709923664 13.0916030534 END
START 6.69658204346 -7.40765993652 10.8074262939 250.129770992 -61.8778625954 2.27480916031 END
START 3.33272871094 -7.59680186768 7.54891783447 250.129770992 -73.4580152672 7.11450381679 END
START 2.09253225098 -10.7978494873 8.83699832764 250.129770992 -61.2366412214 3.06870229008 END
START 2.66474644775 -10.4147772217 8.42998404541 250.129770992 -72.534351145 1.74045801527 END
START 0.366312854004 -5.1858407959 5.33188709717 250.129770992 -60.3511450382 16.0152671756 END
START -5.67425793457 -6.64630380859 10.2208468872 250.129770992 -57.0381679389 10.6946564885 END
START -2.80839854736 -1.87705410156 9.05487067871 250.129770992 -67.4198473282 7.82442748092 END
START 1.90817872314 -12.1218430054 6.99585725098 250.129770992 -70.6259541985 4.61832061069 END
START -8.6287027832 -10.3381627686 13.0196686279 250.129770992 -72.7709923664 3.36641221374 END
START 1.34075292969 -1.58974990234 5.23133062744 250.129770992 -65.9694656489 1.13740458015 END
START -4.87698878174 -10.2112700806 7.74045396729 250.129770992 -74.1755725191 12.2595419847 END
START 8.8513635376 -10.9510783936 3.27287366943 250.129770992 -65.2824427481 5.51145038168 END
START 9.2655604248 -9.64863269043 9.42118353271 250.129770992 -50.9541984733 16.7557251908 END
START 1.21864864502 -3.92170231934 3.99831677246 250.129770992 -54.534351145 12.572519084 END
START 5.36301171875 -9.52652840576 9.22725319824 250.129770992 -48.7099236641 6.69465648855 END
START 4.35984122314 -9.74200655518 5.80593902588 250.129770992 -50.893129771 5.25954198473 END
START -3.09809694824 -6.54095893555 7.11796153564 250.129770992 -49.3969465649 9.37404580153 END
START -0.588973608398 -13.7953899658 9.61750806885 250.129770992 -56.1755725191 7.41984732824 END
START 3.38061274414 -1.2497732666 6.78516750488 250.129770992 -52.3893129771 3.90839694656 END
START 3.98155736084 -5.8107274292 10.3884410034 250.129770992 -57.2748091603 1.83969465649 END
START 0.632069238281 -9.84016882324 8.6047607666 250.129770992 -60.786259542 8.96183206107 END
START 12.1146604004 -5.94959112549 10.6182843628 250.129770992 -66.6717557252 4.07633587786 END
START -9.05008227539 -12.3684457764 8.13070883789 250.129770992 -69.9236641221 14.1908396947 END
START 1.69748897705 -5.67904633789 9.36372269287 250.129770992 -69.0916030534 10.1832061069 END
START 6.59841977539 -3.61524450684 7.15626876221 250.129770992 -78.0992366412 3.43511450382 END
START 3.18668240967 -3.57693728027 10.3836526001 250.129770992 -64.5190839695 -0.36641221374 END
START 0.239420166016 -11.884817041 8.334215979 250.129770992 -63.7938931298 6.96946564885 END
START 6.22013591309 -7.47469758301 8.29590875244 250.129770992 -73.0687022901 1.52671755725 END
START -1.37187755127 -11.9781909058 10.785878479 250.129770992 -68.5648854962 5.6106870229 END
START -1.61608612061 -7.49385119629 7.83382783203 250.129770992 -59.6335877863 4.0534351145 END
START 6.04296499023 -6.74925447998 8.54969412842 250.129770992 -63.572519084 7.5572519084 END
START 4.24491954346 -7.55610043945 8.29351455078 250.129770992 -64.4198473282 6.9465648855 END
START -1.50116444092 -10.0771947876 5.71735356445 250.129770992 -57.2671755725 7.88549618321 END
START -0.861912597656 -9.91199487305 11.2288057861 250.129770992 -64.9083969466 5.93129770992 END
START -0.234631762695 -3.63439812012 11.264718811 250.129770992 -70.7251908397 6.88549618321 END
START -2.18590611572 -11.1234609131 13.1202250977 250.129770992 -56.0381679389 6.67938931298 END
START 2.48996972656 -5.7748144043 6.67982263184 250.129770992 -64.5038167939 12.9236641221 END
START -2.24815535889 -9.8425630249 6.53138212891 250.129770992 -57.2366412214 5.04580152672 END
START -4.80755693359 -7.60637867432 7.05571229248 250.129770992 -62.9236641221 7.51145038168 END
START 4.76446130371 -3.66073433838 10.785878479 250.129770992 -67.6259541985 0.63358778626 END
START -9.88326445312 -9.48582697754 11.4610433472 250.129770992 -61.3282442748 9.48091603053 END
START 3.53623585205 -9.15303294678 5.8945244873 250.129770992 -67.7786259542 9.61832061069 END
START 0.684741674805 -10.3166149536 9.96466730957 250.129770992 -67.3969465649 7.98473282443 END
START -3.20104761963 -9.43076033936 5.10683214111 250.129770992 -63.9618320611 -3.24427480916 END
START 1.89620771484 -5.85382305908 9.94311949463 250.129770992 -51.320610687 11.6564885496 END
START 2.71741888428 -5.33906970215 6.40448944092 250.129770992 -47.3435114504 8.35114503817 END
START 7.64468590088 -6.69179364014 4.06056601562 250.129770992 -40.0381679389 -5.58015267176 END
START 4.28322677002 -16.3404263306 2.52588275146 250.129770992 -44.0534351145 9.70229007634 END
START 1.14203419189 -11.5520230103 8.9591026123 250.129770992 -34.7709923664 10.6641221374 END
START -5.32231029053 -11.5687824219 3.15316358643 250.129770992 -27.5572519084 9.19083969466 END
START -1.68791217041 -11.8872112427 4.05338341064 250.129770992 -19.4427480916 8.41221374046 END
START -2.57616098633 -15.1313544922 4.00310517578 250.129770992 -20.8702290076 4.68702290076 END
START -4.10366164551 -4.16591088867 9.43554874268 250.129770992 -14.9847328244 8.84732824427 END
START -2.5234885498 -6.48828649902 8.88967076416 250.129770992 -29.8778625954 2.81679389313 END
START 1.66157595215 -9.77791958008 2.93289703369 250.129770992 -30.0610687023 10.8015267176 END
START 2.22421334229 -8.76277807617 5.06852491455 250.129770992 -36.5954198473 0.93893129771 END
START -2.61686241455 -4.65193382568 7.91283648682 250.129770992 -41.2748091603 10.6183206107 END
START -3.88100089111 -8.18098707275 7.12993254395 250.129770992 -46.6335877863 2.01526717557 END
START -7.13472094727 -14.72434021 10.7188408325 250.129770992 -66.4809160305 4.98473282443 END
START 4.97275684814 -8.70292303467 6.2009822998 250.129770992 -91.5419847328 14.2900763359 END
START -2.59770880127 -7.88410606689 9.8665050415 250.129770992 -98.1145038168 13.6259541985 END
START 5.51863482666 -8.0157871582 10.314220752 250.129770992 -104.366412214 10.2213740458 END
START -2.84191737061 -3.50511123047 10.6063133545 250.129770992 -85.7786259542 8.03816793893 END
START 8.05409438477 -12.2870429199 10.1609918457 250.129770992 -98.9236641221 2.52671755725 END
START 5.02303508301 -19.6037231934 8.51856950684 250.129770992 -94.1526717557 11.0305343511 END
START 3.20823022461 -17.527950354 8.24323631592 250.129770992 -86.9694656489 0.175572519084 END
START 6.91206019287 -7.20175859375 8.67898101807 250.129770992 -61.4045801527 2.85496183206 END
START 12.8041904785 -7.07007750244 10.5033626831 250.129770992 -49.0458015267 2.64122137405 END
START 1.97042796631 -10.6254669678 13.7690537476 250.129770992 -38.213740458 -0.885496183206 END
START 4.23294853516 -13.6517378662 8.68376942139 250.129770992 -42.8167938931 11.8854961832 END
START -1.69509477539 -7.15148035889 9.560047229 250.129770992 -51.4427480916 22.1145038168 END
START -4.68305844727 -9.57920084229 6.96473262939 250.129770992 -48.1145038168 10.7175572519 END
START -2.17872351074 -4.99191046143 12.2080342651 250.129770992 -54.9312977099 6.35877862595 END
START -5.52342322998 -2.7341782959 9.12909093018 250.129770992 -55.3435114504 8.83969465649 END
START -3.65594593506 -4.13478626709 7.86974085693 250.129770992 -72.0534351145 5.19847328244 END
START 1.6041151123 -5.53539423828 11.3317564575 250.129770992 -74.8473282443 0.12213740458 END
START 4.50588752441 -3.99352836914 8.2983029541 250.129770992 -86.9541984733 9.68702290076 END
START -1.42215578613 -11.9135474609 10.0963484009 250.129770992 -104.061068702 5.12977099237 END
START -1.88423670654 -11.1306435181 8.85854614258 250.129770992 -104.778625954 4.8320610687 END
START 4.32392819824 -15.5910412109 9.41160672607 250.129770992 -104.664122137 1.07633587786 END