START 2.65995804443 -7.42441934814 3.98634576416 250.129770992 -64.572519084 9.89312977099 END
START 4.23534273682 -10.6039191528 8.40604202881 250.129770992 -70.7175572519 9.91603053435 END
START 3.18189400635 -9.20331118164 4.89853659668 250.129770992 -54.6870229008 13.6564885496 END
START -10.4459018433 -9.7348239502 11.4275245239 250.129770992 -53.2595419847 2.9465648855 END
START 4.35505281982 -5.81312163086 3.77326181641 250.129770992 -60.6488549618 1.93129770992 END
START 2.91134921875 -11.3892172974 2.55940157471 250.129770992 -67.7251908397 8.49618320611 END
START -1.85550628662 -12.0500169556 12.6270195557 250.129770992 -65.7709923664 14.2671755725 END
START 6.1650692749 -11.0205102417 8.52814631348 250.129770992 -62.1221374046 2.25190839695 END
START 5.58327827148 -9.65820949707 10.905588562 250.129770992 -67.5267175573 5.56488549618 END
START 2.47081611328 -7.60398447266 5.33188709717 250.129770992 -66.9389312977 10.4961832061 END
START 9.23443580322 -4.76924970703 9.27034882812 250.129770992 -71.9770992366 4.09923664122 END
START 0.0 -9.08838950195 3.9121255127 250.129770992 -68.7557251908 4.54961832061 END
START 3.01429989014 -5.31752188721 3.30878669434 250.129770992 -73.6335877863 8.45038167939 END
START 3.89776030273 -7.11077893066 10.8672813354 250.129770992 -62.1832061069 7.56488549618 END
START 5.86339986572 -4.90093079834 9.58159504395 250.129770992 -71.1145038168 13.6870229008 END
START 3.83072265625 -10.4698438599 4.06296021729 250.129770992 -63.6183206107 5.00763358779 END
START 8.8872765625 -3.20583602295 9.88565865479 250.129770992 -57.3053435115 4.12213740458 END
START 4.72375987549 -2.77966812744 7.46033237305 250.129770992 -50.9923664122 4.38167938931 END
START 7.55849464111 -11.1186725098 8.5329347168 250.129770992 -51.7709923664 2.54198473282 END
START -4.24491954346 -9.82101520996 6.39012423096 250.129770992 -48.8244274809 4.35114503817 END
START 5.77242020264 -13.7570827393 6.97909783936 250.129770992 -51.5267175573 13.4351145038 END
START -3.55778366699 -12.8616513184 11.1306435181 250.129770992 -43.8702290076 11.3435114504 END
START 4.55137735596 -10.2280294922 -1.11809217529 250.129770992 -44.8396946565 11.8396946565 END
START -1.33835872803 -11.0779710815 7.24724842529 250.129770992 -30.1374045802 3.48091603053 END
START 6.30632717285 -3.98873996582 8.59518395996 250.129770992 -22.9389312977 1.67938931298 END
START 2.81079274902 -8.72207664795 12.026074939 250.129770992 -29.0839694656 5.91603053435 END
START 4.10366164551 -8.89206496582 5.34146390381 250.129770992 -23.9236641221 3.75572519084 END
START -0.632069238281 -4.73812508545 9.31105025635 250.129770992 -36.5419847328 10.0 END
START -3.33991131592 -5.70777675781 6.28717355957 250.129770992 -33.9007633588 15.5419847328 END
START 3.0526071167 -4.58010777588 6.31350977783 250.129770992 -35.8091603053 6.74045801527 END
START -4.69263525391 -3.69664736328 4.656722229 250.129770992 -41.9389312977 3.46564885496 END
START 3.4069489624 -10.0029745361 6.71334145508 250.129770992 -36.2442748092 11.6564885496 END
START 8.96867941895 -7.23527741699 6.8138979248 250.129770992 -37.1832061069 10.8625954198 END
START 7.13711514893 -10.7308118408 14.097059375 250.129770992 -41.320610687 0.63358778626 END
START 2.77248552246 -14.1952216431 5.47314499512 250.129770992 -43.1984732824 5.3358778626 END
START 0.0526724365234 -19.5438681519 3.59848509521 250.129770992 -50.9541984733 7.87786259542 END
START 5.2217538208 -1.45328040771 9.2296473999 250.129770992 -46.9847328244 13.3816793893 END
START 10.8265799072 -8.57603034668 10.1849338623 250.129770992 -52.7022900763 13.7938931298 END
START 3.24653745117 -4.06535441895 9.36611689453 250.129770992 -65.9160305344 11.2900763359 END
START -0.76135612793 -7.48906279297 8.10916102295 250.129770992 -63.3435114504 4.97709923664 END
START 3.00232888184 -10.9558667969 8.88967076416 250.129770992 -71.4198473282 18.3511450382 END
START -2.88980140381 -13.6349784546 3.7493197998 250.129770992 -67.0305343511 4.19847328244 END
START 2.78445653076 -7.69496413574 7.76918438721 250.129770992 -87.3740458015 14.3893129771 END
START 3.6535517334 -5.7867854126 8.76277807617 250.129770992 -84.8625954198 12.4045801527 END
START -4.36941802979 -10.2136642822 3.49074602051 250.129770992 -91.3129770992 11.5954198473 END
START -0.634463439941 -11.01811604 11.7411649414 250.129770992 -91.8167938931 9.5572519084 END
START 4.45800349121 -8.27914934082 0.471657727051 250.129770992 -101.41221374 7.40458015267 END
START -10.4219598267 -4.92247861328 8.09719001465 250.129770992 -105.198473282 5.9465648855 END
START 1.86987149658 -9.48582697754 5.31273348389 250.129770992 -100.251908397 4.39694656489 END
START -0.0718260498047 -16.7905362427 9.65581529541 250.129770992 -104.061068702 2.92366412214 END
START 2.03746561279 -10.9845972168 8.42998404541 250.129770992 -96.4045801527 10.6488549618 END
START -6.66785162354 -2.40617266846 3.95522114258 250.129770992 -99.8091603053 1.59541984733 END
START -8.5089927002 -7.67102211914 7.24006582031 250.129770992 -101.473282443 1.83969465649 END
START 2.89698400879 -5.42526096191 1.35272393799 250.129770992 -103.79389313 -4.3358778626 END
START 1.08457335205 -12.0595937622 9.79228479004 250.129770992 -104.152671756 5.03053435115 END
START 14.2335288696 -9.04529387207 7.00782825928 250.129770992 -102.885496183 9.35877862595 END
START 4.8674119751 -6.29675036621 9.42118353271 250.129770992 -102.679389313 11.5038167939 END
START 5.79636221924 -8.18098707275 11.159373938 250.129770992 -105.053435115 15.5038167939 END
START -3.57693728027 -10.9079827637 7.56328304443 250.129770992 -103.65648855 -0.519083969466 END
START 9.23922420654 -3.53144744873 8.44195505371 250.129770992 -106.404580153 7.45038167939 END
START 3.23456644287 -2.70784207764 7.24964262695 250.129770992 -104.572519084 13.2671755725 END
START 1.45567460937 -14.2215578613 7.49624539795 250.129770992 -104.183206107 8.1679389313 END
START 2.22181914063 -11.511321582 11.8441156128 250.129770992 -103.603053435 11.4732824427 END
START 14.2478940796 -9.4523081543 4.62799180908 250.129770992 -104.572519084 5.03053435115 END
START 6.50983431396 -8.12113203125 12.1577560303 250.129770992 -100.053435115 13.5038167939 END
START 6.66545742187 -6.5074401123 2.54024796143 250.129770992 -80.5572519084 2.64122137405 END
START 2.205059729 -7.75242497559 3.13400997314 250.129770992 -71.1603053435 12.5038167939 END
START 6.46195028076 -6.03338818359 11.7363765381 250.129770992 -69.3664122137 10.2061068702 END
START 2.73657249756 -11.511321582 6.90966599121 250.129770992 -70.786259542 6.25954198473 END
START 1.89381351318 -3.9959225708 7.25921943359 250.129770992 -58.7709923664 17.3282442748 END
START -1.70467158203 -1.70467158203 9.17218656006 250.129770992 -59.0305343511 12.320610687 END
START -0.603338818359 -6.36857641602 2.12844527588 250.129770992 -54.0992366412 7.96946564885 END
START 5.8945244873 -9.60793126221 2.65995804443 250.129770992 -46.213740458 6.42748091603 END
START 1.81241065674 -8.5209637085 2.75093770752 250.129770992 -48.1755725191 18.9541984733 END
START -0.512359155273 -8.07564219971 13.7091987061 250.129770992 -42.5419847328 2.91603053435 END
START 0.799663354492 -5.27921466064 8.79629689941 250.129770992 -44.0687022901 5.16030534351 END
START -16.6037885132 -1.71185418701 4.06056601562 250.129770992 -37.679389313 10.572519084 END
START -6.40688364258 -8.62152017822 4.52264693604 250.129770992 -49.3282442748 11.8854961832 END
START -3.74453139648 -12.0069213257 11.6573678833 250.129770992 -56.8015267176 3.30534351145 END
START 0.328005627441 -6.57926616211 8.72925925293 250.129770992 -66.3358778626 9.14503816794 END
START -3.98155736084 -9.1458503418 7.67820472412 250.129770992 -57.7709923664 7.64885496183 END
START 2.29364519043 -14.1760680298 5.24330163574 250.129770992 -56.7709923664 4.62595419847 END
START 0.00718260498047 -9.79707319336 5.60961448975 250.129770992 -62.2519083969 4.83969465649 END
START 1.37666595459 -10.5488525146 13.371616272 250.129770992 -62.0152671756 2.00763358779 END
START -1.38624276123 -9.82101520996 11.8058083862 250.129770992 -66.0076335878 4.57251908397 END
START -5.97592734375 -18.3419789185 10.2280294922 250.129770992 -61.3664122137 6.45801526718 END
START 2.53545955811 -14.1257897949 10.6015249512 250.129770992 -53.572519084 6.86259541985 END
START 4.47715710449 -7.62792648926 11.0516348633 250.129770992 -61.5496183206 6.6641221374 END
START 4.64714542236 -6.82108052979 6.03338818359 250.129770992 -57.0 5.32824427481 END
START 7.34062229004 -15.1696617187 10.666168396 250.129770992 -49.1832061069 11.2595419847 END
START 16.2925422974 -17.0898114502 4.12042105713 250.129770992 -49.3435114504 6.74045801527 END
START 4.81234533691 -8.59039555664 12.4306950195 250.129770992 -47.213740458 1.57251908397 END
START 5.01585247803 -10.905588562 2.30561619873 250.129770992 -43.358778626 1.28244274809 END
START -2.22421334229 -8.66701000977 8.10437261963 250.129770992 -46.4580152672 0.351145038168 END
START 2.63841022949 -9.29668504639 8.79869110107 250.129770992 -56.6183206107 12.4809160305 END
START 5.39174213867 -5.60003768311 8.08761320801 250.129770992 -49.1603053435 -2.5572519084 END
START 0.75896192627 -0.383072265625 9.90720646973 250.129770992 -54.5190839695 13.8778625954 END
START -4.76206710205 -4.68784685059 7.16823977051 250.129770992 -56.5114503817 10.2442748092 END
START -10.8170031006 -9.13148513184 9.94311949463 250.129770992 -65.5648854962 8.32824427481 END
START 7.73087716064 -4.3382934082 7.24006582031 250.129770992 -75.5572519084 9.6641221374 END
START 1.07260234375 -15.1816327271 13.2950018188 250.129770992 -67.2900763359 1.73282442748 END
START -7.50103380127 -13.8672160156 8.11634362793 250.129770992 -63.6641221374 5.86259541985 END
START 3.02627089844 -3.44525618896 9.38287630615 250.129770992 -69.5114503817 9.82442748092 END
START 0.356736047363 -11.5352635986 8.59518395996 250.129770992 -64.4580152672 -4.08396946565 END
START 3.33272871094 -4.06296021729 4.71657727051 250.129770992 -63.5877862595 4.84732824427 END
START 5.37258852539 -9.23922420654 7.59680186768 250.129770992 -70.9847328244 2.80916030534 END
START -4.8674119751 -8.14746824951 5.78917961426 250.129770992 -69.5190839695 4.20610687023 END
START 11.7555301514 -6.40688364258 4.29280357666 250.129770992 -64.641221374 9.50381679389 END
START -2.09013804932 -15.5407629761 6.91924279785 250.129770992 -69.7709923664 -4.97709923664 END
START -0.332794030762 -1.36948334961 11.7746837646 250.129770992 -66.6870229008 8.67175572519 END
START -0.993593688965 -15.7275107056 8.5089927002 250.129770992 -67.8625954198 1.79389312977 END
START 3.24653745117 -8.83460412598 9.42597193604 250.129770992 -68.0763358779 7.0 END
START 8.19295808105 -7.31189187012 9.79707319336 250.129770992 -60.5877862595 19.4198473282 END
START -0.0430956298828 -10.314220752 6.83783994141 250.129770992 -63.5648854962 -0.290076335878 END
START 4.32153399658 -8.81305631104 8.27196673584 250.129770992 -63.2824427481 8.96183206107 END
START 8.08761320801 -0.335188232422 4.86980617676 250.129770992 -61.4351145038 7.56488549618 END
START 7.04613548584 -5.44680877686 4.73573088379 250.129770992 -58.2595419847 2.34351145038 END
START 8.83460412598 -8.94952580566 7.29752666016 250.129770992 -62.2061068702 6.70992366412 END
START 4.56813676758 -12.1122661987 8.48505068359 250.129770992 -59.4732824427 8.75572519084 END
START 8.29351455078 -13.7882073608 6.97191523437 250.129770992 -57.0305343511 11.8244274809 END
START -2.11168586426 -5.19302340088 7.09162531738 250.129770992 -57.5572519084 10.572519084 END
START 5.98550415039 -11.9231242676 9.43554874268 250.129770992 -61.9083969466 5.25190839695 END
START -4.05338341064 -8.37252320557 17.1424838867 250.129770992 -57.5648854962 -3.74045801527 END
START 6.39730683594 -14.5926591187 10.5033626831 250.129770992 -58.7557251908 10.3511450382 END
START 4.20900651855 -11.765106958 5.41089575195 250.129770992 -72.3053435115 4.80916030534 END
START -7.57285985107 -4.35265861816 6.85938775635 250.129770992 -54.2595419847 -0.343511450382 END
START -2.7940333374 -0.993593688965 6.52180532227 250.129770992 -57.1526717557 11.5648854962 END
START 6.19619389648 -12.2415530884 8.12831463623 250.129770992 -53.4198473282 2.56488549618 END
START 1.06781394043 -5.77002600098 5.17626398926 250.129770992 -58.4198473282 8.64122137405 END
START 5.80115062256 -6.10760843506 2.23379014893 250.129770992 -48.1221374046 13.4580152672 END
START 1.04626612549 -9.7587659668 11.03248125 250.129770992 -54.1526717557 6.85496183206 END
START -2.87543619385 -13.9294652588 7.63989749756 250.129770992 -42.8854961832 7.93893129771 END
START -0.507570751953 -12.131419812 4.65432802734 250.129770992 -49.4427480916 10.1450381679 END
START 0.337582434082 -14.8320792847 7.9080480835 250.129770992 -49.9007633588 5.26717557252 END
START -1.77410343018 -15.6939918823 9.32780966797 250.129770992 -45.9312977099 7.78625954198 END
START 1.63523973389 -2.13083947754 0.91219083252 250.129770992 -44.893129771 9.0 END
START 4.17788189697 -7.83143363037 7.12274993896 250.129770992 -46.6717557252 1.51908396947 END
START 1.23301385498 -12.1936690552 4.51546433105 250.129770992 -57.1221374046 8.36641221374 END
START -2.83952316895 -5.50905802002 8.16662186279 250.129770992 -49.0763358779 7.96183206107 END
START -12.5623761108 -5.29357987061 6.54814154053 250.129770992 -63.9160305344 8.00763358779 END
START -9.07163009033 -19.4959841187 7.80270321045 250.129770992 -60.320610687 -3.71755725191 END
START -4.20421811523 -4.81952794189 10.7691190674 250.129770992 -70.0305343511 4.01526717557 END
START -1.04387192383 -10.9031943604 9.58159504395 250.129770992 -63.0229007634 16.7786259542 END
START -8.73165345459 -11.025298645 19.0434800049 250.129770992 -58.7786259542 9.3893129771 END
START 9.57441243896 -14.2000100464 9.90002386475 250.129770992 -66.7557251908 11.6030534351 END
START 6.25604893799 -7.88410606689 5.09486113281 250.129770992 -74.2290076336 5.18320610687 END
START -3.40216055908 -12.1290256104 14.7602532349 250.129770992 -83.7557251908 14.320610687 END
START -5.63116230469 -6.64869801025 9.61032546387 250.129770992 -73.5648854962 5.34351145038 END
START 4.28083256836 -8.68855782471 7.16105716553 250.129770992 -73.3893129771 4.84732824427 END
START -6.27520255127 -9.89523546143 12.3061965332 250.129770992 -72.2213740458 6.24427480916 END
START 6.66785162354 -16.8072956543 6.62236179199 250.129770992 -75.320610687 -2.36641221374 END
START 1.05344873047 -6.99106884766 5.10922634277 250.129770992 -56.8702290076 11.2900763359 END
START 0.864306799316 -15.0260096191 7.83622203369 250.129770992 -49.3511450382 -1.81679389313 END
START 0.368707055664 -5.11401474609 6.7181298584 250.129770992 -46.572519084 8.13740458015 END
START 5.44680877686 -14.3125375244 10.4674496582 250.129770992 -59.6106870229 0.0610687022901 END
START 0.100556469727 -6.26083734131 3.94564433594 250.129770992 -54.8854961832 0.0610687022901 END
START -2.4875755249 -8.24563051758 10.3668931885 250.129770992 -56.1221374046 2.85496183206 END
START -4.12281525879 -15.3683804565 5.09007272949 250.129770992 -50.3282442748 7.0534351145 END
START 7.49624539795 -7.43399615479 4.62559760742 250.129770992 -64.641221374 8.58015267176 END
START -0.909796630859 -16.2686002808 9.72285294189 250.129770992 -51.2442748092 10.1450381679 END
START -4.76924970703 -3.73974299316 3.9121255127 250.129770992 -59.6717557252 3.95419847328 END
START -2.82755216064 -5.65510432129 9.91678327637 250.129770992 -70.427480916 -1.2213740458 END
START -2.27688577881 -17.1855795166 8.48026228027 250.129770992 -84.4045801527 1.23664122137 END
START -6.44997927246 -9.22725319824 8.57124194336 250.129770992 -92.4580152672 4.64122137405 END