START -0.112527478027 -12.3684457764 13.4554133301 250.129770992 -76.8091603053 -0.137404580153 END
START 3.00232888184 -7.33583388672 9.39963571777 250.129770992 -72.8625954198 9.25954198473 END
START -9.01416925049 -12.4019645996 6.91684859619 250.129770992 -72.8091603053 15.3893129771 END
START 0.672770666504 -3.36385333252 12.6485673706 250.129770992 -63.1603053435 4.26717557252 END
START -3.62003291016 -12.3947819946 12.265495105 250.129770992 -69.2366412214 4.80152671756 END
START -5.2576668457 -8.24084211426 1.68312376709 250.129770992 -63.5496183206 4.45801526718 END
START 1.80043964844 -10.7834842773 9.85692823486 250.129770992 -57.465648855 10.7786259542 END
START -3.21780703125 -17.4297880859 5.17147558594 250.129770992 -59.5419847328 3.40458015267 END
START 1.80762225342 -5.61919129639 7.96072052002 250.129770992 -67.0916030534 1.5572519084 END
START -6.36618221436 -5.14753356934 8.64306799316 250.129770992 -68.7709923664 8.31297709924 END
START 3.67988795166 -6.36857641602 14.111424585 250.129770992 -52.4122137405 6.57251908397 END
START 2.72699569092 -2.27449157715 2.10210905762 250.129770992 -50.7938931298 -1.38167938931 END
START -2.08295544434 -11.6214548584 4.2544963501 250.129770992 -44.9923664122 4.81679389313 END
START 4.11084425049 -15.2869776001 11.5951186401 250.129770992 -51.1374045802 14.0229007634 END
START -0.864306799316 -14.3795751709 9.2057053833 250.129770992 -66.7480916031 7.01526717557 END
START 6.55771834717 -11.0971246948 7.71651195068 250.129770992 -56.2671755725 10.7328244275 END
START 3.61045610352 -7.42920775146 10.1777512573 250.129770992 -60.4885496183 -1.56488549618 END
START 2.63362182617 -8.45871446533 -1.84832368164 250.129770992 -42.2290076336 8.61832061069 END
START 0.651222851562 -7.53455262451 12.7802484619 250.129770992 -43.8778625954 4.51908396947 END
START -3.80917484131 -7.00543405762 5.40610734863 250.129770992 -45.7022900763 7.45801526718 END
START -2.698265271 -12.1649386353 5.269637854 250.129770992 -30.4045801527 2.45801526718 END
START 4.95839163818 -4.28801517334 8.30787976074 250.129770992 -40.1603053435 16.6717557252 END
START 2.54743056641 -15.7227223022 8.74601866455 250.129770992 -33.7938931298 5.6641221374 END
START 8.32703337402 -5.25048424072 8.93755479736 250.129770992 -38.9160305344 20.6030534351 END
START 11.7986257812 -10.285490332 10.2759135254 250.129770992 -41.9770992366 5.41984732824 END
START 5.66946953125 -8.18338127441 2.16435830078 250.129770992 -32.9236641221 14.8473282443 END
START 6.04535919189 -10.9702320068 7.3430164917 250.129770992 -40.9923664122 4.68702290076 END
START 8.48026228027 -12.1888806519 7.32625708008 250.129770992 -36.4045801527 4.43511450382 END
START -2.15238729248 -7.9798741333 5.86100566406 250.129770992 -43.5496183206 11.7175572519 END
START 5.1379567627 -13.8336971924 5.91846650391 250.129770992 -41.2290076336 10.9083969466 END
START -6.31590397949 -10.4171714233 8.36773480225 250.129770992 -37.534351145 11.2824427481 END
START -2.64559283447 -7.75242497559 9.57680664062 250.129770992 -43.2671755725 3.34351145038 END
START 2.79882174072 -7.35738170166 10.3956236084 250.129770992 -41.3282442748 6.29770992366 END
START -8.28393774414 -10.8241857056 7.57764825439 250.129770992 -50.7480916031 -0.770992366412 END
START 6.58166036377 -13.9581956787 9.83298621826 250.129770992 -45.3664122137 3.27480916031 END
START 1.73340200195 -3.79002122803 6.62475599365 250.129770992 -54.5954198473 11.4961832061 END
START 5.35822331543 -17.0634752319 6.24168372803 250.129770992 -57.427480916 12.320610687 END
START 1.1540052002 -8.82502731934 6.62954439697 250.129770992 -67.3969465649 5.75572519084 END
START 6.25604893799 -15.0044618042 12.2391588867 250.129770992 -68.9312977099 9.07633587786 END
START 2.07098443604 -6.56968935547 11.7291939331 250.129770992 -76.0305343511 12.7786259542 END
START -1.39342536621 -11.2910550293 3.22977803955 250.129770992 -91.534351145 5.35877862595 END
START 5.42047255859 -15.2295167603 6.29435616455 250.129770992 -76.427480916 3.74045801527 END
START -4.05338341064 -7.83143363037 2.52588275146 250.129770992 -83.0229007634 -1.93129770992 END
START -1.06781394043 -7.6494743042 4.25928475342 250.129770992 -82.8015267176 10.4961832061 END
START 2.96881005859 -8.39407102051 7.36456430664 250.129770992 -90.7328244275 12.3664122137 END
START 0.967257470703 -6.94079061279 5.83945784912 250.129770992 -107.183206107 7.61832061069 END
START -3.89776030273 -9.67975731201 8.19774648437 250.129770992 -104.351145038 13.8244274809 END
START 0.284909997559 -9.46667336426 11.8704518311 250.129770992 -102.152671756 8.56488549618 END
START 7.09401951904 -10.1490208374 6.58405456543 250.129770992 -105.213740458 20.7786259542 END
START 2.43011468506 -1.75973822021 9.52652840576 250.129770992 -104.083969466 -0.0229007633588 END
START 4.9512090332 -9.31105025635 4.3382934082 250.129770992 -104.86259542 5.19083969466 END
START 0.263362182617 -4.62559760742 13.3357032471 250.129770992 -114.091603053 2.57251908397 END
START 2.32476981201 -1.30723410645 9.62947907715 250.129770992 -110.435114504 10.106870229 END
START -4.08450803223 -1.61848032227 10.6087075562 250.129770992 -115.175572519 17.1450381679 END
START 5.73890137939 -2.09253225098 15.2821891968 250.129770992 -104.34351145 7.26717557252 END
START 10.314220752 -9.84016882324 11.6717330933 250.129770992 -103.748091603 13.9007633588 END
START 1.80762225342 2.1811177124 10.7499654541 250.129770992 -96.5954198473 9.37404580153 END
START 0.270544787598 -13.9031290405 9.45470235596 250.129770992 -68.7251908397 8.87022900763 END
START -2.96402165527 -5.68144053955 10.1466266357 250.129770992 -67.9923664122 10.7022900763 END
START 2.7700913208 -11.4155535156 13.1585323242 250.129770992 -63.3053435115 6.50381679389 END
START 8.04691177979 -7.74524237061 15.5096383545 250.129770992 -66.0229007634 3.03816793893 END
START 5.02064088135 -7.6734163208 6.8138979248 250.129770992 -59.7786259542 13.0992366412 END
START 1.67354696045 -8.8872765625 11.3796404907 250.129770992 -47.2061068702 3.18320610687 END
START 3.41413156738 -11.6813098999 8.34139858398 250.129770992 -42.6870229008 17.786259542 END
START 0.136469494629 -8.05648858643 5.77720860596 250.129770992 -45.9389312977 5.6641221374 END
START -5.98310994873 -11.7244055298 6.988674646 250.129770992 -58.4732824427 11.1908396947 END
START -1.70467158203 -5.37737692871 10.5943423462 250.129770992 -49.320610687 20.8549618321 END
START -2.18590611572 -10.7954552856 8.68137521973 250.129770992 -66.2442748092 5.74809160305 END
START 0.349553442383 -7.56088884277 12.5982891357 250.129770992 -64.1374045802 8.34351145038 END
START -4.82910474854 -15.5934354126 9.17218656006 250.129770992 -60.8167938931 18.2595419847 END
START 0.823605371094 -2.26730897217 6.11479104004 250.129770992 -62.5190839695 5.19083969466 END
START -3.09809694824 -7.16105716553 16.7163159912 250.129770992 -71.3053435115 9.72519083969 END
START -9.87368764648 -16.0196033081 11.8800286377 250.129770992 -65.320610687 10.1755725191 END
START 9.55286462402 -6.12676204834 3.85466467285 250.129770992 -65.6946564885 7.49618320611 END
START 1.06302553711 -5.84424625244 1.23061965332 250.129770992 -62.1297709924 18.786259542 END
START 4.42448466797 -8.47307967529 10.8241857056 250.129770992 -59.5038167939 4.29770992366 END
START 0.335188232422 -11.0875478882 5.90410129395 250.129770992 -61.572519084 22.0916030534 END
START 9.02614025879 -6.39491263428 5.33667550049 250.129770992 -58.3969465649 15.572519084 END
START 2.59770880127 -9.87129344482 5.10922634277 250.129770992 -44.6030534351 3.90839694656 END
START -5.2097828125 -9.46188496094 5.39413634033 250.129770992 -39.4427480916 -1.00763358779 END
START 8.25520732422 -4.82431634521 8.5449057251 250.129770992 -54.0916030534 10.4045801527 END
START -0.213083947754 -7.71651195068 2.62883342285 250.129770992 -40.3893129771 15.7404580153 END
START -0.339976635742 -8.91840118408 11.3556984741 250.129770992 -42.5801526718 9.13740458015 END
START -7.91523068848 -8.0397291748 2.10210905762 250.129770992 -49.6259541985 5.99236641221 END
START 3.52905324707 -14.5950533203 4.98712205811 250.129770992 -49.0458015267 9.56488549618 END
START -5.46117398682 -6.99346304932 4.20900651855 250.129770992 -54.8396946565 3.20610687023 END
START 2.10450325928 -2.00634099121 8.04212337646 250.129770992 -65.6564885496 2.76335877863 END
START 10.7810900757 -7.6494743042 8.70531723633 250.129770992 -70.2519083969 3.48091603053 END
START -3.32794030762 -11.6980693115 4.62320340576 250.129770992 -64.5419847328 8.19083969466 END
START -2.12365687256 -11.9255184692 11.3102086426 250.129770992 -64.4503816794 8.24427480916 END
START 6.44279666748 -3.20104761963 12.5887123291 250.129770992 -63.7633587786 2.54961832061 END
START -5.8226984375 -9.7348239502 7.69256993408 250.129770992 -69.1755725191 3.95419847328 END
START -2.62883342285 -16.1177655762 10.8457335205 250.129770992 -75.9465648855 1.71755725191 END
START 1.49158763428 -1.22583125 9.48343277588 250.129770992 -77.8625954198 0.381679389313 END
START -1.19470662842 -6.17943448486 7.83622203369 250.129770992 -81.3129770992 5.67175572519 END
START 10.7882726807 -7.31189187012 8.9231895874 250.129770992 -74.358778626 11.7022900763 END
START -1.00317049561 -7.62313808594 8.85375773926 250.129770992 -70.534351145 14.5114503817 END
START -1.31920511475 -9.8665050415 3.76607921143 250.129770992 -78.6870229008 8.07633587786 END
START -2.12365687256 -1.27850368652 8.41561883545 250.129770992 -76.3511450382 6.27480916031 END
START -0.409408483887 -12.8544687134 6.96473262939 250.129770992 -71.2748091603 4.87786259542 END
START 1.04626612549 -10.673351001 12.3540805664 250.129770992 -68.5419847328 1.45801526718 END
START 5.16429298096 -12.7730658569 10.0101571411 250.129770992 -65.8625954198 0.0381679389313 END
START 3.89057769775 -11.7890489746 9.35175168457 250.129770992 -64.4503816794 5.41984732824 END
START -2.18830031738 -14.2766244995 8.57363614502 250.129770992 -58.0839694656 7.29770992366 END
START 1.99915838623 -10.7499654541 7.66623371582 250.129770992 -59.8015267176 9.16030534351 END
START 4.37660063477 -10.6925046143 5.96874473877 250.129770992 -53.0839694656 7.07633587786 END
START 16.0890351562 -16.0076322998 8.23605371094 250.129770992 -49.9847328244 12.8778625954 END
START 8.08761320801 -10.8936175537 10.7906668823 250.129770992 -55.2748091603 16.213740458 END
START -1.01274730225 -7.25682523193 9.04529387207 250.129770992 -45.9618320611 3.12213740458 END
START -0.756567724609 -9.23683000488 5.09246693115 250.129770992 -46.9770992366 13.9923664122 END
START -5.88973608398 -1.66397015381 7.55849464111 250.129770992 -41.9083969466 17.9389312977 END
START 5.2337248291 -9.27274302979 8.54729992676 250.129770992 -39.8091603053 -3.7786259542 END
START 0.30166940918 -5.19541760254 10.0700121826 250.129770992 -60.3435114504 8.61832061069 END
START -1.86029468994 -6.17225187988 9.95030209961 250.129770992 -64.7099236641 10.1679389313 END
START -6.98388624268 -8.33182177734 11.0827594849 250.129770992 -62.2290076336 15.320610687 END
START -8.13070883789 -12.4139356079 8.07085379639 250.129770992 -74.6335877863 6.7786259542 END
START -5.26245524902 -9.04529387207 2.57376678467 250.129770992 -76.0305343511 11.0076335878 END
START 0.277727392578 -9.53371101074 10.1418382324 250.129770992 -90.6106870229 7.38167938931 END
START 6.65348641357 -4.28083256836 9.27034882812 250.129770992 -103.419847328 12.9007633588 END
START -3.2992098877 -18.499996228 13.737929126 250.129770992 -88.4045801527 10.2213740458 END
START 0.45250411377 -10.6972930176 12.0835357788 250.129770992 -101.038167939 15.213740458 END
START 0.0814028564453 -12.5432224976 15.3516210449 250.129770992 -94.5496183206 5.83969465649 END
START 6.89290657959 -12.2631009033 7.91044228516 250.129770992 -85.2748091603 10.6946564885 END