START 1.97521636963 2.09492645264 10.1609918457 250.129770992 -103.770992366 7.91603053435 END
START 6.76840809326 -11.9781909058 6.23689532471 250.129770992 -97.5419847328 -2.5572519084 END
START 4.75488449707 -8.2983029541 19.5893579834 250.129770992 -93.7938931298 1.00763358779 END
START 7.81228001709 -6.65588061523 -0.557848986816 250.129770992 -98.0916030534 7.37404580153 END
START 6.12197364502 -1.02232410889 9.40202991943 250.129770992 -82.5496183206 3.99236641221 END
START 4.18027609863 -7.88171186523 7.63271489258 250.129770992 -62.4427480916 7.45801526718 END
START -4.61123239746 -0.126892687988 2.49236392822 250.129770992 -78.8854961832 1.77099236641 END
START 2.19069451904 -5.96156213379 5.07331331787 250.129770992 -77.9770992366 3.0 END
START -9.1338793335 -5.48511600342 9.35654008789 250.129770992 -70.2595419847 6.69465648855 END
START 4.69742365723 -13.46977854 6.39012423096 250.129770992 -85.0152671756 4.70992366412 END
START 1.73100780029 -3.16513459473 3.38061274414 250.129770992 -70.5877862595 13.7175572519 END
START -2.62165081787 -3.4189199707 8.99022723389 250.129770992 -72.0916030534 2.15267175573 END
START 1.13006318359 -4.68305844727 8.96149681396 250.129770992 -71.1526717557 0.404580152672 END
START 0.514753356934 -6.59363137207 12.3971761963 250.129770992 -73.0992366412 1.18320610687 END
START -2.90177241211 -9.31823286133 6.39491263428 250.129770992 -75.5572519084 4.32061068702 END
START 5.72214196777 -10.5991307495 9.8186210083 250.129770992 -63.8396946565 3.20610687023 END
START -2.60489140625 -5.05894810791 10.1490208374 250.129770992 -57.5877862595 10.786259542 END
START 6.0932432251 -7.67581052246 5.87776507568 250.129770992 -58.1374045802 3.85496183206 END
START -3.64876333008 -4.37420643311 10.9103769653 250.129770992 -61.9312977099 5.12977099237 END
START 2.19548292236 -10.7523596558 5.85142885742 250.129770992 -67.0458015267 18.9389312977 END
START 0.119710083008 -2.84191737061 7.52737001953 250.129770992 -54.4122137405 12.358778626 END
START -2.34392342529 -7.19936439209 5.54257684326 250.129770992 -60.9541984733 9.21374045802 END
START 1.59932670898 0.00239420166016 8.73883605957 250.129770992 -53.7633587786 3.24427480916 END
START 1.61848032227 -4.43645567627 8.89685336914 250.129770992 -54.465648855 12.1297709924 END
START 6.23928952637 -10.7403886475 4.35505281982 250.129770992 -49.5038167939 7.72519083969 END
START -6.05014759521 -8.02536396484 6.38533582764 250.129770992 -44.5496183206 10.6564885496 END
START 2.24097275391 -16.6301247314 5.2456958374 250.129770992 -47.9083969466 0.251908396947 END
START 4.44603248291 -6.07169541016 3.48835181885 250.129770992 -50.1908396947 7.48854961832 END
START 7.24485422363 -9.71327613525 10.3453453735 250.129770992 -48.0229007634 2.2213740458 END
START 3.22738383789 -4.21379492187 7.73566556396 250.129770992 -39.0152671756 8.34351145038 END
START 2.66235224609 -12.7563064453 6.86657036133 250.129770992 -36.1450381679 5.69465648855 END
START 2.48039291992 -11.5352635986 4.42448466797 250.129770992 -39.9694656489 5.18320610687 END
START 3.68467635498 -6.24647213135 10.9678378052 250.129770992 -46.358778626 10.0763358779 END
START -0.323217224121 -11.3868230957 9.1578213501 250.129770992 -43.1908396947 4.7786259542 END
START -1.41497318115 -10.2783077271 10.6494089844 250.129770992 -51.4809160305 11.0992366412 END
START 0.902614025879 -6.51462271729 7.65665690918 250.129770992 -46.9007633588 7.34351145038 END
START -2.56897838135 -6.37815322266 6.53377633057 250.129770992 -46.2519083969 1.0534351145 END
START 0.565031591797 -11.8105967896 6.88093557129 250.129770992 -59.534351145 20.4809160305 END
START 2.71263048096 -10.4602670532 14.5112562622 250.129770992 -65.8167938931 3.64122137405 END
START -1.77410343018 -9.2655604248 13.1824743408 250.129770992 -65.4732824427 9.12213740458 END
START 0.0694318481445 -1.86987149658 6.20577070312 250.129770992 -80.9312977099 4.23664122137 END
START 4.8913539917 -10.4171714233 10.546458313 250.129770992 -74.2900763359 0.328244274809 END
START 6.89769498291 -18.0810109375 9.93354268799 250.129770992 -91.7251908397 11.106870229 END
START -3.07415493164 -7.60877287598 3.75410820312 250.129770992 -76.8320610687 9.61832061069 END
START -0.411802685547 -2.06380183105 9.56483563232 250.129770992 -85.9847328244 9.85496183206 END
START 3.65115753174 -4.12999786377 12.0643821655 250.129770992 -90.4580152672 6.15267175573 END
START -2.32955821533 -9.63426748047 16.8479970825 250.129770992 -90.7251908397 9.24427480916 END
START 3.73016618652 -5.89691868896 9.18894597168 250.129770992 -104.786259542 7.20610687023 END
START 0.30406361084 -1.97282216797 6.6822168335 250.129770992 -106.419847328 10.0763358779 END
START 0.325611425781 -5.93522591553 8.74362446289 250.129770992 -105.496183206 0.335877862595 END
START 0.354341845703 -7.13472094727 11.7555301514 250.129770992 -104.541984733 7.3893129771 END
START 5.15950457764 -6.988674646 11.279084021 250.129770992 -98.0687022901 3.80152671756 END
START -3.11725056152 -11.6430026733 7.9200190918 250.129770992 -105.236641221 6.49618320611 END
START 2.66235224609 -4.32392819824 17.7721589233 250.129770992 -104.099236641 9.4427480916 END
START 3.66312854004 -5.76044919434 1.57777889404 250.129770992 -104.305343511 2.36641221374 END
START 1.89620771484 -6.89290657959 6.58166036377 250.129770992 -96.4961832061 12.0305343511 END
START 7.35977590332 -7.98945093994 15.7251165039 250.129770992 -99.4351145038 5.09923664122 END
START 3.63918652344 1.35990654297 10.1226846191 250.129770992 -83.6717557252 -0.656488549618 END
START 4.71657727051 -6.33266339111 7.7332713623 250.129770992 -84.3816793893 3.48854961832 END
START 4.72136567383 -14.9254531494 7.65665690918 250.129770992 -65.9236641221 12.5114503817 END
START -5.02303508301 -2.22660754395 6.6702458252 250.129770992 -68.3893129771 6.3358778626 END
START 4.96078583984 -1.70227738037 10.6996872192 250.129770992 -60.7328244275 12.1908396947 END
START -1.19949503174 -6.40448944092 6.54814154053 250.129770992 -65.786259542 8.87022900763 END
START 4.14675727539 -1.91536132812 15.5000615479 250.129770992 -58.6183206107 12.6641221374 END
START 3.60806190186 -6.4356140625 10.9223479736 250.129770992 -52.7480916031 8.15267175573 END
START -4.28801517334 -3.3590649292 13.6924392944 250.129770992 -53.0152671756 10.9312977099 END
START -6.52898792725 -2.57376678467 7.2831614502 250.129770992 -62.7480916031 2.51908396947 END
START -1.38145435791 -5.52581743164 8.0397291748 250.129770992 -64.3358778626 10.0152671756 END
START -6.84981094971 -3.14837518311 5.55933625488 250.129770992 -58.9694656489 0.343511450382 END
START -1.09175595703 -7.76200178223 5.43483776855 250.129770992 -63.7786259542 8.73282442748 END
START -6.31111557617 -5.15950457764 12.4283008179 250.129770992 -52.9236641221 3.96946564885 END
START 1.60650931396 -2.03985981445 9.11951412354 250.129770992 -53.8396946565 11.5038167939 END
START -6.03817658691 -0.351947644043 6.88811817627 250.129770992 -55.213740458 17.2213740458 END
START -4.44603248291 -5.03021768799 5.91128389893 250.129770992 -64.3664122137 16.1526717557 END
START 1.52750065918 -5.42765516357 9.22007059326 250.129770992 -73.8396946565 0.519083969466 END
START -0.248996972656 -5.52342322998 5.14035096436 250.129770992 -66.0610687023 4.34351145038 END
START 3.97916315918 -5.12359155273 2.94007963867 250.129770992 -62.5267175573 13.5572519084 END
START -8.9591026123 -0.9193734375 4.01507618408 250.129770992 -69.534351145 14.427480916 END
START 10.6853220093 -14.4897084473 4.2544963501 250.129770992 -73.2442748092 -1.85496183206 END
START 8.15465085449 -5.64313331299 5.2337248291 250.129770992 -78.8396946565 12.7404580153 END
START -0.972045874023 -3.51708223877 12.3468979614 250.129770992 -74.9389312977 8.74045801527 END
START -0.665588061523 -6.79474431152 7.76679018555 250.129770992 -59.7557251908 8.08396946565 END
START -0.75896192627 -5.10922634277 2.40856687012 250.129770992 -62.3969465649 5.32824427481 END
START -1.27610948486 -7.12993254395 11.2264115845 250.129770992 -55.7328244275 3.06106870229 END
START 2.06859023437 -8.8393925293 7.20654699707 250.129770992 -48.3435114504 3.40458015267 END
START -1.58256729736 -11.7603185547 3.40216055908 250.129770992 -56.4885496183 12.1984732824 END
START 4.76446130371 -18.8016656372 7.58483085937 250.129770992 -36.0229007634 -3.75572519084 END
START 1.15161099854 -4.12760366211 5.78199700928 250.129770992 -37.1679389313 8.16030534351 END
START 0.883460412598 -12.1745154419 10.8289741089 250.129770992 -38.320610687 9.54198473282 END
START 7.79791480713 -17.6380836304 5.17865819092 250.129770992 -54.6030534351 19.9618320611 END
START -0.356736047363 -3.84748206787 4.30716878662 250.129770992 -49.5877862595 9.1679389313 END
START -1.75016141357 -15.8663744019 8.10197841797 250.129770992 -50.7022900763 15.0152671756 END
START 3.36624753418 -5.93762011719 5.07331331787 250.129770992 -59.7633587786 9.58015267176 END
START 12.5073094727 -4.83868155518 3.36624753418 250.129770992 -55.7099236641 -2.12213740458 END
START 4.6447512207 -12.0955067871 6.59841977539 250.129770992 -62.9770992366 5.04580152672 END
START 4.27125576172 0.555454785156 4.22337172852 250.129770992 -72.1755725191 7.49618320611 END
START 2.07816704102 -17.5447097656 11.0827594849 250.129770992 -61.6030534351 4.08396946565 END
START 9.08360109863 -7.85776984863 14.7075807983 250.129770992 -59.2213740458 3.80916030534 END
START 5.1978118042 -3.74453139648 12.145785022 250.129770992 -72.0992366412 13.8625954198 END
START 0.749385119629 -5.1379567627 9.98621512451 250.129770992 -71.6717557252 22.4503816794 END
START -8.97586202393 -5.35582911377 13.9988971069 250.129770992 -69.465648855 7.41221374046 END
START -8.2504189209 -12.7898252686 5.59285507812 250.129770992 -71.5038167939 13.8091603053 END
START 1.81241065674 -13.4099234985 11.1617681396 250.129770992 -60.2595419847 12.5496183206 END
START 0.395043273926 -10.180145459 9.75397756348 250.129770992 -55.1374045802 6.78625954198 END
START -2.1332336792 4.5250411377 11.0851536865 250.129770992 -60.9847328244 12.786259542 END
START -2.1332336792 -5.8346694458 6.20337650146 250.129770992 -63.5572519084 13.427480916 END
START 7.80030900879 -15.5575223877 7.30949766846 250.129770992 -60.7022900763 9.29007633588 END
START -1.08696755371 -14.3843635742 5.09246693115 250.129770992 -69.0534351145 17.1603053435 END
START 0.318428820801 -14.6357547485 8.19295808105 250.129770992 -66.2519083969 2.75572519084 END
START 6.27999095459 -11.1761333496 4.22337172852 250.129770992 -58.7938931298 1.85496183206 END
START 4.37899483643 -8.62630858154 7.32625708008 250.129770992 -62.0229007634 5.87786259542 END
START 2.70544787598 -13.49850896 7.80270321045 250.129770992 -49.1908396947 2.45038167939 END
START -2.89698400879 -0.0981622680664 11.6621562866 250.129770992 -54.9312977099 0.427480916031 END
START 4.5250411377 -5.73650717773 2.33434661865 250.129770992 -53.3282442748 3.12213740458 END
START 6.43321986084 -2.24097275391 6.11479104004 250.129770992 -41.6717557252 6.04580152672 END
START -0.404620080566 -12.0069213257 7.06289489746 250.129770992 -35.4351145038 2.84732824427 END
START 6.78037910156 -8.15943925781 8.34139858398 250.129770992 -38.9083969466 11.0687022901 END
START -2.93529123535 -3.24893165283 6.22013591309 250.129770992 -29.4885496183 19.0610687023 END
START 5.95437952881 -9.70609353027 11.5615998169 250.129770992 -30.1679389313 10.2671755725 END
START -3.13400997314 -8.34858118896 3.78044442139 250.129770992 -18.9541984733 12.2290076336 END
START 2.17154090576 -8.51138690186 3.41173736572 250.129770992 -26.3893129771 4.95419847328 END
START 6.38533582764 -10.9654436035 8.21211169434 250.129770992 -34.6106870229 9.06106870229 END
START -6.87854136963 -3.23217224121 7.81467421875 250.129770992 -56.893129771 14.2824427481 END
START -6.25365473633 -7.97747993164 5.81312163086 250.129770992 -58.3129770992 -1.88549618321 END
START -3.46440980225 -11.0061450317 11.3820346924 250.129770992 -79.5877862595 7.35877862595 END
START -13.0867062744 -6.04535919189 10.7810900757 250.129770992 -81.2595419847 9.08396946565 END
START 2.53545955811 -13.0364280396 5.51145222168 250.129770992 -96.8549618321 3.03053435115 END
START 3.85466467285 -12.8113730835 1.68791217041 250.129770992 -96.6870229008 11.572519084 END
START 2.25054956055 -7.3909005249 1.98718737793 250.129770992 -100.335877863 4.92366412214 END
START 1.08696755371 -6.1650692749 8.54969412842 250.129770992 -79.2213740458 13.6488549618 END
START -3.50271702881 -6.68700523682 7.91523068848 250.129770992 -71.0152671756 4.06870229008 END
START 4.37660063477 -10.8265799072 9.99579193115 250.129770992 -70.7709923664 14.213740458 END
START 6.96233842773 -9.39963571777 9.15303294678 250.129770992 -56.7786259542 7.51145038168 END
START 0.272938989258 -4.45082088623 5.71256516113 250.129770992 -51.1145038168 4.4427480916 END
START 1.59932670898 -7.05571229248 5.45159718018 250.129770992 -35.1450381679 9.22900763359 END
START 9.76116016846 -7.72369455566 9.15063874512 250.129770992 -32.4732824427 11.5954198473 END
START 2.13802208252 -8.2504189209 7.69496413574 250.129770992 -29.4198473282 13.8167938931 END
START 6.26323154297 -10.2328178955 9.66778630371 250.129770992 -38.3053435115 4.20610687023 END
START 10.4866032715 -11.6621562866 4.9272670166 250.129770992 -48.2824427481 8.36641221374 END