START 4.02944139404 -6.02381137695 7.75003077393 250.129770992 -103.748091603 0.160305343511 END
START -0.624886633301 -2.14999309082 11.4490723389 250.129770992 -112.916030534 -1.92366412214 END
START -9.55047042236 -3.84508786621 7.88889447021 250.129770992 -102.236641221 7.38167938931 END
START 3.55538946533 -9.11951412354 6.59841977539 250.129770992 -103.198473282 -1.15267175573 END
START -5.71495936279 -5.87297667236 8.42040723877 250.129770992 -96.1679389313 12.0381679389 END
START -0.931344445801 -8.44674345703 12.504915271 250.129770992 -94.6488549618 13.5877862595 END
START -2.12605107422 -6.37097061768 10.6901104126 250.129770992 -89.6641221374 9.06106870229 END
START -8.5209637085 0.972045874023 3.6056677002 250.129770992 -95.3893129771 8.9465648855 END
START 10.7140524292 -11.2910550293 4.10126744385 250.129770992 -95.2061068702 0.862595419847 END
START -5.5401826416 -5.98071574707 7.92959589844 250.129770992 -79.9923664122 9.38167938931 END
START 3.06697232666 -12.0643821655 8.69095202637 250.129770992 -72.5496183206 8.98473282443 END
START 0.0957680664062 -2.33434661865 10.0628295776 250.129770992 -72.2900763359 6.57251908397 END
START 0.181959326172 3.89776030273 7.48188018799 250.129770992 -74.5877862595 3.64885496183 END
START 0.375889660645 -5.12359155273 14.5735055054 250.129770992 -72.5954198473 6.95419847328 END
START -6.50983431396 -5.2456958374 6.05972440186 250.129770992 -73.534351145 1.59541984733 END
START 6.10760843506 -10.6015249512 8.15465085449 250.129770992 -68.7404580153 3.58778625954 END
START -3.3710359375 -5.61679709473 13.745111731 250.129770992 -69.3969465649 2.26717557252 END
START 1.33357032471 -5.30315667725 5.72932457275 250.129770992 -62.1603053435 9.93893129771 END
START 7.3310454834 -12.4498486328 11.5496288086 250.129770992 -60.8015267176 12.5954198473 END
START -1.4963760376 -13.1800801392 9.65820949707 250.129770992 -56.6564885496 11.1526717557 END
START 3.24414324951 -8.57842454834 6.30393297119 250.129770992 -57.4732824427 2.92366412214 END
START -5.20260020752 -12.4378776245 10.5823713379 250.129770992 -57.1908396947 3.53435114504 END
START -7.59680186768 -16.1488901978 5.2576668457 250.129770992 -51.0458015267 6.2213740458 END
START 2.14999309082 -5.68383474121 7.28555565186 250.129770992 -51.9007633588 3.40458015267 END
START 0.952892260742 -7.34541069336 8.09479581299 250.129770992 -43.8854961832 19.0534351145 END
START 2.99993468018 -8.51378110352 13.8169377808 250.129770992 -47.4198473282 13.5954198473 END
START 6.11957944336 -12.6581441772 6.49068070068 250.129770992 -54.3435114504 7.15267175573 END
START 6.4116720459 -4.95599743652 6.61517918701 250.129770992 -50.6641221374 11.2595419847 END
START 1.10372696533 -9.38766470947 6.25365473633 250.129770992 -46.5114503817 4.80916030534 END
START -0.330399829102 -7.01501086426 10.6158901611 250.129770992 -41.358778626 6.09923664122 END
START 3.0286651001 -9.18894597168 9.62469067383 250.129770992 -49.7404580153 11.6488549618 END
START 3.7493197998 -10.5081510864 6.81868632812 250.129770992 -48.9923664122 2.60305343511 END
START -1.6041151123 -5.71495936279 8.87291135254 250.129770992 -49.5877862595 6.5572519084 END
START 8.63109698486 -3.95282694092 5.75805499268 250.129770992 -61.0916030534 9.96183206107 END
START 1.8267758667 0.289698400879 7.24006582031 250.129770992 -56.9847328244 15.1526717557 END
START 1.02711251221 -9.39005891113 9.82101520996 250.129770992 -57.3129770992 10.5572519084 END
START 1.07020814209 -13.1776859375 5.23851323242 250.129770992 -63.5801526718 9.32824427481 END
START 6.26323154297 -5.48990440674 6.0932432251 250.129770992 -64.8549618321 3.26717557252 END
START -2.87543619385 -13.3093670288 10.1083194092 250.129770992 -63.6870229008 -0.343511450382 END
START 2.12365687256 -10.2256352905 13.005303418 250.129770992 -83.4580152672 5.64885496183 END
START 5.32470449219 -4.63756861572 9.63905588379 250.129770992 -73.2213740458 5.69465648855 END
START -0.260967980957 -11.2958434326 6.72291826172 250.129770992 -79.2595419847 1.90076335878 END
START 8.28154354248 -8.49462749023 6.71094725342 250.129770992 -78.2900763359 0.526717557252 END
START 4.72375987549 -7.721300354 4.08690223389 250.129770992 -81.6259541985 15.0763358779 END
START 0.706289489746 -10.6781394043 11.5208983887 250.129770992 -93.5038167939 15.320610687 END
START 4.07493122559 -11.4801969604 5.07331331787 250.129770992 -92.7480916031 15.1526717557 END
START 0.706289489746 -10.3956236084 9.98382092285 250.129770992 -98.2290076336 10.4580152672 END
START 4.74051928711 -4.537012146 10.5991307495 250.129770992 -93.2977099237 10.8778625954 END
START 1.43891519775 -9.90241806641 5.84185205078 250.129770992 -98.5267175573 8.20610687023 END
START -5.29836827393 -13.5248451782 5.20499440918 250.129770992 -99.213740458 4.10687022901 END
START 6.31829818115 -10.4459018433 4.50109912109 250.129770992 -104.648854962 7.38167938931 END
START -0.672770666504 -3.3710359375 6.02620557861 250.129770992 -104.702290076 8.88549618321 END
START 3.06218392334 -9.06444748535 9.2416184082 250.129770992 -103.832061069 4.43511450382 END
START 9.63905588379 -2.97120426025 13.8241203857 250.129770992 -104.27480916 11.5190839695 END
START 3.97676895752 -4.13239206543 11.0923362915 250.129770992 -112.06870229 1.31297709924 END
START -6.64390960693 -3.32554610596 12.0691705688 250.129770992 -104.778625954 9.12213740458 END
START 1.30244570312 -5.34385810547 13.9151000488 250.129770992 -104.961832061 17.9007633588 END
START 0.816422766113 -7.88410606689 9.85213983154 250.129770992 -104.618320611 3.13740458015 END
START 0.186747729492 -5.72693037109 6.55292994385 250.129770992 -104.045801527 -2.71755725191 END
START -3.12203896484 -7.8960770752 11.9398836792 250.129770992 -99.7404580153 14.7022900763 END
START 5.83227524414 -0.541089575195 7.54652363281 250.129770992 -82.9083969466 8.88549618321 END
START 1.90099611816 -7.48188018799 6.98388624268 250.129770992 -81.3664122137 2.03053435115 END
START -7.05810649414 -6.64869801025 8.21211169434 250.129770992 -72.0916030534 -1.91603053435 END
START -4.07493122559 -11.7315881348 11.1785275513 250.129770992 -74.0916030534 16.7099236641 END
START 3.02627089844 1.61369191895 10.8600987305 250.129770992 -63.7251908397 7.58015267176 END
START -7.40526573486 -5.90170709229 7.87931766357 250.129770992 -64.3129770992 17.2900763359 END
START -0.0957680664062 -12.3947819946 6.61278498535 250.129770992 -59.2213740458 -3.91603053435 END
START -5.10922634277 -8.90403597412 13.2782424072 250.129770992 -58.4809160305 12.0 END
START 2.49236392822 -9.01895765381 5.92564910889 250.129770992 -62.8778625954 6.89312977099 END
START -1.07260234375 -1.60890351563 5.88973608398 250.129770992 -56.5190839695 7.10687022901 END
START -2.24336695557 -14.0731173584 5.01345827637 250.129770992 -61.8396946565 8.46564885496 END
START -4.85304676514 -1.68072956543 15.4665427246 250.129770992 -66.2977099237 2.38167938931 END
START 6.16267507324 -11.8249619995 9.87608184814 250.129770992 -75.3053435115 9.41221374046 END
START -0.890643017578 -1.86508309326 9.7827079834 250.129770992 -72.8549618321 5.23664122137 END
START -2.02549460449 -9.86411083984 8.8992475708 250.129770992 -76.7938931298 6.83969465649 END
START 0.0909796630859 -1.04866032715 3.86424147949 250.129770992 -73.8167938931 4.76335877863 END
START -1.24259066162 -7.07007750244 6.13873305664 250.129770992 -94.1755725191 8.48854961832 END
START 10.1609918457 -10.7978494873 2.76769711914 250.129770992 -84.0305343511 6.71755725191 END
START -3.96240374756 -11.5520230103 4.11563265381 250.129770992 -74.786259542 9.61832061069 END
START -0.888248815918 -14.4442186157 5.74368978271 250.129770992 -62.8167938931 2.03053435115 END
START 3.03345350342 -15.5120325562 6.50025750732 250.129770992 -51.8778625954 1.54961832061 END
START -2.02310040283 -4.76206710205 3.34230551758 250.129770992 -48.8549618321 -1.43511450382 END
START 2.34871182861 -13.2112047607 9.29189664307 250.129770992 -42.0152671756 9.80152671756 END
START 4.80755693359 -16.3452147339 11.4418897339 250.129770992 -55.6641221374 11.5190839695 END
START 0.361524450684 -7.39329472656 1.80762225342 250.129770992 -34.2519083969 13.9465648855 END
START -2.88740720215 -8.17380446777 10.1825396606 250.129770992 -32.1755725191 12.2366412214 END
START 10.053252771 -4.81952794189 1.39581956787 250.129770992 -34.1832061069 10.8396946565 END
START 6.95994422607 -15.8663744019 12.5815297241 250.129770992 -48.7938931298 6.49618320611 END
START 7.98945093994 -9.55286462402 11.3509100708 250.129770992 -42.1679389313 9.14503816794 END
START 3.1244331665 -7.23527741699 9.98382092285 250.129770992 -57.2671755725 3.6106870229 END
START -11.413159314 -9.52892260742 8.95670841064 250.129770992 -60.6488549618 12.6717557252 END
START -8.26957253418 -6.12915625 13.1633207275 250.129770992 -59.8015267176 9.3358778626 END
START 8.5688477417 -9.51695159912 6.19379969482 250.129770992 -68.3511450382 5.65648854962 END
START 5.38695373535 -7.68299312744 5.37498272705 250.129770992 -59.5954198473 2.32824427481 END
START 2.93289703369 -4.43406147461 6.27520255127 250.129770992 -71.0992366412 13.1526717557 END
START 2.60489140625 -9.33499227295 9.7946789917 250.129770992 -68.7022900763 10.6183206107 END
START 5.00388146973 -4.56813676758 14.3412679443 250.129770992 -60.0229007634 1.03053435115 END
START -0.581791003418 -12.4642138428 9.50258638916 250.129770992 -64.3053435115 8.0534351145 END
START 1.42215578613 -6.7061588501 7.59680186768 250.129770992 -65.5190839695 8.68702290076 END
START 0.91458503418 -8.59518395996 8.12352623291 250.129770992 -59.8778625954 1.58015267176 END
START -9.92157167969 -14.6070243286 16.6061827148 250.129770992 -58.6030534351 7.62595419847 END
START -2.27449157715 -6.495469104 12.2343704834 250.129770992 -60.572519084 6.70992366412 END
START 6.13873305664 -7.57046564941 8.66940421143 250.129770992 -62.0763358779 6.86259541985 END
START -1.31202250977 -16.287753894 4.82431634521 250.129770992 -67.427480916 -1.42748091603 END
START -1.75973822021 -12.5839239258 10.158597644 250.129770992 -62.7633587786 11.3053435115 END
START 3.01908829346 -9.09796630859 8.56166513672 250.129770992 -62.1755725191 12.534351145 END
START 0.689530078125 -8.31985076904 6.43321986084 250.129770992 -52.3435114504 4.88549618321 END
START -3.95761534424 -5.67904633789 3.924096521 250.129770992 -53.9007633588 19.4732824427 END
START 8.07564219971 -7.02698187256 11.0157218384 250.129770992 -61.4503816794 7.17557251908 END
START -4.55616575928 -10.6374379761 7.59680186768 250.129770992 -44.3129770992 18.0992366412 END
START 6.62715019531 -2.95444484863 7.21372960205 250.129770992 -52.9389312977 3.12213740458 END
START 2.37025964355 -12.5647703125 10.5943423462 250.129770992 -54.2824427481 13.3511450382 END
START -2.15238729248 -3.57454307861 10.2040874756 250.129770992 -38.3664122137 2.61832061069 END
START 1.22104284668 -12.8281324951 7.64468590088 250.129770992 -32.8091603053 4.95419847328 END
START -1.41018477783 -10.4626612549 3.90254870605 250.129770992 -31.9923664122 7.09923664122 END
START -3.7134067749 -11.3102086426 6.51462271729 250.129770992 -37.2442748092 7.57251908397 END
START -2.58094938965 -2.12365687256 9.00219824219 250.129770992 -38.1679389313 1.0 END
START -3.05978972168 -9.63426748047 11.7315881348 250.129770992 -43.358778626 17.4351145038 END
START -0.45489831543 -10.6637741943 11.5711766235 250.129770992 -52.9236641221 10.8854961832 END
START -9.45949075928 -13.3237322388 6.58644876709 250.129770992 -60.1755725191 5.10687022901 END
START -3.38061274414 -9.07881269531 10.9391073853 250.129770992 -70.2824427481 7.36641221374 END
START 3.07894333496 -7.38132371826 7.11077893066 250.129770992 -89.8625954198 18.2595419847 END
START 2.96402165527 -8.74362446289 9.11711992188 250.129770992 -97.8549618321 1.77099236641 END
START 0.0861912597656 -4.15154567871 8.69574042969 250.129770992 -91.1450381679 7.89312977099 END
START -0.205901342773 -9.87368764648 7.18021077881 250.129770992 -103.458015267 2.0534351145 END
START 4.8793829834 -13.8217261841 6.96473262939 250.129770992 -90.7938931298 11.5954198473 END
START 6.24407792969 -13.7068045044 7.81706842041 250.129770992 -78.7175572519 -2.16030534351 END
START 3.9360675293 -7.73566556396 9.61032546387 250.129770992 -70.3664122137 9.70229007634 END
START 8.80347950439 -8.84657513428 4.38857164307 250.129770992 -65.9694656489 7.11450381679 END
START 2.99035787354 -5.34625230713 10.0412817627 250.129770992 -56.8167938931 15.9465648855 END
START 7.39329472656 -6.05972440186 3.36385333252 250.129770992 -50.6870229008 18.8244274809 END
START -4.86501777344 -8.5089927002 9.17697496338 250.129770992 -44.9465648855 8.27480916031 END
START -2.83234056396 -16.0196033081 5.46596239014 250.129770992 -46.8015267176 15.8167938931 END
START -0.567425793457 -9.77313117676 11.0851536865 250.129770992 -46.9847328244 16.4732824427 END
START 3.95043273926 -14.5160446655 5.32709869385 250.129770992 -47.4122137405 5.92366412214 END
START 0.0143652099609 -9.37329949951 5.38455953369 250.129770992 -51.2977099237 6.4427480916 END