START 0.845153186035 -10.2639425171 5.62397969971 250.129770992 -94.893129771 -0.603053435115 END
START 6.78516750488 -10.8170031006 8.82981572266 250.129770992 -84.1374045802 6.51908396947 END
START 4.06774862061 -13.3045786255 9.95748470459 250.129770992 -98.3664122137 -4.90839694656 END
START -4.81952794189 -4.99669886475 11.9327010742 250.129770992 -97.4809160305 4.79389312977 END
START 1.43891519775 -8.8154505127 3.0406361084 250.129770992 -94.2748091603 4.09160305344 END
START -3.87381828613 -5.64552751465 11.8608750244 250.129770992 -91.1526717557 2.51145038168 END
START -2.26730897217 -7.87452926025 7.56328304443 250.129770992 -87.5877862595 16.0 END
START 0.802057556152 -4.3502644165 14.08987677 250.129770992 -81.1297709924 7.54198473282 END
START 7.03177027588 -10.2016932739 15.7203281006 250.129770992 -80.0687022901 14.9694656489 END
START -3.32554610596 -3.82114584961 10.0005803345 250.129770992 -66.8549618321 5.58778625954 END
START 2.64080443115 -7.52976422119 8.69095202637 250.129770992 -60.9465648855 17.2748091603 END
START -2.97120426025 -10.7236292358 7.89368287354 250.129770992 -77.3282442748 4.00763358779 END
START 10.4554786499 -14.8512328979 11.4323129272 250.129770992 -60.7557251908 11.1526717557 END
START 0.0694318481445 -5.94719692383 14.0922709717 250.129770992 -63.9007633588 8.65648854962 END
START -0.0909796630859 -10.905588562 8.16662186279 250.129770992 -61.3435114504 8.61832061069 END
START -5.96635053711 -14.9134821411 9.43554874268 250.129770992 -56.320610687 4.43511450382 END
START -1.93690914307 -7.61595548096 10.2735193237 250.129770992 -50.2061068702 5.86259541985 END
START -7.32146867676 -8.07564219971 7.32386287842 250.129770992 -56.3893129771 12.4503816794 END
START 5.94480272217 -10.8936175537 12.6653267822 250.129770992 -57.9923664122 -2.2213740458 END
START -4.84107575684 -12.6916630005 9.01177504883 250.129770992 -66.8854961832 9.72519083969 END
START -3.9121255127 -7.55370623779 8.04691177979 250.129770992 -65.427480916 -1.10687022901 END
START -1.62566292725 -14.4825258423 8.73165345459 250.129770992 -68.9770992366 5.98473282443 END
START 6.07887801514 -13.2997902222 12.4809732544 250.129770992 -60.3740458015 13.5114503817 END
START 3.26569106445 -4.9512090332 2.60489140625 250.129770992 -55.0687022901 1.65648854962 END
START 4.22337172852 -6.06451280518 4.88177718506 250.129770992 -48.3282442748 6.89312977099 END
START 3.95043273926 -5.68144053955 12.2894371216 250.129770992 -47.679389313 2.01526717557 END
START -0.378283862305 -5.08767852783 12.7323644287 250.129770992 -47.4045801527 -3.12977099237 END
START 6.94318481445 -14.7722242432 9.52174000244 250.129770992 -49.786259542 19.9694656489 END
START 3.59130249023 -6.80910952148 10.6853220093 250.129770992 -54.1755725191 6.80152671756 END
START 2.13562788086 -12.152967627 6.26801994629 250.129770992 -54.1679389313 16.9083969466 END
START -0.0909796630859 -5.92804331055 0.237025964355 250.129770992 -51.9923664122 9.56488549618 END
START 1.88423670654 -5.34625230713 7.60877287598 250.129770992 -62.2671755725 11.1450381679 END
START -1.7788918335 -8.5568767334 12.504915271 250.129770992 -53.4198473282 6.35877862595 END
START 0.227449157715 -13.0771294678 4.77164390869 250.129770992 -41.8549618321 13.320610687 END
START 8.45392606201 0.289698400879 1.95606275635 250.129770992 -46.0839694656 7.17557251908 END
START 3.72777198486 -9.64384428711 3.68707055664 250.129770992 -62.2519083969 5.58015267176 END
START 0.366312854004 -0.823605371094 7.46990917969 250.129770992 -42.2290076336 13.9312977099 END
START -10.4435076416 -9.43076033936 8.0397291748 250.129770992 -57.9236641221 7.37404580153 END
START 0.584185205078 -9.61271966553 4.94163222656 250.129770992 -52.0 13.5190839695 END
START 2.27688577881 -10.3309801636 11.6669446899 250.129770992 -54.6564885496 7.77099236641 END
START 1.36230074463 -12.3732341797 7.57525405273 250.129770992 -68.4198473282 14.8091603053 END
START -3.46440980225 -10.3166149536 6.0693012085 250.129770992 -66.427480916 10.6106870229 END
START 5.37977113037 -12.0619879639 10.5584293213 250.129770992 -67.8396946565 7.56488549618 END
START 5.66707532959 -7.9080480835 6.87614716797 250.129770992 -83.3893129771 6.4427480916 END
START -1.84353527832 -9.84495722656 6.66306322021 250.129770992 -84.3740458015 7.77099236641 END
START -1.7908628418 -10.4459018433 5.22893642578 250.129770992 -90.5877862595 3.04580152672 END
START 3.27526787109 -15.1145950806 8.15225665283 250.129770992 -89.358778626 27.2595419847 END
START 5.46596239014 -2.07816704102 11.4945621704 250.129770992 -92.0916030534 17.5572519084 END
START 1.38624276123 -11.2383825928 6.29435616455 250.129770992 -99.106870229 15.213740458 END
START 5.43483776855 -12.251129895 14.3388737427 250.129770992 -96.3740458015 6.14503816794 END
START -4.04859500732 -5.5282116333 7.12274993896 250.129770992 -90.5801526718 4.24427480916 END
START 7.43639035645 -6.44997927246 10.5632177246 250.129770992 -85.6259541985 0.75572519084 END
START 2.1571756958 -9.04289967041 2.99514627686 250.129770992 -90.0152671756 -3.0534351145 END
START 4.6447512207 -5.54975944824 9.72524714355 250.129770992 -92.8320610687 5.83969465649 END
START 8.49702169189 -13.4171061035 5.26724365234 250.129770992 -104.465648855 8.60305343511 END
START -0.77332713623 -13.0100918213 9.26795462646 250.129770992 -103.801526718 2.8320610687 END
START -0.622492431641 -13.0603700562 12.24394729 250.129770992 -105.511450382 13.0916030534 END
START 6.07408961182 -11.5687824219 12.1194488037 250.129770992 -105.267175573 13.9694656489 END
START 1.41018477783 -12.0787473755 9.84974562988 250.129770992 -104.030534351 10.7175572519 END
START 3.3830069458 -3.08373173828 9.1458503418 250.129770992 -104.572519084 4.34351145038 END
START 6.55532414551 -8.00860455322 4.55616575928 250.129770992 -103.984732824 0.687022900763 END
START -3.4428619873 -2.00634099121 13.3261264404 250.129770992 -95.8702290076 4.01526717557 END
START -2.20984813232 -8.31266816406 4.6088381958 250.129770992 -91.0152671756 9.41984732824 END
START -1.41257897949 -9.49061538086 3.35427652588 250.129770992 -84.8396946565 4.51908396947 END
START 7.35738170166 -10.7140524292 6.80910952148 250.129770992 -69.3282442748 7.78625954198 END
START 2.40617266846 -0.177170922852 14.9996734009 250.129770992 -62.5496183206 9.57251908397 END
START 13.2351467773 -7.54412943115 11.63821427 250.129770992 -75.5419847328 10.6106870229 END
START 4.656722229 -3.56975467529 4.95599743652 250.129770992 -67.3740458015 12.1221374046 END
START 2.54743056641 -2.67671745605 8.64785639648 250.129770992 -62.2595419847 10.9236641221 END
START -2.61446821289 -11.8704518311 11.8058083862 250.129770992 -66.1297709924 7.3358778626 END
START 6.25126053467 -8.99980404053 6.96473262939 250.129770992 -66.5877862595 4.67175572519 END
START 4.10126744385 -5.18105239258 10.5775829346 250.129770992 -66.7099236641 7.12977099237 END
START 3.16992299805 -0.981622680664 7.86734665527 250.129770992 -57.7709923664 16.2290076336 END
START -0.658405456543 -6.94318481445 8.76277807617 250.129770992 -65.9923664122 3.28244274809 END
START -2.03267720947 -17.422605481 11.5807534302 250.129770992 -61.0534351145 10.0916030534 END
START -3.92888492432 -8.11394942627 6.14830986328 250.129770992 -51.9923664122 8.06870229008 END
START -4.40293685303 -10.666168396 17.9134168213 250.129770992 -59.3740458015 7.85496183206 END
START -1.30244570312 -4.54180054932 4.93444962158 250.129770992 -69.2213740458 15.7938931298 END
START 2.73896669922 -9.42118353271 4.79319172363 250.129770992 -75.9160305344 16.6488549618 END
START 0.859518395996 -8.57363614502 11.4754085571 250.129770992 -65.7328244275 12.9007633588 END
START -9.49779798584 -2.9927520752 11.6358200684 250.129770992 -62.9541984733 14.5114503817 END
START -6.04535919189 -11.01811604 10.2471831055 250.129770992 -77.3511450382 4.92366412214 END
START -2.93050283203 -2.89698400879 11.9566430908 250.129770992 -66.2290076336 13.8167938931 END
START 9.54568201904 -7.54173522949 7.70693514404 250.129770992 -69.3053435115 6.70992366412 END
START 7.87692346191 -8.58321295166 8.44674345703 250.129770992 -68.3053435115 12.7251908397 END
START -2.13562788086 -14.8919343262 4.26167895508 250.129770992 -72.0687022901 11.5801526718 END
START -2.33195241699 -15.0260096191 5.23133062744 250.129770992 -78.5419847328 4.34351145038 END
START 5.149927771 -5.79157381592 4.36941802979 250.129770992 -68.9160305344 17.9618320611 END
START 1.2018892334 -8.40604202881 3.49553442383 250.129770992 -75.2366412214 -1.54961832061 END
START 1.05105452881 -9.16260975342 1.02232410889 250.129770992 -65.8778625954 11.0687022901 END
START 11.3940057007 -14.597447522 3.71819517822 250.129770992 -64.572519084 4.62595419847 END
START 0.550666381836 -11.8704518311 5.55694205322 250.129770992 -64.8244274809 1.95419847328 END
START 1.9105729248 -10.5105452881 5.77242020264 250.129770992 -66.7175572519 2.06870229008 END
START 2.54982476807 -4.07253702393 6.90008918457 250.129770992 -61.3816793893 6.80152671756 END
START 5.73650717773 -6.21774171143 5.48272180176 250.129770992 -63.2671755725 18.1297709924 END
START 7.23767161865 -9.2057053833 14.2838071045 250.129770992 -54.7175572519 5.80152671756 END
START -3.18907661133 -5.07331331787 5.67904633789 250.129770992 -47.3358778626 4.36641221374 END
START 7.72848295898 -10.2184526855 7.77876119385 250.129770992 -55.0763358779 4.46564885496 END
START 6.17225187988 -4.46518609619 11.03248125 250.129770992 -42.8167938931 11.0076335878 END
START 6.19858809814 -8.49223328857 7.40765993652 250.129770992 -53.3435114504 3.90076335878 END
START 4.65432802734 -4.48194550781 6.61278498535 250.129770992 -45.7633587786 10.2824427481 END
START -0.114921679688 -6.37097061768 14.4394302124 250.129770992 -49.4809160305 4.40458015267 END
START 3.69904156494 -9.09796630859 3.430890979 250.129770992 -60.3816793893 8.11450381679 END
START -0.61770402832 -13.4195003052 6.92163699951 250.129770992 -54.9694656489 2.65648854962 END
START 2.03985981445 -4.63517441406 5.83227524414 250.129770992 -52.7251908397 7.83969465649 END
START -2.94486804199 -13.0388222412 2.35350023193 250.129770992 -68.0763358779 -3.49618320611 END
START 6.03578238525 -13.8001783691 13.1058598877 250.129770992 -68.2595419847 9.48091603053 END
START 0.339976635742 -7.53934102783 5.82030423584 250.129770992 -61.8396946565 8.45038167939 END
START -7.23048901367 -6.57208355713 3.62242711182 250.129770992 -71.1603053435 15.2061068702 END
START 6.23689532471 -4.24491954346 10.4482960449 250.129770992 -61.2671755725 13.9541984733 END
START 5.12359155273 -10.0819831909 4.19464130859 250.129770992 -66.7251908397 14.6335877863 END
START 2.08774384766 -15.0571342407 4.03662399902 250.129770992 -62.7404580153 13.8473282443 END
START -0.215478149414 -11.8321446045 7.54652363281 250.129770992 -64.2824427481 6.79389312977 END
START 12.7323644287 -9.45709655762 10.6422263794 250.129770992 -68.3816793893 12.4732824427 END
START 9.25837781982 -7.60877287598 6.07408961182 250.129770992 -78.8167938931 13.4122137405 END
START 5.36540592041 -9.35654008789 8.2743609375 250.129770992 -64.3282442748 9.74045801527 END
START 2.54743056641 -4.06535441895 12.3445037598 250.129770992 -68.320610687 10.5267175573 END
START -3.44525618896 -6.00944616699 6.28477935791 250.129770992 -71.1908396947 7.67938931298 END
START 0.517147558594 -8.52335791016 10.8122146973 250.129770992 -75.5114503817 8.92366412214 END
START 1.1899182251 -14.7794068481 6.05014759521 250.129770992 -62.9618320611 1.12213740458 END
START 3.48116921387 -4.46039769287 9.88565865479 250.129770992 -62.2366412214 7.47328244275 END
START -5.05415970459 -5.30794508057 6.49786330566 250.129770992 -68.2366412214 7.72519083969 END
START 4.50349332275 -14.6213895386 7.86734665527 250.129770992 -60.0534351145 10.6641221374 END
START 8.69574042969 -10.9319247803 2.87543619385 250.129770992 -66.7938931298 11.5190839695 END
START -8.0157871582 -4.043806604 5.36301171875 250.129770992 -56.9770992366 11.2900763359 END
START 7.14908615723 -9.72524714355 7.12753834229 250.129770992 -55.2977099237 17.4503816794 END
START 5.37258852539 -7.92480749512 10.771513269 250.129770992 -64.5267175573 18.5038167939 END
START -3.40934316406 -9.66299790039 7.02219346924 250.129770992 -63.3893129771 12.2824427481 END
START 9.42357773437 -9.13866773682 10.5416699097 250.129770992 -52.4503816794 1.41984732824 END
START -1.47482822266 -10.2687309204 7.29273825684 250.129770992 -55.786259542 18.4351145038 END
START 5.45399138184 -9.22246479492 7.95353791504 250.129770992 -54.4503816794 4.74809160305 END
START -0.0933738647461 -12.2942255249 3.10288535156 250.129770992 -54.5648854962 9.37404580153 END
START -9.35414588623 -3.42849677734 4.57531937256 250.129770992 -45.1526717557 12.2213740458 END
START 2.13802208252 -11.8704518311 6.85459935303 250.129770992 -47.641221374 -2.65648854962 END
START 0.222660754395 -5.86339986572 10.0149455444 250.129770992 -60.4961832061 2.01526717557 END
START 3.51468803711 -10.9869914185 5.04937130127 250.129770992 -55.9389312977 8.93129770992 END
START 3.4428619873 -9.34696328125 7.67820472412 250.129770992 -59.3740458015 4.31297709924 END
START 1.25695587158 -6.36618221436 7.50582220459 250.129770992 -58.8320610687 3.31297709924 END
START 9.06205328369 -12.7012398071 7.84579884033 250.129770992 -51.4427480916 12.893129771 END
START 3.52426484375 -9.90002386475 10.9391073853 250.129770992 -66.427480916 1.98473282443 END
START -0.577002600098 -11.9327010742 7.4148425415 250.129770992 -62.7404580153 0.893129770992 END
START 2.14281048584 -7.90565388184 6.36139381104 250.129770992 -59.5267175573 10.8702290076 END
START -5.90888969727 -9.36611689453 8.96389101563 250.129770992 -54.9770992366 11.2824427481 END
START 5.50187541504 -14.8201082764 8.13789144287 250.129770992 -66.7404580153 12.7557251908 END
START 5.96874473877 -7.50821640625 2.92571442871 250.129770992 -60.3816793893 -3.58778625954 END
START -3.08612593994 -10.905588562 10.7882726807 250.129770992 -63.2061068702 2.68702290076 END
START -0.897825622559 -11.0085392334 5.88494768066 250.129770992 -54.3664122137 10.5038167939 END
START 1.74058460693 -6.55292994385 7.89368287354 250.129770992 -68.6335877863 4.83969465649 END
START -0.296881005859 -10.0317049561 9.5001921875 250.129770992 -80.9160305344 -1.80916030534 END
START -6.72770666504 -6.52180532227 5.94959112549 250.129770992 -70.572519084 8.03816793893 END
START -5.97113894043 -16.54153927 8.73165345459 250.129770992 -76.8015267176 6.31297709924 END
START 3.0526071167 -16.2422640625 10.4866032715 250.129770992 -105.900763359 14.6717557252 END
START 1.41257897949 -7.35738170166 11.5137157837 250.129770992 -96.2671755725 3.85496183206 END
START 2.24097275391 -12.9358715698 9.8665050415 250.129770992 -98.8167938931 15.5877862595 END
START -7.60398447266 -9.81143840332 7.13711514893 250.129770992 -87.0458015267 8.27480916031 END
START 3.34230551758 -7.15148035889 9.7827079834 250.129770992 -103.06870229 -0.519083969466 END
START 8.30069715576 -13.2950018188 7.81228001709 250.129770992 -86.2519083969 17.4885496183 END
START -4.01028778076 -8.88248815918 3.67749375 250.129770992 -93.1603053435 4.34351145038 END
START 7.46751497803 -12.6054717407 2.23857855225 250.129770992 -66.534351145 7.32824427481 END
START 5.01585247803 -11.293449231 8.80347950439 250.129770992 -67.4961832061 5.52671755725 END
START 6.72531246338 -13.6732856812 12.1505734253 250.129770992 -60.427480916 10.8549618321 END
START -3.90733710937 -8.05409438477 8.78672009277 250.129770992 -48.1450381679 -1.83969465649 END
START 11.2311999878 -10.433930835 8.12831463623 250.129770992 -41.0152671756 9.09923664122 END
START -6.12915625 0.0407014282227 7.74763657227 250.129770992 -48.5801526718 -1.38167938931 END
START 8.09240161133 -12.0308633423 9.1578213501 250.129770992 -39.6030534351 15.4885496183 END
START 6.43321986084 -5.11640894775 3.40216055908 250.129770992 -41.5572519084 2.62595419847 END
START 3.89776030273 -8.68855782471 8.66701000977 250.129770992 -41.5267175573 17.5572519084 END
START -8.16662186279 -15.9836902832 6.988674646 250.129770992 -53.641221374 10.3435114504 END
START 6.6822168335 -18.2701528687 6.88093557129 250.129770992 -56.4961832061 10.8167938931 END