START 5.53060583496 -9.05008227539 8.51138690186 250.129770992 -91.1679389313 8.75572519084 END
START 0.193930334473 -8.70052883301 5.51863482666 250.129770992 -92.3358778626 2.48091603053 END
START -7.03416447754 -6.61757338867 10.905588562 250.129770992 -89.1374045802 9.74045801527 END
START -6.4475850708 -14.7267344116 5.02782348633 250.129770992 -82.5572519084 8.04580152672 END
START 1.12288057861 -14.5232272705 7.97029732666 250.129770992 -80.2595419847 1.08396946565 END
START -8.72925925293 -7.67820472412 9.04768807373 250.129770992 -80.3969465649 5.42748091603 END
START 1.63045133057 -8.18338127441 9.69651672363 250.129770992 -80.1755725191 8.45038167939 END
START 0.811634362793 -12.5312514893 6.65827481689 250.129770992 -81.2748091603 4.51145038168 END
START 0.481234533691 -10.9151653687 1.72621939697 250.129770992 -89.1679389313 10.8702290076 END
START 6.53856473389 -13.716381311 13.2973960205 250.129770992 -74.4198473282 6.89312977099 END
START -8.16662186279 -10.7619364624 6.85938775635 250.129770992 -69.2900763359 10.7404580153 END
START 6.41885465088 -11.1282493164 2.48039291992 250.129770992 -69.7328244275 4.12213740458 END
START -2.76530291748 -1.69988317871 5.12119735107 250.129770992 -63.4427480916 -0.465648854962 END
START -3.49792862549 -8.91840118408 10.1274730225 250.129770992 -69.2824427481 4.34351145038 END
START 0.727837304687 -6.1411272583 7.14669195557 250.129770992 -67.7328244275 4.25190839695 END
START 1.71664259033 -16.2997249023 19.0674220215 250.129770992 -65.465648855 8.64885496183 END
START 0.727837304687 -6.8138979248 11.7339823364 250.129770992 -59.5572519084 2.25954198473 END
START 4.74530769043 -0.76135612793 14.6884271851 250.129770992 -65.358778626 8.84732824427 END
START 2.54024796143 -11.7890489746 4.8314989502 250.129770992 -62.9312977099 5.80152671756 END
START -1.47961662598 -3.77326181641 10.5296989014 250.129770992 -64.2442748092 3.67938931298 END
START 9.13148513184 -8.0277581665 8.70531723633 250.129770992 -66.5190839695 -2.48091603053 END
START 7.97269152832 -11.3126028442 9.61750806885 250.129770992 -74.2900763359 14.4961832061 END
START -0.268150585937 -4.90093079834 7.27837304687 250.129770992 -77.9236641221 9.86259541985 END
START 1.54904847412 -11.3533042725 7.9319901001 250.129770992 -75.213740458 3.41221374046 END
START -5.1379567627 -11.6166664551 11.63821427 250.129770992 -70.9236641221 6.12977099237 END
START -0.387860668945 -8.2384479126 5.34625230713 250.129770992 -64.9312977099 11.5954198473 END
START -7.55610043945 -11.2814782227 8.26717833252 250.129770992 -59.7328244275 13.1908396947 END
START -1.18034141846 -6.24407792969 7.00782825928 250.129770992 -58.2900763359 14.1984732824 END
START 1.98000477295 -16.9030637207 3.56496627197 250.129770992 -52.5877862595 9.65648854962 END
START 7.92241329346 -10.046070166 11.8465098145 250.129770992 -56.8396946565 14.9465648855 END
START -1.30005150146 -7.26161363525 2.88980140381 250.129770992 -61.8167938931 -3.39694656489 END
START 4.44842668457 -7.78833800049 6.91206019287 250.129770992 -57.4732824427 3.87022900763 END
START -5.23851323242 -4.46997449951 9.05965908203 250.129770992 -46.0763358779 10.4045801527 END
START 4.41251365967 -13.48414375 12.6509615723 250.129770992 -46.4198473282 13.4045801527 END
START 0.356736047363 -9.63187327881 6.71094725342 250.129770992 -56.4961832061 7.06106870229 END
START 2.64319863281 -9.95509050293 6.81150372314 250.129770992 -55.4580152672 5.84732824427 END
START 7.108384729 -5.57130726318 5.64792171631 250.129770992 -67.4351145038 7.3893129771 END
START 1.03668931885 -11.3221796509 6.39251843262 250.129770992 -64.2061068702 9.06106870229 END
START 3.56975467529 -16.788142041 10.053252771 250.129770992 -68.7786259542 7.58778625954 END
START -5.8346694458 -12.990938208 5.2576668457 250.129770992 -63.2900763359 11.0152671756 END
START 6.84023414307 -13.7977841675 5.32231029053 250.129770992 -66.7633587786 10.4351145038 END
START 0.392649072266 -9.38287630615 8.49941589355 250.129770992 -80.1145038168 2.58778625954 END
START 4.07493122559 -9.96227310791 9.11472572021 250.129770992 -77.8549618321 16.7633587786 END
START 4.92008441162 -0.823605371094 8.00142194824 250.129770992 -76.4809160305 7.26717557252 END
START -3.51229383545 -10.3453453735 2.73178409424 250.129770992 -81.3664122137 7.47328244275 END
START -0.560243188477 -11.5568114136 0.718260498047 250.129770992 -83.9160305344 11.4961832061 END
START -0.581791003418 -2.94486804199 6.74446607666 250.129770992 -88.5877862595 13.2748091603 END
START 6.28717355957 -10.7906668823 2.92332022705 250.129770992 -91.7938931298 8.6641221374 END
START 2.20266552734 -12.5935007324 11.0683942749 250.129770992 -103.671755725 -1.26717557252 END
START -2.7820623291 -10.1945106689 6.27280834961 250.129770992 -91.9007633588 5.95419847328 END
START -8.10197841797 -3.35427652588 3.93127912598 250.129770992 -87.786259542 12.0076335878 END
START -3.89536610107 -12.8472861084 11.2311999878 250.129770992 -102.625954198 8.29770992366 END
START 1.23540805664 -12.2415530884 6.86657036133 250.129770992 -96.1297709924 -2.12977099237 END
START 1.02232410889 -18.0379153076 6.11000263672 250.129770992 -100.305343511 6.26717557252 END
START -0.45729251709 -8.63109698486 4.15633408203 250.129770992 -105.732824427 12.7633587786 END
START 15.9717192749 -11.9422778809 9.34935748291 250.129770992 -99.4351145038 9.59541984733 END
START 5.48511600342 -5.47314499512 10.7978494873 250.129770992 -105.511450382 5.60305343511 END
START -7.56328304443 -3.17710560303 7.74045396729 250.129770992 -105.320610687 1.06870229008 END
START -1.77410343018 -6.48110389404 9.12669672852 250.129770992 -100.580152672 11.0916030534 END
START -5.73411297607 -5.34385810547 2.64319863281 250.129770992 -106.152671756 12.1450381679 END
START 2.05901342773 -8.06845959473 10.9415015869 250.129770992 -105.091603053 9.25954198473 END
START 3.53623585205 -3.53863005371 6.35660540771 250.129770992 -93.9083969466 0.0229007633588 END
START 3.31836350098 -3.22259543457 12.1194488037 250.129770992 -101.099236641 9.4427480916 END
START 5.44920297852 -9.46188496094 7.68059892578 250.129770992 -90.3053435115 10.9083969466 END
START -5.08049592285 -5.67904633789 10.1083194092 250.129770992 -92.8625954198 5.72519083969 END
START 3.69904156494 -2.60010300293 5.71256516113 250.129770992 -86.0916030534 6.93129770992 END
START -1.25216746826 -3.32794030762 13.0555816528 250.129770992 -78.8167938931 7.77099236641 END
START -1.74537301025 -5.35582911377 4.92966121826 250.129770992 -95.1145038168 7.19083969466 END
START 6.70137044678 -3.22259543457 9.85692823486 250.129770992 -82.7404580153 1.54198473282 END
START 6.70137044678 -7.32625708008 6.22492431641 250.129770992 -82.4961832061 16.213740458 END
START 4.93205541992 -7.82903942871 13.3309148437 250.129770992 -86.2748091603 6.56488549618 END
START -6.21774171143 -13.3309148437 10.0149455444 250.129770992 -80.4198473282 8.9465648855 END
START 7.47948598633 -5.25527264404 7.93677850342 250.129770992 -77.0458015267 12.2748091603 END
START 3.3351229126 -11.2982376343 2.7820623291 250.129770992 -78.0687022901 11.5954198473 END
START 4.07253702393 -5.02303508301 8.50420429687 250.129770992 -74.1526717557 -1.77099236641 END
START -1.13006318359 -3.61045610352 13.6230074463 250.129770992 -77.679389313 7.17557251908 END
START 0.031124621582 -10.3453453735 5.88494768066 250.129770992 -78.6870229008 12.572519084 END
START 9.53371101074 -6.92163699951 11.9518546875 250.129770992 -79.5877862595 1.34351145038 END
START -1.89141931152 -12.3229559448 13.7666595459 250.129770992 -77.5114503817 0.770992366412 END
START 0.706289489746 -13.6996218994 13.7522943359 250.129770992 -75.4122137405 8.72519083969 END
START 8.81066210937 -10.898405957 10.5225162964 250.129770992 -74.5419847328 9.84732824427 END
START 4.42448466797 -11.0875478882 5.68144053955 250.129770992 -80.7480916031 1.47328244275 END
START -3.57454307861 -9.34696328125 6.82108052979 250.129770992 -76.3816793893 7.2213740458 END
START 2.38223065186 -13.8672160156 12.2487356934 250.129770992 -68.7022900763 6.63358778626 END
START -2.90656081543 -13.3620394653 9.16021555176 250.129770992 -71.7328244275 7.59541984733 END
START -1.93690914307 -9.60314285889 12.2990139282 250.129770992 -79.6259541985 12.7328244275 END
START -3.64876333008 -10.3668931885 10.9582609985 250.129770992 -79.8167938931 2.68702290076 END
START -3.47877501221 -14.1664912231 9.98621512451 250.129770992 -86.8167938931 8.85496183206 END
START -1.14682259521 -1.90339031982 6.83305153809 250.129770992 -71.5496183206 -2.71755725191 END
START -5.66468112793 -8.57124194336 11.4634375488 250.129770992 -73.2061068702 4.0 END
START -2.1452046875 -8.81066210937 13.603853833 250.129770992 -74.8015267176 18.5648854962 END
START 3.66791694336 -9.78031378174 8.70292303467 250.129770992 -82.1374045802 7.34351145038 END
START 1.04626612549 -10.0101571411 6.72770666504 250.129770992 -92.5267175573 14.427480916 END
START -1.07020814209 -0.217872351074 7.53455262451 250.129770992 -89.8244274809 1.37404580153 END
START -2.68868846436 -7.29752666016 7.53215842285 250.129770992 -91.2977099237 12.5038167939 END
START -3.43567938232 -8.77235488281 4.42448466797 250.129770992 -97.2900763359 4.99236641221 END
START -2.22660754395 -2.5115175415 7.6734163208 250.129770992 -89.1145038168 2.81679389313 END
START -1.23061965332 -6.12436784668 11.6190606567 250.129770992 -84.2824427481 3.99236641221 END
START -2.95683905029 -10.6111017578 12.6461731689 250.129770992 -90.5648854962 12.4122137405 END
START 1.30005150146 -13.4075292969 9.55525882568 250.129770992 -90.5190839695 8.17557251908 END
START 4.45082088623 -10.5416699097 2.71263048096 250.129770992 -73.6717557252 7.36641221374 END
START 13.9941087036 -4.45082088623 7.23767161865 250.129770992 -62.9465648855 10.3740458015 END
START 2.94007963867 -8.58560715332 4.76685550537 250.129770992 -73.3358778626 3.81679389313 END
START 11.8153851929 -7.93677850342 2.28885678711 250.129770992 -48.427480916 -1.87022900763 END
START 17.3795098511 -9.52652840576 15.2366993652 250.129770992 -49.4809160305 13.2442748092 END
START -0.811634362793 -11.8201735962 7.60398447266 250.129770992 -50.9541984733 11.9465648855 END
START 7.81946262207 -19.6133 7.25921943359 250.129770992 -45.8167938931 7.80916030534 END
START 6.99825145264 -1.05105452881 4.33589920654 250.129770992 -44.8549618321 17.1603053435 END
START -1.1779472168 -12.1433908203 10.433930835 250.129770992 -32.0763358779 14.5801526718 END
START 10.405200415 -10.1777512573 10.7667248657 250.129770992 -37.1908396947 15.9847328244 END
START 0.938527050781 -10.5153336914 5.35822331543 250.129770992 -33.8702290076 14.2671755725 END
START -3.9121255127 -3.55060106201 5.76044919434 250.129770992 -35.3816793893 9.48854961832 END
START 3.23935484619 -16.6373073364 4.95599743652 250.129770992 -47.2519083969 3.87786259542 END
START 6.07169541016 -7.36935270996 9.39005891113 250.129770992 -45.3969465649 2.18320610687 END
START 1.21146604004 -9.85932243652 -0.849941589355 250.129770992 -29.7557251908 18.0076335878 END
START -10.2184526855 -8.16901606445 11.5472346069 250.129770992 -48.2061068702 4.20610687023 END
START -0.00718260498047 -9.14106193848 7.89847127686 250.129770992 -50.5267175573 16.1755725191 END
START 7.14908615723 -7.62313808594 11.2288057861 250.129770992 -58.3358778626 14.3893129771 END
START -5.1618987793 -7.9439611084 8.11634362793 250.129770992 -61.7938931298 5.92366412214 END
START 2.10689746094 -6.11000263672 5.50666381836 250.129770992 -61.8854961832 7.7786259542 END
START -4.88177718506 -4.38378323975 5.55454785156 250.129770992 -67.0 10.213740458 END
START 2.29364519043 -5.03500609131 10.2830961304 250.129770992 -73.2061068702 12.8702290076 END
START 4.09169063721 -9.20091697998 7.11796153564 250.129770992 -73.9923664122 11.1832061069 END
START 3.16034619141 -4.90093079834 17.4202112793 250.129770992 -70.1755725191 2.17557251908 END
START 3.45722719727 -6.26801994629 8.67179841309 250.129770992 -76.5267175573 5.13740458015 END
START 1.28329208984 -6.39730683594 10.1490208374 250.129770992 -66.9389312977 2.50381679389 END
START -12.9358715698 -5.68144053955 6.28238515625 250.129770992 -57.8167938931 -1.65648854962 END
START 1.66397015381 -2.24576115723 9.58398924561 250.129770992 -61.8167938931 6.1679389313 END
START -3.13400997314 -15.6197716309 11.6501852783 250.129770992 -66.4580152672 3.35114503817 END
START 8.18816967773 -5.92086070557 5.37258852539 250.129770992 -58.9389312977 2.60305343511 END
START 4.50109912109 -7.25203682861 8.214505896 250.129770992 -68.5954198473 13.2824427481 END
START -2.15478149414 -13.230358374 8.03494077148 250.129770992 -65.1908396947 3.87022900763 END
START -3.49314022217 -5.70298835449 10.7164466309 250.129770992 -78.427480916 9.57251908397 END
START -0.339976635742 -9.02853446045 12.1338140137 250.129770992 -74.465648855 7.27480916031 END
START 2.38462485352 -4.23773693848 8.0397291748 250.129770992 -56.7557251908 0.419847328244 END
START 11.1019130981 -2.16196409912 9.53131680908 250.129770992 -59.6106870229 -0.893129770992 END
START 16.8767275024 -10.3381627686 6.80432111816 250.129770992 -52.5038167939 7.25954198473 END
START 3.85227047119 -7.38132371826 6.80432111816 250.129770992 -56.9847328244 7.45038167939 END
START 8.46110866699 -5.63116230469 11.1234609131 250.129770992 -51.6030534351 4.36641221374 END
START 2.09492645264 -10.8193973022 12.4019645996 250.129770992 -43.6564885496 10.6488549618 END
START 4.29759197998 -6.6702458252 12.7395470337 250.129770992 -49.2442748092 4.64885496183 END
START 6.45716187744 -10.0101571411 6.96233842773 250.129770992 -31.8167938931 9.03053435115 END
START -4.14915147705 -8.31985076904 4.8434699585 250.129770992 -23.5190839695 11.5572519084 END
START 5.34864650879 -6.93360800781 2.33195241699 250.129770992 -26.4198473282 27.0229007634 END
START -3.56017786865 -13.3692220703 1.58256729736 250.129770992 -30.1603053435 -3.20610687023 END
START -7.41963094482 -11.6860983032 -1.39821376953 250.129770992 -25.4045801527 3.72519083969 END
START 2.62404501953 -14.3939403809 4.8793829834 250.129770992 -28.3282442748 7.03053435115 END
START -2.65756384277 -11.3365448608 5.82988104248 250.129770992 -27.1297709924 11.4809160305 END
START -0.986411083984 -7.94156690674 13.4338655151 250.129770992 -32.9160305344 4.77099236641 END
START -2.13562788086 -8.35576379395 9.75158336182 250.129770992 -42.0610687023 4.85496183206 END
START 0.0335188232422 -3.55060106201 6.63672700195 250.129770992 -44.1145038168 6.15267175573 END
START -8.94473740234 -16.1057945679 12.4163298096 250.129770992 -64.9541984733 10.2213740458 END
START 0.876277807617 -14.3556331543 7.65905111084 250.129770992 -67.8625954198 8.81679389313 END
START -2.64559283447 -10.5177278931 7.58483085937 250.129770992 -72.9236641221 2.32061068702 END
START 2.50433493652 -5.99268675537 11.7220113281 250.129770992 -99.3129770992 12.9083969466 END
START 7.78354959717 -5.62158549805 6.72770666504 250.129770992 -104.480916031 6.6641221374 END
START -1.24498486328 -7.39568892822 5.00866987305 250.129770992 -103.969465649 3.50381679389 END
START 0.0694318481445 -7.82185682373 10.8960117554 250.129770992 -103.702290076 7.90839694656 END
START 3.05978972168 -4.25689055176 14.9302415527 250.129770992 -93.7938931298 10.6564885496 END
START -5.87297667236 -7.18978758545 4.64235701904 250.129770992 -68.6030534351 10.320610687 END
START 9.36132849121 -18.9548945435 7.04613548584 250.129770992 -57.1984732824 14.4732824427 END
START 5.4922986084 -11.3628810791 7.0365586792 250.129770992 -44.5877862595 5.84732824427 END
START -1.75016141357 -17.049110022 10.5368815063 250.129770992 -35.3435114504 8.70992366412 END
START 0.560243188477 -9.22246479492 4.43645567627 250.129770992 -41.3435114504 4.08396946565 END
START -5.80354482422 -8.5089927002 7.46990917969 250.129770992 -45.7022900763 6.92366412214 END
START -0.30885201416 -2.85388837891 6.29675036621 250.129770992 -44.7175572519 11.4427480916 END
START -4.13957467041 -8.46350286865 6.21534750977 250.129770992 -54.2366412214 2.58015267176 END
START -0.952892260742 -7.41963094482 5.94001431885 250.129770992 -54.8549618321 0.748091603053 END
START 4.3263223999 -14.1425492065 10.9822030151 250.129770992 -67.9083969466 -0.595419847328 END
START -2.67671745605 -1.8986019165 9.69412252197 250.129770992 -78.6488549618 7.61832061069 END
START 8.53772312012 -6.96952103271 9.05965908203 250.129770992 -72.213740458 11.4732824427 END
START 6.67503422852 -6.4475850708 8.46110866699 250.129770992 -85.786259542 13.6183206107 END