START -1.02232410889 -2.68868846436 7.77397279053 250.129770992 -66.786259542 8.78625954198 END
START -0.15801730957 -10.7571480591 5.14274516602 250.129770992 -64.4198473282 16.7557251908 END
START 2.24336695557 -4.78840332031 1.80762225342 250.129770992 -72.6946564885 11.0610687023 END
START -3.28245047607 -2.32476981201 8.20492908936 250.129770992 -79.4885496183 10.106870229 END
START 3.84269366455 -3.33991131592 3.59609089355 250.129770992 -58.7022900763 9.23664122137 END
START 2.66235224609 -10.6996872192 13.5128741699 250.129770992 -66.4732824427 14.5801526718 END
START -0.407014282227 -11.4514665405 12.4785790527 250.129770992 -66.9541984733 -2.84732824427 END
START -2.97120426025 -11.2216231812 9.46667336426 250.129770992 -57.358778626 9.52671755725 END
START 9.08838950195 -0.809240161133 9.24880101318 250.129770992 -52.106870229 12.6030534351 END
START 3.36385333252 -5.51863482666 9.00698664551 250.129770992 -57.5267175573 8.40458015267 END
START -2.06619603271 -8.22408270264 12.2343704834 250.129770992 -56.8549618321 8.35114503817 END
START 6.61517918701 -12.6270195557 8.72207664795 250.129770992 -57.0610687023 9.23664122137 END
START 1.04387192383 -12.1194488037 9.99339772949 250.129770992 -58.4732824427 11.3664122137 END
START -6.68939943848 -6.62715019531 8.74841286621 250.129770992 -45.0381679389 17.4732824427 END
START 5.24809003906 -10.4075946167 6.39491263428 250.129770992 -51.9083969466 1.48854961832 END
START 1.37666595459 -5.53060583496 4.72136567383 250.129770992 -36.0992366412 12.7786259542 END
START -9.10993731689 -15.337255835 11.65257948 250.129770992 -32.6946564885 11.7938931298 END
START -5.89691868896 -11.9446720825 6.8019269165 250.129770992 -54.1526717557 9.99236641221 END
START 1.71185418701 -14.7722242432 13.4218945068 250.129770992 -49.8015267176 5.16030534351 END
START 2.97359846191 -15.5647049927 6.07648381348 250.129770992 -46.7480916031 4.83969465649 END
START 1.66636435547 -12.3253501465 5.80115062256 250.129770992 -49.1984732824 2.74809160305 END
START -1.65678754883 -2.94007963867 7.27837304687 250.129770992 -45.0916030534 7.72519083969 END
START 1.30483990479 -11.9805851074 6.44040246582 250.129770992 -47.9236641221 9.6641221374 END
START -2.87304199219 -11.7435591431 6.80671531982 250.129770992 -60.534351145 5.43511450382 END
START 3.29202728271 -7.30949766846 8.09958421631 250.129770992 -46.2900763359 8.28244274809 END
START 6.97909783936 -12.7778542603 10.9822030151 250.129770992 -39.641221374 10.3435114504 END
START -2.76530291748 -14.8033488647 10.2447889038 250.129770992 -55.0305343511 9.2213740458 END
START -2.76290871582 -5.75326658936 13.1896569458 250.129770992 -50.4961832061 16.1526717557 END
START 0.442927307129 -11.0899420898 1.91775552979 250.129770992 -47.3435114504 3.76335877863 END
START -2.23618435059 -6.1770402832 5.4803276001 250.129770992 -55.9770992366 11.3893129771 END
START -7.00303985596 -8.33900438232 1.8866309082 250.129770992 -51.2824427481 1.45801526718 END
START -6.27520255127 -8.69334622803 3.73016618652 250.129770992 -63.1450381679 8.79389312977 END
START -4.34787021484 -8.14267984619 1.06541973877 250.129770992 -62.2671755725 4.77099236641 END
START -0.567425793457 -9.54568201904 3.63439812012 250.129770992 -70.0229007634 -1.36641221374 END
START -1.14442839355 -10.6613799927 8.65743320312 250.129770992 -73.5954198473 12.9160305344 END
START 0.181959326172 -10.8122146973 10.0724063843 250.129770992 -77.2061068702 12.7022900763 END
START 2.05661922607 -11.3963999023 11.9015764526 250.129770992 -81.5267175573 4.74045801527 END
START 4.02465299072 -11.3078144409 6.18661708984 250.129770992 -92.572519084 4.82442748092 END
START -0.842758984375 -10.2112700806 6.99106884766 250.129770992 -87.893129771 9.11450381679 END
START -5.90170709229 -6.60081397705 8.03733497314 250.129770992 -95.641221374 12.9389312977 END
START 2.61446821289 -5.23133062744 5.95198532715 250.129770992 -95.641221374 5.84732824427 END
START -2.27688577881 -10.0580411743 4.9392380249 250.129770992 -106.541984733 16.893129771 END
START -1.71185418701 -6.01902297363 0.648828649902 250.129770992 -86.8549618321 0.671755725191 END
START -3.29442148437 -9.10514891357 7.16823977051 250.129770992 -102.13740458 9.08396946565 END
START -2.16435830078 -10.1825396606 5.27921466064 250.129770992 -104.083969466 10.9007633588 END
START 2.15956989746 -12.3540805664 9.97424411621 250.129770992 -102.770992366 1.51145038168 END
START 5.12598575439 -9.56483563232 6.41406624756 250.129770992 -92.2213740458 10.0992366412 END
START -1.48201082764 -13.2135989624 5.50905802002 250.129770992 -91.0381679389 0.160305343511 END
START -0.423773693848 -4.49631071777 7.47230338135 250.129770992 -108.251908397 3.72519083969 END
START 4.03422979736 -7.58004245605 9.98382092285 250.129770992 -97.6946564885 5.43511450382 END
START 0.545877978516 -4.93205541992 11.166556543 250.129770992 -105.610687023 9.92366412214 END
START 14.836867688 -7.85298144531 13.5559697998 250.129770992 -105.129770992 2.46564885496 END
START -0.181959326172 -1.19470662842 10.673351001 250.129770992 -104.335877863 17.0 END
START -8.02296976318 -14.0874825684 8.63588538818 250.129770992 -96.6870229008 5.73282442748 END
START 4.87698878174 -15.3133138184 4.0557776123 250.129770992 -90.3129770992 0.946564885496 END
START 7.55131203613 -11.1114899048 8.54969412842 250.129770992 -90.9160305344 4.67938931298 END
START 5.19302340088 -10.0005803345 17.6069590088 250.129770992 -87.7557251908 16.6488549618 END
START 0.179565124512 -6.84981094971 5.43483776855 250.129770992 -78.0381679389 5.38167938931 END
START -2.99514627686 -5.63595070801 12.0763531738 250.129770992 -89.0152671756 2.48854961832 END
START 3.45243879395 -16.3787335571 13.2710598022 250.129770992 -67.4732824427 11.0152671756 END
START -5.64792171631 -8.96867941895 12.1505734253 250.129770992 -71.0076335878 13.2900763359 END
START 0.138863696289 -3.78283862305 3.69425316162 250.129770992 -53.5572519084 12.0 END
START -5.52342322998 -8.28872614746 7.53455262451 250.129770992 -52.2366412214 3.86259541985 END
START 2.01591779785 -8.11634362793 14.9470009644 250.129770992 -37.3129770992 14.2977099237 END
START 0.902614025879 -3.90254870605 13.6134306396 250.129770992 -35.0152671756 13.2748091603 END
START 7.39329472656 -4.77643231201 14.6716677734 250.129770992 -44.1603053435 6.06106870229 END
START -0.14604630127 -5.26006104736 11.3030260376 250.129770992 -46.0229007634 8.15267175573 END
START 0.141257897949 -7.88889447021 4.23773693848 250.129770992 -42.0610687023 4.53435114504 END
START 1.1899182251 -8.84657513428 2.67671745605 250.129770992 -56.1450381679 5.81679389313 END
START 5.69341154785 -4.18745870361 -1.5322890625 250.129770992 -52.4045801527 -3.71755725191 END
START 1.29526309814 -2.20027132568 15.7083570923 250.129770992 -61.6946564885 5.04580152672 END
START -2.30322199707 -3.50271702881 12.2056400635 250.129770992 -66.4351145038 17.4809160305 END
START 4.59926138916 -5.97113894043 7.09880792236 250.129770992 -58.5496183206 2.87022900763 END
START 1.04147772217 -12.519280481 7.17542237549 250.129770992 -59.1145038168 11.7022900763 END
START -2.12844527588 -11.8034141846 17.2621939697 250.129770992 -59.4503816794 4.81679389313 END
START 10.9079827637 -8.13789144287 6.56490095215 250.129770992 -70.6564885496 6.3358778626 END
START -6.41406624756 -13.723563916 11.9111532593 250.129770992 -64.7633587786 2.59541984733 END
START 1.46764561768 -11.1809217529 5.82509263916 250.129770992 -70.6488549618 5.58015267176 END
START 7.47709178467 -6.22492431641 9.04768807373 250.129770992 -65.8167938931 18.320610687 END
START -1.57777889404 -10.292672937 6.38294162598 250.129770992 -59.7099236641 7.2213740458 END
START -7.967903125 -10.9774146118 13.5847002197 250.129770992 -57.1297709924 13.8320610687 END
START 1.92733233643 -14.9278473511 11.1976811646 250.129770992 -52.0152671756 10.9236641221 END
START 7.86016405029 -6.60799658203 7.62074388428 250.129770992 -52.9007633588 3.10687022901 END
START -1.10612116699 -9.14106193848 7.91762489014 250.129770992 -58.3053435115 15.9770992366 END
START -0.0718260498047 -16.1728322144 8.11634362793 250.129770992 -50.4580152672 3.36641221374 END
START 5.882553479 -9.46906756592 4.18027609863 250.129770992 -62.9236641221 4.49618320611 END
START 5.13077415771 -10.4650554565 8.61433757324 250.129770992 -54.9847328244 2.53435114504 END
START -1.8746598999 -14.8632039062 2.28646258545 250.129770992 -46.9007633588 1.54961832061 END
START 3.22977803955 -13.5128741699 12.5073094727 250.129770992 -57.3358778626 2.76335877863 END
START -2.65038123779 -12.0787473755 8.56405933838 250.129770992 -59.7328244275 -3.31297709924 END
START 0.392649072266 -12.0524111572 8.41322463379 250.129770992 -65.3282442748 10.6259541985 END
START 6.15788666992 -6.27759675293 12.9933324097 250.129770992 -69.465648855 4.73282442748 END
START 5.03261188965 -7.91523068848 7.66383951416 250.129770992 -74.5954198473 5.4427480916 END
START -3.9480385376 -9.25119521484 8.63349118652 250.129770992 -79.1145038168 14.2595419847 END
START -0.675164868164 -6.03817658691 15.0355864258 250.129770992 -79.2061068702 15.8778625954 END
START -2.56179577637 -11.6142722534 8.38688841553 250.129770992 -70.3969465649 13.6717557252 END
START 1.10612116699 -15.0571342407 7.08683691406 250.129770992 -69.1374045802 6.90839694656 END
START 1.32878192139 -6.77559069824 2.91613762207 250.129770992 -84.0458015267 11.6335877863 END
START 2.205059729 -8.22168850098 3.430890979 250.129770992 -68.0076335878 6.53435114504 END
START -4.30716878662 -14.8057430664 6.16985767822 250.129770992 -75.4503816794 6.53435114504 END
START 4.75727869873 -10.7834842773 13.0460048462 250.129770992 -75.7786259542 14.320610687 END
START 2.21942493896 -10.5656119263 5.40610734863 250.129770992 -77.9465648855 13.5496183206 END
START 2.46602770996 -11.9279126709 10.41238302 250.129770992 -67.2519083969 10.6030534351 END
START 3.0286651001 -11.2527478027 10.9079827637 250.129770992 -68.7557251908 0.69465648855 END
START 4.61362659912 -5.13077415771 9.76594857178 250.129770992 -65.7480916031 7.62595419847 END
START 5.16429298096 -17.3531736328 9.27753143311 250.129770992 -63.2519083969 13.3816793893 END
START -1.14921679688 -11.7267997314 10.0197339478 250.129770992 -60.9312977099 6.86259541985 END
START 2.35589443359 -11.532869397 7.601590271 250.129770992 -57.2595419847 5.84732824427 END
START 0.845153186035 -3.36145913086 1.592144104 250.129770992 -62.9007633588 -4.58778625954 END
START -3.60327349854 -10.0173397461 11.4706201538 250.129770992 -67.3435114504 -1.42748091603 END
START -5.97832154541 -11.3173912476 9.46906756592 250.129770992 -51.7404580153 6.96183206107 END
START 1.70945998535 -14.8392618896 5.98550415039 250.129770992 -66.0992366412 11.9770992366 END
START -1.41018477783 -6.4715270874 8.48744488525 250.129770992 -51.5572519084 -4.62595419847 END
START 4.77882651367 -6.65588061523 9.10993731689 250.129770992 -48.7022900763 10.5114503817 END
START 2.35110603027 -2.4636335083 3.84029946289 250.129770992 -52.572519084 2.25190839695 END
START -1.48919343262 -10.4674496582 4.86980617676 250.129770992 -47.1145038168 6.62595419847 END
START -6.7540428833 -6.99106884766 5.44202037354 250.129770992 -54.4045801527 7.32061068702 END
START 2.72699569092 -10.5656119263 9.82101520996 250.129770992 -47.679389313 12.9618320611 END
START -1.83156427002 -9.2176763916 9.80665 250.129770992 -47.8320610687 7.32061068702 END
START -2.13083947754 -5.38695373535 4.9512090332 250.129770992 -43.9389312977 -2.58778625954 END
START 0.256179577637 -9.65342109375 10.8577045288 250.129770992 -42.6870229008 4.57251908397 END
START -1.2976572998 -13.8959464355 11.4897737671 250.129770992 -49.7099236641 4.73282442748 END
START -2.06140762939 -0.383072265625 11.3030260376 250.129770992 -51.427480916 11.786259542 END
START -3.56975467529 -4.51067592773 8.97586202393 250.129770992 -64.8702290076 7.87786259542 END
START -1.96085115967 -9.80904420166 13.3069728271 250.129770992 -64.1221374046 0.335877862595 END
START 5.5282116333 -10.2807019287 8.42280144043 250.129770992 -84.5038167939 10.5801526718 END
START -10.0293107544 -12.1194488037 6.01423457031 250.129770992 -87.3664122137 8.08396946565 END
START -0.00239420166016 -8.15465085449 10.9941740234 250.129770992 -102.305343511 3.18320610687 END
START 5.41568415527 -5.07570751953 11.8632692261 250.129770992 -104.717557252 13.4503816794 END
START 8.42040723877 -8.38210001221 8.41561883545 250.129770992 -104.328244275 -2.56488549618 END
START -0.0191536132812 -13.6565262695 0.294486804199 250.129770992 -104.358778626 13.0 END
START 12.3804167847 -11.1857101562 9.72524714355 250.129770992 -103.778625954 7.0534351145 END
START 0.852335791016 -9.39005891113 10.0484643677 250.129770992 -92.7175572519 4.37404580153 END
START 9.22485899658 -12.2104284668 5.4683565918 250.129770992 -69.3664122137 7.41221374046 END
START 2.18351191406 -14.0563579468 15.4665427246 250.129770992 -71.9465648855 13.4885496183 END
START 3.70622416992 -9.88326445312 8.12113203125 250.129770992 -66.7709923664 9.41221374046 END
START -8.8154505127 -18.9453177368 8.64306799316 250.129770992 -54.7709923664 -3.7786259542 END
START -1.2497732666 -9.08838950195 11.1330377197 250.129770992 -40.0534351145 1.78625954198 END
START 3.67270534668 -19.4600710937 7.98466253662 250.129770992 -41.4885496183 2.03816793893 END
START 1.77170922852 -4.54658895264 5.60722028809 250.129770992 -46.7251908397 2.51908396947 END
START -3.84029946289 -9.71806453857 6.83783994141 250.129770992 -51.8854961832 3.28244274809 END
START 3.68707055664 -6.73488927002 4.81713374023 250.129770992 -63.8625954198 9.0534351145 END