START 0.00957680664062 -1.838746875 7.15866296387 250.129770992 -92.7251908397 2.96946564885 END
START 2.48996972656 -12.1840922485 9.27753143311 250.129770992 -97.8549618321 14.2290076336 END
START 1.2497732666 -8.8992475708 6.62236179199 250.129770992 -104.007633588 9.09160305344 END
START 0.14844050293 -5.99508095703 5.5880666748 250.129770992 -101.465648855 13.6564885496 END
START 4.290409375 -7.6973583374 10.4985742798 250.129770992 -104.267175573 8.32824427481 END
START 2.02070620117 -16.1010061646 4.13718046875 250.129770992 -104.160305344 8.18320610687 END
START 3.62482131348 -7.48188018799 6.89530078125 250.129770992 -103.465648855 6.4427480916 END
START 6.3997010376 -11.7890489746 5.73650717773 250.129770992 -103.870229008 13.7480916031 END
START -0.890643017578 -7.76200178223 11.4323129272 250.129770992 -104.267175573 14.2595419847 END
START -5.21935961914 -4.67587584229 8.76517227783 250.129770992 -105.190839695 11.2595419847 END
START 3.62721551514 1.82438166504 9.64384428711 250.129770992 -95.6335877863 10.8473282443 END
START 2.10450325928 -8.57603034668 9.51934580078 250.129770992 -104.755725191 9.0 END
START -2.62643922119 -6.07169541016 8.03254656982 250.129770992 -94.213740458 17.6946564885 END
START 2.06380183105 -10.9869914185 18.0546747192 250.129770992 -93.7099236641 4.11450381679 END
START 1.11330377197 -7.08683691406 9.4762501709 250.129770992 -85.3053435115 7.30534351145 END
START 3.55299526367 -11.540052002 9.06923588867 250.129770992 -85.7251908397 0.656488549618 END
START 11.7483475464 -4.91050760498 5.93043751221 250.129770992 -67.7328244275 9.84732824427 END
START 6.22253011475 -7.9918451416 9.30865605469 250.129770992 -55.0 4.58015267176 END
START 2.70544787598 -13.364433667 6.65109221191 250.129770992 -46.5267175573 -4.0 END
START 4.18027609863 -7.18739338379 9.07641849365 250.129770992 -44.2748091603 6.75572519084 END
START 7.54173522949 -2.42053787842 15.0116444092 250.129770992 -39.1297709924 12.9007633588 END
START 4.67587584229 -5.26484945068 6.8138979248 250.129770992 -33.8167938931 3.13740458015 END
START -0.737414111328 -12.0595937622 12.5336456909 250.129770992 -34.1679389313 14.3893129771 END
START 9.50258638916 -16.4122523804 7.83622203369 250.129770992 -37.0763358779 7.29007633588 END
START 4.72615407715 -9.7827079834 7.53934102783 250.129770992 -44.893129771 1.38167938931 END
START 0.478840332031 -10.307038147 6.87854136963 250.129770992 -34.465648855 2.62595419847 END
START 5.37498272705 -9.83298621826 9.7587659668 250.129770992 -31.2748091603 13.3129770992 END
START 3.90973131104 -18.0259442993 7.97029732666 250.129770992 -32.7251908397 12.9083969466 END
START 4.69502945557 -11.166556543 7.6973583374 250.129770992 -38.8396946565 16.8015267176 END
START -0.366312854004 -6.27280834961 11.5759650269 250.129770992 -25.9541984733 -1.14503816794 END
START 9.41639512939 -13.6230074463 7.13472094727 250.129770992 -41.8854961832 -2.03816793893 END
START 6.05972440186 -16.2733886841 6.94557901611 250.129770992 -38.0687022901 7.2213740458 END
START 3.96958635254 -3.43567938232 4.78361491699 250.129770992 -40.1145038168 -3.30534351145 END
START 2.43490308838 -9.93833109131 6.72052406006 250.129770992 -39.572519084 3.04580152672 END
START 1.42933839111 -12.8903817383 2.75333190918 250.129770992 -40.8091603053 6.73282442748 END
START -1.1899182251 -12.2750719116 3.63200391846 250.129770992 -45.6106870229 16.0152671756 END
START -0.656011254883 -9.35893428955 7.66623371582 250.129770992 -55.3969465649 5.06870229008 END
START -0.529118566895 -10.1514150391 9.30386765137 250.129770992 -69.0916030534 1.2213740458 END
START 3.16752879639 -7.78115539551 6.0812722168 250.129770992 -72.0076335878 11.0229007634 END
START 12.6198369507 -10.0843773926 8.53532891846 250.129770992 -90.8854961832 12.0992366412 END
START -1.66875855713 -6.44040246582 8.83220992432 250.129770992 -89.5267175573 6.58778625954 END
START 0.368707055664 -11.5759650269 16.9270057373 250.129770992 -101.114503817 14.6641221374 END
START 0.277727392578 -7.75960758057 9.65342109375 250.129770992 -103.778625954 2.2213740458 END
START 5.83706364746 -14.8847517212 8.24084211426 250.129770992 -104.625954198 11.9541984733 END
START 5.33188709717 -8.46589707031 8.39167681885 250.129770992 -122.877862595 10.1755725191 END
START -2.1092916626 -10.3405569702 4.20182391357 250.129770992 -126.977099237 11.9083969466 END
START -2.3798364502 -6.99346304932 5.90170709229 250.129770992 -130.282442748 3.99236641221 END
START -1.43891519775 -5.79396801758 10.3644989868 250.129770992 -135.900763359 0.0381679389313 END
START 9.91199487305 -11.7267997314 6.16746347656 250.129770992 -129.06870229 4.48854961832 END
START 5.50905802002 -6.50983431396 4.93444962158 250.129770992 -139.41221374 19.4580152672 END
START 6.28477935791 -12.4594254395 6.59123717041 250.129770992 -137.900763359 5.95419847328 END
START -0.0263362182617 -11.7627127563 6.33505759277 250.129770992 -142.954198473 0.63358778626 END
START 5.64313331299 -9.78510218506 6.17943448486 250.129770992 -149.145038168 5.87786259542 END
START 4.41011945801 -10.2591541138 12.7610948486 250.129770992 -130.664122137 1.96946564885 END
START 0.0502782348633 -8.05648858643 16.0076322998 250.129770992 -113.305343511 5.75572519084 END
START 5.61440289307 -9.28950244141 3.60087929687 250.129770992 -103.618320611 15.6259541985 END
START 6.8138979248 -6.91924279785 12.3828109863 250.129770992 -104.473282443 6.35877862595 END
START 7.62074388428 -13.2279641724 9.8545340332 250.129770992 -78.8549618321 6.76335877863 END
START 5.71017095947 -10.2974613403 7.34780489502 250.129770992 -75.8320610687 2.53435114504 END
START 0.318428820801 -6.63672700195 5.91128389893 250.129770992 -54.8473282443 4.32061068702 END
START -0.713472094727 -10.8505219238 17.2502229614 250.129770992 -42.9083969466 7.49618320611 END
START -4.48194550781 -7.967903125 12.1840922485 250.129770992 -35.0458015267 10.8625954198 END
START -6.32548078613 -2.93529123535 8.92079538574 250.129770992 -34.2977099237 8.73282442748 END
START -5.74129558105 -5.73171877441 7.81706842041 250.129770992 -25.5496183206 5.84732824427 END
START -3.43807358398 -1.92733233643 7.55370623779 250.129770992 -31.4732824427 14.7328244275 END
START 5.22654222412 -1.68551796875 11.0109334351 250.129770992 -27.7709923664 9.63358778626 END
START 1.71664259033 -6.54814154053 8.99501563721 250.129770992 -30.1221374046 18.4732824427 END
START -3.60327349854 -4.45560928955 4.67587584229 250.129770992 -39.3969465649 6.74045801527 END
START -13.1417729126 -7.6135612793 7.51061060791 250.129770992 -40.213740458 2.58015267176 END
START 5.149927771 -9.10036051025 9.8305920166 250.129770992 -35.6946564885 6.77099236641 END
START 0.126892687988 -5.29357987061 5.80833322754 250.129770992 -34.3816793893 13.7938931298 END
START 0.284909997559 -6.23450112305 9.05726488037 250.129770992 -37.3740458015 6.74809160305 END
START -2.10689746094 -4.42687886963 6.06690700684 250.129770992 -44.8549618321 13.4732824427 END
START 1.93930334473 -15.0954414673 7.24246002197 250.129770992 -45.9160305344 12.106870229 END
START 2.4516625 -3.24174904785 11.3628810791 250.129770992 -47.1526717557 6.83969465649 END
START -1.58974990234 -11.9398836792 7.66862791748 250.129770992 -55.0839694656 5.49618320611 END
START 3.81635744629 -16.6732203613 8.51378110352 250.129770992 -49.3435114504 6.99236641221 END
START 1.10372696533 -9.02614025879 3.88100089111 250.129770992 -36.7786259542 2.91603053435 END
START 5.90170709229 -2.92092602539 8.85375773926 250.129770992 -31.9923664122 -5.18320610687 END
START 5.01824667969 -5.62876810303 8.40364782715 250.129770992 -44.6717557252 7.24427480916 END
START 5.71735356445 -5.8346694458 9.84016882324 250.129770992 -46.0229007634 10.6564885496 END
START -1.54665427246 -13.5703350098 7.82903942871 250.129770992 -40.2519083969 -0.770992366412 END
START 5.96156213379 -7.53934102783 4.3502644165 250.129770992 -32.0458015267 8.42748091603 END
START 3.59848509521 -8.80108530273 8.02536396484 250.129770992 -31.9312977099 11.5190839695 END
START -0.560243188477 -9.72764134521 9.60074865723 250.129770992 -32.3358778626 8.88549618321 END
START 7.99902774658 -5.58327827148 9.06684168701 250.129770992 -26.4198473282 7.12213740458 END
START -0.754173522949 -9.75158336182 11.511321582 250.129770992 -33.2900763359 8.51145038168 END
START 2.82755216064 -7.89847127686 6.25126053467 250.129770992 -35.8625954198 6.63358778626 END
START -1.56341368408 -9.05247647705 5.85142885742 250.129770992 -43.1908396947 5.8320610687 END
START 4.52264693604 -11.3078144409 3.73495458984 250.129770992 -49.4961832061 6.10687022901 END
START 1.32638771973 -5.8945244873 13.2423293823 250.129770992 -55.2442748092 9.2213740458 END
START 3.10767375488 -12.6868745972 15.0212212158 250.129770992 -59.7633587786 7.63358778626 END
START -4.48673391113 -9.16021555176 12.3445037598 250.129770992 -65.0152671756 7.28244274809 END
START -0.969651672363 -7.49624539795 6.87135876465 250.129770992 -53.7557251908 3.57251908397 END
START -1.10851536865 -14.949395166 9.5720182373 250.129770992 -50.5648854962 11.2595419847 END
START 9.00698664551 -7.34780489502 2.02549460449 250.129770992 -40.8625954198 4.43511450382 END
START -0.928950244141 -14.9398183594 7.87931766357 250.129770992 -48.9236641221 4.64122137405 END
START 6.86417615967 -11.2479593994 13.3309148437 250.129770992 -48.3740458015 8.65648854962 END
START 2.29843359375 -14.4442186157 11.9877677124 250.129770992 -53.8167938931 3.12213740458 END
START 0.189141931152 -1.19710083008 8.16901606445 250.129770992 -50.1984732824 16.1374045802 END
START 3.46680400391 -4.2425253418 8.48505068359 250.129770992 -61.3664122137 9.51908396947 END
START -0.00478840332031 -13.6230074463 1.06063133545 250.129770992 -64.6564885496 8.23664122137 END
START 5.53060583496 -9.84495722656 5.54257684326 250.129770992 -61.3740458015 4.64885496183 END
START 1.5442600708 -10.5967365479 6.91684859619 250.129770992 -61.6335877863 13.8473282443 END
START -7.63989749756 -8.13789144287 3.30639249268 250.129770992 -52.8473282443 1.46564885496 END
START 5.68383474121 -6.28717355957 9.02853446045 250.129770992 -52.6030534351 4.85496183206 END
START 4.51546433105 -6.78756170654 1.22822545166 250.129770992 -59.9618320611 9.52671755725 END
START 1.78846864014 -11.1737391479 7.67581052246 250.129770992 -67.4198473282 6.60305343511 END
START 1.44849200439 -5.42526096191 6.86657036133 250.129770992 -66.6717557252 3.51145038168 END
START 2.11168586426 -11.1114899048 8.61194337158 250.129770992 -65.4427480916 2.98473282443 END
START 11.8728460327 -2.73657249756 11.3796404907 250.129770992 -68.7557251908 9.72519083969 END
START -3.0166940918 -15.7083570923 6.02859978027 250.129770992 -65.8702290076 5.96183206107 END
START -5.02303508301 -12.3899935913 6.23928952637 250.129770992 -60.4427480916 9.49618320611 END
START 3.89776030273 -10.8146088989 11.5639940186 250.129770992 -66.1984732824 5.67175572519 END
START -1.93690914307 -12.983755603 4.95599743652 250.129770992 -55.5190839695 14.7404580153 END
START 1.63523973389 -15.3109196167 8.07085379639 250.129770992 -61.2977099237 9.99236641221 END
START 0.593762011719 -11.2671130127 7.20654699707 250.129770992 -67.6717557252 7.7786259542 END
START -4.00071097412 -9.65342109375 10.8577045288 250.129770992 -76.6564885496 -5.04580152672 END
START -3.57693728027 -9.48103857422 16.795324646 250.129770992 -82.4732824427 6.09923664122 END
START 3.35667072754 -4.18745870361 12.6772977905 250.129770992 -86.1374045802 5.0 END
START 6.48828649902 -9.70130512695 9.78749638672 250.129770992 -88.9847328244 8.14503816794 END
START 1.03429511719 -5.64073911133 12.6725093872 250.129770992 -103.442748092 9.25954198473 END
START 3.65115753174 -11.8058083862 3.23217224121 250.129770992 -103.839694656 -3.59541984733 END
START -1.88902510986 -14.9661545776 11.2910550293 250.129770992 -100.549618321 -2.06870229008 END
START -1.03908352051 -5.02542928467 6.70376464844 250.129770992 -107.427480916 -3.22900763359 END
START -2.01112939453 -5.33428129883 11.2048637695 250.129770992 -80.2824427481 1.43511450382 END
START 13.0244570312 -16.9964375854 9.85692823486 250.129770992 -76.2366412214 6.56488549618 END
START 6.10760843506 -11.8872112427 3.64876333008 250.129770992 -61.3358778626 2.17557251908 END
START 10.3118265503 -10.2830961304 10.6901104126 250.129770992 -57.0305343511 8.41984732824 END
START 1.55862528076 -11.3868230957 9.1578213501 250.129770992 -46.9160305344 0.480916030534 END
START 0.143652099609 -7.29273825684 11.6070896484 250.129770992 -42.641221374 2.10687022901 END
START 3.23935484619 -13.8720044189 2.64319863281 250.129770992 -41.7099236641 14.3740458015 END
START 6.82347473145 -15.1576907104 8.18338127441 250.129770992 -41.9236641221 4.63358778626 END
START -0.756567724609 -15.5240035645 10.9343189819 250.129770992 -44.3129770992 3.02290076336 END
START 6.4116720459 -5.13316835937 4.10366164551 250.129770992 -51.9770992366 6.73282442748 END
START 1.00795889893 -2.54024796143 6.24407792969 250.129770992 -53.4045801527 8.86259541985 END
START 2.33195241699 -8.75798967285 10.7427828491 250.129770992 -66.2671755725 -3.37404580153 END
START 0.289698400879 -9.80665 9.03811126709 250.129770992 -82.679389313 8.12977099237 END
START -3.85945307617 -9.54328781738 11.6621562866 250.129770992 -87.8167938931 7.4427480916 END
START 3.21780703125 -4.56574256592 14.4226708008 250.129770992 -97.9083969466 -3.06106870229 END
START -0.986411083984 -14.6716677734 9.79707319336 250.129770992 -94.4503816794 2.58778625954 END
START 3.05978972168 -2.60489140625 10.1394440308 250.129770992 -96.5190839695 8.35114503817 END
START -3.71101257324 -10.771513269 15.3827456665 250.129770992 -91.4198473282 14.8778625954 END
START 2.86825358887 -17.3866924561 8.57603034668 250.129770992 -81.7709923664 9.00763358779 END
START 11.1952869629 -8.83699832764 6.94318481445 250.129770992 -81.7099236641 8.11450381679 END
START 3.50511123047 -12.3445037598 3.80438643799 250.129770992 -70.6335877863 5.09160305344 END
START 4.36702382812 -16.922217334 9.19612857666 250.129770992 -70.1450381679 9.58015267176 END
START -1.93451494141 -13.8265145874 9.8784760498 250.129770992 -70.5267175573 8.28244274809 END
START -2.31998140869 -5.99029255371 1.25935007324 250.129770992 -61.0229007634 12.465648855 END
START 7.92480749512 -5.58088406982 7.10359632568 250.129770992 -58.320610687 8.47328244275 END
START -7.23048901367 -12.5384340942 7.76439598389 250.129770992 -54.3053435115 13.7099236641 END