START 5.35343491211 -4.71418306885 10.2591541138 250.129770992 -80.786259542 13.8091603053 END
START -3.4189199707 -8.22887110596 10.419565625 250.129770992 -95.2442748092 10.0229007634 END
START -3.49792862549 -9.40681832275 11.0085392334 250.129770992 -81.1221374046 5.5572519084 END
START -3.26329686279 -5.01106407471 11.0133276367 250.129770992 -80.7251908397 17.320610687 END
START 1.17315881348 -7.6614453125 9.96945571289 250.129770992 -91.8015267176 2.53435114504 END
START -4.57531937256 -6.29914456787 14.9302415527 250.129770992 -78.0381679389 0.824427480916 END
START -3.14837518311 -12.0715647705 10.4985742798 250.129770992 -84.4351145038 3.03816793893 END
START -8.14507404785 -5.76523759766 9.86889924316 250.129770992 -90.3511450382 2.69465648855 END
START -2.27927998047 -6.11239683838 12.8592571167 250.129770992 -78.5877862595 -1.70992366412 END
START 1.5322890625 4.54658895264 9.63187327881 250.129770992 -80.1374045802 11.7099236641 END
START -1.30005150146 -6.08366641846 11.3030260376 250.129770992 -86.893129771 -0.190839694656 END
START -1.472434021 -8.36534060059 1.97761057129 250.129770992 -87.1374045802 8.91603053435 END
START 2.39659586182 -10.3333743652 4.39336004639 250.129770992 -97.6488549618 13.9541984733 END
START -1.86747729492 -8.74123026123 6.54574733887 250.129770992 -92.6335877863 -3.19847328244 END
START 3.77565601807 -6.73967767334 4.02944139404 250.129770992 -88.7938931298 9.25954198473 END
START -2.71741888428 -11.7124345215 10.0125513428 250.129770992 -96.6717557252 14.6335877863 END
START 5.20738861084 -7.97747993164 8.42519564209 250.129770992 -95.7709923664 6.50381679389 END
START 6.14830986328 -13.9222826538 3.83551105957 250.129770992 -91.7938931298 7.54198473282 END
START -3.80678063965 -10.7691190674 5.67425793457 250.129770992 -90.9083969466 11.3816793893 END
START -2.05183082275 -6.7301008667 2.87304199219 250.129770992 -76.3816793893 7.87022900763 END
START 4.5489831543 -3.55060106201 3.47638081055 250.129770992 -74.2213740458 1.69465648855 END
START -5.94959112549 -2.91613762207 11.7962315796 250.129770992 -63.3282442748 5.82442748092 END
START 2.85867678223 -6.77559069824 8.94234320068 250.129770992 -70.0916030534 3.51145038168 END
START 1.86987149658 -3.0286651001 6.87854136963 250.129770992 -60.7251908397 6.62595419847 END
START 4.31195718994 -4.64953962402 10.0843773926 250.129770992 -55.5267175573 7.00763358779 END
START 0.76853873291 -10.9295305786 4.72615407715 250.129770992 -48.3358778626 7.48091603053 END
START -1.39581956787 -9.41160672607 6.65827481689 250.129770992 -58.5038167939 4.70992366412 END
START -6.82826313477 -6.42124885254 4.41969626465 250.129770992 -51.7633587786 7.36641221374 END
START 1.47961662598 -9.76834277344 5.48272180176 250.129770992 -52.0610687023 8.6641221374 END
START 1.58256729736 -6.7899559082 11.8632692261 250.129770992 -62.0305343511 5.90839694656 END
START 11.3341506592 -9.2057053833 7.45314976807 250.129770992 -52.2748091603 7.87786259542 END
START -5.77002600098 -12.2822545166 14.9015111328 250.129770992 -60.8549618321 9.42748091603 END
START 4.52982954102 -8.96149681396 5.37019432373 250.129770992 -57.5267175573 4.52671755725 END
START -3.91691391602 -8.83460412598 17.049110022 250.129770992 -65.7709923664 7.57251908397 END
START -1.80043964844 -5.82030423584 2.05661922607 250.129770992 -71.572519084 13.0458015267 END
START -6.14830986328 -7.58722506104 3.9600095459 250.129770992 -73.6564885496 6.39694656489 END
START -5.67425793457 -8.35097539062 9.70130512695 250.129770992 -73.6183206107 17.7709923664 END
START 0.560243188477 -9.50976899414 5.88494768066 250.129770992 -76.4351145038 2.90076335878 END
START 5.96156213379 -9.49061538086 9.35175168457 250.129770992 -80.7938931298 2.81679389313 END
START -3.0526071167 -7.83382783203 5.68622894287 250.129770992 -86.0839694656 -0.351145038168 END
START -0.411802685547 -6.05972440186 8.70771143799 250.129770992 -89.6030534351 9.61832061069 END
START 0.0670376464844 -0.497993945312 11.2623246094 250.129770992 -88.9618320611 8.77099236641 END
START 8.25520732422 -8.77714328613 5.43004936523 250.129770992 -97.4809160305 4.93893129771 END
START 0.402225878906 -14.8679923096 3.09330854492 250.129770992 -107.27480916 11.9541984733 END
START 2.90895501709 -4.9392380249 6.82108052979 250.129770992 -91.3435114504 -2.54198473282 END
START -0.656011254883 -9.27274302979 1.2856862915 250.129770992 -96.1450381679 2.76335877863 END
START -2.65756384277 -9.76834277344 8.11394942627 250.129770992 -94.2595419847 12.7633587786 END
START 0.955286462402 -11.6645504883 2.4157494751 250.129770992 -96.5190839695 4.54198473282 END
START 9.96945571289 -14.9350299561 4.73333668213 250.129770992 -100.79389313 7.67938931298 END
START -0.694318481445 -8.16183345947 10.2112700806 250.129770992 -100.72519084 4.62595419847 END
START 7.84101043701 -6.12676204834 5.50905802002 250.129770992 -100.832061069 5.96946564885 END
START -3.64876333008 -15.2079689453 10.7044756226 250.129770992 -99.5801526718 10.3740458015 END
START 3.16513459473 -5.73890137939 4.68066424561 250.129770992 -96.7633587786 -4.69465648855 END
START 1.80522805176 -8.03015236816 6.62475599365 250.129770992 -103.923664122 8.17557251908 END
START -2.28646258545 -13.5104799683 3.0526071167 250.129770992 -105.244274809 7.4427480916 END
START 10.2519715088 -9.34217487793 10.9941740234 250.129770992 -105.427480916 11.6717557252 END
START 2.41335527344 -4.09169063721 8.68376942139 250.129770992 -101.86259542 13.8244274809 END
START 1.10612116699 -5.59046087646 7.18260498047 250.129770992 -80.8396946565 12.213740458 END
START 8.14028564453 -3.53863005371 12.0955067871 250.129770992 -74.4732824427 2.62595419847 END
START 9.23683000488 -3.16992299805 3.94564433594 250.129770992 -67.2748091603 8.15267175573 END
START 3.01190568848 -4.18267030029 18.5813990845 250.129770992 -74.9312977099 -0.480916030534 END
START -2.31040460205 -3.93846173096 9.35654008789 250.129770992 -65.893129771 0.679389312977 END
START 2.4756045166 -6.66785162354 7.16345136719 250.129770992 -64.8625954198 5.81679389313 END
START -8.64785639648 -3.69664736328 5.37737692871 250.129770992 -64.2977099237 2.58015267176 END
START 4.30477458496 -12.5025210693 8.05409438477 250.129770992 -50.5572519084 7.89312977099 END
START 7.98705673828 -8.11873782959 11.2024695679 250.129770992 -57.6259541985 14.6106870229 END
START -0.0430956298828 -6.41885465088 9.27992563477 250.129770992 -48.0 7.46564885496 END
START 3.85466467285 -2.57616098633 13.3093670288 250.129770992 -55.572519084 8.52671755725 END
START -1.34075292969 -11.8369330078 9.36372269287 250.129770992 -62.4122137405 8.78625954198 END
START 6.61278498535 -7.98466253662 10.4985742798 250.129770992 -60.2213740458 14.1221374046 END
START -4.13957467041 -3.86902988281 5.38216533203 250.129770992 -66.1297709924 13.5114503817 END
START 1.24019645996 -5.65749852295 5.32231029053 250.129770992 -61.2671755725 5.51145038168 END
START -5.85142885742 -9.12669672852 13.0100918213 250.129770992 -71.0 6.24427480916 END
START 1.23540805664 -7.27597884521 8.68137521973 250.129770992 -69.2366412214 -3.80916030534 END
START 2.97838686523 -13.991714502 13.5655466064 250.129770992 -66.3816793893 24.7786259542 END
START 2.73178409424 -3.96479794922 7.3071034668 250.129770992 -66.0305343511 7.07633587786 END
START -9.71327613525 -7.0964137207 6.1650692749 250.129770992 -73.6946564885 9.98473282443 END
START 1.71664259033 -4.99909306641 8.12352623291 250.129770992 -66.1908396947 8.62595419847 END
START -2.01112939453 -5.66946953125 4.23773693848 250.129770992 -63.4961832061 2.76335877863 END
START 7.47469758301 -4.06056601562 13.244723584 250.129770992 -62.6259541985 3.26717557252 END
START 10.1849338623 -7.21612380371 3.60087929687 250.129770992 -55.5496183206 11.4045801527 END
START 10.1083194092 -9.86171663818 10.3309801636 250.129770992 -44.1297709924 10.1450381679 END
START 3.60327349854 -11.7914431763 9.01416925049 250.129770992 -45.3893129771 5.70229007634 END
START 3.54102425537 -5.82748684082 10.6948988159 250.129770992 -33.8244274809 4.6106870229 END
START -2.03746561279 -4.73812508545 2.79642753906 250.129770992 -40.2442748092 5.47328244275 END
START 1.62805712891 -3.7253777832 6.19619389648 250.129770992 -36.1145038168 13.2824427481 END
START -0.294486804199 -4.5729251709 11.1569797363 250.129770992 -47.6870229008 7.82442748092 END
START 2.44926829834 -13.9318594604 14.8823575195 250.129770992 -51.2519083969 2.81679389313 END
START 0.622492431641 -16.2278988525 6.95036741943 250.129770992 -52.0687022901 4.41984732824 END
START -2.7581203125 -6.03099398193 4.75727869873 250.129770992 -66.213740458 6.38167938931 END
START 2.7820623291 -7.09401951904 2.38701905518 250.129770992 -70.7786259542 13.4961832061 END
START -1.1659762085 -3.63918652344 6.51701691895 250.129770992 -75.6870229008 4.43511450382 END
START 3.15795198975 -12.2200052734 6.54335313721 250.129770992 -78.2213740458 9.29770992366 END
START -6.39251843262 -10.3237975586 10.2232410889 250.129770992 -74.213740458 5.0534351145 END
START 0.909796630859 -4.83628735352 4.99191046143 250.129770992 -75.7633587786 12.893129771 END
START 5.24090743408 -8.22887110596 8.03733497314 250.129770992 -78.7328244275 4.27480916031 END
START 1.77410343018 -11.5137157837 5.60961448975 250.129770992 -74.9847328244 2.84732824427 END
START 0.890643017578 -11.9638256958 8.33182177734 250.129770992 -77.3511450382 17.106870229 END
START -3.33751711426 -9.77313117676 13.3835872803 250.129770992 -69.6870229008 12.2519083969 END
START 3.43807358398 -10.1035310059 15.3875340698 250.129770992 -72.9083969466 15.1679389313 END
START 1.2617442749 -9.49540378418 8.96867941895 250.129770992 -77.3282442748 6.52671755725 END
START -5.35822331543 -11.3269680542 6.83065733643 250.129770992 -79.8549618321 8.13740458015 END
START -3.28723887939 -10.8241857056 7.27358464355 250.129770992 -75.7022900763 11.3969465649 END
START -2.06140762939 -9.5720182373 7.00543405762 250.129770992 -72.3129770992 3.96183206107 END
START 7.17542237549 -9.08120689697 7.3071034668 250.129770992 -66.7480916031 -4.29770992366 END
START 1.66875855713 -11.0947304932 8.18338127441 250.129770992 -79.9923664122 3.82442748092 END
START 2.23618435059 -5.54257684326 9.48582697754 250.129770992 -64.8091603053 1.13740458015 END
START -1.4844050293 -12.5480109009 6.85699355469 250.129770992 -62.4427480916 3.6641221374 END
START 17.9158110229 -10.5057568848 4.8913539917 250.129770992 -55.0458015267 18.1450381679 END
START -3.46440980225 -12.1673328369 10.0412817627 250.129770992 -45.3740458015 6.27480916031 END
START 3.68707055664 -7.07726010742 9.54328781738 250.129770992 -46.8702290076 -3.16030534351 END
START -1.50595284424 -6.26801994629 9.33738647461 250.129770992 -46.5114503817 4.5572519084 END
START -3.9480385376 -17.3005011963 11.9877677124 250.129770992 -40.8625954198 4.6106870229 END
START 2.42293208008 -1.89381351318 7.53694682617 250.129770992 -43.358778626 5.45801526718 END
START -4.08211383057 -10.1705686523 6.32548078613 250.129770992 -50.534351145 9.18320610687 END
START 2.17632930908 -9.20331118164 9.41400092773 250.129770992 -53.0076335878 2.97709923664 END
START 4.48673391113 -10.2495773071 8.99022723389 250.129770992 -56.8778625954 9.12977099237 END
START 1.16118780518 -6.64869801025 10.4411134399 250.129770992 -74.8091603053 15.7938931298 END
START -2.88740720215 -9.76834277344 5.37019432373 250.129770992 -78.6106870229 4.91603053435 END
START 0.205901342773 -7.75003077393 9.67257470703 250.129770992 -89.4427480916 0.648854961832 END
START 0.854729992676 -13.371616272 11.0109334351 250.129770992 -95.9694656489 5.13740458015 END
START 2.99035787354 -5.7987564209 7.69975253906 250.129770992 -105.41221374 9.72519083969 END
START -1.11090957031 -6.59363137207 8.61912597656 250.129770992 -95.3816793893 2.79389312977 END
START -5.26484945068 -11.9183358643 7.57046564941 250.129770992 -90.7099236641 21.6870229008 END
START 3.64876333008 -11.5448404053 2.81558115234 250.129770992 -70.2061068702 -0.160305343511 END
START 7.721300354 -6.58644876709 11.8034141846 250.129770992 -54.9923664122 5.50381679389 END
START 3.75650240479 -8.38449421387 4.71897147217 250.129770992 -41.1526717557 6.20610687023 END
START 6.57447775879 -10.6948988159 6.27999095459 250.129770992 -34.0152671756 6.58778625954 END
START 3.23217224121 -11.0492406616 7.0724717041 250.129770992 -22.1374045802 3.75572519084 END
START 8.42519564209 -11.1928927612 12.3588689697 250.129770992 -16.3664122137 3.11450381679 END
START -3.82114584961 -13.9941087036 8.58081875 250.129770992 -29.0992366412 4.85496183206 END
START 0.60812722168 -4.91050760498 1.68551796875 250.129770992 -37.7786259542 12.5114503817 END
START -12.7227876221 -3.0406361084 8.39885942383 250.129770992 -37.1374045802 2.11450381679 END
START -3.94564433594 -15.061922644 9.4642791626 250.129770992 -59.3129770992 14.5954198473 END
START -2.26970317383 -10.9989624268 6.64630380859 250.129770992 -63.6488549618 5.16030534351 END