START 2.70784207764 -10.6326495728 8.54969412842 250.129770992 -58.2519083969 7.90839694656 END
START -0.366312854004 -3.14358677979 7.35738170166 250.129770992 -58.2748091603 17.4503816794 END
START -0.857124194336 -7.91283648682 5.66707532959 250.129770992 -64.0839694656 7.63358778626 END
START 5.24330163574 -16.2997249023 9.01895765381 250.129770992 -66.0839694656 16.0076335878 END
START 7.38611212158 -13.3428858521 7.80270321045 250.129770992 -69.1526717557 17.8244274809 END
START -2.98796367187 -17.0443216187 7.05571229248 250.129770992 -71.213740458 5.58778625954 END
START -3.46680400391 -9.95269630127 13.2112047607 250.129770992 -71.1832061069 -2.8320610687 END
START 6.59602557373 -7.78354959717 8.93037219238 250.129770992 -65.0305343511 9.39694656489 END
START -5.77720860596 -11.2407767944 9.33738647461 250.129770992 -72.9923664122 10.8549618321 END
START -7.86495245361 -14.5423808838 6.94557901611 250.129770992 -90.1374045802 8.32824427481 END
START -0.335188232422 -19.4744363037 5.67425793457 250.129770992 -100.190839695 11.0305343511 END
START 1.25456166992 -8.26957253418 7.62074388428 250.129770992 -104.618320611 11.641221374 END
START -0.0263362182617 -11.152191333 6.54335313721 250.129770992 -104.396946565 3.18320610687 END
START 4.69981785889 -0.811634362793 10.0364933594 250.129770992 -91.9236641221 16.7480916031 END
START 0.102950671387 -12.5216746826 2.23379014893 250.129770992 -101.961832061 3.15267175573 END
START 1.60890351563 -15.1696617187 6.59841977539 250.129770992 -104.167938931 13.4427480916 END
START 1.58256729736 -5.06852491455 11.391611499 250.129770992 -104.366412214 0.328244274809 END
START 6.84262834473 -6.80671531982 7.53455262451 250.129770992 -103.809160305 5.61832061069 END
START -1.66157595215 -2.4995465332 9.38287630615 250.129770992 -103.86259542 14.6564885496 END
START 0.600944616699 -6.68700523682 1.5442600708 250.129770992 -105.122137405 10.1755725191 END
START -0.414196887207 -7.3310454834 6.38294162598 250.129770992 -105.511450382 12.9389312977 END
START 7.59440766602 -10.9008001587 13.2112047607 250.129770992 -104.854961832 10.7633587786 END
START 4.74530769043 -10.1538092407 2.59052619629 250.129770992 -104.351145038 6.6106870229 END
START 1.19470662842 -10.314220752 9.57920084229 250.129770992 -109.038167939 0.396946564885 END
START 4.99430466309 -3.9480385376 10.7427828491 250.129770992 -116.358778626 18.3664122137 END
START -2.67192905273 -6.2009822998 8.14507404785 250.129770992 -112.671755725 4.30534351145 END
START 5.40371314697 -8.47068547363 5.99029255371 250.129770992 -103.740458015 2.68702290076 END
START -0.562637390137 -6.57208355713 10.1202904175 250.129770992 -68.9847328244 0.167938931298 END
START -2.10689746094 -6.60799658203 10.5847655396 250.129770992 -62.9541984733 4.02290076336 END
START 1.15879360352 -3.53863005371 7.13950935059 250.129770992 -67.7938931298 10.0458015267 END
START 4.47715710449 -5.65031591797 9.61990227051 250.129770992 -69.213740458 10.1908396947 END
START -6.0573302002 -9.53371101074 11.0707884766 250.129770992 -61.8167938931 1.54198473282 END
START 5.54975944824 -13.2471177856 5.25048424072 250.129770992 -66.7328244275 15.2900763359 END
START 2.84670577393 -12.6557499756 12.7802484619 250.129770992 -72.8015267176 9.16030534351 END
START 1.30005150146 -9.39484731445 14.9877023926 250.129770992 -62.8244274809 12.1221374046 END
START -2.34392342529 -16.3523973389 5.30315667725 250.129770992 -61.1374045802 4.63358778626 END
START -8.20971749268 -3.26329686279 12.1505734253 250.129770992 -52.8473282443 13.0687022901 END
START -4.38138903809 -8.76277807617 12.3373211548 250.129770992 -61.6564885496 13.893129771 END
START 1.02232410889 -7.30949766846 9.84016882324 250.129770992 -61.3664122137 10.1221374046 END
START 1.18512982178 -8.52335791016 12.0811415771 250.129770992 -67.0916030534 7.86259541985 END
START 2.11168586426 -8.06127698975 8.08282480469 250.129770992 -70.3358778626 7.03816793893 END
START 0.854729992676 -11.899182251 4.05098920898 250.129770992 -87.1603053435 6.32061068702 END
START 3.7134067749 -12.2966197266 8.9351605957 250.129770992 -76.1908396947 4.85496183206 END
START -3.1004911499 -12.9382657715 6.44997927246 250.129770992 -85.5267175573 9.35877862595 END
START -1.65439334717 -11.3389390625 13.0555816528 250.129770992 -83.3282442748 5.90839694656 END
START 0.660799658203 -11.271901416 11.2216231812 250.129770992 -84.2748091603 -1.54961832061 END
START -0.196324536133 -8.77235488281 3.7373487915 250.129770992 -86.4580152672 3.24427480916 END
START -2.03746561279 -4.48194550781 11.6262432617 250.129770992 -88.2595419847 7.9465648855 END
START 4.46997449951 -8.48983908691 7.20415279541 250.129770992 -75.2213740458 -1.18320610687 END
START 8.88967076416 -11.4155535156 10.4842090698 250.129770992 -71.4503816794 4.11450381679 END
START -3.6535517334 -11.2335941895 2.55461317139 250.129770992 -68.4503816794 8.84732824427 END
START 14.3316911377 -13.5559697998 7.46512077637 250.129770992 -66.7175572519 3.02290076336 END
START 12.4019645996 -12.6270195557 8.79150849609 250.129770992 -77.4122137405 12.9236641221 END
START -1.61369191895 -9.75158336182 10.1442324341 250.129770992 -54.6564885496 10.9083969466 END
START -1.14682259521 -12.0643821655 11.8345388062 250.129770992 -57.6030534351 6.90839694656 END
START -2.31519300537 -18.3898629517 7.42202514648 250.129770992 -49.7099236641 6.40458015267 END
START 1.1540052002 -10.2447889038 9.87129344482 250.129770992 -50.1450381679 5.32061068702 END
START 16.4098581787 -9.23204160156 7.71172354736 250.129770992 -53.0381679389 6.51908396947 END
START -3.45243879395 -7.64468590088 5.97113894043 250.129770992 -47.7786259542 9.18320610687 END
START -4.78122071533 -8.61194337158 11.152191333 250.129770992 -56.3129770992 7.43511450382 END
START 1.47961662598 -5.38695373535 6.23210692139 250.129770992 -62.7709923664 9.65648854962 END
START -6.85220515137 -5.97353314209 2.45884510498 250.129770992 -66.2366412214 5.08396946565 END
START 5.28400306396 -7.91044228516 4.03662399902 250.129770992 -77.6183206107 7.71755725191 END
START -3.84748206787 -4.16830509033 9.2655604248 250.129770992 -85.7175572519 14.5419847328 END
START 4.57771357422 -11.6765214966 12.1362082153 250.129770992 -84.1832061069 1.01526717557 END
START 4.33111080322 -5.67904633789 9.80904420166 250.129770992 -88.8625954198 9.54198473282 END
START 6.83065733643 -14.1521260132 2.92092602539 250.129770992 -83.427480916 -1.00763358779 END
START -4.44842668457 -7.14429775391 5.53778843994 250.129770992 -92.7480916031 8.78625954198 END
START -4.48194550781 -11.1904985596 10.0556469727 250.129770992 -77.358778626 6.64122137405 END
START -0.00957680664062 -6.57926616211 9.06923588867 250.129770992 -87.6717557252 13.2061068702 END
START -5.92325490723 -9.72285294189 7.25921943359 250.129770992 -87.6183206107 11.8702290076 END
START 3.71101257324 -5.84903465576 6.50983431396 250.129770992 -79.0916030534 1.06870229008 END
START 6.1890112915 -9.47385596924 3.95043273926 250.129770992 -81.2519083969 4.07633587786 END
START 2.48996972656 -13.737929126 9.71088193359 250.129770992 -75.9160305344 2.27480916031 END
START 2.02788880615 -1.93690914307 10.4171714233 250.129770992 -86.7328244275 5.47328244275 END
START -3.7134067749 -7.53455262451 8.83220992432 250.129770992 -94.4351145038 4.89312977099 END
START -0.742202514648 -10.7619364624 7.63510909424 250.129770992 -82.5877862595 1.95419847328 END
START 2.54503636475 -7.65426270752 15.8376439819 250.129770992 -94.5190839695 5.34351145038 END
START 4.68066424561 -8.74362446289 6.76840809326 250.129770992 -94.3358778626 8.77099236641 END
START 1.18512982178 -8.02057556152 4.73333668213 250.129770992 -105.06870229 10.4885496183 END
START 5.35104071045 2.16435830078 5.90888969727 250.129770992 -104.396946565 13.1221374046 END
START 5.63116230469 -2.28406838379 5.28400306396 250.129770992 -103.366412214 11.7786259542 END
START -3.16274039307 -13.9893203003 6.21295330811 250.129770992 -102.885496183 -2.29770992366 END
START 3.91930811768 -17.1424838867 10.9750204102 250.129770992 -102.79389313 6.43511450382 END
START 6.73249506836 -10.1226846191 12.2343704834 250.129770992 -96.5419847328 16.6564885496 END
START 1.05584293213 -7.0245876709 10.3261917603 250.129770992 -93.0992366412 6.30534351145 END
START -3.20104761963 -14.8632039062 8.41322463379 250.129770992 -81.1755725191 5.2213740458 END