START 0.909796630859 -6.33984599609 9.70848773193 250.129770992 -72.320610687 6.5572519084 END
START -8.04451757812 -8.74841286621 10.5296989014 250.129770992 -88.8091603053 20.0687022901 END
START 10.778695874 -12.5001268677 7.84579884033 250.129770992 -78.8396946565 7.59541984733 END
START -2.92571442871 -4.40054265137 8.42519564209 250.129770992 -81.0763358779 3.25954198473 END
START 0.715866296387 -11.0085392334 8.35336959229 250.129770992 -83.8473282443 7.67938931298 END
START 0.354341845703 -9.39724151611 7.72608875732 250.129770992 -81.6259541985 7.96946564885 END
START -6.00465776367 -6.44519086914 7.37414111328 250.129770992 -86.0839694656 8.54961832061 END
START 1.13485158691 -15.562310791 11.9159416626 250.129770992 -85.2442748092 6.67175572519 END
START 1.04147772217 -13.7331407227 9.63187327881 250.129770992 -95.3511450382 9.95419847328 END
START 8.90164177246 -11.5807534302 7.52018741455 250.129770992 -105.854961832 3.6641221374 END
START 0.878672009277 -9.59835445557 10.6972930176 250.129770992 -100.13740458 -3.32824427481 END
START -2.2170307373 -9.58398924561 5.90888969727 250.129770992 -106.65648855 9.14503816794 END
START -2.32716401367 -8.8633345459 10.0317049561 250.129770992 -104.633587786 2.4427480916 END
START -2.33674082031 -5.97353314209 11.3245738525 250.129770992 -101.816793893 7.27480916031 END
START 3.12922156982 -13.5368161865 5.39413634033 250.129770992 -104.282442748 18.1908396947 END
START -3.58172568359 -11.2431709961 4.89614239502 250.129770992 -104.526717557 8.48854961832 END
START 6.57208355713 -4.51785853271 6.95515582275 250.129770992 -93.9389312977 13.0076335878 END
START 7.87452926025 -9.1338793335 4.67587584229 250.129770992 -100.625954198 14.2671755725 END
START 3.40216055908 -14.4466128174 9.54568201904 250.129770992 -104.145038168 12.3969465649 END
START -4.20661231689 -8.25760152588 10.0436759644 250.129770992 -97.534351145 14.2977099237 END
START -1.07499654541 -13.371616272 5.83227524414 250.129770992 -98.7557251908 8.62595419847 END
START -2.28646258545 -5.08767852783 7.45314976807 250.129770992 -104.603053435 5.50381679389 END
START -4.29998618164 -5.71735356445 3.2992098877 250.129770992 -103.969465649 13.641221374 END
START 8.43956085205 -15.0451632324 8.65503900146 250.129770992 -104.511450382 7.47328244275 END
START 9.26795462646 2.83712896729 11.8393272095 250.129770992 -103.79389313 10.7251908397 END
START -5.31033928223 -3.03345350342 1.39342536621 250.129770992 -103.122137405 8.17557251908 END
START -3.3710359375 -1.8267758667 7.98945093994 250.129770992 -104.992366412 9.0 END
START 1.63523973389 -3.14598098145 7.3071034668 250.129770992 -106.511450382 3.85496183206 END
START 1.30005150146 -12.1840922485 8.00142194824 250.129770992 -103.809160305 8.65648854962 END
START -5.15232197266 -10.8672813354 12.265495105 250.129770992 -103.312977099 9.68702290076 END
START -2.26252056885 -7.95114371338 6.02141717529 250.129770992 -94.2824427481 4.40458015267 END
START 3.42849677734 -4.31674559326 11.7962315796 250.129770992 -101.290076336 4.58778625954 END
START 7.75003077393 -1.37906015625 8.86572874756 250.129770992 -85.7480916031 14.5114503817 END
START 6.98149204102 -8.21211169434 8.57842454834 250.129770992 -74.0610687023 0.229007633588 END
START 8.70052883301 -5.48990440674 8.80347950439 250.129770992 -70.4961832061 11.9007633588 END
START 5.69101734619 -8.99262143555 13.8552450073 250.129770992 -59.1374045802 8.59541984733 END
START -2.20745393066 -14.1353666016 11.3197854492 250.129770992 -52.0305343511 12.5877862595 END
START -5.42765516357 -12.7491238403 10.0724063843 250.129770992 -45.9923664122 5.09923664122 END
START 4.00310517578 -4.37660063477 9.43315454102 250.129770992 -51.7404580153 10.9847328244 END
START 5.36540592041 -11.4969563721 5.55694205322 250.129770992 -44.358778626 -1.25954198473 END
START -3.9480385376 -1.38384855957 9.23204160156 250.129770992 -38.0076335878 8.6106870229 END
START 0.577002600098 -6.64151540527 7.22809481201 250.129770992 -49.213740458 2.98473282443 END
START -5.75326658936 -5.58088406982 3.42849677734 250.129770992 -41.7175572519 2.93129770992 END
START -6.08845482178 -9.37808790283 6.61517918701 250.129770992 -46.7709923664 5.80916030534 END
START -6.58405456543 -10.4459018433 10.3237975586 250.129770992 -58.2977099237 7.12213740458 END
START 1.36708914795 -13.3811930786 10.4985742798 250.129770992 -68.4580152672 -0.717557251908 END
START 7.0006456543 -12.1697270386 4.25928475342 250.129770992 -68.4045801527 1.29770992366 END
START -1.49158763428 -7.37414111328 9.47146176758 250.129770992 -67.7938931298 11.4122137405 END
START -1.32399351807 -4.76685550537 9.83298621826 250.129770992 -78.4809160305 12.2213740458 END
START -0.644040246582 -14.7315228149 14.9900965942 250.129770992 -87.5572519084 13.0610687023 END
START 8.93276639404 -12.1433908203 5.22893642578 250.129770992 -95.6030534351 17.1145038168 END
START 4.52982954102 -1.04866032715 7.9798741333 250.129770992 -88.4351145038 10.1221374046 END
START 0.830787976074 -7.0006456543 2.74136090088 250.129770992 -79.7709923664 12.4122137405 END
START 4.62799180908 -6.93839641113 3.17710560303 250.129770992 -87.3358778626 4.21374045802 END
START 5.67186373291 -12.2918313232 6.02859978027 250.129770992 -77.2824427481 0.297709923664 END
START 8.94473740234 -15.2390935669 10.1178962158 250.129770992 -90.4045801527 6.15267175573 END
START -0.541089575195 -12.6485673706 4.02704719238 250.129770992 -108.717557252 5.4427480916 END
START 2.41335527344 -9.84974562988 15.8041251587 250.129770992 -93.8473282443 11.6335877863 END
START 0.644040246582 -13.350068457 4.09408483887 250.129770992 -103.297709924 5.14503816794 END
START 4.290409375 -13.8456682007 8.40843623047 250.129770992 -85.5954198473 7.91603053435 END
START 6.01184036865 -11.3796404907 5.60961448975 250.129770992 -76.1908396947 6.32824427481 END
START 13.9414362671 -3.33272871094 5.94480272217 250.129770992 -67.3358778626 7.70992366412 END
START 4.35984122314 -18.0427037109 7.62313808594 250.129770992 -64.2366412214 4.20610687023 END
START 0.878672009277 -11.5137157837 8.92558378906 250.129770992 -53.3435114504 8.41984732824 END
START 15.9669308716 -11.7387707397 6.20577070312 250.129770992 -40.9160305344 9.67175572519 END
START -1.96803376465 -13.5224509766 2.37504804687 250.129770992 -53.0839694656 13.8320610687 END
START -1.69270057373 -13.8384855957 11.9901619141 250.129770992 -51.465648855 8.04580152672 END
START 0.225054956055 -7.32146867676 4.89853659668 250.129770992 -56.4351145038 10.7175572519 END
START -9.50737479248 -8.64785639648 5.76763179932 250.129770992 -58.7404580153 13.3893129771 END
START -5.20738861084 -3.9719805542 1.87226569824 250.129770992 -66.786259542 4.63358778626 END
START 2.40617266846 -0.902614025879 10.9726262085 250.129770992 -73.6641221374 11.1221374046 END
START -2.20266552734 -10.41238302 5.01585247803 250.129770992 -75.6641221374 10.4580152672 END
START 8.00860455322 -8.65025059814 5.18823499756 250.129770992 -80.213740458 7.69465648855 END
START 2.82276375732 -7.4148425415 9.78510218506 250.129770992 -76.9312977099 7.72519083969 END
START 5.18105239258 -15.6700498657 8.23605371094 250.129770992 -84.3816793893 12.5648854962 END
START -9.16739815674 -11.4227361206 7.39568892822 250.129770992 -65.1450381679 8.28244274809 END
START 1.99436998291 -5.94719692383 7.81228001709 250.129770992 -85.0458015267 5.58015267176 END
START -2.85149417725 -14.0395985352 12.2247936768 250.129770992 -65.9923664122 -0.946564885496 END
START -3.70861837158 -9.39005891113 6.91206019287 250.129770992 -69.3740458015 -3.76335877863 END
START 1.51552965088 -6.64151540527 6.48828649902 250.129770992 -63.320610687 -4.61832061069 END
START -7.55370623779 -11.0372696533 8.89685336914 250.129770992 -63.3435114504 8.07633587786 END
START 2.31519300537 -6.86178195801 13.2614829956 250.129770992 -60.5648854962 6.41984732824 END
START -1.28808049316 -11.2958434326 10.0867715942 250.129770992 -62.2213740458 18.0839694656 END
START -2.51870014648 -8.30309135742 12.6270195557 250.129770992 -60.2366412214 11.8778625954 END
START 2.71741888428 -2.52588275146 14.1162129883 250.129770992 -62.6183206107 10.0458015267 END
START 2.49236392822 -3.56736047363 1.18752402344 250.129770992 -71.9847328244 3.19847328244 END
START -12.9550251831 -13.6948334961 6.73967767334 250.129770992 -65.6870229008 8.42748091603 END
START -1.00795889893 -4.71418306885 12.8089788818 250.129770992 -74.4503816794 4.22900763359 END
START 1.96324536133 -13.3189438354 4.79319172363 250.129770992 -83.3053435115 4.45038167939 END
START -4.98712205811 -8.6526447998 7.74045396729 250.129770992 -72.5572519084 0.030534351145 END
START -0.828393774414 -8.55927093506 5.86100566406 250.129770992 -77.9694656489 9.35877862595 END
START -8.00142194824 -7.17302817383 8.81066210937 250.129770992 -89.1679389313 6.07633587786 END
START -5.91846650391 -11.8752402344 10.3429511719 250.129770992 -98.679389313 8.15267175573 END
START -1.68312376709 -6.7301008667 14.3269027344 250.129770992 -104.709923664 -0.160305343511 END