START -1.45806881104 -12.9262947632 7.76679018555 250.129770992 -57.1374045802 0.93893129771 END
START -1.74776721191 -11.4514665405 6.68700523682 250.129770992 -73.641221374 3.80152671756 END
START 3.83072265625 -13.1393787109 11.1234609131 250.129770992 -79.2290076336 3.4427480916 END
START -1.24498486328 -4.46518609619 7.15387456055 250.129770992 -74.0534351145 7.13740458015 END
START 1.97042796631 -12.4450602295 7.41244833984 250.129770992 -71.7328244275 10.4580152672 END
START -4.14436307373 -4.88656558838 7.06768330078 250.129770992 -77.0305343511 5.29770992366 END
START 5.00388146973 -4.67108743896 13.9558014771 250.129770992 -81.8015267176 1.29007633588 END
START 1.53947166748 -4.51307012939 7.75721337891 250.129770992 -77.534351145 17.2900763359 END
START 2.48996972656 -8.45153186035 11.1330377197 250.129770992 -84.1679389313 15.5419847328 END
START 1.37666595459 -15.9908728882 9.5121631958 250.129770992 -98.4351145038 1.87022900763 END
START -0.14604630127 -0.735019909668 10.0436759644 250.129770992 -104.053435115 3.56488549618 END
START 1.37187755127 -7.47709178467 9.85692823486 250.129770992 -104.488549618 5.28244274809 END
START -2.4157494751 -7.62313808594 5.26245524902 250.129770992 -104.038167939 7.77099236641 END
START 4.2544963501 -9.1817633667 5.65271011963 250.129770992 -104.427480916 7.21374045802 END
START 5.19302340088 -8.59518395996 7.55370623779 250.129770992 -103.221374046 3.90076335878 END
START 4.93205541992 -0.61770402832 12.512097876 250.129770992 -104.969465649 -2.18320610687 END
START 6.61278498535 -10.4698438599 12.131419812 250.129770992 -104.27480916 11.5648854962 END
START 3.87860668945 -13.476961145 6.47870969238 250.129770992 -105.175572519 17.8625954198 END
START -2.26252056885 -9.63905588379 9.47146176758 250.129770992 -104.358778626 6.57251908397 END
START 3.29202728271 -12.5504051025 7.2951324585 250.129770992 -105.86259542 3.19847328244 END
START 4.29998618164 -12.1266314087 7.41963094482 250.129770992 -107.824427481 4.63358778626 END
START 3.95761534424 -5.18344659424 11.7746837646 250.129770992 -104.328244275 5.36641221374 END
START 5.59524927979 -8.05888278809 5.1379567627 250.129770992 -102.709923664 6.41984732824 END
START 4.58968458252 -15.308525415 8.23126530762 250.129770992 -104.282442748 14.3282442748 END
START 0.220266552734 -14.9900965942 11.0947304932 250.129770992 -103.244274809 8.93129770992 END
START 7.9918451416 -9.14824454346 11.8010199829 250.129770992 -90.2442748092 -0.190839694656 END
START -1.37187755127 -11.137826123 9.67257470703 250.129770992 -91.6641221374 16.3740458015 END
START 6.07648381348 -7.85776984863 4.63996281738 250.129770992 -93.786259542 8.24427480916 END
START 3.72298358154 -10.3429511719 7.08204851074 250.129770992 -77.427480916 1.51908396947 END
START -0.256179577637 0.584185205078 17.3316258179 250.129770992 -76.4503816794 19.2519083969 END
START -4.73573088379 -12.7060282104 7.17781657715 250.129770992 -68.0152671756 15.8244274809 END
START 1.81001645508 -6.94797321777 7.3190744751 250.129770992 -70.2213740458 10.6488549618 END
START -1.99676418457 -2.87064779053 9.59356605225 250.129770992 -66.3511450382 12.2061068702 END
START -3.12682736816 -6.41646044922 2.23139594727 250.129770992 -61.3969465649 11.7786259542 END
START -8.33661018066 -9.84735142822 3.53623585205 250.129770992 -67.9236641221 16.8244274809 END
START 4.69263525391 -13.4266829102 9.66778630371 250.129770992 -66.9312977099 9.25954198473 END
START 4.47715710449 -3.46919820557 5.59524927979 250.129770992 -62.6564885496 1.62595419847 END
START -4.24970794678 -2.33674082031 3.25372005615 250.129770992 -70.0534351145 3.25190839695 END
START -9.23683000488 -13.3955582886 5.91607230225 250.129770992 -76.0992366412 2.93129770992 END
START -2.82755216064 -9.81143840332 6.55771834717 250.129770992 -64.7709923664 10.9007633588 END
START -8.79150849609 -1.8148048584 6.91206019287 250.129770992 -89.5801526718 9.79389312977 END
START 3.10288535156 -17.3507794312 4.47236870117 250.129770992 -80.0152671756 5.77099236641 END
START -4.65432802734 -15.9741134766 8.14986245117 250.129770992 -86.6488549618 10.8854961832 END
START 1.40779057617 -18.021155896 4.27364996338 250.129770992 -92.0381679389 2.21374045802 END
START 0.814028564453 -5.59524927979 7.87213505859 250.129770992 -105.870229008 8.04580152672 END
START -0.641646044922 -7.72848295898 5.8945244873 250.129770992 -103.633587786 14.7786259542 END
START 4.79079752197 -12.8472861084 7.44357296143 250.129770992 -97.427480916 7.95419847328 END
START 4.66151063232 -8.6526447998 10.0939541992 250.129770992 -104.625954198 1.48091603053 END
START -7.57046564941 -10.180145459 10.3932294067 250.129770992 -98.0381679389 6.80152671756 END
START 5.69101734619 -9.96945571289 2.79882174072 250.129770992 -94.4503816794 -3.31297709924 END
START -5.25048424072 -11.4490723389 -2.75333190918 250.129770992 -89.3740458015 -0.69465648855 END
START 0.114921679688 -12.5336456909 3.57454307861 250.129770992 -69.6641221374 5.93129770992 END
START 2.44687409668 -15.8041251587 4.00071097412 250.129770992 -76.2824427481 7.71755725191 END
START -1.40060797119 -16.2231104492 3.54581265869 250.129770992 -64.7709923664 7.04580152672 END
START 7.31428607178 -7.84819304199 5.58088406982 250.129770992 -67.7709923664 4.4427480916 END
START -2.70305367432 -16.9820723755 0.289698400879 250.129770992 -53.9083969466 15.3816793893 END
START 4.76446130371 -7.05331809082 8.42280144043 250.129770992 -51.6946564885 -1.41984732824 END
START 3.54341845703 -11.0875478882 8.63827958984 250.129770992 -58.2442748092 11.4198473282 END
START 0.952892260742 -17.2502229614 10.067617981 250.129770992 -44.1984732824 2.06106870229 END
START -1.50355864258 -11.4682259521 11.6956751099 250.129770992 -46.0610687023 10.6717557252 END
START 4.76685550537 -16.0100265015 11.8656634277 250.129770992 -52.9083969466 10.2366412214 END
START -4.93684382324 -6.67264002686 5.01106407471 250.129770992 -53.5572519084 15.0305343511 END
START 0.0837970581055 -6.60320817871 8.96867941895 250.129770992 -56.8396946565 10.4580152672 END
START 5.15471617432 -16.4745016235 19.6127014496 250.129770992 -49.8396946565 11.1679389313 END
START -3.9959225708 -0.694318481445 10.8433393188 250.129770992 -46.5648854962 12.3893129771 END
START 8.95192000732 -9.87129344482 3.16274039307 250.129770992 -52.534351145 10.7480916031 END
START -7.45314976807 -8.94952580566 4.9631800415 250.129770992 -58.0534351145 8.00763358779 END