START -1.13245738525 0.641646044922 12.2631009033 250.129770992 -86.427480916 5.3893129771 END
START -0.969651672363 -7.58004245605 6.4595560791 250.129770992 -96.9847328244 0.648854961832 END
START -1.97521636963 -7.53455262451 8.68855782471 250.129770992 -99.8320610687 15.1450381679 END
START 6.61996759033 -13.0986772827 4.88656558838 250.129770992 -89.3511450382 1.73282442748 END
START 6.21534750977 -12.2056400635 2.18351191406 250.129770992 -86.1297709924 0.0534351145038 END
START 1.18273562012 -2.7461493042 7.6614453125 250.129770992 -90.1908396947 9.38167938931 END
START -2.71981308594 -11.7603185547 7.66623371582 250.129770992 -98.5648854962 7.93893129771 END
START -9.55525882568 -9.4523081543 12.2487356934 250.129770992 -102.770992366 9.54198473282 END
START 0.670376464844 -2.59531459961 2.70305367432 250.129770992 -104.213740458 4.37404580153 END
START -3.05500131836 -9.29668504639 6.84262834473 250.129770992 -104.465648855 2.72519083969 END
START 3.26329686279 -8.33182177734 8.63827958984 250.129770992 -104.877862595 0.580152671756 END
START -0.45489831543 -7.22570061035 4.54419475098 250.129770992 -104.526717557 21.2061068702 END
START -0.950498059082 -8.94952580566 8.23605371094 250.129770992 -103.938931298 10.8549618321 END
START 1.90339031982 -7.15866296387 5.50187541504 250.129770992 -104.679389313 -3.03053435115 END
START -2.40138426514 -10.2735193237 8.8633345459 250.129770992 -103.847328244 16.9541984733 END
START -2.06619603271 -16.2925422974 6.34702860107 250.129770992 -104.694656489 8.06106870229 END
START 8.73883605957 -15.9046816284 8.92079538574 250.129770992 -104.06870229 0.0381679389313 END
START -3.96958635254 -5.53539423828 14.2431056763 250.129770992 -102.236641221 4.72519083969 END
START 0.818816967773 -2.82036955566 10.3214033569 250.129770992 -104.938931298 4.2213740458 END
START -1.63284553223 -10.314220752 15.5575223877 250.129770992 -95.534351145 -1.24427480916 END
START 1.592144104 -15.9812960815 4.36941802979 250.129770992 -95.8854961832 12.8015267176 END
START -2.83952316895 -13.4434423218 10.7140524292 250.129770992 -80.1297709924 2.79389312977 END
START 4.86501777344 -9.67257470703 4.36702382812 250.129770992 -85.8396946565 15.0152671756 END
START -0.909796630859 -12.4091472046 9.8545340332 250.129770992 -80.1221374046 2.69465648855 END
START -5.73411297607 -11.1043072998 8.24323631592 250.129770992 -77.9694656489 6.96946564885 END
START 5.15950457764 -9.55525882568 10.4722380615 250.129770992 -67.0534351145 7.79389312977 END
START -3.924096521 -19.0722104248 16.4792900269 250.129770992 -67.2213740458 14.465648855 END
START -0.45250411377 -12.4306950195 11.3221796509 250.129770992 -67.7633587786 13.0076335878 END
START -6.62954439697 -12.5288572876 3.70382996826 250.129770992 -77.7480916031 0.81679389313 END
START -2.1332336792 -4.35984122314 8.21211169434 250.129770992 -70.9083969466 -0.274809160305 END
START -3.67270534668 -7.55849464111 8.31745656738 250.129770992 -80.0381679389 2.6106870229 END
START 1.20428343506 -9.67736311035 14.3388737427 250.129770992 -83.8320610687 4.29007633588 END
START -1.11569797363 -6.82347473145 9.84016882324 250.129770992 -78.4885496183 8.74809160305 END
START -2.30082779541 -9.17218656006 11.4945621704 250.129770992 -73.9236641221 9.2213740458 END
START -1.01753570557 -12.2128226685 3.95761534424 250.129770992 -82.0305343511 13.9770992366 END
START -6.33026918945 -4.30716878662 4.06056601562 250.129770992 -93.0687022901 0.435114503817 END
START 2.31040460205 -8.97586202393 10.6111017578 250.129770992 -86.1984732824 7.68702290076 END
START 4.43884987793 -9.43554874268 11.8465098145 250.129770992 -88.5190839695 3.59541984733 END
START 7.0485296875 -10.419565625 6.19379969482 250.129770992 -92.5419847328 1.0 END
START 4.03662399902 -5.67186373291 8.20971749268 250.129770992 -104.030534351 0.748091603053 END
START -4.67108743896 -11.9566430908 11.7603185547 250.129770992 -99.5190839695 12.8091603053 END
START -5.93283171387 -4.48433970947 11.7603185547 250.129770992 -105.229007634 2.90076335878 END
START 1.63045133057 -13.7929957642 9.14106193848 250.129770992 -96.0152671756 4.58015267176 END
START 0.351947644043 -6.79953271484 9.10993731689 250.129770992 -98.0 13.8015267176 END
START 2.26252056885 -13.0100918213 3.6535517334 250.129770992 -96.3969465649 7.72519083969 END
START 1.30483990479 -6.14830986328 1.83635267334 250.129770992 -96.4427480916 4.74809160305 END
START 5.17865819092 -15.2223341553 9.25119521484 250.129770992 -84.1374045802 1.74045801527 END
START 1.5083470459 -12.5791355225 3.430890979 250.129770992 -68.3664122137 2.20610687023 END
START 6.84023414307 -5.54257684326 4.98472785645 250.129770992 -61.7480916031 11.1603053435 END
START 5.21217701416 -2.65995804443 3.50511123047 250.129770992 -71.3893129771 10.9694656489 END
START 1.10372696533 -12.1625444336 9.00698664551 250.129770992 -64.4351145038 15.465648855 END
START 8.07324799805 -10.8936175537 12.7706716553 250.129770992 -61.2748091603 17.3893129771 END
START 10.9965682251 -1.38384855957 14.0060797119 250.129770992 -37.2671755725 -2.96946564885 END
START -2.55221896973 -9.55525882568 7.6375032959 250.129770992 -52.0687022901 4.5572519084 END
START 3.74453139648 -16.534356665 4.94881483154 250.129770992 -55.9312977099 3.71755725191 END
START -1.8746598999 -7.18978758545 11.3173912476 250.129770992 -48.6870229008 13.4503816794 END
START 0.885854614258 -15.3396500366 0.751779321289 250.129770992 -54.7709923664 6.01526717557 END
START -7.26161363525 -5.18823499756 14.3867577759 250.129770992 -54.6870229008 14.1984732824 END
START -0.603338818359 -6.02141717529 11.3820346924 250.129770992 -65.8396946565 12.7557251908 END
START -0.248996972656 -8.86572874756 4.69502945557 250.129770992 -63.2824427481 7.39694656489 END
START 6.08366641846 -4.77164390869 8.64546219482 250.129770992 -80.1221374046 6.85496183206 END
START 4.35744702148 -14.9733371826 6.06211860352 250.129770992 -79.106870229 0.297709923664 END
START 1.00795889893 -1.592144104 9.72524714355 250.129770992 -89.7022900763 2.24427480916 END
START -4.6088381958 -4.77643231201 6.74446607666 250.129770992 -85.5038167939 6.40458015267 END
START -1.34554133301 -9.61271966553 9.47146176758 250.129770992 -84.6335877863 9.82442748092 END
START -12.0356517456 0.0287304199219 9.28231983643 250.129770992 -85.1679389313 1.42748091603 END
START 2.94965644531 -13.0100918213 13.7427175293 250.129770992 -85.9389312977 11.4732824427 END
START -1.15879360352 -8.20492908936 11.0085392334 250.129770992 -80.6488549618 0.18320610687 END
START -2.25533796387 -15.3420442383 7.03416447754 250.129770992 -92.3816793893 6.90076335878 END
START 6.0812722168 -13.3979524902 11.7555301514 250.129770992 -86.8167938931 8.69465648855 END
START -1.91296712646 -16.9341883423 7.69017573242 250.129770992 -100.79389313 9.89312977099 END
START 3.311180896 -15.5192151611 2.93529123535 250.129770992 -88.1526717557 -0.854961832061 END
START 1.82438166504 -12.2415530884 9.4762501709 250.129770992 -82.2824427481 3.04580152672 END
START 9.30147344971 -6.62954439697 12.2080342651 250.129770992 -87.1832061069 17.0916030534 END
START 0.612915625 -8.18816967773 5.2337248291 250.129770992 -80.5114503817 10.8244274809 END
START 1.09654436035 -5.63116230469 9.10036051025 250.129770992 -76.893129771 7.29007633588 END