START 1.88902510986 -9.15063874512 4.23294853516 250.129770992 -61.1908396947 -3.45801526718 END
START 1.1540052002 -15.9741134766 9.73961235352 250.129770992 -60.0305343511 8.78625954198 END
START 6.09803162842 -9.29189664307 7.44596716309 250.129770992 -69.465648855 4.80152671756 END
START -1.90339031982 -11.4658317505 12.6605383789 250.129770992 -72.0534351145 16.1908396947 END
START -4.71897147217 -15.5910412109 5.14753356934 250.129770992 -80.4809160305 9.90839694656 END
START 0.00478840332031 -11.5615998169 10.3405569702 250.129770992 -84.0305343511 1.57251908397 END
START 0.708683691406 -5.75326658936 5.65271011963 250.129770992 -95.3358778626 8.04580152672 END
START 1.40060797119 -8.70531723633 8.73165345459 250.129770992 -102.938931298 10.4351145038 END
START -1.13724578857 -6.43082565918 4.56813676758 250.129770992 -100.503816794 9.51145038168 END
START 0.931344445801 -6.96233842773 8.98304462891 250.129770992 -106.786259542 9.77099236641 END
START 6.78037910156 -6.00226356201 8.20971749268 250.129770992 -103.633587786 4.8320610687 END
START -5.07810172119 -12.871228125 6.97430943604 250.129770992 -104.541984733 10.7633587786 END
START -3.07176072998 -8.09958421631 4.5489831543 250.129770992 -105.244274809 16.1984732824 END
START -3.03584770508 -4.3023803833 11.7339823364 250.129770992 -103.801526718 10.3816793893 END
START 0.950498059082 -8.77474908447 12.7610948486 250.129770992 -104.167938931 9.58015267176 END
START 3.58172568359 -8.54969412842 10.0340991577 250.129770992 -105.030534351 0.343511450382 END
START -1.73100780029 -12.2056400635 3.67031114502 250.129770992 -104.13740458 10.4885496183 END
START -5.37977113037 -13.9174942505 10.5584293213 250.129770992 -104.396946565 1.45038167939 END
START -4.68545264893 -9.61750806885 10.9510783936 250.129770992 -101.977099237 12.2442748092 END
START -7.29273825684 -15.6939918823 11.3006318359 250.129770992 -105.526717557 2.53435114504 END
START -6.85938775635 -7.91283648682 3.3710359375 250.129770992 -104.961832061 6.0 END
START -0.0526724365234 -10.8529161255 8.97346782227 250.129770992 -102.183206107 10.2442748092 END
START -4.31674559326 -7.9559321167 6.89769498291 250.129770992 -115.358778626 15.0305343511 END
START 1.59693250732 -10.6374379761 6.19379969482 250.129770992 -104.503816794 12.9083969466 END
START 1.2976572998 -8.43956085205 7.93438430176 250.129770992 -105.503816794 10.8854961832 END
START 3.9600095459 -4.11802685547 9.72524714355 250.129770992 -84.0458015267 2.09923664122 END
START 6.8138979248 -5.63595070801 11.4371013306 250.129770992 -76.9465648855 9.08396946565 END
START -1.22583125 -1.94648594971 13.0388222412 250.129770992 -78.893129771 11.0458015267 END
START 1.01753570557 -8.12592043457 3.79959803467 250.129770992 -73.9618320611 10.893129771 END
START 4.05338341064 -7.78115539551 13.132196106 250.129770992 -77.2519083969 18.7404580153 END
START -4.8793829834 -19.5223203369 5.16429298096 250.129770992 -77.3816793893 0.335877862595 END
START -1.61129771729 -15.6030122192 10.7164466309 250.129770992 -64.1526717557 11.1984732824 END
START -2.40617266846 -11.145008728 5.09246693115 250.129770992 -74.9389312977 6.65648854962 END
START -3.93846173096 -10.158597644 13.4554133301 250.129770992 -56.7022900763 3.58015267176 END
START 0.931344445801 -4.5250411377 9.59596025391 250.129770992 -44.8778625954 4.06870229008 END
START 6.36857641602 -13.0268512329 8.20732329102 250.129770992 -51.3816793893 20.3893129771 END
START -8.63588538818 -10.5177278931 11.1258551147 250.129770992 -41.5572519084 6.59541984733 END
START -1.24019645996 -10.8074262939 7.71651195068 250.129770992 -48.9007633588 12.8473282443 END
START 0.905008227539 -7.76200178223 8.04930598145 250.129770992 -71.2213740458 7.39694656489 END
START -2.53785375977 -6.80671531982 11.8800286377 250.129770992 -61.5038167939 11.7633587786 END
START -8.70052883301 -10.0197339478 9.98621512451 250.129770992 -75.0229007634 6.4427480916 END
START 3.83311685791 -12.5743471191 10.1897222656 250.129770992 -80.4198473282 12.5419847328 END
START -5.8226984375 -9.10514891357 9.46667336426 250.129770992 -82.6564885496 -2.29770992366 END
START -0.639251843262 -11.2240173828 2.4396914917 250.129770992 -93.8549618321 2.60305343511 END
START 3.53623585205 -16.1321307861 4.22816013184 250.129770992 -91.2748091603 -1.04580152672 END
START -0.749385119629 -6.95994422607 4.49152231445 250.129770992 -91.4198473282 5.12213740458 END
START 6.83544573975 -10.4243540283 5.20020600586 250.129770992 -103.885496183 16.0229007634 END
START 2.97599266357 -12.3684457764 4.77164390869 250.129770992 -96.8167938931 12.8473282443 END
START 7.23767161865 -12.8927759399 9.97663831787 250.129770992 -105.152671756 6.18320610687 END
START -6.31590397949 -10.3190091553 8.40125362549 250.129770992 -80.3969465649 14.2595419847 END
START 10.3166149536 -5.71017095947 3.49074602051 250.129770992 -77.3129770992 6.31297709924 END
START 2.81079274902 -11.0588174683 3.83790526123 250.129770992 -78.1526717557 9.06870229008 END
START 1.39103116455 -9.90481226807 9.70848773193 250.129770992 -65.2977099237 14.5190839695 END
START 3.04781871338 -9.26795462646 9.52652840576 250.129770992 -61.1908396947 13.534351145 END
START 5.09964953613 -7.27837304687 2.63601602783 250.129770992 -40.7404580153 -5.09160305344 END
START 2.50194073486 -6.75883128662 17.1329070801 250.129770992 -38.8702290076 1.83969465649 END
START 5.66707532959 -18.8423670654 8.6287027832 250.129770992 -38.0534351145 3.42748091603 END
START -3.77086761475 -10.3597105835 15.5670991943 250.129770992 -41.5572519084 -0.198473282443 END
START -0.648828649902 -6.7660138916 10.8672813354 250.129770992 -34.7251908397 14.106870229 END
START 0.852335791016 -2.19069451904 6.72291826172 250.129770992 -51.2442748092 1.60305343511 END
START -1.34075292969 -6.85699355469 3.72058937988 250.129770992 -58.0229007634 7.17557251908 END
START -4.15872828369 -10.2807019287 12.4690022461 250.129770992 -66.7938931298 16.0763358779 END
START 2.87064779053 -6.19379969482 13.0699468628 250.129770992 -82.2671755725 10.8167938931 END
START -0.330399829102 -6.78037910156 15.1098066772 250.129770992 -99.5496183206 10.7480916031 END
START -1.61848032227 -9.19612857666 6.05014759521 250.129770992 -90.1374045802 2.60305343511 END
START -3.61045610352 -14.1305781982 7.30470926514 250.129770992 -103.854961832 3.6641221374 END
START 4.01268198242 -9.51695159912 7.24246002197 250.129770992 -102.328244275 13.1603053435 END
START -1.57059628906 -10.7810900757 4.19464130859 250.129770992 -88.8091603053 13.1221374046 END
START 8.60715496826 -5.99508095703 8.26478413086 250.129770992 -85.8473282443 8.12977099237 END
START 3.84748206787 -9.22485899658 7.02937607422 250.129770992 -74.5114503817 12.8244274809 END
START -1.01514150391 -11.645396875 9.52892260742 250.129770992 -81.6488549618 12.7022900763 END
START 1.25456166992 -9.21049378662 10.5967365479 250.129770992 -73.7175572519 -0.0610687022901 END
START 1.5562310791 -11.1737391479 3.58890828857 250.129770992 -79.5038167939 11.0 END
START -0.76614453125 -1.30723410645 4.48673391113 250.129770992 -77.2824427481 10.4732824427 END
START 2.40138426514 -9.57441243896 9.66539210205 250.129770992 -82.106870229 15.0 END
START -1.592144104 -3.96479794922 5.31273348389 250.129770992 -96.6641221374 4.46564885496 END
START 2.78924493408 -1.01274730225 4.98951625977 250.129770992 -94.8549618321 14.9083969466 END
START 3.6894647583 -4.85304676514 8.54011732178 250.129770992 -90.1832061069 11.4961832061 END
START -6.29196196289 -10.3621047852 5.90649549561 250.129770992 -96.4809160305 13.1832061069 END
START 9.5720182373 -9.59835445557 5.91367810059 250.129770992 -104.816793893 6.25954198473 END