START 3.45483299561 -11.4969563721 6.15788666992 250.129770992 -84.5954198473 11.641221374 END
START 0.720654699707 -7.18739338379 4.29759197998 250.129770992 -80.9083969466 19.7480916031 END
START -1.1540052002 -6.39491263428 -0.126892687988 250.129770992 -90.6259541985 -1.45801526718 END
START 1.22343704834 -6.88572397461 8.29590875244 250.129770992 -92.9694656489 6.87786259542 END
START -0.411802685547 -6.75883128662 3.47398660889 250.129770992 -83.8854961832 6.06870229008 END
START 3.82832845459 -5.34864650879 6.73488927002 250.129770992 -80.9618320611 11.6259541985 END
START -1.4844050293 -7.32865128174 8.59039555664 250.129770992 -91.0381679389 10.3816793893 END
START 3.76368500977 -11.6238490601 9.72045874023 250.129770992 -83.6183206107 14.9389312977 END
START 1.52750065918 -9.37808790283 4.15872828369 250.129770992 -107.374045802 0.274809160305 END
START 7.44596716309 -2.15238729248 7.23767161865 250.129770992 -104.717557252 1.84732824427 END
START -1.54665427246 -10.6877162109 9.30386765137 250.129770992 -104.511450382 15.1832061069 END
START 3.31596929932 -4.75249029541 12.2343704834 250.129770992 -105.015267176 6.24427480916 END
START 7.8960770752 -2.44447989502 5.07091911621 250.129770992 -103.20610687 10.7328244275 END
START 8.26957253418 -16.429011792 7.3909005249 250.129770992 -105.442748092 5.76335877863 END
START -1.52271225586 -11.3149970459 2.70784207764 250.129770992 -104.732824427 9.70229007634 END
START 3.30399829102 -8.95670841064 7.72369455566 250.129770992 -105.381679389 4.93129770992 END
START 5.63116230469 -11.1043072998 8.89206496582 250.129770992 -104.992366412 4.91603053435 END
START 10.6374379761 -8.04451757812 11.3509100708 250.129770992 -103.748091603 5.99236641221 END
START -3.35667072754 -10.4075946167 9.80904420166 250.129770992 -102.282442748 4.91603053435 END
START -4.85783516846 -5.39174213867 8.23365950928 250.129770992 -107.450381679 17.1145038168 END
START -0.945709655762 -1.85790048828 8.67658681641 250.129770992 -103.687022901 3.25954198473 END
START -5.72932457275 -14.4226708008 6.73249506836 250.129770992 -103.595419847 4.42748091603 END
START 5.78199700928 0.952892260742 9.5001921875 250.129770992 -105.519083969 2.52671755725 END
START -4.07493122559 -5.1858407959 9.52174000244 250.129770992 -107.145038168 20.5267175573 END
START 3.18668240967 -9.2535894165 7.85776984863 250.129770992 -105.076335878 2.76335877863 END
START 0.387860668945 -14.2454998779 12.5743471191 250.129770992 -104.183206107 -4.53435114504 END
START 1.79565124512 -12.4857616577 14.8655981079 250.129770992 -105.13740458 13.3740458015 END
START 3.94564433594 -13.4889321533 8.79869110107 250.129770992 -79.0992366412 6.98473282443 END
START 2.63122762451 -7.71651195068 5.43723197021 250.129770992 -65.0610687023 9.19083969466 END
START -0.505176550293 -10.9486841919 9.97663831787 250.129770992 -77.5954198473 5.60305343511 END
START 2.46842191162 -11.3676694824 4.98712205811 250.129770992 -65.4961832061 16.5954198473 END
START -1.62087452393 -3.34948812256 3.0885201416 250.129770992 -67.1526717557 10.5190839695 END
START -1.92972653809 -9.56962403564 10.0221281494 250.129770992 -57.358778626 10.5038167939 END
START -12.7275760254 -4.63756861572 5.54736524658 250.129770992 -51.2290076336 8.5572519084 END
START 1.8746598999 -2.5234885498 6.0693012085 250.129770992 -46.9618320611 9.92366412214 END
START -1.5682020874 -10.6254669678 10.7667248657 250.129770992 -38.213740458 0.129770992366 END
START 9.83777462158 -7.94635531006 5.02303508301 250.129770992 -41.8549618321 20.7328244275 END
START 3.924096521 -0.888248815918 13.7020161011 250.129770992 -39.4045801527 4.56488549618 END
START -1.90339031982 -3.19865341797 6.07169541016 250.129770992 -46.8625954198 12.1526717557 END
START -0.0215478149414 -12.2247936768 8.76517227783 250.129770992 -44.2442748092 8.06106870229 END
START 4.43406147461 -13.5056915649 10.912771167 250.129770992 -46.2671755725 5.67175572519 END
START 0.574608398438 -12.7156050171 7.09401951904 250.129770992 -50.9465648855 -1.90839694656 END
START 0.0239420166016 -7.42441934814 11.3676694824 250.129770992 -57.7709923664 9.4427480916 END
START 0.837970581055 -2.53067115479 4.45082088623 250.129770992 -57.7251908397 7.67175572519 END
START -0.885854614258 -8.69813463135 10.4626612549 250.129770992 -62.320610687 3.91603053435 END
START -2.51870014648 -19.6133 8.54969412842 250.129770992 -64.0763358779 7.72519083969 END
START 3.36624753418 -11.03248125 3.28484467773 250.129770992 -67.4351145038 -3.09923664122 END
START 2.1571756958 -9.02853446045 2.96402165527 250.129770992 -70.7022900763 14.8702290076 END
START 6.26083734131 -11.3389390625 4.49391651611 250.129770992 -70.0152671756 8.08396946565 END
START -3.23935484619 1.80522805176 4.75249029541 250.129770992 -67.3435114504 -1.65648854962 END
START -4.12760366211 -8.22408270264 3.95043273926 250.129770992 -73.5190839695 0.587786259542 END
START 1.84353527832 -10.6015249512 6.91206019287 250.129770992 -80.641221374 0.824427480916 END
START 6.97430943604 -9.51934580078 7.32146867676 250.129770992 -80.9847328244 11.358778626 END
START 0.292092602539 -9.97903251953 12.2295820801 250.129770992 -84.1603053435 3.21374045802 END
START -4.8674119751 -5.64313331299 9.87129344482 250.129770992 -74.5496183206 4.51145038168 END
START -0.950498059082 -11.01811604 8.44195505371 250.129770992 -78.0534351145 11.572519084 END
START 3.87381828613 -9.55047042236 3.88100089111 250.129770992 -85.786259542 6.1679389313 END
START 4.10366164551 -9.57441243896 7.65426270752 250.129770992 -83.9847328244 -3.01526717557 END
START 2.76051451416 -11.3269680542 4.99191046143 250.129770992 -95.1450381679 3.02290076336 END
START 1.98239897461 -17.4465474976 8.99740983887 250.129770992 -101.419847328 13.3358778626 END
START 3.89776030273 -16.1225539795 4.65432802734 250.129770992 -85.7709923664 5.63358778626 END
START 14.7746184448 -15.8927106201 6.37336481934 250.129770992 -75.1755725191 1.06106870229 END
START 8.19535228271 -9.67496890869 7.44836136475 250.129770992 -79.572519084 4.0534351145 END
START 3.62482131348 -6.22013591309 6.84741674805 250.129770992 -77.213740458 14.5572519084 END
START 3.55538946533 -12.1218430054 12.5336456909 250.129770992 -71.8854961832 9.19083969466 END
START 4.75967290039 -6.57447775879 6.27041414795 250.129770992 -83.9007633588 2.46564885496 END
START 4.05338341064 -2.81079274902 10.7739074707 250.129770992 -74.4580152672 12.8320610687 END
START -1.78607443848 -4.16591088867 0.92416184082 250.129770992 -70.1832061069 8.80152671756 END
START 1.75255561523 -11.5544172119 9.68454571533 250.129770992 -78.6641221374 4.22900763359 END
START -1.32638771973 -11.6693388916 7.04613548584 250.129770992 -60.2290076336 0.75572519084 END
START -5.57370146484 -11.7818663696 15.8208845703 250.129770992 -55.7175572519 -0.587786259542 END
START 7.70693514404 -12.9310831665 11.3868230957 250.129770992 -57.6259541985 3.71755725191 END