START 0.354341845703 -9.60314285889 7.6375032959 250.129770992 -67.358778626 5.6106870229 END
START -3.37343013916 -3.02387669678 9.05247647705 250.129770992 -68.6870229008 3.54961832061 END
START -3.15076938477 -8.49702169189 7.6135612793 250.129770992 -77.4809160305 4.96946564885 END
START 1.61608612061 -0.538695373535 5.14035096436 250.129770992 -86.679389313 7.1679389313 END
START 2.36068283691 -9.05247647705 7.53934102783 250.129770992 -77.4885496183 16.0992366412 END
START -4.55377155762 -6.0932432251 2.26730897217 250.129770992 -88.8320610687 0.557251908397 END
START 3.83311685791 -9.49779798584 11.4634375488 250.129770992 -78.5419847328 5.8320610687 END
START 2.63601602783 -11.65257948 8.14986245117 250.129770992 -82.5496183206 6.45801526718 END
START -2.36547124023 -7.66383951416 4.77164390869 250.129770992 -93.8625954198 12.4961832061 END
START 5.06613071289 -10.7643306641 10.6637741943 250.129770992 -101.79389313 11.2519083969 END
START 1.31920511475 -10.4961800781 4.87459458008 250.129770992 -96.9312977099 -1.0534351145 END
START -1.56580788574 -7.82664522705 2.95923325195 250.129770992 -103.694656489 9.76335877863 END
START -7.0245876709 -13.1681091309 9.90241806641 250.129770992 -105.267175573 7.91603053435 END
START 0.61530982666 -9.13866773682 7.20175859375 250.129770992 -104.381679389 5.07633587786 END
START 2.28167418213 -8.84896933594 4.64714542236 250.129770992 -101.86259542 4.96183206107 END
START -1.78607443848 -9.86411083984 9.78749638672 250.129770992 -110.58778626 12.0763358779 END
START 2.53785375977 -3.311180896 6.47631549072 250.129770992 -115.511450382 15.320610687 END
START 2.88261879883 -3.0047230835 5.12119735107 250.129770992 -120.969465649 10.8320610687 END
START -1.36708914795 -8.3102739624 10.0508585693 250.129770992 -104.251908397 2.04580152672 END
START -1.10612116699 -8.06367119141 10.2902787354 250.129770992 -104.259541985 4.06870229008 END
START -0.811634362793 -11.0564232666 9.4762501709 250.129770992 -104.053435115 11.3969465649 END
START 1.45567460937 -9.90720646973 10.771513269 250.129770992 -104.778625954 4.87786259542 END
START 4.67108743896 -4.96557424316 3.25372005615 250.129770992 -103.877862595 11.9007633588 END
START 1.20907183838 -6.91684859619 10.6709567993 250.129770992 -104.832061069 6.74045801527 END
START -1.38145435791 -11.9494604858 2.90177241211 250.129770992 -101.709923664 9.42748091603 END
START 0.706289489746 -9.03571706543 10.6111017578 250.129770992 -104.404580153 11.1603053435 END
START 0.991199487305 -5.68144053955 6.1171852417 250.129770992 -102.519083969 8.29770992366 END
START 2.77966812744 -8.2863319458 1.14921679688 250.129770992 -94.2366412214 16.1145038168 END
START -0.675164868164 -8.71728824463 7.68059892578 250.129770992 -72.4885496183 16.0916030534 END
START 1.22104284668 -2.29603939209 9.17458076172 250.129770992 -67.5648854962 4.27480916031 END
START 4.41730206299 -11.6932809082 3.58172568359 250.129770992 -53.2671755725 12.9083969466 END
START -4.6327802124 -4.94402642822 3.87621248779 250.129770992 -54.9312977099 8.1679389313 END
START 2.34871182861 -8.54011732178 13.0148802246 250.129770992 -46.1145038168 2.26717557252 END
START 0.30885201416 -4.38617744141 6.39012423096 250.129770992 -49.9160305344 12.8702290076 END
START 0.181959326172 -12.5982891357 0.0191536132812 250.129770992 -56.8778625954 7.67175572519 END
START 2.25533796387 -9.51695159912 12.5240688843 250.129770992 -59.4198473282 6.3358778626 END
START 0.677559069824 -5.22654222412 9.90960067139 250.129770992 -63.1145038168 0.496183206107 END
START -5.79157381592 -5.86339986572 6.65588061523 250.129770992 -60.4732824427 1.48854961832 END
START -0.830787976074 -10.0484643677 8.02296976318 250.129770992 -62.2290076336 6.89312977099 END
START 5.5880666748 -7.83622203369 10.2112700806 250.129770992 -61.3511450382 7.23664122137 END
START -3.90015450439 -9.29668504639 11.5041389771 250.129770992 -58.8244274809 -0.854961832061 END
START 0.325611425781 -8.13549724121 9.83298621826 250.129770992 -71.6488549618 12.4885496183 END
START -1.77170922852 -8.08282480469 6.69658204346 250.129770992 -77.4503816794 15.5801526718 END
START 0.931344445801 -9.47146176758 6.35660540771 250.129770992 -76.786259542 17.2671755725 END
START 2.58334359131 -16.8815159058 7.19218178711 250.129770992 -88.1221374046 4.59541984733 END
START 2.25054956055 -15.6844150757 8.65982740479 250.129770992 -99.7480916031 16.3893129771 END
START 4.18267030029 -10.898405957 6.71094725342 250.129770992 -102.534351145 3.93893129771 END
START 3.32075770264 -14.6525141602 7.9319901001 250.129770992 -91.8549618321 7.49618320611 END
START 4.39814844971 -14.4466128174 6.38294162598 250.129770992 -90.7480916031 5.95419847328 END
START 2.62404501953 -10.8577045288 7.18260498047 250.129770992 -92.1679389313 6.56488549618 END
START -5.68862314453 -11.4227361206 3.98873996582 250.129770992 -89.1679389313 6.42748091603 END
START 6.02381137695 -12.131419812 3.05500131836 250.129770992 -86.0534351145 7.56488549618 END
START 2.04943662109 -15.3109196167 3.12682736816 250.129770992 -91.1374045802 9.72519083969 END
START 3.03824190674 -11.137826123 8.61194337158 250.129770992 -84.6183206107 -1.86259541985 END
START 6.71334145508 -12.7563064453 4.30477458496 250.129770992 -74.534351145 10.8549618321 END
START 3.18907661133 -8.94952580566 8.11394942627 250.129770992 -68.9770992366 9.41984732824 END
START 8.0038161499 -13.4721727417 3.49074602051 250.129770992 -59.786259542 8.25954198473 END
START 3.92888492432 -6.7660138916 7.13232674561 250.129770992 -68.7786259542 10.5572519084 END
START 1.04626612549 -7.36935270996 8.58800135498 250.129770992 -68.5572519084 16.0839694656 END
START -0.976834277344 -10.4506902466 0.624886633301 250.129770992 -61.5419847328 7.85496183206 END
START 1.23301385498 -10.1202904175 7.72848295898 250.129770992 -64.0152671756 7.38167938931 END
START -3.15076938477 -16.2183220459 6.13394465332 250.129770992 -73.5877862595 5.67175572519 END
START -5.44680877686 -13.3333090454 14.2071926514 250.129770992 -68.9770992366 7.74809160305 END
START -4.84586416016 -10.7188408325 6.53856473389 250.129770992 -71.6183206107 -1.54961832061 END
START 2.21224233398 -9.57680664062 11.8105967896 250.129770992 -73.4427480916 8.56488549618 END
START -6.61996759033 -9.16739815674 6.89290657959 250.129770992 -67.2061068702 5.26717557252 END
START -2.44208569336 -11.65257948 9.24401260986 250.129770992 -65.0305343511 -1.35114503817 END
START -2.55940157471 -9.2535894165 12.2271878784 250.129770992 -79.6183206107 9.47328244275 END
START 1.94888015137 -10.5129394897 7.82425102539 250.129770992 -74.8167938931 10.641221374 END
START -3.13879837646 -5.67904633789 10.6422263794 250.129770992 -77.2290076336 -0.290076335878 END
START -0.928950244141 -9.15303294678 12.8448919067 250.129770992 -73.3435114504 7.7786259542 END
START -1.49398183594 -3.71101257324 7.57285985107 250.129770992 -83.9618320611 12.2824427481 END
START -6.20816490479 -1.48201082764 11.159373938 250.129770992 -76.2671755725 8.2213740458 END
START -1.41018477783 -7.79552060547 11.3197854492 250.129770992 -80.1221374046 10.6335877863 END
START 4.74291348877 -8.90882437744 5.1738697876 250.129770992 -75.2824427481 6.19847328244 END
START -8.24802471924 -13.2854250122 8.09719001465 250.129770992 -87.1374045802 4.48854961832 END
START 0.61530982666 -10.0556469727 6.53377633057 250.129770992 -78.9618320611 13.1755725191 END
START -0.847547387695 -5.69341154785 7.83622203369 250.129770992 -90.9312977099 3.35877862595 END
START 1.99676418457 -5.11640894775 6.65348641357 250.129770992 -84.8778625954 1.65648854962 END
START 0.545877978516 -15.4330239014 9.47385596924 250.129770992 -100.076335878 8.8320610687 END