START -1.08217915039 -13.103465686 10.912771167 250.129770992 -78.0610687023 -0.740458015267 END
START 2.7222072876 -5.06852491455 7.44357296143 250.129770992 -89.5419847328 2.54961832061 END
START 4.67108743896 -1.68312376709 8.42040723877 250.129770992 -80.213740458 -2.6106870229 END
START -0.60573302002 -7.55131203613 9.35654008789 250.129770992 -70.5801526718 5.99236641221 END
START 4.63996281738 -3.87860668945 5.07331331787 250.129770992 -79.5801526718 3.18320610687 END
START 0.933738647461 -9.4762501709 9.73242974854 250.129770992 -79.0534351145 -0.396946564885 END
START 2.87543619385 -2.96881005859 0.423773693848 250.129770992 -95.7099236641 3.85496183206 END
START 6.63672700195 -16.5391450684 0.526724365234 250.129770992 -95.3129770992 10.893129771 END
START 3.47159240723 -15.0355864258 7.27837304687 250.129770992 -95.6259541985 10.3435114504 END
START -8.17859287109 -15.3779572632 6.91924279785 250.129770992 -98.4122137405 2.07633587786 END
START 9.00459244385 -8.44195505371 6.01902297363 250.129770992 -104.244274809 5.03816793893 END
START -3.98873996582 -12.1601502319 13.2997902222 250.129770992 -103.625954198 9.63358778626 END
START -13.2662713989 -16.7091333862 8.39646522217 250.129770992 -103.916030534 7.39694656489 END
START 1.74776721191 -18.2366340454 6.48589229736 250.129770992 -104.06870229 6.0 END
START 3.94085593262 -8.2384479126 4.06774862061 250.129770992 -105.290076336 1.38167938931 END
START 2.97599266357 -7.11317313232 5.03021768799 250.129770992 -105.022900763 9.06870229008 END
START -1.33357032471 -6.89530078125 10.9893856201 250.129770992 -109.236641221 7.58015267176 END
START 3.81396324463 -5.67665213623 8.36055219727 250.129770992 -104.259541985 7.06106870229 END
START 5.92804331055 -7.76200178223 9.34696328125 250.129770992 -104.320610687 11.7099236641 END
START 0.0909796630859 -8.40604202881 9.25119521484 250.129770992 -103.687022901 0.0916030534351 END
START 5.10683214111 -11.3245738525 7.83382783203 250.129770992 -101.969465649 7.30534351145 END
START 0.0670376464844 -8.9112185791 6.90248338623 250.129770992 -104.709923664 12.9465648855 END
START -0.509964953613 -12.9406599731 3.42849677734 250.129770992 -105.27480916 -2.87022900763 END
START 0.110133276367 -12.2942255249 1.8626888916 250.129770992 -104.419847328 2.2213740458 END
START -4.97275684814 -4.84825836182 6.54814154053 250.129770992 -86.7404580153 14.1221374046 END
START 0.409408483887 -9.45709655762 5.83227524414 250.129770992 -77.8854961832 11.8625954198 END
START 2.84431157227 -12.6006833374 9.86411083984 250.129770992 -76.106870229 0.832061068702 END
START 0.538695373535 -6.29675036621 9.29668504639 250.129770992 -78.9007633588 7.49618320611 END
START -3.05739552002 -12.1266314087 8.39167681885 250.129770992 -78.6641221374 13.5801526718 END
START 5.11401474609 -9.46667336426 8.73883605957 250.129770992 -72.213740458 6.25954198473 END
START 3.05500131836 -8.94473740234 6.46434448242 250.129770992 -67.9541984733 5.95419847328 END
START -0.61052142334 -13.1848685425 11.1474029297 250.129770992 -64.213740458 3.84732824427 END
START 3.19386501465 -9.02853446045 7.58722506104 250.129770992 -69.2366412214 4.41221374046 END
START 2.17154090576 -8.2863319458 6.09563742676 250.129770992 -60.0305343511 9.03053435115 END
START 1.05105452881 -11.279084021 8.76517227783 250.129770992 -61.534351145 14.1374045802 END
START -0.536301171875 -8.82023891602 2.46602770996 250.129770992 -69.8625954198 6.69465648855 END
START -2.54024796143 -10.7140524292 10.5512467163 250.129770992 -73.0610687023 5.59541984733 END
START -1.20907183838 -10.7284176392 9.17218656006 250.129770992 -68.358778626 17.9160305344 END
START 2.55700737305 -6.40927784424 4.45321508789 250.129770992 -71.4045801527 16.8625954198 END
START -0.0861912597656 -10.8696755371 11.1857101562 250.129770992 -74.5801526718 2.91603053435 END
START 0.749385119629 -9.92636008301 11.2000753662 250.129770992 -89.3969465649 6.92366412214 END
START -1.79565124512 -6.6941878418 11.2096521729 250.129770992 -90.8625954198 7.10687022901 END
START -0.703895288086 -5.2456958374 6.53856473389 250.129770992 -103.839694656 2.31297709924 END
START 6.00465776367 -1.1540052002 3.84748206787 250.129770992 -104.786259542 7.51908396947 END
START -0.639251843262 -4.74770189209 6.38054742432 250.129770992 -104.908396947 8.93893129771 END
START 3.924096521 -6.66545742187 1.91775552979 250.129770992 -104.374045802 12.2366412214 END
START -0.531512768555 -12.758700647 14.9900965942 250.129770992 -94.9389312977 8.41984732824 END
START 0.821211169434 -6.46195028076 4.64953962402 250.129770992 -103.389312977 11.8625954198 END
START -5.94959112549 -11.3221796509 2.98556947021 250.129770992 -102.053435115 6.48854961832 END
START -1.5322890625 -13.8384855957 1.35032973633 250.129770992 -107.41221374 2.41221374046 END
START 2.46842191162 -15.1122008789 6.1171852417 250.129770992 -96.7022900763 4.78625954198 END
START 4.36941802979 -17.9038400146 5.85621726074 250.129770992 -96.6106870229 7.70992366412 END
START 3.06218392334 -11.5951186401 12.9095353516 250.129770992 -77.5114503817 2.3358778626 END
START 5.49469281006 -9.24401260986 6.43082565918 250.129770992 -75.7099236641 12.6030534351 END
START 3.84269366455 -11.5999070435 -0.277727392578 250.129770992 -72.0152671756 11.5419847328 END
START 0.718260498047 -15.5814644043 11.8632692261 250.129770992 -58.3816793893 17.5572519084 END
START 7.21133540039 -5.47075079346 5.60003768311 250.129770992 -62.3893129771 13.4198473282 END
START -0.248996972656 -8.61433757324 2.72699569092 250.129770992 -59.9389312977 4.72519083969 END
START 2.27449157715 -10.8409451172 10.9534725952 250.129770992 -53.9236641221 -0.343511450382 END
START 2.36068283691 -12.3756283813 5.37737692871 250.129770992 -53.4198473282 15.1145038168 END
START -2.86825358887 -3.76607921143 8.84896933594 250.129770992 -53.5114503817 -0.198473282443 END
START -1.42694418945 -7.75481917725 7.60398447266 250.129770992 -48.9923664122 18.9694656489 END
START 3.09809694824 -7.02937607422 11.0779710815 250.129770992 -55.5038167939 8.52671755725 END
START -6.33984599609 -11.1497971313 13.716381311 250.129770992 -58.3435114504 -2.23664122137 END
START -6.68939943848 -1.14921679688 12.7036340088 250.129770992 -63.4198473282 10.5190839695 END
START -4.37660063477 -8.58560715332 9.67496890869 250.129770992 -67.2366412214 11.7175572519 END
START 2.44687409668 -7.77397279053 9.96945571289 250.129770992 -72.3053435115 3.12213740458 END
START -0.636857641602 -8.24563051758 5.05655390625 250.129770992 -79.6335877863 4.76335877863 END
START 3.98873996582 -4.07732542725 10.1131078125 250.129770992 -89.6717557252 2.25190839695 END
START -3.69425316162 -4.65911643066 8.10197841797 250.129770992 -86.8091603053 11.8015267176 END
START 1.09415015869 -9.27992563477 5.11880314941 250.129770992 -79.6488549618 5.02290076336 END
START -1.7669208252 -6.99585725098 4.44603248291 250.129770992 -78.7328244275 13.3282442748 END
START 5.35582911377 -2.42053787842 7.70693514404 250.129770992 -73.5801526718 11.0381679389 END
START 3.97676895752 -2.38941325684 10.5416699097 250.129770992 -84.7251908397 5.30534351145 END
START 3.03345350342 -0.984016882324 9.07641849365 250.129770992 -94.6488549618 1.68702290076 END
START 2.01352359619 -11.1857101562 7.0245876709 250.129770992 -88.534351145 14.9160305344 END