START 0.526724365234 -14.1257897949 4.3143513916 250.129770992 -95.9083969466 3.97709923664 END
START -1.74058460693 -4.08929643555 10.8098204956 250.129770992 -85.4732824427 6.89312977099 END
START 4.63038601074 -4.80276853027 5.08049592285 250.129770992 -103.709923664 6.52671755725 END
START 6.82108052979 -13.850456604 7.16345136719 250.129770992 -106.79389313 7.99236641221 END
START -8.47786807861 -9.61511386719 8.00142194824 250.129770992 -105.503816794 -1.71755725191 END
START -0.567425793457 -9.89044705811 8.2264769043 250.129770992 -104.427480916 15.5496183206 END
START -6.55771834717 -6.29914456787 10.7810900757 250.129770992 -103.603053435 13.9312977099 END
START -3.83790526123 -8.84657513428 7.0964137207 250.129770992 -108.809160305 5.88549618321 END
START 4.3263223999 -14.3221143311 7.60398447266 250.129770992 -102.778625954 3.37404580153 END
START -6.742071875 -16.4122523804 4.42927307129 250.129770992 -104.549618321 13.3282442748 END
START 2.91613762207 -7.69017573242 8.31745656738 250.129770992 -104.076335878 6.25190839695 END
START -4.8554409668 -11.4682259521 10.2615483154 250.129770992 -104.030534351 1.0 END
START -0.0574608398438 -6.29196196289 9.74918916016 250.129770992 -105.129770992 4.58015267176 END
START 3.24653745117 -1.09893856201 8.67419261475 250.129770992 -103.992366412 8.38167938931 END
START -1.64721074219 -9.91917747803 6.94557901611 250.129770992 -105.900763359 4.48854961832 END
START -0.031124621582 -3.97916315918 7.601590271 250.129770992 -103.58778626 3.2213740458 END
START 3.47877501221 -12.8041904785 6.86417615967 250.129770992 -104.167938931 7.03816793893 END
START -2.82755216064 -9.17697496338 9.67736311035 250.129770992 -105.259541985 9.89312977099 END
START 3.66312854004 -8.19056387939 7.75960758057 250.129770992 -100.839694656 14.3053435115 END
START -5.31512768555 -2.90656081543 9.69891092529 250.129770992 -103.679389313 7.42748091603 END
START -1.52989486084 -5.92564910889 7.96311472168 250.129770992 -104.312977099 2.84732824427 END
START 3.07415493164 -4.93444962158 5.64552751465 250.129770992 -102.244274809 3.97709923664 END
START 6.72531246338 -1.18034141846 8.76277807617 250.129770992 -87.3969465649 8.39694656489 END
START 3.95282694092 -3.82114584961 4.19464130859 250.129770992 -78.4427480916 7.56488549618 END
START -6.02381137695 -2.1691467041 2.24336695557 250.129770992 -85.6259541985 17.6717557252 END
START -3.85705887451 -11.3700636841 7.96311472168 250.129770992 -62.6870229008 5.79389312977 END
START 2.65277543945 -8.91600698242 2.95444484863 250.129770992 -69.4885496183 2.54198473282 END
START 3.46440980225 -9.16021555176 6.46913288574 250.129770992 -78.0152671756 -0.480916030534 END
START -0.809240161133 -10.7691190674 8.26717833252 250.129770992 -65.0916030534 -2.09923664122 END
START 1.67115275879 -11.3365448608 9.52174000244 250.129770992 -67.9083969466 11.8320610687 END
START -5.22893642578 -5.01824667969 8.46589707031 250.129770992 -54.6030534351 6.00763358779 END
START 4.99669886475 -9.90720646973 9.69651672363 250.129770992 -51.6030534351 5.49618320611 END
START 4.93684382324 -17.6309010254 8.88248815918 250.129770992 -50.6106870229 14.3969465649 END
START 3.64876333008 -10.5201220947 10.4099888184 250.129770992 -53.7633587786 8.35114503817 END
START -0.366312854004 -10.7188408325 7.45314976807 250.129770992 -54.6946564885 16.3740458015 END
START 1.09893856201 -10.3740757935 7.55849464111 250.129770992 -46.106870229 7.18320610687 END
START -2.817975354 -3.21301862793 12.5719529175 250.129770992 -43.0534351145 15.1374045802 END
START 3.55538946533 -8.71249984131 7.4268135498 250.129770992 -57.0763358779 11.0076335878 END
START -9.78989058838 -1.25456166992 13.251906189 250.129770992 -49.7633587786 9.13740458015 END
START 1.64481654053 -2.89698400879 13.9222826538 250.129770992 -58.8625954198 21.1908396947 END
START -5.66707532959 -15.7490585205 7.30949766846 250.129770992 -66.2442748092 3.8320610687 END
START 2.51630594482 -8.51138690186 6.38054742432 250.129770992 -68.320610687 4.99236641221 END
START 2.84670577393 -14.5136504639 14.231134668 250.129770992 -67.1984732824 17.0152671756 END
START -3.61524450684 -9.33259807129 10.8505219238 250.129770992 -71.7709923664 10.2671755725 END
START 7.53694682617 -4.59926138916 4.3382934082 250.129770992 -74.9541984733 0.488549618321 END
START -4.28322677002 -14.2694418945 8.2384479126 250.129770992 -88.1450381679 8.17557251908 END
START -2.53067115479 -10.8217915039 1.8507178833 250.129770992 -85.0610687023 6.45801526718 END
START -0.945709655762 -11.0779710815 6.62475599365 250.129770992 -88.7175572519 6.86259541985 END
START -2.92092602539 -11.7028577148 6.67503422852 250.129770992 -94.9770992366 2.99236641221 END
START 9.84735142822 -1.4604630127 9.80904420166 250.129770992 -102.992366412 17.2900763359 END
START 15.1912095337 -8.03254656982 9.11951412354 250.129770992 -91.6870229008 9.68702290076 END
START 3.77805021973 -3.92649072266 9.10036051025 250.129770992 -91.2519083969 9.3893129771 END
START 2.52827695312 -7.75960758057 10.7212350342 250.129770992 -82.1832061069 -3.29770992366 END
START -4.3502644165 -8.20014068604 7.6255322876 250.129770992 -75.1526717557 0.69465648855 END
START -0.529118566895 -4.23534273682 7.84579884033 250.129770992 -73.7251908397 -3.74809160305 END
START 2.61686241455 -8.5568767334 6.92881960449 250.129770992 -60.3740458015 8.69465648855 END
START 6.32548078613 -7.01501086426 6.80671531982 250.129770992 -73.2824427481 13.572519084 END
START -3.48116921387 -12.4690022461 6.11957944336 250.129770992 -56.9770992366 5.19083969466 END
START -0.75896192627 -4.60165559082 6.77559069824 250.129770992 -65.7022900763 0.343511450382 END
START -3.03824190674 -4.11323845215 4.73094248047 250.129770992 -53.8320610687 3.0 END
START -4.27125576172 -7.95353791504 9.26316622314 250.129770992 -59.679389313 7.06106870229 END
START -3.6176387085 -15.0547400391 9.98621512451 250.129770992 -66.7328244275 1.49618320611 END
START -0.0598550415039 -1.95845695801 7.74045396729 250.129770992 -82.0610687023 12.320610687 END
START 4.33589920654 -6.69658204346 3.80199223633 250.129770992 -81.5572519084 7.58015267176 END
START -10.9486841919 -9.86411083984 5.28639726562 250.129770992 -83.6335877863 8.68702290076 END
START -7.63510909424 -11.5544172119 7.14190355225 250.129770992 -92.3893129771 4.31297709924 END
START 1.00795889893 -12.4857616577 8.5568767334 250.129770992 -82.6717557252 -3.65648854962 END
START 2.16435830078 -7.89128867187 3.44765039062 250.129770992 -85.9007633588 6.79389312977 END
START -2.80361014404 -6.1890112915 11.1162783081 250.129770992 -81.8320610687 -2.99236641221 END
START -7.33583388672 -4.63756861572 8.08282480469 250.129770992 -78.5190839695 2.78625954198 END
START 2.54503636475 -5.06613071289 8.41801303711 250.129770992 -66.106870229 6.54961832061 END
START -0.30406361084 -8.50659849854 4.75009609375 250.129770992 -70.2595419847 19.5038167939 END
START 2.75333190918 -8.59518395996 1.76213242187 250.129770992 -59.7709923664 7.5572519084 END
START 5.60722028809 -3.80438643799 8.72207664795 250.129770992 -68.4503816794 6.7786259542 END
START -14.5351982788 -11.6741272949 10.9343189819 250.129770992 -59.0229007634 5.83969465649 END
START -0.00957680664062 -5.67186373291 13.596671228 250.129770992 -61.3435114504 -2.73282442748 END
START -5.48751020508 -2.11168586426 9.97424411621 250.129770992 -68.3969465649 4.95419847328 END
START -6.21295330811 -8.06606539307 5.13316835937 250.129770992 -71.0152671756 7.03816793893 END
START -4.18985290527 -17.1400896851 6.69658204346 250.129770992 -83.0381679389 9.6641221374 END
START -1.60650931396 -12.2583125 3.51229383545 250.129770992 -75.2519083969 4.88549618321 END
START 2.98556947021 -10.3621047852 7.29273825684 250.129770992 -80.534351145 4.09923664122 END
START 5.84424625244 -11.0612116699 8.28154354248 250.129770992 -89.8625954198 4.63358778626 END
START 6.67742843018 -5.21217701416 3.60806190186 250.129770992 -89.6183206107 8.56488549618 END
START 0.0430956298828 -6.58166036377 8.08521900635 250.129770992 -103.938931298 11.6488549618 END
START 4.68305844727 -8.58321295166 6.01902297363 250.129770992 -97.0305343511 -0.236641221374 END
START 0.404620080566 -9.71567033691 7.21133540039 250.129770992 -91.1679389313 11.358778626 END
START 3.1004911499 -14.709975 7.41963094482 250.129770992 -93.0839694656 4.74809160305 END
START 0.117315881348 -8.59518395996 10.1346556274 250.129770992 -83.9694656489 8.00763358779 END
START -6.19379969482 -6.20337650146 13.3141554321 250.129770992 -81.0076335878 3.97709923664 END
START 6.00944616699 -9.4882211792 9.51695159912 250.129770992 -80.1374045802 11.6946564885 END
START -1.32878192139 -4.94163222656 8.73883605957 250.129770992 -80.0 15.0229007634 END
START -0.507570751953 -11.5615998169 14.6908213867 250.129770992 -70.4045801527 10.5648854962 END