START -1.92254393311 -8.42280144043 5.10443793945 250.129770992 -54.5954198473 -2.30534351145 END
START 4.58968458252 -10.0029745361 2.97359846191 250.129770992 -60.358778626 3.03816793893 END
START -2.14281048584 -6.51222851562 6.95036741943 250.129770992 -50.3740458015 5.06870229008 END
START -0.957680664062 -9.37090529785 4.65193382568 250.129770992 -49.1145038168 2.22900763359 END
START -3.12682736816 -4.52264693604 5.71017095947 250.129770992 -65.2290076336 16.427480916 END
START -9.05008227539 -3.38540114746 8.58321295166 250.129770992 -79.6259541985 10.3893129771 END
START 3.18907661133 -10.8050320923 10.2328178955 250.129770992 -75.8702290076 7.58015267176 END
START 0.248996972656 -8.82023891602 13.2159931641 250.129770992 -70.2290076336 6.03053435115 END
START 0.208295544434 -14.3269027344 8.2504189209 250.129770992 -85.5496183206 15.2595419847 END
START -3.05739552002 -16.4122523804 6.51701691895 250.129770992 -89.2671755725 8.88549618321 END
START -7.9559321167 -8.70531723633 4.76206710205 250.129770992 -76.2748091603 0.0839694656489 END
START 0.239420166016 -11.8082025879 7.54891783447 250.129770992 -76.8320610687 1.38167938931 END
START -0.46686932373 -13.1992337524 2.32237561035 250.129770992 -93.0229007634 7.25954198473 END
START 4.90811340332 -6.00465776367 14.3005665161 250.129770992 -105.190839695 5.43511450382 END
START -5.4563855835 -13.9510130737 5.72932457275 250.129770992 -91.5190839695 10.786259542 END
START -4.12760366211 -13.6086422363 11.5041389771 250.129770992 -93.2671755725 6.67938931298 END
START 0.433350500488 -14.9829139893 5.24330163574 250.129770992 -98.9541984733 4.71755725191 END
START -5.67904633789 -10.299855542 11.8201735962 250.129770992 -104.27480916 6.4427480916 END
START -3.0166940918 -16.7594116211 10.9917798218 250.129770992 -104.480916031 5.41984732824 END
START 5.12837995605 -6.18422288818 10.1969048706 250.129770992 -103.65648855 1.00763358779 END
START 5.41328995361 -12.4713964478 8.48744488525 250.129770992 -103.709923664 10.0229007634 END
START 5.47075079346 -14.7578590332 4.44603248291 250.129770992 -103.877862595 10.7938931298 END
START -2.83473476562 -4.45082088623 12.0595937622 250.129770992 -104.351145038 15.6488549618 END
START -1.89141931152 -9.440337146 12.3540805664 250.129770992 -103.961832061 10.3358778626 END
START 0.383072265625 -3.6655227417 4.16112248535 250.129770992 -101.832061069 12.1526717557 END
START 1.1659762085 -14.949395166 10.6063133545 250.129770992 -105.251908397 7.42748091603 END
START 3.55299526367 -16.9533419556 9.39484731445 250.129770992 -97.8854961832 6.47328244275 END
START 2.14281048584 -10.8122146973 5.75805499268 250.129770992 -105.473282443 3.0534351145 END
START -1.8028338501 -11.9901619141 8.48505068359 250.129770992 -104.832061069 15.1297709924 END
START 7.20175859375 -8.90882437744 8.31506236572 250.129770992 -103.816793893 8.87022900763 END
START -4.0078935791 -7.63032069092 7.83622203369 250.129770992 -105.183206107 0.587786259542 END
START -3.83551105957 -12.2966197266 6.0812722168 250.129770992 -94.1679389313 3.68702290076 END
START -7.46751497803 -11.0300870483 7.39568892822 250.129770992 -102.122137405 8.70229007634 END
START -0.172382519531 -12.0643821655 9.70369932861 250.129770992 -92.106870229 9.2213740458 END
START 3.91930811768 -12.9813614014 11.8249619995 250.129770992 -92.3969465649 13.9618320611 END
START -7.96072052002 -15.0068560059 1.91296712646 250.129770992 -82.9847328244 5.56488549618 END
START -1.86508309326 -5.14035096436 14.2574708862 250.129770992 -76.9541984733 11.9389312977 END
START 1.78607443848 -11.6549736816 15.0451632324 250.129770992 -70.3282442748 14.1145038168 END
START -5.27682045898 -7.6734163208 9.45709655762 250.129770992 -73.320610687 4.12977099237 END
START 1.64721074219 -11.03248125 4.41011945801 250.129770992 -60.6946564885 9.32824427481 END
START -0.933738647461 -5.30794508057 9.95509050293 250.129770992 -59.3053435115 17.9389312977 END
START -0.76614453125 -10.9247421753 8.44913765869 250.129770992 -58.7709923664 16.641221374 END
START -2.4396914917 -8.93755479736 12.9382657715 250.129770992 -51.5114503817 5.03053435115 END
START -3.87621248779 -12.7610948486 9.29907924805 250.129770992 -60.2442748092 6.35114503817 END
START 0.208295544434 -5.03979449463 6.27999095459 250.129770992 -49.1755725191 11.9770992366 END
START 0.220266552734 -11.8512982178 8.58081875 250.129770992 -51.5877862595 12.2366412214 END
START -1.35032973633 -13.0029092163 9.48343277588 250.129770992 -47.6335877863 6.18320610687 END
START 2.16196409912 -11.6286374634 8.63827958984 250.129770992 -56.6641221374 7.96946564885 END
START -4.12042105713 -12.6413847656 10.1849338623 250.129770992 -56.5267175573 3.35877862595 END
START 2.26012636719 -5.87776507568 8.79869110107 250.129770992 -64.4732824427 10.2061068702 END
START 4.47476290283 -11.9350952759 6.61039078369 250.129770992 -63.5038167939 6.06106870229 END
START 5.38934793701 -10.7284176392 2.81079274902 250.129770992 -62.679389313 -2.92366412214 END
START -4.96796844482 -12.145785022 1.08217915039 250.129770992 -79.2442748092 6.7786259542 END
START 4.77403811035 -13.0723410645 -0.0837970581055 250.129770992 -73.7786259542 5.71755725191 END
START -0.802057556152 -10.9630494019 5.15471617432 250.129770992 -80.3740458015 9.22900763359 END
START -1.17076461182 -11.5065331787 7.16584556885 250.129770992 -86.0152671756 13.7099236641 END
START 9.63426748047 -11.8824228394 4.87220037842 250.129770992 -74.8702290076 7.11450381679 END
START 4.98472785645 -9.82101520996 4.84586416016 250.129770992 -76.1908396947 8.4427480916 END
START -0.785298144531 -8.07803640137 3.73256038818 250.129770992 -74.4961832061 11.3435114504 END
START 3.84987626953 -12.9095353516 7.22809481201 250.129770992 -77.5496183206 4.64885496183 END
START 1.68551796875 -12.5647703125 5.78439121094 250.129770992 -67.0381679389 8.13740458015 END
START 3.19386501465 -8.58321295166 9.01416925049 250.129770992 -83.8702290076 14.4809160305 END
START -2.42532628174 -12.9406599731 10.0652237793 250.129770992 -80.679389313 10.4122137405 END
START 1.74297880859 -14.2215578613 4.85065256348 250.129770992 -77.4503816794 -1.21374045802 END
START 3.70622416992 -2.05661922607 6.30632717285 250.129770992 -76.9236641221 7.77099236641 END
START 2.84909997559 -17.3675388428 8.65503900146 250.129770992 -85.0763358779 3.87786259542 END
START 6.18422288818 -10.0700121826 7.53455262451 250.129770992 -85.7938931298 6.76335877863 END
START 0.612915625 -12.3301385498 4.80276853027 250.129770992 -74.6335877863 3.59541984733 END
START 2.86346518555 -11.0588174683 9.84974562988 250.129770992 -66.9770992366 6.06870229008 END
START 4.5968671875 -9.55765302734 8.27675513916 250.129770992 -74.1908396947 -3.58778625954 END
START 6.21534750977 -10.7595422607 9.02135185547 250.129770992 -67.8702290076 10.6030534351 END
START 1.37666595459 -10.6901104126 8.34858118896 250.129770992 -65.2290076336 13.6488549618 END
START 9.63905588379 -6.03099398193 15.3516210449 250.129770992 -64.1832061069 7.93129770992 END
START -3.50032282715 -5.25287844238 7.72608875732 250.129770992 -65.4351145038 11.6564885496 END
START -7.63271489258 -5.82988104248 7.4148425415 250.129770992 -60.427480916 6.1679389313 END
START -4.80037432861 -9.37569370117 5.54975944824 250.129770992 -63.3511450382 1.9465648855 END
START -3.09091434326 -9.74440075684 6.50504591064 250.129770992 -77.8702290076 16.8549618321 END
START -1.10851536865 -11.6070896484 7.85537564697 250.129770992 -67.7633587786 10.3740458015 END
START 1.11569797363 -4.80755693359 6.79953271484 250.129770992 -73.7328244275 9.57251908397 END
START -0.136469494629 -4.84825836182 8.93755479736 250.129770992 -76.6717557252 7.70229007634 END
START -5.09964953613 -10.7619364624 17.4824605225 250.129770992 -77.641221374 9.15267175573 END
START 0.723048901367 -9.36372269287 9.14106193848 250.129770992 -78.7557251908 5.47328244275 END
START -3.23696064453 -10.2615483154 5.31033928223 250.129770992 -79.2519083969 5.10687022901 END
START -0.893037219238 -8.32463917236 5.20738861084 250.129770992 -76.9923664122 2.18320610687 END
START -1.4844050293 -3.03584770508 0.363918652344 250.129770992 -85.3282442748 8.54198473282 END
START -0.114921679688 -8.03494077148 4.53940634766 250.129770992 -94.8778625954 16.4961832061 END
START -6.32548078613 -6.24886633301 6.84262834473 250.129770992 -104.404580153 2.97709923664 END
START -3.57933148193 -9.97663831787 8.24084211426 250.129770992 -105.06870229 -3.57251908397 END
START 3.21541282959 -5.5760956665 10.9558667969 250.129770992 -105.007633588 6.91603053435 END
START -2.38462485352 -8.37252320557 7.39329472656 250.129770992 -104.93129771 15.5267175573 END
START -2.60728560791 -4.53222374268 4.68545264893 250.129770992 -104.595419847 12.5419847328 END
START -7.67820472412 -4.38138903809 8.69813463135 250.129770992 -104.488549618 7.19083969466 END
START 2.77727392578 -6.72291826172 8.72925925293 250.129770992 -105.458015267 7.5572519084 END
START -3.62003291016 -13.4123177002 5.20738861084 250.129770992 -104.282442748 19.2213740458 END
START 3.33272871094 -9.40681832275 4.07253702393 250.129770992 -104.702290076 7.52671755725 END
START 5.92564910889 -7.85298144531 8.43716665039 250.129770992 -104.160305344 13.4503816794 END
START 0.517147558594 -13.005303418 10.7978494873 250.129770992 -104.625954198 10.106870229 END
START 2.20027132568 -0.536301171875 14.7841952515 250.129770992 -125.748091603 8.99236641221 END
START -2.29843359375 -9.80665 11.0492406616 250.129770992 -125.778625954 19.4351145038 END
START 2.91613762207 -5.7867854126 6.97909783936 250.129770992 -120.076335878 4.79389312977 END
START 3.99831677246 -17.2478287598 8.32703337402 250.129770992 -100.824427481 11.9618320611 END