START -2.7461493042 -7.87931766357 13.1561381226 250.129770992 -96.465648855 8.80916030534 END
START -6.37815322266 -11.6023012451 4.64714542236 250.129770992 -99.6106870229 9.85496183206 END
START 1.42454998779 -11.1282493164 7.93917270508 250.129770992 -103.93129771 2.9465648855 END
START -5.20499440918 -9.36132849121 9.62708487549 250.129770992 -104.13740458 11.6488549618 END
START -0.426167895508 -8.31745656738 11.3030260376 250.129770992 -104.320610687 6.5572519084 END
START 0.296881005859 -7.77157858887 3.0765491333 250.129770992 -104.435114504 9.93129770992 END
START -5.74368978271 -2.31758720703 14.575899707 250.129770992 -104.183206107 -0.328244274809 END
START 1.96803376465 -12.1649386353 9.82101520996 250.129770992 -103.72519084 9.63358778626 END
START 2.83473476562 -7.65426270752 8.58081875 250.129770992 -104.664122137 6.27480916031 END
START 3.3830069458 -6.78756170654 3.47638081055 250.129770992 -104.27480916 -0.824427480916 END
START 7.34062229004 -12.0069213257 6.68700523682 250.129770992 -112.786259542 14.5190839695 END
START 4.3502644165 -6.21295330811 9.11711992188 250.129770992 -112.145038168 5.9465648855 END
START -2.26730897217 -9.22485899658 6.02381137695 250.129770992 -100.503816794 10.0992366412 END
START 5.36061751709 -8.62630858154 2.53545955811 250.129770992 -101.633587786 -0.93893129771 END
START 6.7061588501 -7.48906279297 8.31506236572 250.129770992 -104.847328244 7.57251908397 END
START 7.97747993164 -13.476961145 7.62313808594 250.129770992 -103.877862595 12.0763358779 END
START 2.59770880127 -12.2032458618 7.76679018555 250.129770992 -104.106870229 11.7557251908 END
START 1.92493813477 -4.79319172363 12.4546370361 250.129770992 -97.9312977099 12.8015267176 END
START 0.483628735352 -11.2096521729 3.90973131104 250.129770992 -96.3740458015 13.2366412214 END
START -8.48983908691 -5.26006104736 8.41322463379 250.129770992 -87.1526717557 9.41984732824 END
START -2.59770880127 -4.69502945557 10.0484643677 250.129770992 -87.2900763359 16.7175572519 END
START 0.61052142334 -5.21935961914 6.89290657959 250.129770992 -78.5572519084 7.74809160305 END
START 3.48835181885 -9.85692823486 4.25689055176 250.129770992 -85.2748091603 -4.23664122137 END
START 5.8705824707 -8.32463917236 4.92487281494 250.129770992 -79.7404580153 8.09160305344 END
START -3.89536610107 -3.74692559814 6.49068070068 250.129770992 -70.9847328244 7.0 END
START 1.46764561768 -9.73242974854 7.57764825439 250.129770992 -61.7557251908 -0.679389312977 END
START -2.54982476807 -11.5663882202 6.44040246582 250.129770992 -58.5419847328 15.8549618321 END
START 3.47638081055 -13.6661030762 5.49948121338 250.129770992 -55.6717557252 6.59541984733 END
START -0.438138903809 -18.0857993408 3.07415493164 250.129770992 -64.0229007634 -3.74809160305 END
START 2.94007963867 -7.94156690674 6.38054742432 250.129770992 -61.3129770992 12.0305343511 END
START -0.993593688965 -9.32780966797 7.6734163208 250.129770992 -48.572519084 12.7328244275 END
START 1.71664259033 -6.03338818359 13.0938888794 250.129770992 -45.3740458015 -4.12977099237 END
START -7.68778153076 -8.63588538818 3.95282694092 250.129770992 -56.4427480916 12.2366412214 END
START -5.5401826416 -2.66474644775 8.17380446777 250.129770992 -52.9694656489 0.106870229008 END
START 7.11317313232 -11.4897737671 7.16584556885 250.129770992 -42.9618320611 3.08396946565 END
START 0.706289489746 -4.8554409668 3.33033450928 250.129770992 -53.8702290076 9.61832061069 END
START 2.40138426514 -6.90248338623 10.2615483154 250.129770992 -65.2442748092 6.54198473282 END
START 0.890643017578 -10.9750204102 8.48265648193 250.129770992 -60.6564885496 7.67938931298 END
START 3.42370837402 -9.32062706299 10.3357685669 250.129770992 -65.0305343511 3.27480916031 END
START -12.1840922485 -11.4514665405 5.51863482666 250.129770992 -53.358778626 5.9465648855 END
START 3.38061274414 -6.21295330811 6.7061588501 250.129770992 -67.4885496183 13.9465648855 END
START -5.03261188965 -12.6198369507 6.50983431396 250.129770992 -61.7938931298 15.3969465649 END
START -5.2337248291 -11.1904985596 -1.95845695801 250.129770992 -57.1832061069 9.12213740458 END
START -0.371101257324 -12.3684457764 7.85776984863 250.129770992 -63.534351145 7.43511450382 END
START -3.54820686035 -12.5264630859 6.65109221191 250.129770992 -71.3358778626 0.709923664122 END
START -4.32153399658 -13.3764046753 6.53377633057 250.129770992 -71.6488549618 13.5496183206 END
START 0.110133276367 -14.5639286987 9.98860932617 250.129770992 -77.9236641221 6.11450381679 END
START 1.57538469238 -13.7115929077 2.085349646 250.129770992 -76.1374045802 5.65648854962 END
START 4.55616575928 -5.66707532959 6.46195028076 250.129770992 -87.7022900763 -1.93129770992 END
START -3.87621248779 -14.2933839111 9.75397756348 250.129770992 -88.4732824427 9.50381679389 END
START -2.16435830078 -13.3093670288 10.3692873901 250.129770992 -87.1297709924 0.885496183206 END
START -1.94888015137 -9.29189664307 3.90973131104 250.129770992 -93.0763358779 10.1145038168 END
START 8.6287027832 -16.1297365845 9.58398924561 250.129770992 -88.3893129771 2.49618320611 END
START 3.50750543213 -10.6302553711 12.3445037598 250.129770992 -100.86259542 15.6106870229 END
START 7.78594379883 -13.2950018188 3.23217224121 250.129770992 -99.572519084 2.68702290076 END
START 7.63271489258 -12.7108166138 11.2671130127 250.129770992 -82.3893129771 12.3969465649 END
START 5.1618987793 -8.2863319458 9.2296473999 250.129770992 -71.2366412214 6.32824427481 END
START 3.430890979 -5.56173045654 2.64319863281 250.129770992 -73.3435114504 8.21374045802 END
START -0.373495458984 -8.44434925537 6.63912120361 250.129770992 -60.679389313 3.60305343511 END
START 0.177170922852 -15.9238352417 3.83551105957 250.129770992 -63.4122137405 9.06870229008 END
START 6.50983431396 -6.44997927246 10.6278611694 250.129770992 -52.7709923664 -2.02290076336 END
START -2.06859023437 -4.02944139404 10.9654436035 250.129770992 -58.4809160305 11.5496183206 END
START 0.347159240723 -8.40843623047 9.45470235596 250.129770992 -60.572519084 4.7786259542 END
START -2.34871182861 -5.24090743408 6.1890112915 250.129770992 -48.9923664122 7.02290076336 END
START -6.57687196045 -11.2288057861 8.5449057251 250.129770992 -56.0152671756 12.7251908397 END
START 1.96324536133 -10.9031943604 9.28950244141 250.129770992 -58.0305343511 12.9160305344 END
START -3.42849677734 -9.41878933105 16.6636435547 250.129770992 -64.7633587786 10.6564885496 END
START 1.04387192383 -8.50659849854 7.50582220459 250.129770992 -66.5877862595 3.61832061069 END
START 3.32794030762 -8.83460412598 6.20337650146 250.129770992 -78.8702290076 3.02290076336 END
START -2.28885678711 -7.99902774658 5.83227524414 250.129770992 -87.5648854962 14.9541984733 END
START 6.07648381348 -7.77157858887 9.90241806641 250.129770992 -89.7480916031 7.73282442748 END
START 2.7820623291 -9.57441243896 9.98142672119 250.129770992 -80.0839694656 -3.38167938931 END
START -3.25850845947 -10.7044756226 12.3157733398 250.129770992 -79.4809160305 12.4351145038 END
START 3.44525618896 -5.42286676025 11.1474029297 250.129770992 -78.3282442748 6.65648854962 END
START 0.0383072265625 -10.5751887329 6.97191523437 250.129770992 -91.9618320611 7.25190839695 END
START -0.92655604248 -14.7315228149 9.64623848877 250.129770992 -85.3511450382 13.4503816794 END
START 1.48679923096 -7.17302817383 8.41801303711 250.129770992 -78.786259542 5.6641221374 END
START -1.00556469727 -8.68616362305 9.08360109863 250.129770992 -80.7099236641 8.97709923664 END
START -3.36145913086 -2.19548292236 6.84981094971 250.129770992 -82.9618320611 6.07633587786 END
START 0.885854614258 -8.70531723633 11.0779710815 250.129770992 -66.8320610687 -1.70229007634 END
START 1.75016141357 -4.74291348877 4.77643231201 250.129770992 -62.6641221374 0.290076335878 END
START -2.31519300537 -12.131419812 9.67496890869 250.129770992 -74.8778625954 4.45038167939 END
START 1.38384855957 -11.3293622559 10.4315366333 250.129770992 -80.6564885496 7.74809160305 END
START 6.52180532227 -7.67581052246 10.9941740234 250.129770992 -73.465648855 8.32061068702 END
START 4.14196887207 -11.7698953613 3.25132585449 250.129770992 -74.9160305344 11.465648855 END
START -0.368707055664 -10.1921164673 6.33745179443 250.129770992 -84.5267175573 3.3358778626 END
START 10.539275708 -5.90410129395 12.5575877075 250.129770992 -80.4580152672 9.90839694656 END
START 2.19548292236 -13.6996218994 5.11880314941 250.129770992 -84.2671755725 2.04580152672 END
START -1.2617442749 -12.9191121582 2.87064779053 250.129770992 -100.86259542 0.992366412214 END
START 3.45962139893 -15.7275107056 9.96945571289 250.129770992 -92.1374045802 10.4503816794 END
START 3.75889660645 -5.92325490723 8.10437261963 250.129770992 -103.954198473 16.2213740458 END
START -3.52905324707 -9.72764134521 11.2623246094 250.129770992 -86.7480916031 10.6259541985 END
START -0.890643017578 -3.36624753418 7.721300354 250.129770992 -98.6641221374 5.88549618321 END
START 4.44603248291 -9.72045874023 5.12119735107 250.129770992 -103.175572519 12.2824427481 END
START -1.94648594971 -17.034744812 9.44991395264 250.129770992 -95.9312977099 21.2290076336 END
START 1.52750065918 -3.55538946533 5.00148726807 250.129770992 -95.7557251908 12.6488549618 END
START 2.42532628174 -3.65594593506 7.6375032959 250.129770992 -81.4885496183 11.679389313 END
START -0.634463439941 -13.0483990479 7.6494743042 250.129770992 -89.1221374046 1.12213740458 END
START 2.26970317383 -13.7068045044 9.55286462402 250.129770992 -79.358778626 3.97709923664 END
START 5.269637854 -2.97120426025 7.75242497559 250.129770992 -70.5572519084 2.86259541985 END
START -0.31124621582 -5.47793339844 6.76361968994 250.129770992 -64.9923664122 9.92366412214 END