START 2.52109434814 -10.8457335205 7.92720169678 250.129770992 -60.6717557252 6.29007633588 END
START 1.13963999023 -8.31745656738 7.40047733154 250.129770992 -67.8778625954 10.2900763359 END
START -1.05823713379 -3.49553442383 7.86016405029 250.129770992 -75.8244274809 10.6030534351 END
START 1.88423670654 -12.2559182983 9.79228479004 250.129770992 -69.3129770992 4.7786259542 END
START 3.57933148193 -11.5975128418 10.0748005859 250.129770992 -84.6335877863 9.76335877863 END
START -1.05823713379 -6.56729515381 11.0827594849 250.129770992 -91.4503816794 2.6106870229 END
START -1.31920511475 -12.2798603149 7.88650026855 250.129770992 -76.8167938931 6.29770992366 END
START 3.16992299805 -17.9397530396 5.73650717773 250.129770992 -63.3816793893 15.3740458015 END
START -0.938527050781 -11.2359883911 7.18260498047 250.129770992 -70.6564885496 15.4351145038 END
START -0.0215478149414 -9.60074865723 11.3078144409 250.129770992 -83.8702290076 12.0305343511 END
START -1.42694418945 -7.26400783691 3.04542451172 250.129770992 -76.7938931298 1.04580152672 END
START 6.25604893799 -8.9351605957 9.84735142822 250.129770992 -79.8244274809 10.7480916031 END
START 1.97761057129 -10.1490208374 6.8019269165 250.129770992 -83.5801526718 2.93893129771 END
START -0.0742202514648 -2.02788880615 10.3501337769 250.129770992 -89.786259542 2.4427480916 END
START -4.13718046875 -13.9653782837 2.13083947754 250.129770992 -79.0381679389 10.7175572519 END
START -4.0078935791 -16.4792900269 9.87368764648 250.129770992 -84.4885496183 -0.18320610687 END
START -0.730231506348 -11.4969563721 12.3085907349 250.129770992 -86.6259541985 5.22900763359 END
START 1.40060797119 -9.95269630127 3.80678063965 250.129770992 -91.1832061069 5.80152671756 END
START -3.23217224121 -8.76996068115 5.02303508301 250.129770992 -86.465648855 8.59541984733 END
START -0.203507141113 -10.3716815918 8.32463917236 250.129770992 -87.6946564885 5.89312977099 END
START 9.85213983154 -9.00459244385 14.1617028198 250.129770992 -101.480916031 4.14503816794 END
START -2.96881005859 -14.4514012207 9.76834277344 250.129770992 -96.6183206107 7.11450381679 END
START 0.45250411377 -11.518504187 10.2687309204 250.129770992 -95.0458015267 19.4427480916 END
START 1.24498486328 -14.3939403809 6.69658204346 250.129770992 -101.839694656 8.95419847328 END
START -4.75967290039 -15.7370875122 7.36217010498 250.129770992 -104.534351145 5.17557251908 END
START 7.63989749756 -17.5949880005 6.03578238525 250.129770992 -105.496183206 2.53435114504 END
START -0.825999572754 -9.4882211792 7.0605006958 250.129770992 -103.770992366 11.465648855 END
START 6.36857641602 -7.88171186523 1.20907183838 250.129770992 -104.946564885 8.19083969466 END
START 4.13239206543 -13.5727292114 13.4386539185 250.129770992 -96.6641221374 10.5190839695 END
START -3.24174904785 -10.2328178955 10.1226846191 250.129770992 -103.877862595 1.13740458015 END
START 8.8992475708 -9.33020386963 1.98000477295 250.129770992 -105.06870229 -2.97709923664 END
START 0.0143652099609 -12.0883241821 6.46913288574 250.129770992 -102.923664122 6.41221374046 END
START -1.1779472168 -10.3884410034 7.67102211914 250.129770992 -104.641221374 16.7480916031 END
START 1.63284553223 -8.68376942139 7.38850632324 250.129770992 -104.244274809 7.31297709924 END
START 0.316034619141 -7.52737001953 10.4674496582 250.129770992 -103.564885496 9.08396946565 END
START 1.26892687988 -5.96874473877 2.8299463623 250.129770992 -109.786259542 4.88549618321 END
START -1.08936175537 -13.6517378662 12.7778542603 250.129770992 -104.442748092 1.74809160305 END
START -1.11330377197 -6.76361968994 16.3356379272 250.129770992 -93.320610687 8.32824427481 END
START 2.64319863281 -12.8544687134 8.22408270264 250.129770992 -95.6335877863 4.53435114504 END
START 4.12520946045 -7.54412943115 9.41878933105 250.129770992 -77.5496183206 3.43511450382 END
START 5.00148726807 -7.68059892578 9.89044705811 250.129770992 -56.6717557252 4.16030534351 END
START -9.30147344971 -10.7667248657 3.41413156738 250.129770992 -51.1145038168 -3.45801526718 END
START 3.19865341797 -13.230358374 11.152191333 250.129770992 -52.9694656489 8.88549618321 END
START 2.46842191162 -12.370839978 19.3062436371 250.129770992 -48.1908396947 15.6030534351 END
START -5.27203205566 -13.7738421509 9.36372269287 250.129770992 -52.2671755725 6.87786259542 END
START -2.14281048584 -16.6420957397 9.57441243896 250.129770992 -62.9236641221 8.77099236641 END
START 3.39737215576 -13.5032973633 11.2455651978 250.129770992 -41.0458015267 14.5496183206 END
START 2.20027132568 -5.66946953125 5.21935961914 250.129770992 -34.5190839695 9.6641221374 END
START -4.18267030029 -9.39005891113 5.17865819092 250.129770992 -35.7938931298 1.19847328244 END
START -4.82431634521 -5.80593902588 5.92325490723 250.129770992 -34.3664122137 13.2366412214 END
START 4.93205541992 -6.3997010376 13.3333090454 250.129770992 -36.1832061069 16.5114503817 END
START -1.04866032715 -7.34780489502 1.60650931396 250.129770992 -37.8396946565 18.3969465649 END
START 1.72143099365 -13.5200567749 8.45632026367 250.129770992 -38.2442748092 12.2977099237 END
START -2.06619603271 -8.19295808105 11.6430026733 250.129770992 -34.2824427481 2.90839694656 END
START 1.55862528076 -11.0516348633 8.64785639648 250.129770992 -42.7328244275 9.96183206107 END
START 5.78917961426 -11.8704518311 0.684741674805 250.129770992 -51.7633587786 18.8702290076 END
START -0.677559069824 -14.2694418945 7.55610043945 250.129770992 -53.5419847328 -0.503816793893 END
START 0.399831677246 -12.8808049316 4.01268198242 250.129770992 -40.3129770992 16.9236641221 END
START 1.28808049316 -9.74440075684 5.15471617432 250.129770992 -46.5572519084 12.3129770992 END
START 3.25132585449 -7.75721337891 15.1313544922 250.129770992 -56.572519084 0.885496183206 END
START -5.03979449463 -8.16183345947 3.76607921143 250.129770992 -68.6641221374 5.51908396947 END
START 6.29435616455 -7.31428607178 10.4794206665 250.129770992 -73.8778625954 12.0992366412 END
START -1.67115275879 -11.264718811 7.39568892822 250.129770992 -78.786259542 16.9312977099 END
START 5.76044919434 -9.80186159668 5.8226984375 250.129770992 -82.9694656489 10.4427480916 END
START 2.05901342773 -5.72693037109 6.85938775635 250.129770992 -97.0687022901 3.13740458015 END
START -4.92008441162 -3.98873996582 3.40216055908 250.129770992 -102.671755725 -2.25954198473 END
START -2.20984813232 -5.97592734375 8.72686505127 250.129770992 -97.2977099237 4.9465648855 END
START 1.42933839111 -12.3157733398 -1.55383687744 250.129770992 -82.8396946565 3.62595419847 END
START 9.13866773682 -4.51546433105 11.264718811 250.129770992 -78.9236641221 3.74809160305 END
START 6.01184036865 -10.524910498 8.37252320557 250.129770992 -82.1374045802 4.18320610687 END
START 4.98472785645 -6.11000263672 4.46518609619 250.129770992 -83.1603053435 3.2213740458 END
START -2.27688577881 -11.1402203247 8.61433757324 250.129770992 -95.6106870229 7.87786259542 END
START 4.60165559082 -13.3380974487 4.04620080566 250.129770992 -84.9160305344 3.37404580153 END
START 0.0646434448242 -7.56328304443 4.73333668213 250.129770992 -79.6030534351 11.1297709924 END
START 1.37427175293 -9.76355437012 11.8369330078 250.129770992 -86.6564885496 15.4427480916 END
START 4.40054265137 -6.51941112061 6.33984599609 250.129770992 -84.5801526718 11.3358778626 END
START -11.7244055298 -11.8105967896 6.8019269165 250.129770992 -79.6488549618 13.2061068702 END
START -9.29907924805 -11.5687824219 10.0412817627 250.129770992 -87.4961832061 11.465648855 END
START -4.16351668701 -10.1921164673 4.5609541626 250.129770992 -91.5038167939 5.48854961832 END
START -0.258573779297 -16.6851913696 8.64306799316 250.129770992 -80.8549618321 2.9465648855 END
START 1.38863696289 -6.76122548828 11.8201735962 250.129770992 -82.1603053435 2.34351145038 END
START 6.02620557861 -9.93114848633 9.90241806641 250.129770992 -78.6717557252 1.92366412214 END
START 0.993593688965 -14.3484505493 9.97903251953 250.129770992 -72.641221374 6.58015267176 END
START -3.0406361084 -17.1209360718 7.81706842041 250.129770992 -80.4351145038 7.77099236641 END
START -4.96078583984 -10.7068698242 4.656722229 250.129770992 -64.7251908397 9.01526717557 END
START 6.76361968994 -9.90241806641 5.86100566406 250.129770992 -66.9847328244 15.7480916031 END
START -2.27927998047 -10.3190091553 12.1553618286 250.129770992 -67.8854961832 6.90839694656 END
START -2.40856687012 -12.9693903931 6.34463439941 250.129770992 -60.7022900763 6.06106870229 END
START -0.739808312988 -9.35414588623 -0.186747729492 250.129770992 -62.9236641221 11.3740458015 END
START 0.969651672363 -16.1704380127 12.1769096436 250.129770992 -65.534351145 16.465648855 END
START -2.01591779785 -8.93276639404 5.37498272705 250.129770992 -64.7786259542 13.0763358779 END
START 2.17632930908 -10.0364933594 7.66862791748 250.129770992 -68.2290076336 4.60305343511 END
START 7.3789295166 -6.10042583008 11.0492406616 250.129770992 -77.786259542 7.79389312977 END
START -1.62805712891 -6.60081397705 6.4475850708 250.129770992 -80.0992366412 5.92366412214 END
START 0.349553442383 -11.7124345215 10.4985742798 250.129770992 -80.2366412214 7.58015267176 END
START 1.20907183838 -16.3667625488 -2.52588275146 250.129770992 -82.0610687023 2.51908396947 END
START 3.63679232178 -6.91684859619 5.26245524902 250.129770992 -81.5648854962 12.2061068702 END
START -4.74770189209 -11.4706201538 6.40927784424 250.129770992 -95.6564885496 7.54198473282 END
START 4.71657727051 -15.0164328125 4.70939466553 250.129770992 -98.1374045802 13.7099236641 END
START -5.76044919434 -9.34456907959 9.20809958496 250.129770992 -90.8778625954 5.42748091603 END
START 0.641646044922 -16.3523973389 6.62715019531 250.129770992 -99.4809160305 11.4961832061 END
START 5.91367810059 -4.48433970947 6.11000263672 250.129770992 -81.6030534351 11.4809160305 END
START -5.85621726074 -5.65749852295 12.2487356934 250.129770992 -88.7175572519 16.2061068702 END
START 2.25773216553 -14.7985604614 11.9997387207 250.129770992 -84.0229007634 6.67175572519 END
START 3.17949980469 -9.61511386719 11.0276928467 250.129770992 -77.9770992366 4.58778625954 END
START 5.18344659424 -5.26484945068 11.1474029297 250.129770992 -84.0381679389 1.59541984733 END
START 0.840364782715 -9.78031378174 6.65827481689 250.129770992 -73.7633587786 7.3358778626 END
START -7.16584556885 -17.0634752319 16.8671506958 250.129770992 -67.9160305344 3.47328244275 END
START -5.21935961914 -12.4498486328 2.83473476562 250.129770992 -68.7709923664 -1.24427480916 END
START 3.1004911499 -7.39808312988 13.730746521 250.129770992 -64.6106870229 8.83969465649 END
START -0.493205541992 0.268150585937 4.2784383667 250.129770992 -70.9923664122 4.88549618321 END
START 5.26245524902 -6.95276162109 7.54652363281 250.129770992 -62.3969465649 -2.92366412214 END
START 2.03507141113 -7.85058724365 3.08133753662 250.129770992 -68.0610687023 5.1679389313 END
START 1.8626888916 -9.58877764893 10.4363250366 250.129770992 -63.4809160305 0.511450381679 END
START -2.56418997803 -5.91367810059 13.2088105591 250.129770992 -64.1526717557 14.427480916 END