START 3.3710359375 -2.56179577637 8.5688477417 250.129770992 -56.8549618321 8.0 END
START 1.96563956299 -4.44603248291 8.14746824951 250.129770992 -63.4351145038 2.58015267176 END
START 1.84832368164 -8.2504189209 8.29351455078 250.129770992 -63.7099236641 4.58015267176 END
START 2.25054956055 -13.0220628296 4.03901820068 250.129770992 -63.9007633588 -4.82442748092 END
START 1.74776721191 -7.44117875977 2.05661922607 250.129770992 -69.1374045802 6.12977099237 END
START -0.622492431641 -13.3883756836 7.25921943359 250.129770992 -63.7404580153 9.09923664122 END
START -2.66474644775 -3.63679232178 11.7124345215 250.129770992 -76.0992366412 13.0534351145 END
START -3.36624753418 -8.83460412598 9.49061538086 250.129770992 -76.6641221374 11.2824427481 END
START 3.89057769775 -12.8161614868 11.772289563 250.129770992 -89.1908396947 5.29007633588 END
START -0.814028564453 -14.2766244995 4.5848961792 250.129770992 -85.5114503817 10.0458015267 END
START -0.931344445801 -9.93833109131 7.63032069092 250.129770992 -104.679389313 8.93129770992 END
START 1.49877023926 -12.3732341797 10.6350437744 250.129770992 -96.3282442748 5.00763358779 END
START 1.24019645996 -13.5416045898 2.53067115479 250.129770992 -80.5877862595 9.14503816794 END
START 3.89057769775 -2.28885678711 7.43160195312 250.129770992 -92.6335877863 7.79389312977 END
START 2.77487972412 -13.0436106445 5.25527264404 250.129770992 -98.4961832061 5.98473282443 END
START -1.95366855469 -13.1082540894 5.47314499512 250.129770992 -106.770992366 13.3740458015 END
START 6.82108052979 -7.10120212402 9.56962403564 250.129770992 -97.6641221374 3.47328244275 END
START -7.21372960205 -13.1417729126 8.82502731934 250.129770992 -93.4503816794 7.37404580153 END
START 3.49792862549 -5.99986936035 3.47638081055 250.129770992 -99.3435114504 2.74045801527 END
START 0.0742202514648 -6.95755002441 8.02057556152 250.129770992 -86.8091603053 2.68702290076 END
START 2.51870014648 -13.6349784546 11.3149970459 250.129770992 -82.6488549618 4.27480916031 END
START 2.73657249756 -7.02219346924 12.8281324951 250.129770992 -89.1297709924 7.22900763359 END
START -0.15801730957 -13.8456682007 5.98310994873 250.129770992 -91.8244274809 3.98473282443 END
START 4.16591088867 0.411802685547 6.40688364258 250.129770992 -103.435114504 1.63358778626 END
START -1.36469494629 -9.31344445801 9.53131680908 250.129770992 -83.3282442748 6.13740458015 END
START 0.0933738647461 -6.6702458252 13.3835872803 250.129770992 -104.854961832 15.9465648855 END
START 7.46512077637 -2.7461493042 8.19056387939 250.129770992 -95.106870229 5.90076335878 END
START -5.07810172119 -1.06781394043 13.0819178711 250.129770992 -90.6870229008 12.0687022901 END
START 1.472434021 -11.3341506592 9.94790789795 250.129770992 -80.320610687 -2.58015267176 END
START -3.82114584961 -6.22013591309 12.4043588013 250.129770992 -79.3282442748 15.0076335878 END
START 2.72460148926 0.385466467285 5.41328995361 250.129770992 -88.572519084 3.16030534351 END
START 1.83395847168 -13.3021844238 8.24802471924 250.129770992 -88.6641221374 5.54198473282 END
START -5.09725533447 -5.16668718262 14.2862013062 250.129770992 -86.9694656489 -3.71755725191 END
START 4.12042105713 -7.0964137207 9.84735142822 250.129770992 -92.7175572519 19.4122137405 END
START 5.52342322998 -5.93762011719 7.61116707764 250.129770992 -64.9236641221 11.3129770992 END
START 10.1394440308 -9.83538041992 14.0635405518 250.129770992 -77.0152671756 17.2519083969 END
START -5.18823499756 -9.29907924805 6.3877300293 250.129770992 -67.3511450382 8.38167938931 END
START 2.33434661865 -2.7461493042 3.48356341553 250.129770992 -54.6488549618 13.1374045802 END
START -3.58172568359 -8.12113203125 3.37343013916 250.129770992 -49.7633587786 11.5496183206 END
START -1.63523973389 -14.2215578613 9.09557210693 250.129770992 -57.3816793893 -1.36641221374 END
START 1.29286889648 -5.09246693115 10.1155020142 250.129770992 -56.6030534351 5.70229007634 END
START 1.67354696045 -10.0628295776 7.14908615723 250.129770992 -56.5190839695 23.3358778626 END
START -5.42765516357 -13.7283523193 9.01177504883 250.129770992 -51.5190839695 12.7328244275 END
START -4.70700046387 -10.7308118408 8.17859287109 250.129770992 -60.7786259542 8.80916030534 END
START 4.04620080566 -12.6772977905 12.3899935913 250.129770992 -64.2061068702 15.7633587786 END
START -2.54024796143 -7.83382783203 12.8209498901 250.129770992 -69.8473282443 6.15267175573 END
START -6.36139381104 -9.48103857422 8.9231895874 250.129770992 -76.9389312977 11.4198473282 END
START -4.74051928711 -6.44519086914 5.12598575439 250.129770992 -71.9465648855 1.30534351145 END
START -4.22337172852 -10.5488525146 8.34379278564 250.129770992 -78.320610687 8.64885496183 END
START -0.172382519531 -15.9597482666 10.9223479736 250.129770992 -82.3664122137 9.12977099237 END
START -7.90086547852 -10.3022497437 7.27119044189 250.129770992 -101.213740458 9.38167938931 END
START -0.550666381836 -7.17302817383 9.40921252441 250.129770992 -107.236641221 -2.01526717557 END
START 3.82593425293 -14.5016794556 7.82903942871 250.129770992 -105.229007634 19.2442748092 END
START -0.383072265625 -5.02782348633 11.5951186401 250.129770992 -104.65648855 25.3969465649 END
START 5.85621726074 -7.06528909912 13.1968395508 250.129770992 -87.6106870229 6.92366412214 END
START -3.30399829102 -6.83783994141 10.9606552002 250.129770992 -94.3893129771 0.282442748092 END
START 5.54736524658 -13.1992337524 8.23605371094 250.129770992 -99.2442748092 4.31297709924 END
START 2.92571442871 -11.7627127563 8.96389101563 250.129770992 -96.1908396947 2.10687022901 END
START -2.98556947021 -6.742071875 3.75889660645 250.129770992 -93.9083969466 2.47328244275 END
START 9.37090529785 -4.3143513916 5.7748144043 250.129770992 -77.1755725191 3.77099236641 END
START 1.70706578369 -13.5799118164 5.47793339844 250.129770992 -85.1908396947 8.5572519084 END
START 7.23527741699 -9.90002386475 6.66306322021 250.129770992 -64.0534351145 7.71755725191 END
START -0.533906970215 -16.4026755737 7.57764825439 250.129770992 -57.9465648855 14.1832061069 END
START 4.06296021729 -14.6285721436 6.52659372559 250.129770992 -54.2290076336 -1.87786259542 END
START 11.4849853638 -7.11796153564 10.7164466309 250.129770992 -55.1145038168 -1.92366412214 END
START 0.126892687988 -9.05008227539 3.56257207031 250.129770992 -57.0152671756 6.45038167939 END
START 0.514753356934 -9.7587659668 5.18105239258 250.129770992 -62.358778626 -2.10687022901 END
START -3.54102425537 -15.337255835 6.28956776123 250.129770992 -58.3740458015 3.70992366412 END
START 3.87142408447 -12.6294137573 9.44991395264 250.129770992 -75.8167938931 4.39694656489 END
START 4.2664673584 -15.4713311279 7.56807144775 250.129770992 -77.4198473282 16.5038167939 END
START 2.77966812744 -9.33978067627 9.44273134766 250.129770992 -96.4809160305 -2.91603053435 END
START -6.48110389404 -10.4746322632 7.69975253906 250.129770992 -106.816793893 9.70229007634 END
START -0.517147558594 -6.84741674805 5.7508723877 250.129770992 -95.6030534351 4.47328244275 END
START 0.960074865723 -5.05415970459 11.7531359497 250.129770992 -97.6259541985 6.3358778626 END
START 8.02057556152 -15.6437136475 11.631031665 250.129770992 -92.0687022901 7.96946564885 END
START -9.50976899414 -5.2456958374 5.95677373047 250.129770992 -92.465648855 16.7404580153 END
START 0.478840332031 -12.5336456909 6.72770666504 250.129770992 -87.9007633588 10.6488549618 END
START -2.07577283936 -16.788142041 4.8314989502 250.129770992 -88.4809160305 4.97709923664 END
START -3.15076938477 -2.9927520752 3.32075770264 250.129770992 -91.2061068702 -1.20610687023 END
START 5.44920297852 -7.90565388184 9.85213983154 250.129770992 -79.9541984733 5.80152671756 END
START 1.13006318359 -4.56334836426 6.00465776367 250.129770992 -83.9770992366 3.90839694656 END
START -1.48679923096 -11.7124345215 1.11330377197 250.129770992 -81.3129770992 11.5572519084 END
START -1.98000477295 -10.8744639404 9.71088193359 250.129770992 -75.2824427481 4.6106870229 END
START 1.472434021 -10.3118265503 10.8170031006 250.129770992 -99.2442748092 4.19083969466 END
START -6.30153876953 -9.02374605713 11.0683942749 250.129770992 -97.9541984733 9.12977099237 END
START 4.80276853027 -1.26653267822 13.6780740845 250.129770992 -105.351145038 13.2748091603 END
START 11.7220113281 -10.0245223511 8.83699832764 250.129770992 -87.8320610687 6.25190839695 END
START 2.89698400879 -7.80509741211 5.01824667969 250.129770992 -95.5419847328 5.35877862595 END
START 1.35272393799 -2.03746561279 9.11233151855 250.129770992 -88.4045801527 1.80152671756 END