START -0.234631762695 -12.0763531738 7.96311472168 250.129770992 -102.610687023 12.0076335878 END
START -3.41173736572 -11.3676694824 10.6111017578 250.129770992 -104.259541985 2.35877862595 END
START 0.205901342773 -16.0818525513 8.81305631104 250.129770992 -104.549618321 -2.48854961832 END
START 1.57299049072 -11.3676694824 6.1650692749 250.129770992 -98.6946564885 8.57251908397 END
START -1.43412679443 -12.0356517456 7.24006582031 250.129770992 -103.893129771 1.82442748092 END
START 13.7977841675 -1.56580788574 4.34308181152 250.129770992 -104.893129771 3.80916030534 END
START -4.85783516846 -6.71334145508 8.20971749268 250.129770992 -101.648854962 -1.73282442748 END
START -1.93930334473 -14.2598650879 11.9015764526 250.129770992 -104.282442748 22.5877862595 END
START 4.22337172852 -9.30147344971 7.39329472656 250.129770992 -104.480916031 13.1832061069 END
START 0.294486804199 -0.450109912109 5.51145222168 250.129770992 -96.0839694656 8.93129770992 END
START 0.651222851562 -7.82425102539 10.5512467163 250.129770992 -100.0 0.748091603053 END
START 0.517147558594 -10.5775829346 13.4027408936 250.129770992 -104.854961832 12.0916030534 END
START -3.95761534424 -18.1576253906 8.45392606201 250.129770992 -105.419847328 11.4961832061 END
START 10.0771947876 -4.03662399902 2.66474644775 250.129770992 -96.2595419847 7.10687022901 END
START 3.12682736816 -8.62391437988 7.0844427124 250.129770992 -88.106870229 1.36641221374 END
START 2.84909997559 -9.50258638916 7.07726010742 250.129770992 -83.1755725191 3.67175572519 END
START -2.5115175415 -9.54568201904 9.41639512939 250.129770992 -83.7938931298 12.7786259542 END
START 2.71502468262 -9.15542714844 6.93360800781 250.129770992 -86.4351145038 8.89312977099 END
START -0.474051928711 -14.822502478 11.2455651978 250.129770992 -73.9236641221 4.86259541985 END
START -0.15083470459 -11.7842605713 10.1705686523 250.129770992 -79.3740458015 5.80916030534 END
START 5.79157381592 -8.95670841064 8.66222160645 250.129770992 -76.6946564885 11.534351145 END
START 1.04147772217 -10.1777512573 8.19295808105 250.129770992 -79.2290076336 6.6106870229 END
START -4.99191046143 -11.1306435181 11.5161099854 250.129770992 -64.1221374046 8.8320610687 END
START 4.88177718506 -7.98466253662 10.8050320923 250.129770992 -69.2061068702 10.0916030534 END
START 3.85705887451 -7.35738170166 12.7778542603 250.129770992 -68.106870229 2.29007633588 END
START -1.35032973633 -12.8161614868 15.4755209808 250.129770992 -84.1450381679 -3.64122137405 END
START 0.167594116211 -8.54011732178 9.99339772949 250.129770992 -71.9312977099 7.06870229008 END
START 4.92966121826 -14.5806881104 12.4019645996 250.129770992 -79.1984732824 -2.19847328244 END
START -3.22738383789 -5.99986936035 5.34864650879 250.129770992 -73.7328244275 8.90839694656 END
START -3.23456644287 -2.45645090332 8.42040723877 250.129770992 -74.5801526718 16.893129771 END
START 0.782903942871 -7.87213505859 7.64708010254 250.129770992 -71.1526717557 7.0 END
START 0.76375032959 -10.3692873901 1.10612116699 250.129770992 -68.4427480916 10.6106870229 END
START -1.90817872314 -8.93755479736 8.49223328857 250.129770992 -79.2061068702 9.11450381679 END
START 2.46123930664 -5.65031591797 8.87051715088 250.129770992 -71.1603053435 15.213740458 END
START 2.59292039795 -13.223175769 10.9223479736 250.129770992 -76.2595419847 4.93893129771 END
START 6.39730683594 -13.8696102173 9.440337146 250.129770992 -72.0687022901 8.96183206107 END
START 2.99754047852 -16.8839101074 8.97346782227 250.129770992 -79.2519083969 8.11450381679 END
START 2.33674082031 -16.3835219604 6.44279666748 250.129770992 -74.6030534351 11.4809160305 END
START 5.41089575195 -8.57842454834 5.13556256104 250.129770992 -86.8320610687 -1.38167938931 END
START -7.76439598389 -13.117830896 7.67581052246 250.129770992 -94.4427480916 6.04580152672 END
START 0.864306799316 -15.0212212158 5.48751020508 250.129770992 -88.5877862595 12.8167938931 END
START 11.4897737671 -10.5560351196 5.32949289551 250.129770992 -76.9770992366 12.3664122137 END
START 6.60799658203 -9.79707319336 14.4442186157 250.129770992 -70.9847328244 10.1755725191 END
START -2.41096107178 -6.02141717529 11.8632692261 250.129770992 -67.6335877863 13.2824427481 END
START 6.35660540771 2.54503636475 8.64785639648 250.129770992 -67.7251908397 12.3816793893 END
START -0.0191536132812 -14.7626474365 4.87698878174 250.129770992 -66.6641221374 6.14503816794 END
START -2.22660754395 -10.3956236084 10.3214033569 250.129770992 -69.2748091603 7.07633587786 END
START -4.14675727539 -5.42286676025 5.64792171631 250.129770992 -73.0763358779 7.98473282443 END
START 0.00478840332031 -10.7332060425 1.67833536377 250.129770992 -61.9389312977 6.0534351145 END
START -8.6287027832 -6.77080229492 10.4842090698 250.129770992 -62.7251908397 15.6183206107 END
START 5.29357987061 -10.1083194092 7.29034405518 250.129770992 -53.2519083969 6.93893129771 END
START 0.0143652099609 -4.13718046875 12.758700647 250.129770992 -47.7786259542 11.4351145038 END
START -6.7301008667 -14.0491753418 2.53545955811 250.129770992 -45.1679389313 2.34351145038 END
START 6.68461103516 -11.6693388916 8.59518395996 250.129770992 -60.8473282443 5.51908396947 END
START 7.92959589844 -5.66228692627 7.9080480835 250.129770992 -53.3282442748 14.1374045802 END
START 3.4428619873 -7.34541069336 7.51779321289 250.129770992 -65.3358778626 -0.87786259542 END
START -10.1969048706 -11.5448404053 10.7092640259 250.129770992 -59.0458015267 -1.97709923664 END
START -9.88805285645 -10.9630494019 3.74692559814 250.129770992 -58.3435114504 -2.70992366412 END
START 0.684741674805 -3.10767375488 5.45159718018 250.129770992 -68.8396946565 -5.24427480916 END
START -0.244208569336 -11.8656634277 5.48751020508 250.129770992 -75.9236641221 9.0534351145 END
START -1.84114107666 -5.1738697876 2.9927520752 250.129770992 -68.7328244275 8.72519083969 END
START 3.70622416992 -10.8648871338 1.44609780273 250.129770992 -79.8320610687 -0.984732824427 END
START 4.22816013184 -11.6334258667 7.24964262695 250.129770992 -81.5038167939 6.90839694656 END
START 7.40765993652 -5.97592734375 5.7867854126 250.129770992 -70.1603053435 5.0534351145 END
START -3.15795198975 -16.5247798584 10.6613799927 250.129770992 -72.320610687 11.2290076336 END
START -6.05972440186 -8.83220992432 9.4523081543 250.129770992 -67.5648854962 10.1221374046 END
START 2.25773216553 -11.9757967041 9.2296473999 250.129770992 -74.2061068702 1.87786259542 END
START 2.7461493042 -5.33906970215 10.9750204102 250.129770992 -73.8702290076 10.572519084 END
START -3.62003291016 -7.1203557373 0.373495458984 250.129770992 -77.9541984733 3.29007633588 END
START 5.61919129639 -0.339976635742 4.37420643311 250.129770992 -74.9770992366 10.1221374046 END
START -0.270544787598 -10.1969048706 4.8793829834 250.129770992 -68.0305343511 -2.00763358779 END
START -4.24013114014 -4.18506450195 9.27274302979 250.129770992 -68.7099236641 6.75572519084 END
START 5.09007272949 -18.4185933716 8.8393925293 250.129770992 -79.1679389313 18.5877862595 END
START -0.318428820801 -12.0524111572 3.22738383789 250.129770992 -76.4351145038 1.37404580153 END
START 0.754173522949 -9.5480762207 8.35576379395 250.129770992 -68.9389312977 2.97709923664 END
START -3.21780703125 -9.92875428467 5.8226984375 250.129770992 -78.6564885496 -3.87786259542 END
START -4.27604416504 -7.55610043945 4.02225878906 250.129770992 -81.8091603053 11.6106870229 END
START -6.45476767578 -9.79707319336 7.03416447754 250.129770992 -79.5572519084 -1.51145038168 END
START 3.24414324951 -5.35582911377 10.7763016724 250.129770992 -91.0076335878 5.29007633588 END
START 1.33596452637 -5.2097828125 5.94480272217 250.129770992 -93.6030534351 7.20610687023 END
START 2.7940333374 -9.34935748291 3.79959803467 250.129770992 -98.465648855 12.3282442748 END
START 0.612915625 -0.0981622680664 6.65827481689 250.129770992 -105.427480916 14.8778625954 END
START 3.05978972168 -19.5199261353 5.94240852051 250.129770992 -104.580152672 8.41984732824 END
START 10.680533606 4.28562097168 5.882553479 250.129770992 -102.603053435 3.71755725191 END
START 4.18027609863 -12.0284691406 6.67742843018 250.129770992 -106.236641221 -3.70229007634 END
START 0.890643017578 -4.58010777588 6.27520255127 250.129770992 -105.236641221 8.13740458015 END
START 2.69108266602 -9.05008227539 6.43321986084 250.129770992 -98.0 14.2748091603 END
START -2.15478149414 -4.87698878174 2.77248552246 250.129770992 -97.8854961832 -2.75572519084 END
START -2.86585938721 -15.9405946533 6.64630380859 250.129770992 -87.9923664122 4.74045801527 END
START 9.26077202148 -3.3710359375 13.9390420654 250.129770992 -69.9465648855 8.97709923664 END
START -5.5401826416 -10.7499654541 7.28555565186 250.129770992 -88.7404580153 11.2977099237 END
START 1.50355864258 -9.55765302734 7.7093293457 250.129770992 -78.2824427481 9.51908396947 END
START 1.48679923096 -13.0292454346 8.72686505127 250.129770992 -73.7633587786 8.45038167939 END