START -2.85628258057 -4.94402642822 6.95994422607 250.129770992 -70.2977099237 15.2900763359 END
START 1.19231242676 -4.32392819824 12.4809732544 250.129770992 -87.786259542 6.76335877863 END
START -3.85705887451 -5.27682045898 7.67820472412 250.129770992 -99.9923664122 13.2595419847 END
START 0.45489831543 -7.85776984863 9.79946739502 250.129770992 -81.7786259542 6.61832061069 END
START -1.91775552979 -12.9526309814 13.2950018188 250.129770992 -87.2824427481 15.0687022901 END
START -0.265756384277 -14.216769458 7.21851800537 250.129770992 -97.2290076336 11.0687022901 END
START 2.46842191162 -10.5943423462 9.73242974854 250.129770992 -100.175572519 10.7099236641 END
START 6.40209523926 -10.0340991577 14.9853081909 250.129770992 -96.0076335878 14.8473282443 END
START 0.0909796630859 -4.92487281494 5.96395633545 250.129770992 -104.847328244 -2.72519083969 END
START 0.483628735352 -3.95761534424 6.12436784668 250.129770992 -92.0458015267 -3.23664122137 END
START -5.35104071045 -8.76517227783 10.5632177246 250.129770992 -94.9160305344 15.0534351145 END
START 0.0742202514648 -10.4243540283 11.750741748 250.129770992 -105.427480916 -0.206106870229 END
START 7.41963094482 -9.60314285889 6.84262834473 250.129770992 -94.5267175573 6.11450381679 END
START 4.10126744385 -7.88171186523 13.2638771973 250.129770992 -106.290076336 7.8320610687 END
START -0.404620080566 -2.33434661865 3.62721551514 250.129770992 -107.022900763 14.2748091603 END
START -1.47482822266 -8.99262143555 10.7667248657 250.129770992 -100.946564885 13.3511450382 END
START -2.35828863525 -10.7595422607 7.18260498047 250.129770992 -87.9236641221 10.4351145038 END
START 1.20667763672 -3.32075770264 12.138602417 250.129770992 -87.1908396947 0.954198473282 END
START 2.27688577881 -8.99501563721 11.8967880493 250.129770992 -101.458015267 2.90839694656 END
START 8.98304462891 -14.1856448364 17.3172606079 250.129770992 -91.4961832061 5.47328244275 END
START 0.670376464844 -6.32069238281 9.61271966553 250.129770992 -90.1679389313 14.7099236641 END
START 2.93529123535 -5.59046087646 12.3181675415 250.129770992 -103.946564885 0.969465648855 END
START -0.600944616699 -5.8466404541 11.4993505737 250.129770992 -101.419847328 9.31297709924 END
START -1.23061965332 -7.80749161377 5.19302340088 250.129770992 -96.4809160305 5.29770992366 END
START 4.55616575928 -10.2878845337 7.92480749512 250.129770992 -94.7709923664 4.1679389313 END
START 9.67257470703 -12.3756283813 9.30626185303 250.129770992 -94.2900763359 8.12977099237 END
START 5.15471617432 -7.35019909668 14.0180507202 250.129770992 -91.5267175573 -3.32824427481 END
START 3.57454307861 -12.0093155273 6.54095893555 250.129770992 -87.1984732824 -2.11450381679 END
START 0.981622680664 -2.35110603027 1.44609780273 250.129770992 -79.5038167939 4.72519083969 END
START 7.73087716064 -19.479224707 8.02296976318 250.129770992 -71.7099236641 3.98473282443 END
START 4.903325 -12.4211182129 6.63672700195 250.129770992 -71.7404580153 9.51145038168 END
START 8.88009395752 -15.3659862549 9.78989058838 250.129770992 -73.0763358779 11.1374045802 END
START 1.74058460693 -6.31590397949 12.9334773682 250.129770992 -65.6335877863 4.32824427481 END
START 4.41969626465 -10.6972930176 9.27513723145 250.129770992 -56.1908396947 7.82442748092 END
START 6.10282003174 -10.3573163818 3.39737215576 250.129770992 -58.5267175573 8.62595419847 END
START 2.71741888428 -10.6302553711 11.0588174683 250.129770992 -59.7709923664 10.3435114504 END
START -2.88740720215 -13.4865379517 9.62708487549 250.129770992 -52.465648855 5.70229007634 END
START 1.93451494141 -8.00142194824 5.52102902832 250.129770992 -59.465648855 1.04580152672 END
START 0.653617053223 -9.54089361572 7.108384729 250.129770992 -54.8167938931 12.2824427481 END
START -4.42687886963 -8.0038161499 7.46751497803 250.129770992 -44.534351145 5.16030534351 END
START 8.40364782715 -14.7458880249 7.37414111328 250.129770992 -44.9694656489 4.04580152672 END
START 1.57777889404 -9.82819781494 5.269637854 250.129770992 -45.427480916 4.80916030534 END
START -0.100556469727 -12.8544687134 0.881066210937 250.129770992 -43.1297709924 6.23664122137 END
START 7.09162531738 -9.64145008545 5.69341154785 250.129770992 -62.1450381679 10.5648854962 END
START -0.0574608398438 -3.27526787109 7.34541069336 250.129770992 -52.9160305344 1.88549618321 END
START -0.541089575195 -7.601590271 3.94564433594 250.129770992 -74.7251908397 10.1221374046 END
START -1.80043964844 -11.7938373779 4.82671054687 250.129770992 -72.8320610687 13.5038167939 END
START -0.402225878906 -5.11162054443 4.09887324219 250.129770992 -69.2290076336 7.28244274809 END
START 0.234631762695 1.52510645752 1.19949503174 250.129770992 -68.0152671756 8.4427480916 END
START -8.24084211426 -10.0005803345 7.49145699463 250.129770992 -62.427480916 8.28244274809 END
START 2.56179577637 -8.61194337158 2.51870014648 250.129770992 -64.3740458015 15.5648854962 END
START -5.43483776855 -6.58884296875 3.01429989014 250.129770992 -63.1832061069 11.0305343511 END
START -5.46117398682 -7.65905111084 5.01585247803 250.129770992 -70.2519083969 11.4809160305 END
START -2.97599266357 -17.4202112793 12.9430541748 250.129770992 -63.8549618321 4.6641221374 END
START 2.93050283203 -6.56490095215 6.63672700195 250.129770992 -78.4351145038 2.12977099237 END
START -4.99191046143 -6.17943448486 7.52497581787 250.129770992 -95.2595419847 2.26717557252 END
START -5.89213028564 -16.5032320435 5.05655390625 250.129770992 -91.6183206107 7.68702290076 END
START -6.31590397949 -11.9183358643 11.9183358643 250.129770992 -103.977099237 7.54198473282 END
START 1.62326872559 4.94163222656 6.60320817871 250.129770992 -104.687022901 -0.297709923664 END
START 2.00873519287 -8.48265648193 12.0308633423 250.129770992 -105.167938931 6.31297709924 END
START -2.66953485107 -9.15303294678 7.24006582031 250.129770992 -102.473282443 6.63358778626 END
START -6.39491263428 -10.2615483154 10.6829278076 250.129770992 -104.267175573 5.61832061069 END
START -5.96156213379 -5.65271011963 16.3835219604 250.129770992 -100.717557252 17.4427480916 END
START 2.01831199951 -1.52271225586 9.95269630127 250.129770992 -101.366412214 14.8549618321 END
START -2.17872351074 -5.33906970215 7.18021077881 250.129770992 -104.618320611 2.79389312977 END
START 4.15393988037 -11.1114899048 8.10676682129 250.129770992 -103.618320611 14.5190839695 END
START -2.05661922607 -11.3628810791 9.70848773193 250.129770992 -102.198473282 15.9618320611 END
START -2.79163913574 -10.8936175537 8.01818135986 250.129770992 -98.9618320611 8.03816793893 END
START 1.45806881104 -12.385205188 13.0843120728 250.129770992 -99.8091603053 12.6030534351 END
START 3.97916315918 -5.41328995361 2.89219560547 250.129770992 -87.7480916031 9.09923664122 END
START 2.1571756958 -12.0548053589 10.2807019287 250.129770992 -88.2595419847 2.00763358779 END
START 8.66701000977 -16.6995565796 6.33505759277 250.129770992 -66.0992366412 14.427480916 END
START 3.6894647583 -1.07978494873 8.69095202637 250.129770992 -79.7099236641 9.78625954198 END
START -0.292092602539 -4.12520946045 5.20738861084 250.129770992 -71.2290076336 10.9083969466 END
START 1.67594116211 -5.37258852539 8.63827958984 250.129770992 -69.2061068702 2.99236641221 END
START 9.90960067139 -11.1090957031 5.35582911377 250.129770992 -61.8015267176 16.4732824427 END
START 1.01992990723 -6.52659372559 6.48110389404 250.129770992 -69.3282442748 3.57251908397 END
START -4.20421811523 -5.40850155029 7.9439611084 250.129770992 -67.9465648855 14.0763358779 END
START 9.48582697754 -6.45237347412 3.83790526123 250.129770992 -70.0610687023 7.80152671756 END
START -0.263362182617 -8.73883605957 7.82664522705 250.129770992 -78.0992366412 8.82442748092 END