START 1.33357032471 -12.9669961914 7.17302817383 250.129770992 -58.0534351145 12.8778625954 END
START -7.16823977051 -11.9207300659 6.38533582764 250.129770992 -67.2442748092 0.725190839695 END
START 0.0837970581055 -9.14345614014 7.79312640381 250.129770992 -76.106870229 17.0534351145 END
START -0.943315454102 -13.7834189575 6.0932432251 250.129770992 -81.0305343511 6.29007633588 END
START -10.1346556274 -13.4482307251 4.74770189209 250.129770992 -71.5267175573 5.80152671756 END
START 2.50912333984 -3.85466467285 3.90254870605 250.129770992 -78.4503816794 12.2442748092 END
START -2.25773216553 -13.6876508911 8.09479581299 250.129770992 -73.3511450382 0.793893129771 END
START 0.210689746094 -11.4083709106 5.86100566406 250.129770992 -70.1908396947 4.52671755725 END
START 2.99754047852 -9.77313117676 8.07564219971 250.129770992 -73.0305343511 12.4961832061 END
START 4.28083256836 -13.6493436646 5.13077415771 250.129770992 -87.3282442748 2.80152671756 END
START -0.533906970215 -13.9246768555 11.9231242676 250.129770992 -83.0687022901 9.32824427481 END
START 1.78846864014 -7.47948598633 14.1688854248 250.129770992 -101.106870229 14.106870229 END
START 2.12605107422 -9.560047229 10.2591541138 250.129770992 -104.320610687 1.14503816794 END
START -3.29681568604 -10.9486841919 7.83143363037 250.129770992 -99.9007633588 9.40458015267 END
START -8.0038161499 -15.0284038208 10.4099888184 250.129770992 -107.106870229 7.32061068702 END
START 0.646434448242 -11.9087590576 12.624625354 250.129770992 -102.854961832 14.2748091603 END
START 0.627280834961 -11.1162783081 8.21929429932 250.129770992 -97.6564885496 6.49618320611 END
START 1.96085115967 -12.0164981323 15.4856963379 250.129770992 -99.0229007634 10.5496183206 END
START 4.87220037842 -10.1107136108 16.309301709 250.129770992 -102.335877863 19.2366412214 END
START 0.634463439941 -3.60806190186 11.4323129272 250.129770992 -95.2900763359 5.71755725191 END
START 3.67749375 -10.905588562 9.46906756592 250.129770992 -87.1145038168 6.63358778626 END
START 4.23773693848 -11.405976709 5.78439121094 250.129770992 -85.2442748092 6.6641221374 END
START 5.63116230469 -8.30787976074 9.38527050781 250.129770992 -83.7786259542 4.25190839695 END
START 7.51539901123 -4.07253702393 12.5982891357 250.129770992 -79.1221374046 7.26717557252 END
START 2.09492645264 -9.25119521484 10.5632177246 250.129770992 -82.8854961832 8.62595419847 END
START 7.38611212158 -9.03332286377 8.36773480225 250.129770992 -74.641221374 9.09923664122 END
START 4.66151063232 -7.80749161377 7.10599052734 250.129770992 -82.1908396947 -2.27480916031 END
START -3.49314022217 -8.00621035156 9.37329949951 250.129770992 -70.1526717557 8.08396946565 END
START -0.548272180176 -4.79558592529 3.03584770508 250.129770992 -76.5419847328 3.28244274809 END
START 2.64319863281 -4.28322677002 5.75326658936 250.129770992 -65.1297709924 13.0305343511 END
START -1.47482822266 -11.2982376343 10.1131078125 250.129770992 -73.4732824427 3.54198473282 END
START 2.75093770752 -8.20492908936 8.27196673584 250.129770992 -57.3816793893 7.79389312977 END
START 3.0526071167 -10.3118265503 15.4473891113 250.129770992 -60.465648855 11.2748091603 END
START -0.665588061523 -9.09317790527 9.75158336182 250.129770992 -56.9389312977 -4.93129770992 END
START 4.14196887207 -5.03740029297 3.16992299805 250.129770992 -56.4580152672 6.87786259542 END
START 5.97353314209 -12.1960632568 8.81784471436 250.129770992 -48.7480916031 8.97709923664 END
START -1.97042796631 -6.50265170898 13.5847002197 250.129770992 -48.1984732824 11.358778626 END
START -3.6176387085 -12.1697270386 5.63355650635 250.129770992 -57.8320610687 8.84732824427 END
START -0.866701000977 -11.4011883057 6.73488927002 250.129770992 -60.1984732824 2.00763358779 END
START -2.39420166016 -9.39724151611 5.4444145752 250.129770992 -56.9236641221 -1.62595419847 END
START -1.5442600708 -9.57441243896 3.58890828857 250.129770992 -56.7709923664 9.21374045802 END
START -3.16034619141 0.0239420166016 9.2057053833 250.129770992 -66.106870229 3.07633587786 END
START -9.24880101318 -4.92247861328 9.20331118164 250.129770992 -60.6106870229 3.79389312977 END
START -0.232237561035 -14.8584155029 7.52497581787 250.129770992 -67.0992366412 11.7328244275 END
START 3.1124621582 -4.72136567383 2.1332336792 250.129770992 -67.4045801527 3.90076335878 END
START -2.86825358887 -6.73488927002 8.77474908447 250.129770992 -73.7633587786 2.2213740458 END
START 0.445321508789 -11.8417214111 7.06289489746 250.129770992 -67.3511450382 3.20610687023 END
START -5.38934793701 -10.0891657959 7.0485296875 250.129770992 -80.5648854962 5.51145038168 END
START 4.77164390869 -3.60327349854 7.16105716553 250.129770992 -83.9465648855 7.84732824427 END
START 3.92888492432 -9.17697496338 10.1202904175 250.129770992 -87.0610687023 8.02290076336 END
START 0.0143652099609 -12.4306950195 5.07810172119 250.129770992 -93.0610687023 10.465648855 END
START 1.51074124756 -6.5074401123 6.51941112061 250.129770992 -94.8320610687 4.11450381679 END
START -4.70460626221 -11.5232925903 3.74453139648 250.129770992 -85.2061068702 14.7328244275 END
START -0.423773693848 -10.3716815918 0.203507141113 250.129770992 -87.3129770992 5.29007633588 END
START 6.79713851318 -2.84670577393 3.68707055664 250.129770992 -93.9847328244 3.28244274809 END
START -3.3949779541 -10.8529161255 8.89206496582 250.129770992 -97.8320610687 13.2748091603 END
START -7.3430164917 -7.56807144775 6.15788666992 250.129770992 -102.396946565 5.9465648855 END
START -6.54814154053 -16.9581303589 10.7810900757 250.129770992 -103.900763359 10.213740458 END
START 3.69425316162 -6.47392128906 7.44117875977 250.129770992 -104.198473282 6.19083969466 END
START 11.3892172974 -8.47307967529 9.50258638916 250.129770992 -101.816793893 12.8396946565 END
START 2.15478149414 -14.9278473511 5.91607230225 250.129770992 -104.526717557 14.9541984733 END
START -0.849941589355 -15.2869776001 10.912771167 250.129770992 -102.297709924 6.3893129771 END
START -6.69897624512 -7.3549875 5.84424625244 250.129770992 -102.374045802 14.1603053435 END
START 4.02704719238 -8.81305631104 7.56328304443 250.129770992 -104.366412214 5.97709923664 END
START -2.37025964355 -8.14746824951 3.99113416748 250.129770992 -96.9618320611 4.14503816794 END
START 0.114921679688 -8.38928261719 10.6158901611 250.129770992 -86.4351145038 10.5877862595 END
START 4.03662399902 -8.46589707031 10.5943423462 250.129770992 -74.5419847328 9.53435114504 END
START 10.4554786499 -0.828393774414 14.6189953369 250.129770992 -68.0992366412 13.1603053435 END
START 0.184353527832 -13.2016279541 14.0683289551 250.129770992 -56.8167938931 4.67938931298 END
START 2.37265384521 -6.59123717041 15.2702181885 250.129770992 -67.6564885496 5.25954198473 END
START 2.1930887207 -8.51856950684 10.5823713379 250.129770992 -66.1450381679 5.9465648855 END
START 2.78924493408 -13.5104799683 6.63912120361 250.129770992 -67.5801526718 5.96946564885 END
START 1.18512982178 -11.2982376343 9.43794294434 250.129770992 -65.1679389313 8.42748091603 END
START 7.93677850342 -17.3555678345 6.93121380615 250.129770992 -59.2595419847 5.97709923664 END
START 6.80671531982 -6.58166036377 8.5089927002 250.129770992 -55.9618320611 4.75572519084 END
START -5.61440289307 -9.56483563232 7.19218178711 250.129770992 -57.3053435115 15.4427480916 END
START 8.73883605957 -12.6892687988 8.32942757568 250.129770992 -62.8091603053 8.77099236641 END
START -5.882553479 -11.9159416626 3.98155736084 250.129770992 -69.3282442748 9.40458015267 END
START 10.3573163818 -13.6206132446 10.165780249 250.129770992 -56.3816793893 3.30534351145 END