START -3.1124621582 -10.8840407471 3.3231519043 250.129770992 -71.5954198473 4.36641221374 END
START -1.08457335205 -12.1290256104 8.42519564209 250.129770992 -74.3435114504 7.12213740458 END
START -0.179565124512 -8.10437261963 8.34139858398 250.129770992 -84.8320610687 8.54961832061 END
START 0.857124194336 -2.03267720947 6.22971271973 250.129770992 -78.2977099237 3.29770992366 END
START -4.6327802124 -16.5894233032 9.87368764648 250.129770992 -71.0763358779 12.6946564885 END
START -3.1124621582 -3.53144744873 8.8154505127 250.129770992 -65.7328244275 15.1374045802 END
START -0.529118566895 -12.490550061 4.92487281494 250.129770992 -65.9923664122 5.72519083969 END
START -7.24485422363 -3.9959225708 10.8553103271 250.129770992 -68.5190839695 7.46564885496 END
START 6.90008918457 -8.27196673584 6.2009822998 250.129770992 -71.8167938931 7.96946564885 END
START -0.196324536133 -9.25837781982 12.9957266113 250.129770992 -66.572519084 8.56488549618 END
START 1.14203419189 -7.37653531494 5.66468112793 250.129770992 -76.1908396947 10.7022900763 END
START -8.46350286865 -6.53617053223 15.3588036499 250.129770992 -74.8091603053 18.3053435115 END
START 1.69030637207 -10.4626612549 9.45949075928 250.129770992 -74.8549618321 2.40458015267 END
START 1.73579620361 -8.06845959473 6.60799658203 250.129770992 -85.9694656489 10.5114503817 END
START -0.191536132812 -8.8992475708 10.2902787354 250.129770992 -78.5648854962 -0.679389312977 END
START -2.77248552246 -4.97993945312 11.5304751953 250.129770992 -89.4503816794 16.4198473282 END
START 2.28406838379 -10.4650554565 7.63989749756 250.129770992 -78.893129771 5.29770992366 END
START 0.842758984375 -8.54251152344 4.91050760498 250.129770992 -72.3969465649 9.35877862595 END
START 1.38624276123 -7.10359632568 10.9415015869 250.129770992 -84.0687022901 19.8778625954 END
START -1.64481654053 -4.71418306885 4.87220037842 250.129770992 -88.1526717557 1.29007633588 END
START 4.75488449707 -7.65186850586 4.46279189453 250.129770992 -81.2595419847 6.84732824427 END
START 4.07014282227 -11.5951186401 5.5760956665 250.129770992 -73.6717557252 10.5190839695 END
START -3.93127912598 -2.65756384277 7.70454094238 250.129770992 -83.0916030534 1.31297709924 END
START 1.8626888916 -8.07324799805 9.62469067383 250.129770992 -77.0610687023 12.3129770992 END
START 3.74692559814 -2.92092602539 9.65820949707 250.129770992 -83.4198473282 18.6106870229 END
START -1.472434021 -4.43166727295 9.10754311523 250.129770992 -86.7938931298 15.6183206107 END
START 5.48511600342 -3.88818349609 14.358027356 250.129770992 -82.5114503817 6.77099236641 END
START 2.65756384277 -11.3221796509 12.8496803101 250.129770992 -91.0152671756 13.3282442748 END
START 4.57531937256 -10.2830961304 9.91917747803 250.129770992 -87.1832061069 11.465648855 END
START -0.861912597656 -4.56334836426 10.7188408325 250.129770992 -88.6335877863 5.98473282443 END
START 2.61925661621 -6.49786330566 13.5272393799 250.129770992 -104.694656489 12.3664122137 END
START 7.56567724609 -9.67018050537 7.5896192627 250.129770992 -86.3053435115 15.7175572519 END
START 6.29435616455 -7.29752666016 7.63271489258 250.129770992 -82.1374045802 2.04580152672 END
START 5.5880666748 -11.1330377197 4.21379492187 250.129770992 -92.7709923664 12.3129770992 END
START 6.05972440186 -7.91762489014 14.1569144165 250.129770992 -81.3053435115 6.8320610687 END
START 11.1833159546 -6.7540428833 0.045489831543 250.129770992 -75.5496183206 20.2748091603 END
START -3.14119257812 -3.58890828857 1.7908628418 250.129770992 -76.0610687023 6.09923664122 END
START 3.46919820557 -10.6853220093 3.81156904297 250.129770992 -80.2900763359 11.6183206107 END
START 8.45392606201 -10.5344873047 7.67102211914 250.129770992 -74.358778626 3.40458015267 END
START -5.73171877441 -12.4330892212 4.44603248291 250.129770992 -79.5877862595 4.82442748092 END
START 4.02225878906 -10.3884410034 3.81396324463 250.129770992 -70.8091603053 8.97709923664 END
START 9.17218656006 -4.16591088867 11.6669446899 250.129770992 -66.5801526718 13.3893129771 END
START -6.14352145996 -13.716381311 7.82903942871 250.129770992 -56.8702290076 14.9389312977 END
START 4.2185833252 -12.2463414917 9.20809958496 250.129770992 -54.0992366412 3.50381679389 END
START -5.94001431885 -11.2671130127 5.17865819092 250.129770992 -58.7404580153 -3.03053435115 END
START 17.4058460693 -9.15542714844 9.41639512939 250.129770992 -60.4961832061 18.2900763359 END
START -4.48912811279 -8.67419261475 6.32308658447 250.129770992 -56.9694656489 7.06870229008 END
START 3.064578125 -8.46350286865 9.46667336426 250.129770992 -59.1984732824 2.50381679389 END
START -2.7222072876 -13.9677724854 10.4459018433 250.129770992 -62.7480916031 7.14503816794 END
START 3.74692559814 -14.3149317261 5.88494768066 250.129770992 -63.0763358779 4.80916030534 END
START 2.12844527588 -4.21140072021 4.19703551025 250.129770992 -63.6870229008 7.49618320611 END
START -7.18021077881 -11.9829793091 3.4069489624 250.129770992 -69.5877862595 4.29770992366 END
START -1.00795889893 -10.8122146973 6.0693012085 250.129770992 -70.3053435115 11.2213740458 END
START -0.694318481445 -9.20809958496 7.75721337891 250.129770992 -68.2519083969 8.93129770992 END
START -3.71819517822 -5.66707532959 2.46842191162 250.129770992 -65.5648854962 11.0152671756 END
START -1.98718737793 -7.85776984863 4.13239206543 250.129770992 -78.6946564885 12.3969465649 END
START 4.94402642822 -11.1904985596 7.60877287598 250.129770992 -75.0152671756 -3.1679389313 END
START -0.943315454102 -8.98304462891 6.21774171143 250.129770992 -76.1832061069 3.2213740458 END
START 0.658405456543 -11.1881043579 10.4746322632 250.129770992 -78.0305343511 9.04580152672 END
START 1.96803376465 -8.66222160645 8.18338127441 250.129770992 -88.1603053435 -1.01526717557 END
START -0.344765039063 -3.92170231934 6.01902297363 250.129770992 -88.7633587786 1.61832061069 END
START -5.78917961426 -12.3038023315 3.61285030518 250.129770992 -95.3740458015 0.236641221374 END
START 1.2497732666 -4.18506450195 8.12592043457 250.129770992 -96.3816793893 9.77099236641 END
START -1.93451494141 -8.96149681396 6.22013591309 250.129770992 -90.1374045802 3.84732824427 END
START 0.119710083008 -10.3285859619 6.54574733887 250.129770992 -96.1908396947 10.5954198473 END
START -0.574608398438 -1.8866309082 7.59201346436 250.129770992 -102.152671756 3.37404580153 END
START -3.46440980225 -13.8552450073 15.5192151611 250.129770992 -89.4580152672 8.03816793893 END
START 3.45483299561 -6.67503422852 8.54729992676 250.129770992 -105.435114504 15.0 END
START -5.5282116333 -10.0819831909 4.90571920166 250.129770992 -98.0534351145 8.70992366412 END
START 4.03422979736 -13.0962830811 7.78594379883 250.129770992 -101.954198473 -3.72519083969 END
START -0.476446130371 -8.04691177979 7.81946262207 250.129770992 -97.0305343511 5.98473282443 END
START -0.323217224121 -18.4425353882 9.99100352783 250.129770992 -90.5496183206 10.3816793893 END
START 6.56490095215 -2.64559283447 9.32062706299 250.129770992 -102.93129771 13.0534351145 END
START 1.92014973145 -6.40448944092 4.65911643066 250.129770992 -103.854961832 7.13740458015 END
START 1.35511813965 -3.57693728027 7.15626876221 250.129770992 -104.404580153 6.78625954198 END
START 2.01112939453 -11.9039706543 7.58243665771 250.129770992 -102.236641221 -1.2213740458 END
START 4.96557424316 -3.75889660645 8.26478413086 250.129770992 -90.9083969466 4.16030534351 END
START 9.22725319824 -1.21625444336 12.5264630859 250.129770992 -88.6946564885 14.106870229 END
START -4.47236870117 -7.9080480835 10.1155020142 250.129770992 -81.2748091603 6.81679389313 END
START 8.09479581299 -14.9924907959 5.94480272217 250.129770992 -78.641221374 4.32824427481 END
START 4.14915147705 -8.46350286865 12.9239005615 250.129770992 -69.8244274809 3.40458015267 END
START 3.96719215088 -4.92487281494 15.1936037354 250.129770992 -81.1984732824 2.93893129771 END
START 7.46512077637 -14.1473376099 7.3310454834 250.129770992 -62.7175572519 11.2977099237 END
START 1.63763393555 -6.59841977539 15.9238352417 250.129770992 -70.8167938931 3.92366412214 END
START 0.976834277344 -6.72531246338 7.79552060547 250.129770992 -71.4351145038 18.1526717557 END
START 3.99113416748 -10.6039191528 9.70130512695 250.129770992 -67.6564885496 8.52671755725 END
START 2.93289703369 -9.69651672363 8.42519564209 250.129770992 -65.7404580153 11.893129771 END