START -2.4875755249 -9.31823286133 11.5304751953 250.129770992 -49.7404580153 13.0 END
START -2.96402165527 -11.6430026733 5.39892474365 250.129770992 -66.0916030534 12.4885496183 END
START 0.0574608398438 -3.57693728027 9.53849941406 250.129770992 -57.8778625954 7.72519083969 END
START -5.79636221924 -10.7595422607 10.3453453735 250.129770992 -77.0916030534 9.32824427481 END
START 5.73411297607 -3.87142408447 8.62152017822 250.129770992 -79.5801526718 2.18320610687 END
START -3.92649072266 -5.26484945068 7.9798741333 250.129770992 -72.7709923664 -2.11450381679 END
START -2.00873519287 -6.51462271729 7.35977590332 250.129770992 -76.0458015267 17.6488549618 END
START -4.13957467041 -12.9239005615 8.15943925781 250.129770992 -72.5114503817 8.43511450382 END
START 0.414196887207 -7.34541069336 10.7236292358 250.129770992 -66.0763358779 5.03816793893 END
START -1.26892687988 -11.4299187256 8.02057556152 250.129770992 -67.7099236641 9.70229007634 END
START 5.7867854126 -13.1345903076 8.13310303955 250.129770992 -72.4045801527 8.70229007634 END
START -0.555454785156 -12.7682774536 9.93354268799 250.129770992 -73.5496183206 2.67175572519 END
START -3.02148249512 -10.5871597412 5.59764348145 250.129770992 -84.0381679389 11.6259541985 END
START -6.16267507324 -7.55370623779 6.8138979248 250.129770992 -81.9083969466 5.15267175573 END
START -6.27280834961 -7.86495245361 8.80587370605 250.129770992 -75.5877862595 7.41221374046 END
START -1.64242233887 -14.2838071045 13.2543003906 250.129770992 -78.4198473282 3.04580152672 END
START -0.933738647461 -5.97113894043 6.93839641113 250.129770992 -83.5038167939 13.786259542 END
START -3.99113416748 -15.8544033936 6.4356140625 250.129770992 -82.1984732824 5.46564885496 END
START -7.75003077393 -8.82502731934 2.64798703613 250.129770992 -88.0152671756 20.3664122137 END
START 4.71657727051 -10.4913916748 6.12676204834 250.129770992 -99.8244274809 13.4809160305 END
START -3.74213719482 -12.4498486328 7.30231506348 250.129770992 -83.3053435115 11.5648854962 END
START -1.18512982178 -5.59524927979 9.26795462646 250.129770992 -97.9389312977 12.6564885496 END
START 1.7908628418 -13.2854250122 9.8784760498 250.129770992 -104.312977099 1.60305343511 END
START 2.27927998047 -13.9797434937 4.01028778076 250.129770992 -89.6106870229 7.21374045802 END
START 8.19056387939 -3.83790526123 14.6333605469 250.129770992 -101.687022901 2.76335877863 END
START -0.893037219238 -6.85938775635 7.74524237061 250.129770992 -102.0 3.69465648855 END
START 4.24970794678 -13.2997902222 11.391611499 250.129770992 -94.8702290076 18.0687022901 END
START -3.20823022461 -12.8999585449 13.2614829956 250.129770992 -96.4045801527 0.595419847328 END
START 9.95987890625 -7.14908615723 13.5727292114 250.129770992 -106.290076336 15.7938931298 END
START 3.83072265625 -13.2543003906 5.81551583252 250.129770992 -104.251908397 4.80152671756 END
START 11.6693388916 -6.89290657959 11.9039706543 250.129770992 -98.5114503817 6.1679389313 END
START 3.58890828857 -15.555128186 6.78516750488 250.129770992 -97.6564885496 6.93893129771 END
START 2.16675250244 -3.57933148193 10.5967365479 250.129770992 -87.1374045802 2.39694656489 END
START 1.86508309326 -7.08683691406 5.8586114624 250.129770992 -98.6335877863 1.96183206107 END
START 3.24893165283 -10.7906668823 9.79707319336 250.129770992 -99.320610687 4.0 END
START 2.06619603271 -7.95353791504 11.7172229248 250.129770992 -74.6870229008 9.67175572519 END
START 3.9959225708 -9.74440075684 6.40448944092 250.129770992 -80.1832061069 11.2519083969 END
START 1.70467158203 -10.7739074707 8.59518395996 250.129770992 -74.6641221374 2.3358778626 END
START -7.07726010742 -10.3118265503 4.81234533691 250.129770992 -77.2519083969 10.641221374 END
START 12.3588689697 -13.7906015625 7.89368287354 250.129770992 -70.0229007634 10.8167938931 END
START 1.75255561523 -5.30794508057 5.43483776855 250.129770992 -67.9236641221 4.67175572519 END
START 1.75255561523 -5.69580574951 6.75883128662 250.129770992 -74.6335877863 11.8167938931 END
START -0.0694318481445 -7.22091220703 9.71806453857 250.129770992 -61.6488549618 13.7175572519 END
START 0.378283862305 -16.8336318726 5.4803276001 250.129770992 -54.7328244275 2.96946564885 END
START 9.37808790283 -14.10424198 5.47075079346 250.129770992 -41.0534351145 0.0763358778626 END
START 8.6047607666 -6.20337650146 5.94959112549 250.129770992 -45.3358778626 15.7709923664 END
START 1.10372696533 -13.8121493774 8.17380446777 250.129770992 -48.8473282443 -1.69465648855 END
START 5.30555087891 -8.39646522217 6.32548078613 250.129770992 -38.465648855 3.25954198473 END
START -0.569819995117 -4.79798012695 7.31668027344 250.129770992 -43.4427480916 8.23664122137 END
START -4.93205541992 -15.8927106201 9.80186159668 250.129770992 -49.4427480916 -1.82442748092 END
START -1.49877023926 -14.2431056763 0.3064578125 250.129770992 -52.5648854962 0.923664122137 END
START -4.11563265381 -13.4434423218 -1.11090957031 250.129770992 -51.8702290076 5.47328244275 END
START -7.0844427124 -14.9446067627 7.41723674316 250.129770992 -54.5190839695 7.99236641221 END
START 3.6894647583 -7.47230338135 6.39251843262 250.129770992 -58.1450381679 4.8320610687 END
START 1.5442600708 -12.6629325806 12.9622077881 250.129770992 -56.0687022901 12.4198473282 END
START -4.50588752441 -10.3740757935 8.60715496826 250.129770992 -48.9236641221 10.3740458015 END
START -0.794874951172 -13.1345903076 12.3373211548 250.129770992 -58.0305343511 2.54198473282 END
START -2.29364519043 -8.76038387451 10.1035310059 250.129770992 -59.2366412214 0.511450381679 END
START -7.00303985596 -8.30309135742 2.92332022705 250.129770992 -59.4809160305 16.8091603053 END
START 3.61524450684 -10.7619364624 6.8019269165 250.129770992 -79.5038167939 4.19083969466 END
START -5.7508723877 -8.76038387451 11.2264115845 250.129770992 -98.5954198473 0.564885496183 END
START -1.82917006836 -10.3884410034 10.2160584839 250.129770992 -93.6106870229 2.58778625954 END
START -0.177170922852 -7.44357296143 8.49702169189 250.129770992 -105.335877863 9.11450381679 END
START -3.73974299316 -9.69651672363 12.2200052734 250.129770992 -103.251908397 12.8320610687 END
START -0.239420166016 -6.25126053467 5.31512768555 250.129770992 -105.389312977 10.7557251908 END
START 1.22104284668 -13.1226192993 5.69341154785 250.129770992 -104.801526718 3.24427480916 END
START -9.73242974854 -15.3276790283 9.2296473999 250.129770992 -104.083969466 10.3740458015 END
START -2.06859023437 -4.78840332031 8.19535228271 250.129770992 -103.717557252 7.14503816794 END
START -4.38378323975 -0.61770402832 3.35427652588 250.129770992 -104.900763359 -2.74809160305 END
START 4.73333668213 -4.77164390869 8.06367119141 250.129770992 -104.099236641 18.2442748092 END
START -3.81635744629 -12.2870429199 10.3214033569 250.129770992 -104.404580153 10.8167938931 END
START 2.02549460449 -10.3788641968 4.45560928955 250.129770992 -101.671755725 6.83969465649 END
START 9.17697496338 -5.32470449219 10.2735193237 250.129770992 -103.389312977 16.7022900763 END
START 1.39821376953 -5.09246693115 9.35414588623 250.129770992 -104.030534351 2.00763358779 END
START 1.8148048584 -6.29675036621 10.8050320923 250.129770992 -104.267175573 13.3282442748 END
START 10.5057568848 -3.98634576416 7.30231506348 250.129770992 -103.748091603 3.62595419847 END
START -1.46764561768 -13.6876508911 6.47392128906 250.129770992 -103.770992366 14.8702290076 END
START 3.14358677979 -2.55700737305 15.0595284424 250.129770992 -104.022900763 13.7328244275 END
START 3.15076938477 -4.53461794434 8.59039555664 250.129770992 -99.1297709924 12.7175572519 END
START 7.71651195068 -10.3381627686 7.67820472412 250.129770992 -86.7786259542 12.1450381679 END
START 10.2352120972 -9.00459244385 7.91762489014 250.129770992 -91.0763358779 11.8778625954 END
START 3.40455476074 -9.43315454102 9.59117185059 250.129770992 -70.7480916031 9.6106870229 END
START 7.3549875 -4.55377155762 12.8664397217 250.129770992 -66.3435114504 14.3053435115 END
START 3.27766207275 -9.55765302734 7.56807144775 250.129770992 -53.3053435115 7.78625954198 END
START 9.99339772949 -7.50582220459 12.4043588013 250.129770992 -50.8854961832 4.03053435115 END
START 10.5296989014 -7.33822808838 8.06845959473 250.129770992 -53.1908396947 -1.34351145038 END
START 1.2138602417 -11.7555301514 6.59602557373 250.129770992 -51.0229007634 7.41984732824 END
START 3.76129080811 -6.73488927002 9.37090529785 250.129770992 -45.8854961832 1.64885496183 END
START 1.09893856201 -16.5223856567 9.59835445557 250.129770992 -52.1755725191 8.60305343511 END
START 7.17542237549 -8.64306799316 7.82664522705 250.129770992 -42.7175572519 5.09160305344 END
START 1.88423670654 -6.17225187988 11.4490723389 250.129770992 -45.1755725191 2.48091603053 END
START 8.06127698975 -4.8793829834 5.1618987793 250.129770992 -56.1374045802 3.18320610687 END
START 5.71974776611 -15.5910412109 4.31195718994 250.129770992 -51.5648854962 12.1374045802 END
START 8.44913765869 -8.85615194092 7.20894119873 250.129770992 -55.4198473282 -1.12977099237 END
START -1.01035310059 -8.53772312012 11.5472346069 250.129770992 -65.6870229008 8.2213740458 END
START 0.928950244141 -6.22971271973 6.65827481689 250.129770992 -64.4198473282 5.36641221374 END
START -5.97592734375 -11.8512982178 9.78031378174 250.129770992 -63.1984732824 6.06870229008 END
START 0.129286889648 -13.970166687 4.66629903564 250.129770992 -61.427480916 9.56488549618 END
START 1.28089788818 -3.93367332764 6.56729515381 250.129770992 -60.8854961832 -2.74809160305 END
START 8.09719001465 -2.28646258545 8.29590875244 250.129770992 -66.6259541985 8.15267175573 END
START 1.73579620361 -12.5719529175 10.3549221802 250.129770992 -67.2671755725 9.58778625954 END
START 1.95606275635 -3.47877501221 7.53694682617 250.129770992 -62.1908396947 12.5954198473 END
START 5.60722028809 -3.97676895752 5.4444145752 250.129770992 -68.0381679389 8.34351145038 END