START 0.418985290527 -6.29196196289 7.94874951172 250.129770992 -103.885496183 10.0992366412 END
START 1.70227738037 -4.63756861572 6.94318481445 250.129770992 -90.4045801527 4.69465648855 END
START 2.92571442871 -11.5520230103 13.1705033325 250.129770992 -101.877862595 3.29770992366 END
START 8.14746824951 -13.0986772827 1.64242233887 250.129770992 -105.511450382 -0.473282442748 END
START 1.19949503174 -10.7188408325 6.79474431152 250.129770992 -104.450381679 3.61832061069 END
START 5.8346694458 -2.8060043457 8.30787976074 250.129770992 -103.809160305 20.0687022901 END
START 5.71495936279 -14.3340853394 8.92558378906 250.129770992 -104.450381679 11.9465648855 END
START 4.01507618408 -6.86417615967 14.8799633179 250.129770992 -99.1145038168 4.6106870229 END
START 1.95606275635 -3.99831677246 8.21929429932 250.129770992 -102.885496183 11.0916030534 END
START 6.01423457031 -8.12352623291 9.53849941406 250.129770992 -85.5038167939 16.0992366412 END
START 0.46686932373 -10.7236292358 6.14352145996 250.129770992 -69.4503816794 9.15267175573 END
START 0.0167594116211 -7.2951324585 5.8945244873 250.129770992 -66.8091603053 10.3740458015 END
START 5.38455953369 -3.14598098145 8.6406737915 250.129770992 -66.5496183206 14.0763358779 END
START 0.239420166016 -9.05008227539 9.54328781738 250.129770992 -63.5877862595 13.5496183206 END
START 4.3382934082 -14.7937720581 12.631807959 250.129770992 -63.6335877863 12.8396946565 END
START 7.31668027344 -12.5264630859 10.2471831055 250.129770992 -63.6259541985 4.96183206107 END
START 11.8943938477 -3.79959803467 1.66875855713 250.129770992 -67.4580152672 1.57251908397 END
START 10.7116582275 -9.49779798584 9.12669672852 250.129770992 -52.6870229008 6.58015267176 END
START 4.14915147705 -11.5496288086 7.42441934814 250.129770992 -29.572519084 6.06106870229 END
START 9.02135185547 -8.86572874756 5.77002600098 250.129770992 -32.8625954198 8.07633587786 END
START -3.14598098145 -12.7491238403 5.19302340088 250.129770992 -35.0305343511 1.2213740458 END
START 3.01190568848 -10.6925046143 7.78833800049 250.129770992 -33.8015267176 14.1297709924 END
START 0.76614453125 -8.96867941895 5.71495936279 250.129770992 -22.1450381679 14.8473282443 END
START 2.93289703369 -11.3652752808 7.23767161865 250.129770992 -26.1984732824 4.93129770992 END
START 5.67904633789 -7.95832631836 10.4243540283 250.129770992 -21.213740458 10.2213740458 END
START 1.12766898193 -5.1738697876 7.45075556641 250.129770992 -24.3053435115 9.4427480916 END
START 7.99902774658 -10.4004120117 8.78432589111 250.129770992 -25.3129770992 17.0916030534 END
START 7.40526573486 -18.4616890015 5.87776507568 250.129770992 -22.9312977099 3.73282442748 END
START 1.49398183594 -7.30231506348 8.73644185791 250.129770992 -16.8320610687 9.72519083969 END
START 0.687135876465 -12.0404401489 4.32871660156 250.129770992 -25.9083969466 8.3358778626 END
START 5.44202037354 -15.1145950806 3.4069489624 250.129770992 -18.0152671756 0.725190839695 END
START 6.18422288818 -9.65581529541 8.97346782227 250.129770992 -12.7251908397 9.43511450382 END
START 6.17225187988 -7.10599052734 9.85692823486 250.129770992 -35.9465648855 9.11450381679 END
START 5.36061751709 -8.28393774414 2.9927520752 250.129770992 -38.4961832061 12.3816793893 END
START -1.07020814209 -13.9821376953 5.18823499756 250.129770992 -25.2213740458 8.95419847328 END
START 0.0215478149414 -11.4155535156 2.19787712402 250.129770992 -24.6106870229 17.0687022901 END
START -2.31758720703 -14.4992852539 7.75960758057 250.129770992 -33.6335877863 4.21374045802 END
START 3.05021291504 -5.27682045898 5.46356818848 250.129770992 -40.9083969466 5.93893129771 END
START 2.31998140869 -8.98304462891 4.01268198242 250.129770992 -33.9618320611 10.1908396947 END
START -1.62087452393 -8.15704505615 4.84825836182 250.129770992 -45.7938931298 9.13740458015 END
START 3.7253777832 -7.38132371826 8.35576379395 250.129770992 -42.0229007634 12.6717557252 END
START -7.15866296387 -10.9223479736 4.76206710205 250.129770992 -53.5419847328 -2.29007633588 END
START -9.7707369751 -17.7362458984 6.61996759033 250.129770992 -51.4809160305 13.1297709924 END
START -9.7467949585 -4.91290180664 6.23450112305 250.129770992 -66.4961832061 5.25190839695 END
START -2.1212626709 -10.4435076416 8.45632026367 250.129770992 -67.7709923664 12.2824427481 END
START -7.08923111572 -17.7530053101 7.38371791992 250.129770992 -77.4427480916 7.45038167939 END
START 2.36307703857 -11.2072579712 17.1281186768 250.129770992 -76.0305343511 18.8473282443 END
START 3.69904156494 -3.74692559814 8.51138690186 250.129770992 -86.2442748092 8.49618320611 END
START -6.78756170654 -10.2974613403 3.91930811768 250.129770992 -84.9618320611 2.56488549618 END
START -3.69904156494 -9.59356605225 11.2958434326 250.129770992 -87.1450381679 0.0610687022901 END
START -8.47547387695 -13.8336971924 11.6430026733 250.129770992 -101.030534351 0.419847328244 END
START 1.41257897949 -11.1402203247 12.2870429199 250.129770992 -93.1297709924 4.79389312977 END
START -0.0885854614258 -9.39005891113 3.04542451172 250.129770992 -105.114503817 10.8167938931 END
START -1.24498486328 -9.85213983154 9.65342109375 250.129770992 -104.923664122 4.32824427481 END
START -1.09175595703 -7.12753834229 7.30949766846 250.129770992 -104.618320611 6.58778625954 END
START -6.86178195801 -4.49631071777 10.4937858765 250.129770992 -107.06870229 11.5114503817 END
START 2.11886846924 -12.1098719971 13.1776859375 250.129770992 -112.664122137 10.8854961832 END
START -3.03824190674 -13.3093670288 8.05170018311 250.129770992 -104.076335878 6.6106870229 END
START 1.02950671387 -3.97437475586 9.13148513184 250.129770992 -108.648854962 4.70992366412 END
START 6.97430943604 -7.36935270996 4.61123239746 250.129770992 -104.702290076 -2.86259541985 END
START 2.03507141113 -11.3389390625 1.75734401855 250.129770992 -109.106870229 8.75572519084 END
START 3.47398660889 -8.72925925293 10.3357685669 250.129770992 -106.160305344 6.58778625954 END
START 1.54665427246 -9.93593688965 6.16985767822 250.129770992 -115.778625954 17.1908396947 END
START 3.00232888184 -1.65678754883 9.32302126465 250.129770992 -115.549618321 9.91603053435 END
START 0.339976635742 -0.60812722168 11.0731826782 250.129770992 -117.893129771 13.2290076336 END
START 3.45004459229 -13.5056915649 5.80115062256 250.129770992 -126.374045802 14.8473282443 END
START 1.26413847656 -2.75093770752 18.006790686 250.129770992 -104.641221374 0.0687022900763 END
START -2.51630594482 -4.97993945312 10.2280294922 250.129770992 -105.053435115 6.82442748092 END
START 2.48039291992 3.51708223877 15.8496149902 250.129770992 -108.519083969 10.2290076336 END
START -0.514753356934 -8.49941589355 12.9741787964 250.129770992 -113.79389313 3.90076335878 END
START 7.50103380127 -0.756567724609 7.75481917725 250.129770992 -119.290076336 7.25190839695 END
START 3.78762702637 -10.180145459 7.44117875977 250.129770992 -113.648854962 10.9465648855 END
START 6.19140549316 -9.42597193604 13.4338655151 250.129770992 -109.435114504 11.5038167939 END
START 5.7987564209 -9.88565865479 7.61116707764 250.129770992 -104.221374046 -1.11450381679 END
START 7.23288321533 -10.1250788208 18.37310354 250.129770992 -100.221374046 -0.740458015267 END
START 9.1817633667 -14.5328040771 3.27047946777 250.129770992 -89.3816793893 6.83969465649 END
START 2.62643922119 -4.77882651367 -2.89937821045 250.129770992 -82.3969465649 2.50381679389 END
START 1.03908352051 -8.2623899292 9.4523081543 250.129770992 -73.3664122137 11.2519083969 END
START 10.9462899902 -7.28076724854 5.24809003906 250.129770992 -86.8015267176 5.86259541985 END
START -0.706289489746 -13.5535755981 4.50109912109 250.129770992 -87.358778626 3.15267175573 END
START 3.40455476074 -3.78044442139 3.80917484131 250.129770992 -83.8015267176 -3.08396946565 END
START 2.58094938965 -8.18338127441 3.07894333496 250.129770992 -79.6183206107 0.435114503817 END
START 9.51934580078 -15.5216093628 6.65109221191 250.129770992 -83.2290076336 13.0076335878 END
START 0.328005627441 -7.54173522949 10.7499654541 250.129770992 -68.8549618321 5.23664122137 END
START 4.23534273682 -7.92241329346 5.51145222168 250.129770992 -55.9694656489 11.2748091603 END
START 4.2664673584 -8.13549724121 5.40131894531 250.129770992 -68.1297709924 15.320610687 END
START 2.86585938721 -12.4283008179 4.50109912109 250.129770992 -62.0076335878 9.13740458015 END
START 9.00938084717 -2.88261879883 11.7962315796 250.129770992 -61.213740458 -0.435114503817 END
START 3.63439812012 -5.66946953125 4.85783516846 250.129770992 -71.4503816794 10.2061068702 END
START -0.445321508789 -10.9103769653 6.8138979248 250.129770992 -64.8854961832 2.10687022901 END
START 0.46208092041 -9.11711992188 16.1608612061 250.129770992 -70.9923664122 7.3358778626 END
START 0.541089575195 -10.7212350342 6.19379969482 250.129770992 -71.8473282443 2.24427480916 END
START 2.70544787598 -13.6541320679 2.43490308838 250.129770992 -73.8091603053 4.04580152672 END
START 8.80347950439 -7.81706842041 10.285490332 250.129770992 -79.2824427481 7.92366412214 END
START 4.04859500732 -8.51138690186 8.2384479126 250.129770992 -62.8320610687 7.26717557252 END
START 0.268150585937 -8.94952580566 11.2551420044 250.129770992 -75.5190839695 4.62595419847 END
START 1.66397015381 -14.6501199585 7.11077893066 250.129770992 -67.0839694656 4.8320610687 END