START 2.91134921875 -2.43490308838 5.2217538208 250.129770992 -103.267175573 10.641221374 END
START -0.30166940918 -13.4602017334 10.3429511719 250.129770992 -101.526717557 12.1603053435 END
START -4.78840332031 -2.59531459961 10.067617981 250.129770992 -104.160305344 7.18320610687 END
START -3.47877501221 -5.45399138184 5.79636221924 250.129770992 -86.9160305344 7.84732824427 END
START -3.88100089111 -0.629675036621 10.6541973877 250.129770992 -77.534351145 8.03816793893 END
START -1.93451494141 -4.42927307129 -0.775721337891 250.129770992 -77.2290076336 8.64885496183 END
START -3.63918652344 -1.57059628906 7.84579884033 250.129770992 -85.1145038168 18.893129771 END
START 6.67982263184 -6.89530078125 10.7308118408 250.129770992 -94.0458015267 9.9465648855 END
START -2.04225401611 -1.93690914307 7.29752666016 250.129770992 -85.3053435115 11.3969465649 END
START -0.265756384277 -4.83389315186 10.680533606 250.129770992 -87.5114503817 2.62595419847 END
START 5.53778843994 -6.53138212891 17.1041766602 250.129770992 -76.4351145038 5.54198473282 END
START -6.59363137207 -8.78672009277 4.09887324219 250.129770992 -85.0305343511 9.34351145038 END
START -1.74776721191 -5.46596239014 -2.4157494751 250.129770992 -92.893129771 9.73282442748 END
START -5.52581743164 -10.9367131836 7.53455262451 250.129770992 -88.3435114504 11.5801526718 END
START -1.97521636963 -8.35097539062 9.50498059082 250.129770992 -78.2442748092 6.39694656489 END
START 11.8632692261 -13.0962830811 8.90643017578 250.129770992 -86.3053435115 1.12213740458 END
START 1.12766898193 1.37666595459 2.54743056641 250.129770992 -78.5190839695 -5.43511450382 END
START 3.10527955322 -7.14908615723 6.45716187744 250.129770992 -80.534351145 14.4198473282 END
START 7.26400783691 -12.026074939 4.290409375 250.129770992 -82.8320610687 4.84732824427 END
START -5.73650717773 -7.02219346924 9.96227310791 250.129770992 -71.4809160305 3.65648854962 END
START 0.46686932373 -10.2088758789 7.99423934326 250.129770992 -71.4885496183 7.77099236641 END
START 5.00148726807 -10.8529161255 7.52976422119 250.129770992 -72.0076335878 4.09160305344 END
START -2.22181914063 -16.1177655762 2.11168586426 250.129770992 -59.1755725191 10.213740458 END
START -0.622492431641 -12.5719529175 10.8672813354 250.129770992 -61.1832061069 -2.88549618321 END
START -3.04303031006 -7.80749161377 10.4506902466 250.129770992 -52.0763358779 17.465648855 END
START 5.59046087646 -2.7341782959 7.13472094727 250.129770992 -48.4045801527 11.7099236641 END
START 1.33117612305 -11.8082025879 2.50194073486 250.129770992 -51.7328244275 4.86259541985 END
START 5.71256516113 -11.525686792 5.39413634033 250.129770992 -52.6946564885 10.1374045802 END
START -1.1899182251 -5.90888969727 10.4794206665 250.129770992 -54.8167938931 10.8854961832 END
START -2.46842191162 -15.5647049927 6.72531246338 250.129770992 -60.9694656489 10.358778626 END
START 2.1691467041 -12.7156050171 9.00219824219 250.129770992 -49.1755725191 8.43511450382 END
START 4.06774862061 -6.48589229736 8.77474908447 250.129770992 -50.6488549618 -0.145038167939 END
START 2.65756384277 -3.34948812256 14.3484505493 250.129770992 -54.0152671756 10.9694656489 END
START 3.45962139893 -13.9318594604 0.943315454102 250.129770992 -55.2671755725 13.0 END
START -0.31364041748 -7.74524237061 5.71735356445 250.129770992 -52.213740458 8.43511450382 END
START -5.03740029297 -12.8520745117 5.09007272949 250.129770992 -54.2671755725 10.7480916031 END
START -0.129286889648 -16.041151123 7.37414111328 250.129770992 -53.4351145038 11.7175572519 END
START -0.435744702148 -7.30231506348 7.76200178223 250.129770992 -58.2977099237 11.1374045802 END
START -3.6535517334 -11.5520230103 9.56483563232 250.129770992 -61.9312977099 14.6564885496 END
START 0.375889660645 -13.3548568604 8.13310303955 250.129770992 -61.6717557252 12.5954198473 END
START -4.98712205811 -14.2622592896 8.14028564453 250.129770992 -64.9847328244 9.51908396947 END
START -3.81156904297 -9.15303294678 5.65749852295 250.129770992 -69.4503816794 9.6641221374 END
START 1.01753570557 -13.0531874512 8.60236656494 250.129770992 -79.9770992366 8.82442748092 END
START -0.878672009277 -14.4825258423 10.8888291504 250.129770992 -91.2824427481 15.0839694656 END
START -8.39167681885 -7.90086547852 6.76361968994 250.129770992 -75.786259542 6.21374045802 END
START 3.78523282471 -9.74918916016 9.95748470459 250.129770992 -82.4045801527 1.64885496183 END
START 6.30632717285 -2.54264216309 6.65109221191 250.129770992 -81.7099236641 20.0610687023 END
START 5.28400306396 -10.9534725952 7.78833800049 250.129770992 -92.7557251908 9.00763358779 END
START -3.89776030273 -5.2576668457 3.63679232178 250.129770992 -98.2900763359 7.31297709924 END
START 2.85628258057 -9.84495722656 6.8138979248 250.129770992 -105.06870229 -0.969465648855 END
START -3.54581265869 -12.8736223267 3.27526787109 250.129770992 -93.0 1.20610687023 END
START -1.73819040527 -9.00938084717 7.17302817383 250.129770992 -93.0152671756 13.6564885496 END
START 2.62643922119 -9.29907924805 14.3747867676 250.129770992 -104.625954198 11.6335877863 END
START -0.442927307129 -3.85945307617 6.2009822998 250.129770992 -90.3053435115 6.69465648855 END
START -8.27196673584 -13.7475059326 9.69651672363 250.129770992 -102.541984733 2.58015267176 END
START 5.60961448975 -3.82354005127 9.06444748535 250.129770992 -104.290076336 17.1603053435 END
START -0.847547387695 -10.7978494873 12.0691705688 250.129770992 -104.648854962 4.41984732824 END
START -8.68855782471 -16.6923739746 8.21690009766 250.129770992 -104.061068702 0.12213740458 END
START -1.69030637207 -8.31506236572 6.28238515625 250.129770992 -104.34351145 7.38167938931 END
START -0.746990917969 -4.34308181152 9.24640681152 250.129770992 -105.106870229 8.77099236641 END
START 0.780509741211 -10.4147772217 6.13155045166 250.129770992 -97.6488549618 8.95419847328 END
START 5.60243188477 -10.1059252075 8.76277807617 250.129770992 -101.20610687 10.7022900763 END
START 2.26252056885 -11.0444522583 7.10359632568 250.129770992 -95.0305343511 2.4427480916 END
START 2.76530291748 -3.75410820312 12.7467296387 250.129770992 -99.5038167939 11.4198473282 END
START 4.35744702148 -6.41406624756 9.05487067871 250.129770992 -101.992366412 0.328244274809 END
START 1.82198746338 -11.6956751099 9.51455739746 250.129770992 -83.0610687023 7.61832061069 END
START 1.36708914795 -12.0212865356 9.21288798828 250.129770992 -82.5114503817 9.41221374046 END
START 8.12831463623 -1.44370360107 11.2335941895 250.129770992 -68.1526717557 6.25954198473 END
START -2.205059729 -15.5144267578 8.50659849854 250.129770992 -62.8778625954 6.0 END
START -0.210689746094 -13.3045786255 10.1394440308 250.129770992 -67.1679389313 3.01526717557 END
START -0.337582434082 -6.49307490234 13.0603700562 250.129770992 -77.9083969466 3.86259541985 END
START 3.83072265625 -2.7341782959 7.69256993408 250.129770992 -54.0916030534 7.00763358779 END
START -1.61369191895 -13.6373726562 12.145785022 250.129770992 -60.0992366412 7.77099236641 END
START 1.55383687744 -6.78756170654 11.0588174683 250.129770992 -68.2671755725 11.6183206107 END
START 0.390254870605 -3.06936652832 9.01416925049 250.129770992 -68.7633587786 7.19083969466 END
START 2.83234056396 -0.251391174316 10.553640918 250.129770992 -54.2366412214 10.1374045802 END