START 4.64953962402 -8.94952580566 9.18415756836 250.129770992 -83.5190839695 3.67175572519 END
START -5.22414802246 -11.0157218384 11.9757967041 250.129770992 -77.213740458 9.84732824427 END
START 0.0239420166016 -11.9350952759 10.0029745361 250.129770992 -78.7709923664 8.54198473282 END
START 1.58974990234 -1.70467158203 7.04374128418 250.129770992 -84.0 10.1145038168 END
START -0.713472094727 -16.5702696899 7.24485422363 250.129770992 -83.8396946565 15.2900763359 END
START -0.0239420166016 -3.74453139648 16.2326872559 250.129770992 -100.267175573 3.02290076336 END
START 1.01753570557 -13.618219043 10.3932294067 250.129770992 -91.8015267176 8.22900763359 END
START -5.21935961914 -12.018892334 9.69891092529 250.129770992 -88.1755725191 7.52671755725 END
START 1.52271225586 -6.75883128662 9.83298621826 250.129770992 -87.2824427481 16.4885496183 END
START -8.19056387939 -13.8839754272 10.307038147 250.129770992 -95.641221374 -3.75572519084 END
START 0.0430956298828 -7.62792648926 8.12113203125 250.129770992 -103.007633588 5.51908396947 END
START -0.244208569336 -12.2152168701 3.70622416992 250.129770992 -93.8778625954 7.88549618321 END
START 1.06063133545 -5.50187541504 10.1370498291 250.129770992 -90.3511450382 6.13740458015 END
START 2.68150585937 -10.1178962158 10.6972930176 250.129770992 -90.8244274809 5.5572519084 END
START 0.258573779297 -6.50265170898 8.61433757324 250.129770992 -93.9541984733 15.1374045802 END
START -6.33984599609 -4.92487281494 11.7770779663 250.129770992 -91.5572519084 -4.07633587786 END
START 6.54814154053 -6.02859978027 10.9438957886 250.129770992 -99.5496183206 15.7480916031 END
START -7.72608875732 -7.34062229004 9.02374605713 250.129770992 -93.6259541985 5.73282442748 END
START 1.32638771973 -7.47948598633 11.9494604858 250.129770992 -84.8396946565 13.320610687 END
START 2.54503636475 -4.29280357666 9.58398924561 250.129770992 -98.0763358779 14.0534351145 END
START -14.8608097046 -7.03416447754 5.70538255615 250.129770992 -103.633587786 11.358778626 END
START -0.217872351074 -4.28801517334 8.69813463135 250.129770992 -95.465648855 4.1679389313 END
START 5.78917961426 -6.14830986328 8.96149681396 250.129770992 -95.786259542 8.48091603053 END
START 1.5083470459 -7.48427438965 9.45470235596 250.129770992 -86.2595419847 7.16030534351 END
START 1.61608612061 -6.83065733643 12.4354834229 250.129770992 -80.6717557252 4.00763358779 END
START -2.66235224609 -3.29442148437 10.3166149536 250.129770992 -72.7709923664 4.2213740458 END
START 4.2664673584 -8.8992475708 10.0939541992 250.129770992 -78.106870229 15.4351145038 END
START 6.988674646 -16.4122523804 6.4595560791 250.129770992 -65.1603053435 10.9618320611 END
START 1.29526309814 -6.08845482178 7.06768330078 250.129770992 -62.4198473282 17.1221374046 END
START -8.88009395752 -13.2854250122 4.43645567627 250.129770992 -53.8396946565 5.38167938931 END
START 5.05894810791 -10.4698438599 4.85304676514 250.129770992 -57.641221374 -1.87786259542 END
START 6.21534750977 -8.05170018311 8.48265648193 250.129770992 -56.7022900763 6.52671755725 END
START 5.03261188965 -7.67581052246 3.39258375244 250.129770992 -61.7709923664 10.6870229008 END
START -0.62009822998 -10.778695874 4.94642062988 250.129770992 -52.2748091603 10.1755725191 END
START 8.8154505127 -9.77552537842 8.41322463379 250.129770992 -54.8854961832 6.75572519084 END
START 2.51870014648 -8.10437261963 2.7341782959 250.129770992 -49.9465648855 7.20610687023 END
START 0.61530982666 -10.4578728516 8.23126530762 250.129770992 -51.7328244275 2.74045801527 END
START -0.141257897949 -8.33661018066 5.20499440918 250.129770992 -53.3435114504 6.39694656489 END
START -1.36708914795 -10.5225162964 5.44680877686 250.129770992 -47.3664122137 3.02290076336 END
START -4.06535441895 -9.48103857422 11.1162783081 250.129770992 -57.0229007634 -2.83969465649 END
START -2.96402165527 -9.34696328125 4.25210214844 250.129770992 -57.1832061069 18.5190839695 END
START -1.71185418701 -15.6987802856 13.5176625732 250.129770992 -65.641221374 12.7175572519 END
START 0.519541760254 -3.28245047607 9.48343277588 250.129770992 -69.9389312977 2.77099236641 END
START -1.95606275635 -8.97586202393 5.30555087891 250.129770992 -67.572519084 8.18320610687 END
START -3.79002122803 -7.81706842041 7.24006582031 250.129770992 -76.6564885496 13.0839694656 END
START 2.32476981201 -5.44920297852 2.85149417725 250.129770992 -75.7557251908 10.1832061069 END
START -2.26970317383 -4.9751510498 5.44202037354 250.129770992 -89.0152671756 8.38167938931 END
START 3.24414324951 -10.9079827637 9.87608184814 250.129770992 -99.4198473282 18.1450381679 END
START 3.23456644287 -13.2710598022 10.5273046997 250.129770992 -85.8167938931 7.8320610687 END
START 1.34314713135 -16.4002813721 9.42357773437 250.129770992 -105.122137405 6.99236641221 END
START 1.00077629395 -6.60560238037 8.24802471924 250.129770992 -88.8702290076 8.04580152672 END
START -5.2576668457 -2.14759888916 9.67975731201 250.129770992 -97.3129770992 4.21374045802 END
START 4.98233365479 -6.60799658203 7.00303985596 250.129770992 -99.9312977099 -3.08396946565 END
START -3.85466467285 -8.12352623291 1.01992990723 250.129770992 -98.6259541985 10.7404580153 END
START -1.71664259033 -11.6262432617 5.42047255859 250.129770992 -95.2671755725 12.5572519084 END
START -2.75093770752 -9.20809958496 5.47314499512 250.129770992 -106.236641221 2.39694656489 END
START -5.882553479 -8.96389101563 2.38701905518 250.129770992 -103.847328244 5.77099236641 END
START -1.16358200684 -2.34152922363 12.2223994751 250.129770992 -104.320610687 3.09160305344 END
START -0.603338818359 -9.48343277588 4.09647904053 250.129770992 -92.9160305344 -1.99236641221 END
START 0.481234533691 -7.35019909668 10.9391073853 250.129770992 -95.8702290076 3.38167938931 END
START 6.23210692139 -7.75481917725 10.6374379761 250.129770992 -98.5038167939 2.88549618321 END
START -4.74051928711 -12.8831991333 9.85213983154 250.129770992 -100.053435115 2.69465648855 END
START -8.67179841309 -3.29202728271 11.391611499 250.129770992 -106.282442748 7.96183206107 END
START -1.68072956543 -7.65905111084 8.67658681641 250.129770992 -105.13740458 9.86259541985 END
START -1.69030637207 -3.73974299316 10.2447889038 250.129770992 -104.198473282 7.62595419847 END
START 3.52426484375 -4.53461794434 10.2830961304 250.129770992 -97.1755725191 12.3969465649 END
START 2.24336695557 -7.75242497559 10.8289741089 250.129770992 -91.1755725191 -1.58015267176 END
START 1.1779472168 -8.93276639404 9.37569370117 250.129770992 -76.7786259542 9.0 END
START 7.05092388916 -9.1817633667 11.3676694824 250.129770992 -88.3358778626 0.198473282443 END
START 3.30639249268 -7.27837304687 5.2576668457 250.129770992 -68.6183206107 6.84732824427 END
START 2.00634099121 -8.8872765625 11.0660000732 250.129770992 -73.5801526718 1.51908396947 END
START -1.39342536621 -6.00705196533 8.32463917236 250.129770992 -71.572519084 1.70992366412 END
START 3.92888492432 -7.52737001953 12.7634890503 250.129770992 -80.6488549618 2.38167938931 END
START 5.65749852295 -13.9581956787 11.511321582 250.129770992 -70.4503816794 9.45801526718 END