START -2.31519300537 -4.34068760986 6.94318481445 250.129770992 -73.320610687 12.3053435115 END
START -4.04141240234 -4.54180054932 7.72848295898 250.129770992 -90.8244274809 2.45801526718 END
START 5.66707532959 -10.898405957 10.532093103 250.129770992 -90.0152671756 0.847328244275 END
START 4.31913979492 -8.58081875 7.52976422119 250.129770992 -79.213740458 14.8625954198 END
START -6.05972440186 -7.92480749512 9.18415756836 250.129770992 -68.4198473282 5.09160305344 END
START 3.06218392334 -9.85932243652 4.72615407715 250.129770992 -79.2977099237 6.31297709924 END
START -1.37906015625 -13.4937205566 3.05978972168 250.129770992 -87.3129770992 6.82442748092 END
START -1.5562310791 -9.67018050537 5.61440289307 250.129770992 -94.572519084 12.0534351145 END
START 4.17548769531 -9.61750806885 8.37252320557 250.129770992 -93.0229007634 3.24427480916 END
START 6.65348641357 -8.43716665039 10.8481277222 250.129770992 -94.5954198473 11.534351145 END
START 1.73340200195 -8.15704505615 3.28245047607 250.129770992 -91.2519083969 13.5877862595 END
START -0.790086547852 -6.64151540527 13.8193319824 250.129770992 -79.0 6.70229007634 END
START 1.20907183838 -10.9582609985 6.96473262939 250.129770992 -79.1297709924 14.0152671756 END
START -0.351947644043 -15.2534587769 18.5933700928 250.129770992 -79.2442748092 9.21374045802 END
START 3.24414324951 -10.9008001587 12.7563064453 250.129770992 -91.8473282443 7.09160305344 END
START -1.23061965332 -17.6835734619 9.97903251953 250.129770992 -84.1297709924 8.67938931298 END
START 5.16429298096 -8.11873782959 13.4266829102 250.129770992 -83.2671755725 -1.24427480916 END
START -2.33195241699 -10.3908352051 11.0707884766 250.129770992 -82.7557251908 6.68702290076 END
START 1.34793553467 -9.02135185547 4.74530769043 250.129770992 -76.465648855 10.6488549618 END
START 1.76452662354 -4.76206710205 9.43554874268 250.129770992 -88.9389312977 11.0229007634 END
START -0.962469067383 -11.5592056152 4.78840332031 250.129770992 -86.786259542 6.6641221374 END
START -2.46123930664 -5.19062919922 8.14267984619 250.129770992 -74.9312977099 0.923664122137 END
START -0.62009822998 -7.45314976807 9.07163009033 250.129770992 -94.6488549618 8.46564885496 END
START -0.76135612793 -10.1274730225 9.17697496338 250.129770992 -90.6259541985 8.26717557252 END
START -3.37821854248 -4.19224710693 -0.689530078125 250.129770992 -89.9160305344 9.32824427481 END
START 6.21055910645 -3.31357509766 7.41005413818 250.129770992 -79.9618320611 9.38167938931 END
START 2.92571442871 -5.43962617188 7.66862791748 250.129770992 -90.1450381679 9.25190839695 END
START -1.61848032227 -12.2271878784 8.69574042969 250.129770992 -81.427480916 5.48091603053 END
START 8.38449421387 -12.1290256104 13.5511813965 250.129770992 -83.0916030534 10.0916030534 END
START -4.09169063721 -10.8074262939 5.18105239258 250.129770992 -79.9541984733 2.25954198473 END
START 4.83628735352 -8.71010563965 4.70700046387 250.129770992 -81.2519083969 10.1145038168 END
START 4.3023803833 -6.04535919189 7.64708010254 250.129770992 -74.2061068702 14.0839694656 END
START 7.3430164917 -6.64151540527 2.72938989258 250.129770992 -69.1603053435 6.74045801527 END
START -1.06781394043 -13.4554133301 5.23133062744 250.129770992 -62.0076335878 8.23664122137 END
START 3.17710560303 -7.80270321045 12.2056400635 250.129770992 -63.1374045802 14.6183206107 END
START 3.74453139648 -6.70855305176 4.0557776123 250.129770992 -56.4961832061 8.57251908397 END
START -0.644040246582 -19.5199261353 7.3190744751 250.129770992 -51.1603053435 13.9770992366 END
START -0.210689746094 -8.39646522217 5.89931289062 250.129770992 -59.6335877863 3.1679389313 END
START 3.90494290771 -16.3452147339 3.99113416748 250.129770992 -60.5114503817 1.41221374046 END
START -2.86585938721 -18.2869122803 6.07169541016 250.129770992 -65.4961832061 3.51908396947 END
START 0.981622680664 -8.45392606201 2.36786544189 250.129770992 -55.1221374046 -1.04580152672 END
START 0.816422766113 -9.96227310791 9.79946739502 250.129770992 -46.2442748092 6.67175572519 END
START -0.957680664062 -8.59997236328 10.5105452881 250.129770992 -56.8015267176 3.58778625954 END
START -2.45405670166 -10.651803186 2.4516625 250.129770992 -45.1908396947 17.3129770992 END
START 2.17393510742 -8.46110866699 6.84262834473 250.129770992 -49.358778626 7.70229007634 END
START -1.82438166504 -5.36540592041 4.60644399414 250.129770992 -51.4885496183 17.2595419847 END
START 2.1811177124 -14.1976158447 7.32625708008 250.129770992 -50.8778625954 0.442748091603 END
START 3.05978972168 -4.23534273682 7.97029732666 250.129770992 -41.0610687023 -0.69465648855 END
START 0.248996972656 -6.45237347412 6.7540428833 250.129770992 -51.1297709924 8.64122137405 END
START 4.82192214355 -15.1529023071 9.2535894165 250.129770992 -61.7022900763 -1.1679389313 END
START 1.17315881348 -5.269637854 12.4283008179 250.129770992 -60.2977099237 -0.106870229008 END
START -1.40060797119 -10.285490332 6.90008918457 250.129770992 -56.3053435115 3.89312977099 END
START 4.51307012939 -4.73094248047 4.38138903809 250.129770992 -54.893129771 4.06106870229 END
START -0.0814028564453 -10.4626612549 5.73890137939 250.129770992 -61.4961832061 -2.12213740458 END
START -2.60010300293 -2.49236392822 4.13957467041 250.129770992 -60.2824427481 11.1374045802 END
START -2.48996972656 -11.0205102417 7.12993254395 250.129770992 -62.1679389313 9.92366412214 END
START -1.592144104 -8.69574042969 5.68622894287 250.129770992 -68.0229007634 8.96183206107 END
START -0.967257470703 -12.7754600586 9.36372269287 250.129770992 -64.8625954198 10.4122137405 END
START -0.335188232422 -11.7818663696 5.95437952881 250.129770992 -69.786259542 2.74045801527 END
START -3.28245047607 -10.307038147 4.77164390869 250.129770992 -83.4885496183 5.06870229008 END
START -4.39336004639 -10.6398321777 7.35259329834 250.129770992 -75.7557251908 0.656488549618 END
START -1.59932670898 -5.29597407227 9.87608184814 250.129770992 -81.8396946565 2.54198473282 END
START -1.20667763672 -7.03177027588 11.2455651978 250.129770992 -87.9847328244 15.1297709924 END
START -5.03261188965 -14.2957781128 4.25210214844 250.129770992 -90.1984732824 15.7175572519 END
START -5.21457121582 -8.95431420898 6.05014759521 250.129770992 -81.2595419847 6.49618320611 END
START 2.13802208252 -11.9710083008 10.7739074707 250.129770992 -101.870229008 11.1908396947 END
START -6.59123717041 0.169988317871 10.9702320068 250.129770992 -101.648854962 5.99236641221 END
START -2.98796367187 -8.32703337402 8.05409438477 250.129770992 -104.503816794 5.30534351145 END
START 8.20971749268 -7.58243665771 5.5760956665 250.129770992 -104.198473282 7.80916030534 END
START -2.4995465332 -7.41005413818 10.8624929321 250.129770992 -106.34351145 7.48854961832 END
START 1.84353527832 -11.3556984741 11.7914431763 250.129770992 -104.083969466 18.3664122137 END
START 3.03105930176 -9.47864437256 13.5344219849 250.129770992 -105.061068702 6.4427480916 END
START -0.177170922852 -10.3190091553 1.00556469727 250.129770992 -104.190839695 8.74809160305 END
START 1.92733233643 -8.75080706787 12.0763531738 250.129770992 -104.305343511 -0.389312977099 END
START 0.124498486328 -8.27196673584 2.43490308838 250.129770992 -105.022900763 13.534351145 END
START 5.65271011963 -8.88009395752 4.8674119751 250.129770992 -102.145038168 -1.14503816794 END
START -4.537012146 -9.51934580078 11.9662198975 250.129770992 -104.007633588 10.5572519084 END
START 0.167594116211 -5.63595070801 10.905588562 250.129770992 -97.572519084 -0.442748091603 END
START 4.98712205811 -9.78031378174 7.56088884277 250.129770992 -91.0534351145 13.7328244275 END
START -5.33667550049 -15.3683804565 3.63918652344 250.129770992 -80.4045801527 10.6488549618 END
START -0.548272180176 -14.3053549194 6.13873305664 250.129770992 -72.5038167939 7.92366412214 END
START -1.94888015137 -5.65749852295 8.8513635376 250.129770992 -70.9465648855 6.00763358779 END
START 11.1761333496 -10.8505219238 9.43554874268 250.129770992 -66.3435114504 8.57251908397 END
START 4.95839163818 -8.74841286621 8.92558378906 250.129770992 -68.8625954198 2.92366412214 END
START 1.12048637695 -5.45399138184 6.79713851318 250.129770992 -63.7099236641 0.229007633588 END