START -1.98000477295 -3.15795198975 8.72686505127 250.129770992 -93.4198473282 5.96183206107 END
START -4.82910474854 -10.307038147 9.10036051025 250.129770992 -83.7022900763 -1.74045801527 END
START 1.36948334961 -9.43554874268 6.90008918457 250.129770992 -91.4045801527 11.3664122137 END
START -3.42610257568 -10.9750204102 6.30393297119 250.129770992 -87.2595419847 12.572519084 END
START -3.04781871338 -10.7164466309 9.12909093018 250.129770992 -76.0458015267 7.91603053435 END
START -4.85304676514 -7.99663354492 6.44279666748 250.129770992 -91.3358778626 5.39694656489 END
START -0.828393774414 -10.2615483154 6.61757338867 250.129770992 -89.1374045802 11.7022900763 END
START -1.49877023926 -13.8863696289 5.76763179932 250.129770992 -84.4122137405 10.4580152672 END
START -1.19231242676 -1.72621939697 8.69095202637 250.129770992 -77.8396946565 12.3435114504 END
START 9.64863269043 -8.94952580566 6.7301008667 250.129770992 -81.7557251908 11.534351145 END
START -0.790086547852 -10.1202904175 15.9166526367 250.129770992 -82.3816793893 7.87786259542 END
START -4.57771357422 -12.4378776245 13.3883756836 250.129770992 -94.8015267176 -6.70992366412 END
START -0.411802685547 -8.89206496582 13.0531874512 250.129770992 -98.8320610687 5.68702290076 END
START 0.830787976074 -6.56250675049 6.84262834473 250.129770992 -95.5114503817 8.15267175573 END
START -6.1052142334 -2.24815535889 7.108384729 250.129770992 -85.2671755725 2.45801526718 END
START 6.1770402832 -4.5489831543 6.6822168335 250.129770992 -75.4503816794 4.98473282443 END
START -1.81001645508 -7.27119044189 6.06451280518 250.129770992 -83.1832061069 13.0381679389 END
START -6.44279666748 -6.47631549072 11.63821427 250.129770992 -82.4885496183 8.00763358779 END
START -0.239420166016 -4.51307012939 9.44512554932 250.129770992 -86.7404580153 4.3893129771 END
START -0.402225878906 -5.95677373047 12.1625444336 250.129770992 -79.0687022901 11.2061068702 END
START 3.47398660889 -3.64876333008 12.0236807373 250.129770992 -89.7709923664 10.2824427481 END
START 3.11485635986 -6.82108052979 11.0205102417 250.129770992 -83.9618320611 3.76335877863 END
START -6.00226356201 -10.793061084 12.3421095581 250.129770992 -95.0610687023 -1.91603053435 END
START -1.43652099609 -13.6086422363 5.55694205322 250.129770992 -81.4961832061 12.6335877863 END
START 1.72382519531 -13.237540979 7.88171186523 250.129770992 -69.2595419847 7.82442748092 END
START 4.46279189453 -11.4682259521 4.80276853027 250.129770992 -75.1679389313 5.74809160305 END
START 10.8098204956 -8.75320126953 9.18415756836 250.129770992 -73.0381679389 11.1145038168 END
START 1.63523973389 -11.4825911621 6.34942280273 250.129770992 -79.4961832061 1.14503816794 END
START 12.9502367798 -12.5958949341 2.63362182617 250.129770992 -65.534351145 10.1221374046 END
START 4.043806604 -11.6908867065 7.9319901001 250.129770992 -66.6106870229 16.6946564885 END
START 7.90565388184 -9.1817633667 7.0485296875 250.129770992 -62.4122137405 13.5114503817 END
START 7.07007750244 -11.3221796509 5.68383474121 250.129770992 -59.4045801527 2.13740458015 END
START 0.658405456543 -9.01895765381 7.3310454834 250.129770992 -67.7404580153 8.93893129771 END
START 3.25132585449 -5.69580574951 4.20900651855 250.129770992 -69.0229007634 11.6106870229 END
START -1.79804544678 -7.07965430908 3.25611425781 250.129770992 -51.3053435115 5.46564885496 END
START -1.07978494873 -11.2599304077 10.5680061279 250.129770992 -42.7557251908 5.45801526718 END
START 5.89691868896 -15.8687686035 6.28477935791 250.129770992 -41.679389313 7.49618320611 END
START -4.3023803833 -15.5503397827 8.70292303467 250.129770992 -54.0610687023 6.28244274809 END
START 1.16118780518 -9.90481226807 9.79228479004 250.129770992 -43.6717557252 12.427480916 END
START 0.392649072266 -10.5823713379 7.94156690674 250.129770992 -41.8320610687 3.62595419847 END
START 8.17619866943 -10.1155020142 6.79474431152 250.129770992 -52.8091603053 4.96946564885 END
START 3.04781871338 -9.27992563477 12.8185556885 250.129770992 -41.8320610687 4.03053435115 END
START -6.59123717041 -7.57525405273 8.12831463623 250.129770992 -48.1145038168 12.3511450382 END
START 0.579396801758 -8.74601866455 10.673351001 250.129770992 -47.6946564885 5.38167938931 END
START -7.34541069336 -11.8872112427 9.09796630859 250.129770992 -49.8549618321 4.25190839695 END
START -0.15562310791 -8.68376942139 7.00543405762 250.129770992 -58.6106870229 4.27480916031 END
START -2.54264216309 -13.7331407227 9.17697496338 250.129770992 -62.6259541985 5.56488549618 END
START 0.292092602539 -6.84741674805 10.0843773926 250.129770992 -62.0305343511 9.28244274809 END
START -0.802057556152 -8.74123026123 3.73016618652 250.129770992 -71.7251908397 0.954198473282 END
START -6.93121380615 -10.4291424316 5.44202037354 250.129770992 -63.1832061069 5.1679389313 END
START -2.88501300049 -4.59207878418 12.7850368652 250.129770992 -69.7557251908 7.02290076336 END
START 2.01831199951 -13.6014596313 2.37265384521 250.129770992 -76.1374045802 9.46564885496 END
START -6.29675036621 -16.1848032227 9.23683000488 250.129770992 -66.1984732824 14.6335877863 END
START 1.63763393555 -9.2416184082 9.95269630127 250.129770992 -88.1679389313 11.3129770992 END
START -10.3764699951 -6.62236179199 8.51378110352 250.129770992 -76.5954198473 1.43511450382 END
START 4.99430466309 -7.18021077881 8.27914934082 250.129770992 -83.3282442748 5.25190839695 END
START -4.98712205811 -9.23683000488 7.62313808594 250.129770992 -84.1450381679 6.57251908397 END
START 0.600944616699 -9.27513723145 15.93580625 250.129770992 -94.8549618321 11.4503816794 END
START -2.35350023193 -9.41400092773 6.6941878418 250.129770992 -97.9083969466 7.06106870229 END
START -9.87129344482 -2.27449157715 12.0548053589 250.129770992 -87.2748091603 -0.832061068702 END
START -0.339976635742 -8.74841286621 7.29752666016 250.129770992 -84.0 0.954198473282 END
START -0.189141931152 -10.2567599121 12.6509615723 250.129770992 -107.27480916 8.17557251908 END
START -3.45483299561 -7.57525405273 12.4713964478 250.129770992 -102.748091603 2.79389312977 END
START -0.198718737793 -18.2342398438 4.97275684814 250.129770992 -91.9236641221 9.77099236641 END
START -7.9080480835 -2.65995804443 4.41969626465 250.129770992 -103.748091603 4.76335877863 END
START -1.13006318359 -10.2016932739 10.3573163818 250.129770992 -104.236641221 3.64122137405 END
START 4.59926138916 -6.22492431641 9.46667336426 250.129770992 -106.229007634 3.12977099237 END
START 0.644040246582 -10.7308118408 8.34858118896 250.129770992 -98.0152671756 1.26717557252 END
START -4.21618912354 -9.85213983154 11.1904985596 250.129770992 -83.0076335878 6.77099236641 END
START 4.51546433105 -5.48272180176 2.25533796387 250.129770992 -74.3893129771 1.96183206107 END
START -6.3637880127 -5.77242020264 14.1521260132 250.129770992 -75.0610687023 10.572519084 END
START 2.49475812988 -7.07965430908 6.10042583008 250.129770992 -71.213740458 8.19083969466 END
START 0.239420166016 -3.15316358643 4.97993945312 250.129770992 -63.6335877863 8.86259541985 END
START 3.74213719482 -10.3453453735 4.6088381958 250.129770992 -70.8091603053 4.43511450382 END
START -2.76769711914 -16.0938235596 10.4626612549 250.129770992 -71.0610687023 14.4885496183 END
START 1.52989486084 -8.26478413086 7.58004245605 250.129770992 -70.9312977099 13.9083969466 END
START 2.34631762695 -11.3317564575 8.98783303223 250.129770992 -72.4351145038 6.45801526718 END
START 0.320823022461 -7.66862791748 10.2040874756 250.129770992 -74.8625954198 5.51145038168 END
START 0.493205541992 -6.70137044678 10.6326495728 250.129770992 -78.5190839695 6.65648854962 END
START -5.5641246582 -14.1880390381 9.99818613281 250.129770992 -72.3435114504 8.4427480916 END
START -0.292092602539 -15.4042934814 8.74362446289 250.129770992 -87.9160305344 4.46564885496 END
START 8.03254656982 -12.9717845947 7.78115539551 250.129770992 -81.4198473282 11.534351145 END
START -4.6686932373 -3.89297189941 8.42040723877 250.129770992 -82.0839694656 11.5572519084 END
START -5.65989272461 -2.65277543945 8.95192000732 250.129770992 -75.6106870229 14.8015267176 END
START -3.22738383789 -4.61123239746 13.117830896 250.129770992 -96.7251908397 12.0305343511 END
START 4.72854827881 -4.70700046387 8.40843623047 250.129770992 -85.3740458015 10.2900763359 END
START 2.11647426758 -15.928623645 3.52665904541 250.129770992 -93.3969465649 -1.09923664122 END