START 1.25935007324 -7.80270321045 9.81143840332 250.129770992 -68.4427480916 19.0992366412 END
START -8.24084211426 -8.05888278809 10.5344873047 250.129770992 -63.3893129771 17.427480916 END
START -0.179565124512 -2.06619603271 6.79953271484 250.129770992 -80.8167938931 7.13740458015 END
START 3.3351229126 -6.6941878418 8.2983029541 250.129770992 -74.6030534351 14.0839694656 END
START 5.76044919434 -3.93367332764 7.79312640381 250.129770992 -81.8015267176 8.04580152672 END
START 6.51222851562 -9.43076033936 7.49863959961 250.129770992 -87.1984732824 6.35877862595 END
START 4.99191046143 -5.87776507568 12.7754600586 250.129770992 -98.7022900763 10.3129770992 END
START -1.46285721436 -8.81784471436 8.00621035156 250.129770992 -99.4045801527 -1.36641221374 END
START -3.47877501221 -9.97663831787 5.882553479 250.129770992 -85.5190839695 15.6259541985 END
START -2.27209737549 -9.02135185547 9.96227310791 250.129770992 -99.8091603053 10.9007633588 END
START 0.474051928711 -3.01908829346 7.70693514404 250.129770992 -101.06870229 12.5267175573 END
START -4.21379492187 -1.52510645752 9.68454571533 250.129770992 -103.312977099 3.62595419847 END
START -7.06528909912 -3.30878669434 13.9270710571 250.129770992 -97.9083969466 9.2213740458 END
START 4.9631800415 -2.90895501709 8.86572874756 250.129770992 -99.7480916031 5.67175572519 END
START 0.45968671875 -5.82030423584 3.23456644287 250.129770992 -94.5419847328 1.80152671756 END
START -6.85699355469 -6.32308658447 6.4715270874 250.129770992 -95.6259541985 -2.72519083969 END
START 2.99035787354 -10.5871597412 11.4706201538 250.129770992 -93.9770992366 4.41984732824 END
START -1.08457335205 -9.47146176758 10.2040874756 250.129770992 -104.816793893 6.46564885496 END
START -4.13718046875 -8.37491740723 11.8058083862 250.129770992 -101.335877863 18.7099236641 END
START 2.77487972412 -7.87213505859 11.6046954468 250.129770992 -98.358778626 11.2595419847 END
START 7.01501086426 -3.51468803711 7.05092388916 250.129770992 -106.122137405 8.15267175573 END
START 2.18351191406 -1.26413847656 13.6924392944 250.129770992 -87.0534351145 10.0305343511 END
START 12.8281324951 -8.98304462891 9.35414588623 250.129770992 -93.0458015267 10.3664122137 END
START 1.54665427246 -17.0323506104 8.58321295166 250.129770992 -73.4809160305 3.54198473282 END
START -2.74854350586 -0.612915625 4.95360323486 250.129770992 -82.9465648855 8.41221374046 END
START -1.1899182251 -8.72686505127 5.03261188965 250.129770992 -75.1984732824 7.51908396947 END
START -0.435744702148 -7.49385119629 3.0406361084 250.129770992 -75.9618320611 9.3358778626 END
START 3.87860668945 -9.82101520996 10.7260234375 250.129770992 -79.5954198473 6.11450381679 END
START 2.01112939453 -12.0380459473 6.56011254883 250.129770992 -71.7099236641 12.0992366412 END
START -2.99514627686 -7.1203557373 4.55855996094 250.129770992 -57.6488549618 12.5954198473 END
START -4.00549937744 -1.28808049316 0.277727392578 250.129770992 -63.0687022901 -3.27480916031 END
START 2.43250888672 -4.74291348877 6.59363137207 250.129770992 -58.2366412214 3.31297709924 END
START 2.30082779541 -4.81234533691 7.58722506104 250.129770992 -61.893129771 10.2061068702 END
START 5.76523759766 -8.93037219238 -1.64721074219 250.129770992 -51.4961832061 7.09923664122 END
START -2.39420166016 -6.74925447998 8.62630858154 250.129770992 -49.3893129771 -0.63358778626 END
START -2.02070620117 -13.48414375 9.29668504639 250.129770992 -48.0687022901 15.4198473282 END
START 5.53778843994 -9.7707369751 9.13627353516 250.129770992 -52.4351145038 8.04580152672 END
START 1.13963999023 -4.05098920898 12.5264630859 250.129770992 -49.1297709924 7.82442748092 END
START -2.24576115723 -8.50420429687 3.78762702637 250.129770992 -50.641221374 2.0 END
START -2.30082779541 -13.8600334106 9.15303294678 250.129770992 -55.9160305344 -2.76335877863 END
START 2.80121594238 -11.9135474609 6.12915625 250.129770992 -39.1832061069 12.4809160305 END
START 2.49475812988 -15.069105249 7.20654699707 250.129770992 -59.2824427481 6.75572519084 END
START 3.71819517822 -8.78911429443 5.1618987793 250.129770992 -52.7633587786 9.57251908397 END
START -8.24323631592 -10.2615483154 5.65031591797 250.129770992 -60.4198473282 -4.30534351145 END
START -7.3549875 -11.9638256958 6.1411272583 250.129770992 -64.4809160305 17.5954198473 END
START -4.84107575684 -3.67509954834 8.36055219727 250.129770992 -69.893129771 2.32824427481 END
START -5.48990440674 -10.6901104126 10.2064816772 250.129770992 -64.7022900763 -0.725190839695 END
START 1.31681091309 -10.778695874 6.7301008667 250.129770992 -65.2213740458 11.2213740458 END
START 4.64953962402 -18.5670338745 6.45716187744 250.129770992 -82.4198473282 14.9389312977 END
START 0.794874951172 -7.96311472168 3.07176072998 250.129770992 -73.5419847328 4.88549618321 END
START -10.9175595703 -10.5177278931 7.58483085937 250.129770992 -74.0152671756 11.534351145 END
START -1.00317049561 -8.54011732178 5.7748144043 250.129770992 -80.0916030534 1.12213740458 END
START -7.79791480713 -8.11394942627 2.69108266602 250.129770992 -78.7480916031 5.67938931298 END
START -0.409408483887 -13.9342536621 6.13394465332 250.129770992 -80.2290076336 3.73282442748 END
START 1.11330377197 -14.3484505493 12.392387793 250.129770992 -87.4198473282 2.58015267176 END
START -0.208295544434 -9.04529387207 10.7571480591 250.129770992 -99.8854961832 13.0458015267 END
START -2.22181914063 -5.01345827637 7.11796153564 250.129770992 -93.7709923664 2.22900763359 END
START 2.14281048584 -7.27837304687 3.79720383301 250.129770992 -102.908396947 3.51908396947 END
START -6.44040246582 -6.07408961182 8.07803640137 250.129770992 -96.8396946565 13.3129770992 END
START -8.80587370605 -12.6150485474 17.1041766602 250.129770992 -102.496183206 4.6641221374 END
START -4.30956298828 -7.92241329346 10.7691190674 250.129770992 -104.473282443 7.72519083969 END
START 1.68072956543 -11.1090957031 8.54011732178 250.129770992 -105.229007634 4.87022900763 END
START 5.77960280762 -7.83622203369 5.91607230225 250.129770992 -104.236641221 22.8091603053 END
START -1.29047469482 -3.34469971924 8.60715496826 250.129770992 -102.297709924 19.9007633588 END
START -0.380678063965 -10.4435076416 8.43716665039 250.129770992 -98.3282442748 -5.32824427481 END
START 0.404620080566 -12.8041904785 1.2617442749 250.129770992 -97.0458015267 17.6106870229 END
START 0.184353527832 -9.05008227539 5.80593902588 250.129770992 -93.1221374046 14.2366412214 END
START -2.87304199219 -5.95198532715 8.3222449707 250.129770992 -98.4809160305 11.3664122137 END
START 6.25604893799 -14.2000100464 3.41413156738 250.129770992 -90.8778625954 10.6946564885 END
START 4.8554409668 -3.79002122803 4.82431634521 250.129770992 -88.1832061069 11.9923664122 END
START -0.0287304199219 -6.86417615967 11.9494604858 250.129770992 -68.2900763359 9.64885496183 END
START 3.40216055908 -7.56807144775 5.97592734375 250.129770992 -61.1526717557 -2.79389312977 END
START 8.5688477417 -6.59841977539 10.2974613403 250.129770992 -61.1374045802 4.97709923664 END