START 3.82114584961 -10.7571480591 7.5896192627 250.129770992 -81.1679389313 8.08396946565 END
START 1.01514150391 -9.31823286133 9.89762966309 250.129770992 -98.9236641221 8.92366412214 END
START -0.751779321289 -3.3710359375 6.69897624512 250.129770992 -82.2977099237 10.6717557252 END
START 3.9839515625 -5.67186373291 12.2583125 250.129770992 -88.9236641221 4.3358778626 END
START 5.66468112793 -10.6230727661 3.40216055908 250.129770992 -100.13740458 7.54198473282 END
START 1.73100780029 -3.32075770264 7.43160195312 250.129770992 -90.8091603053 1.82442748092 END
START 2.66953485107 -8.73644185791 12.0093155273 250.129770992 -91.8244274809 10.4961832061 END
START 2.01831199951 -9.5480762207 2.50672913818 250.129770992 -87.0763358779 4.35114503817 END
START 7.27119044189 -9.39724151611 7.13232674561 250.129770992 -82.9541984733 13.6946564885 END
START -0.0718260498047 -16.7522290161 6.90727178955 250.129770992 -81.6106870229 11.7404580153 END
START 5.17865819092 -11.398794104 10.7571480591 250.129770992 -65.2671755725 -1.67175572519 END
START 5.05415970459 -13.0292454346 7.63510909424 250.129770992 -83.7251908397 17.1832061069 END
START 4.86022937012 -8.8393925293 8.52335791016 250.129770992 -81.641221374 6.57251908397 END
START -0.555454785156 -7.93677850342 15.195997937 250.129770992 -77.2671755725 12.2366412214 END
START 9.08838950195 -13.3404916504 7.93438430176 250.129770992 -78.641221374 5.83969465649 END
START 6.56490095215 -4.25928475342 10.4722380615 250.129770992 -72.6564885496 6.02290076336 END
START 5.62158549805 -15.1289602905 14.7578590332 250.129770992 -71.106870229 3.08396946565 END
START 3.18189400635 -8.09719001465 9.48582697754 250.129770992 -70.3740458015 8.15267175573 END
START -2.44687409668 -11.8824228394 7.47948598633 250.129770992 -70.5114503817 9.37404580153 END
START 0.837970581055 -9.2535894165 6.44997927246 250.129770992 -75.3282442748 5.46564885496 END
START 9.12430252686 -2.78685073242 7.3190744751 250.129770992 -65.6106870229 2.51908396947 END
START 3.58651408691 -9.35893428955 -0.864306799316 250.129770992 -68.5801526718 11.2595419847 END
START 5.25287844238 -8.3102739624 5.37977113037 250.129770992 -65.0916030534 3.8320610687 END
START -3.19865341797 -12.3588689697 5.63116230469 250.129770992 -62.6946564885 -3.00763358779 END
START 1.61848032227 -8.22168850098 7.80749161377 250.129770992 -62.2366412214 13.7557251908 END
START 1.75734401855 -8.40604202881 5.99268675537 250.129770992 -59.4732824427 15.2900763359 END
START -3.29202728271 -8.52814631348 9.04529387207 250.129770992 -53.3740458015 10.4045801527 END
START 0.967257470703 -5.40850155029 8.70292303467 250.129770992 -65.1221374046 8.1679389313 END
START -0.00239420166016 -5.50666381836 11.384428894 250.129770992 -46.0381679389 15.1145038168 END
START 4.86501777344 -8.44674345703 3.9959225708 250.129770992 -41.4198473282 17.4732824427 END
START 4.43645567627 -15.8783454102 5.59764348145 250.129770992 -49.5877862595 0.0458015267176 END
START -6.7660138916 -5.92086070557 10.5799771362 250.129770992 -59.8702290076 7.2213740458 END
START -0.878672009277 -6.71573565674 7.84101043701 250.129770992 -59.3969465649 1.56488549618 END
START -1.31202250977 -19.6133 5.28639726562 250.129770992 -65.5801526718 -3.5572519084 END
START 0.708683691406 -6.92642540283 10.5560351196 250.129770992 -72.0458015267 16.4885496183 END
START 3.89536610107 -13.7068045044 5.60722028809 250.129770992 -79.1221374046 -5.3893129771 END
START -6.55292994385 -2.73178409424 10.6326495728 250.129770992 -76.0152671756 6.75572519084 END
START 0.77093293457 -8.90882437744 6.22253011475 250.129770992 -91.6030534351 1.69465648855 END
START 3.79959803467 -10.3190091553 7.02698187256 250.129770992 -91.5419847328 7.96183206107 END
START 4.38617744141 -7.60877287598 1.65678754883 250.129770992 -90.2061068702 -0.832061068702 END
START -8.83699832764 -10.5799771362 2.99993468018 250.129770992 -94.4351145038 9.35877862595 END
START -0.29927520752 -9.69891092529 4.47236870117 250.129770992 -95.7786259542 6.20610687023 END
START 1.4604630127 -7.40526573486 8.01099875488 250.129770992 -92.4351145038 9.12213740458 END
START -2.70305367432 -7.721300354 8.6167317749 250.129770992 -95.465648855 9.76335877863 END
START -0.237025964355 -15.1983921387 6.7779848999 250.129770992 -92.6335877863 21.7786259542 END
START -7.6734163208 -6.99106884766 8.5089927002 250.129770992 -100.938931298 8.74809160305 END
START -3.89297189941 -12.519280481 6.95515582275 250.129770992 -103.832061069 -2.00763358779 END
START -5.54975944824 -15.210363147 12.7850368652 250.129770992 -95.8015267176 0.167938931298 END
START -4.81473953857 -9.2057053833 8.93037219238 250.129770992 -103.832061069 10.7557251908 END
START 4.26407315674 -9.16021555176 6.96233842773 250.129770992 -103.824427481 8.62595419847 END
START -0.14604630127 -9.23204160156 11.5592056152 250.129770992 -104.480916031 7.0534351145 END
START 6.12915625 -12.5911065308 8.0157871582 250.129770992 -104.27480916 8.80916030534 END
START 2.7700913208 -2.33674082031 7.32625708008 250.129770992 -104.091603053 -1.13740458015 END
START 3.3470939209 -10.6446205811 10.6206785645 250.129770992 -96.7175572519 15.1526717557 END
START 7.84101043701 -3.90015450439 13.9079174438 250.129770992 -104.358778626 7.15267175573 END
START 9.8305920166 -8.9112185791 7.97029732666 250.129770992 -99.5114503817 14.5419847328 END
START 5.34864650879 -6.61039078369 6.28717355957 250.129770992 -104.65648855 5.19083969466 END
START 0.423773693848 -9.36851109619 9.64863269043 250.129770992 -95.572519084 11.893129771 END
START 0.45250411377 -6.30153876953 9.24401260986 250.129770992 -92.8625954198 7.45801526718 END
START -0.114921679688 -8.01818135986 12.0404401489 250.129770992 -83.7099236641 15.2290076336 END
START 4.73812508545 -13.3452800537 13.618219043 250.129770992 -81.2748091603 9.21374045802 END
START 5.50666381836 -8.52335791016 8.81784471436 250.129770992 -79.5267175573 5.72519083969 END
START -0.368707055664 -11.1402203247 8.32463917236 250.129770992 -83.7022900763 17.4045801527 END
START -4.86262357178 -12.1362082153 14.1425492065 250.129770992 -73.2748091603 9.35114503817 END
START -3.82832845459 -11.5161099854 5.08289012451 250.129770992 -74.6183206107 12.0 END
START 3.83072265625 -7.83861623535 7.7332713623 250.129770992 -71.320610687 9.84732824427 END
START 3.6535517334 -1.92254393311 14.8991169312 250.129770992 -60.8549618321 12.5267175573 END
START 2.97599266357 -8.58081875 11.6406084717 250.129770992 -68.213740458 -2.06106870229 END
START 1.75255561523 -5.93762011719 5.5521536499 250.129770992 -67.6717557252 6.53435114504 END
START 4.68784685059 -7.48188018799 7.23767161865 250.129770992 -68.3511450382 19.6488549618 END