START 0.256179577637 -6.87614716797 11.6837041016 250.129770992 -87.4732824427 15.5419847328 END
START -2.67911165771 -8.56166513672 5.99268675537 250.129770992 -78.2900763359 5.8320610687 END
START -2.87783039551 -7.75960758057 9.52892260742 250.129770992 -85.8091603053 -0.213740458015 END
START -4.290409375 -15.7179338989 8.13310303955 250.129770992 -80.1908396947 -2.74045801527 END
START -1.01992990723 -7.6494743042 7.64229169922 250.129770992 -92.8625954198 8.50381679389 END
START -2.22181914063 -9.23443580322 9.41400092773 250.129770992 -82.0916030534 9.0534351145 END
START -3.9480385376 -9.10514891357 9.30626185303 250.129770992 -99.320610687 14.6335877863 END
START 1.41976158447 -19.6109057983 12.6796919922 250.129770992 -87.4732824427 14.7251908397 END
START -2.80121594238 -12.3947819946 7.93438430176 250.129770992 -84.2977099237 2.10687022901 END
START 6.21534750977 -11.4873795654 8.6406737915 250.129770992 -97.8015267176 10.641221374 END
START 3.1124621582 -11.6789156982 5.54257684326 250.129770992 -100.061068702 0.213740458015 END
START 3.25132585449 -13.005303418 12.638990564 250.129770992 -96.9694656489 9.73282442748 END
START -0.514753356934 -9.32302126465 6.58884296875 250.129770992 -105.389312977 0.87786259542 END
START -1.66875855713 -3.9360675293 10.4219598267 250.129770992 -104.389312977 11.572519084 END
START -1.46764561768 -8.17141026611 14.4011229858 250.129770992 -104.694656489 13.9312977099 END
START 4.88895979004 -9.87129344482 11.9925561157 250.129770992 -104.0 7.38167938931 END
START -3.42610257568 -11.6693388916 9.82101520996 250.129770992 -104.236641221 1.63358778626 END
START 2.48039291992 -7.33343968506 12.6749035889 250.129770992 -104.893129771 2.13740458015 END
START 1.83156427002 -1.64960494385 4.86980617676 250.129770992 -103.923664122 -0.458015267176 END
START -0.131681091309 -3.6415807251 6.43321986084 250.129770992 -107.175572519 2.7786259542 END
START -6.4116720459 -8.15704505615 9.42118353271 250.129770992 -97.2671755725 5.49618320611 END
START 3.57933148193 -12.3468979614 12.2391588867 250.129770992 -103.129770992 2.30534351145 END
START 3.47877501221 -6.32548078613 8.76517227783 250.129770992 -97.3511450382 10.6946564885 END
START -4.68066424561 -1.02711251221 9.73242974854 250.129770992 -99.1679389313 -2.03816793893 END
START 5.13556256104 -3.47877501221 4.95839163818 250.129770992 -102.328244275 9.52671755725 END
START 2.13562788086 -5.56173045654 7.51779321289 250.129770992 -99.4885496183 5.29007633588 END
START -0.814028564453 -7.53934102783 9.82580361328 250.129770992 -97.8473282443 5.73282442748 END
START 4.11084425049 -14.7937720581 10.3692873901 250.129770992 -92.0610687023 15.5954198473 END
START 8.44913765869 -9.2416184082 10.8792523438 250.129770992 -91.5801526718 7.18320610687 END
START 2.4277204834 -14.4921026489 7.72608875732 250.129770992 -71.1526717557 16.6641221374 END
START 6.43800826416 -11.0588174683 6.34942280273 250.129770992 -76.2595419847 6.24427480916 END
START -3.99113416748 -0.210689746094 5.17626398926 250.129770992 -83.6641221374 12.1221374046 END
START 5.14035096436 -12.4187240112 12.8089788818 250.129770992 -69.8320610687 12.9541984733 END
START 9.12430252686 -7.48427438965 7.91044228516 250.129770992 -47.1221374046 -2.25954198473 END
START 1.48201082764 -9.97663831787 6.92881960449 250.129770992 -59.6641221374 12.7480916031 END
START 7.40765993652 -9.63666168213 7.71890615234 250.129770992 -61.2748091603 10.572519084 END
START 7.25921943359 -8.69574042969 5.36540592041 250.129770992 -47.2213740458 11.1526717557 END
START 6.24168372803 -8.52335791016 3.80199223633 250.129770992 -46.7099236641 8.87786259542 END
START 1.30723410645 -12.6294137573 3.26329686279 250.129770992 -39.3816793893 3.32061068702 END
START 1.74776721191 -10.7739074707 7.0365586792 250.129770992 -47.9236641221 1.09923664122 END
START 13.6996218994 -5.516240625 9.65820949707 250.129770992 -42.7633587786 20.427480916 END
START -0.232237561035 -8.50181009521 8.63827958984 250.129770992 -40.9160305344 7.21374045802 END
START -3.50271702881 -8.5209637085 10.1178962158 250.129770992 -42.2900763359 1.99236641221 END
START 3.24414324951 -17.7242748901 10.8553103271 250.129770992 -47.679389313 2.65648854962 END
START 0.646434448242 -4.50828172607 7.16584556885 250.129770992 -45.2824427481 11.7480916031 END
START -3.20344182129 -11.0229044434 9.06205328369 250.129770992 -49.7099236641 5.79389312977 END
START -0.378283862305 -4.03901820068 12.2535240967 250.129770992 -51.0610687023 8.54198473282 END
START 1.08457335205 -14.7458880249 4.75249029541 250.129770992 -51.0839694656 16.7404580153 END
START -1.31681091309 -5.1618987793 8.35336959229 250.129770992 -51.5801526718 6.52671755725 END
START -3.81396324463 -15.4880905396 11.7603185547 250.129770992 -64.2366412214 2.87022900763 END
START 2.30561619873 -15.4521775146 8.68616362305 250.129770992 -53.8091603053 4.28244274809 END
START -4.06296021729 -7.80030900879 5.24809003906 250.129770992 -73.0229007634 5.18320610687 END
START -1.06302553711 -6.76361968994 7.35738170166 250.129770992 -66.6259541985 4.92366412214 END
START -3.26329686279 -10.2783077271 9.34935748291 250.129770992 -70.1755725191 6.22900763359 END
START 0.636857641602 -9.97184991455 8.98783303223 250.129770992 -59.5801526718 12.2366412214 END
START -8.52335791016 -16.4122523804 8.91361278076 250.129770992 -67.4580152672 8.19847328244 END
START 0.0933738647461 -13.4506249268 10.9175595703 250.129770992 -68.9083969466 13.0839694656 END
START -8.93755479736 -14.3484505493 4.20900651855 250.129770992 -79.4427480916 16.7557251908 END
START -4.89374819336 -6.65109221191 5.71017095947 250.129770992 -78.7404580153 3.7786259542 END
START 4.42448466797 -9.85692823486 5.37258852539 250.129770992 -76.0305343511 2.43511450382 END
START -0.682347473145 -10.6087075562 7.41244833984 250.129770992 -82.6564885496 3.31297709924 END
START -12.2343704834 -10.8744639404 6.62475599365 250.129770992 -79.2442748092 4.67175572519 END
START 2.49236392822 -11.8872112427 9.50258638916 250.129770992 -76.465648855 7.45038167939 END
START -2.65038123779 -1.93690914307 8.65025059814 250.129770992 -91.0 4.89312977099 END
START 1.4844050293 -9.35414588623 14.097059375 250.129770992 -86.2900763359 11.4122137405 END
START -3.00232888184 -2.84431157227 9.71806453857 250.129770992 -93.5954198473 2.14503816794 END
START -13.6086422363 -9.21288798828 11.1210667114 250.129770992 -96.4198473282 9.62595419847 END
START -8.214505896 -11.884817041 10.5344873047 250.129770992 -105.030534351 8.8320610687 END
START -4.52264693604 -3.9839515625 10.1035310059 250.129770992 -104.259541985 1.67938931298 END
START -0.328005627441 -15.1672675171 10.7260234375 250.129770992 -104.145038168 2.5572519084 END
START 6.27041414795 -3.61524450684 6.19619389648 250.129770992 -112.549618321 5.41984732824 END
START 7.48906279297 -5.98789835205 8.90882437744 250.129770992 -104.167938931 6.46564885496 END
START 5.18105239258 -11.3078144409 3.93367332764 250.129770992 -103.809160305 2.24427480916 END
START 1.57299049072 -5.51145222168 9.97424411621 250.129770992 -104.847328244 7.03053435115 END
START 5.43723197021 -7.12993254395 10.8696755371 250.129770992 -104.236641221 19.0610687023 END
START 1.52510645752 -8.08761320801 7.58483085937 250.129770992 -105.427480916 13.3435114504 END
START 4.40054265137 -12.3492921631 8.21211169434 250.129770992 -104.916030534 3.77099236641 END
START 6.27041414795 -4.27604416504 11.6070896484 250.129770992 -97.6488549618 9.80916030534 END
START 2.41335527344 -7.94635531006 7.69256993408 250.129770992 -84.2442748092 10.1374045802 END
START -0.407014282227 -8.00860455322 9.15542714844 250.129770992 -81.0763358779 9.32061068702 END
START 6.24407792969 -7.28076724854 15.1050182739 250.129770992 -79.9770992366 5.24427480916 END
START 9.15542714844 -7.3669585083 7.58004245605 250.129770992 -76.5877862595 1.26717557252 END
START -1.53707746582 -12.1936690552 14.6740619751 250.129770992 -67.7557251908 11.7633587786 END
START 9.50498059082 -9.43315454102 6.72291826172 250.129770992 -68.3740458015 5.07633587786 END
START -0.15322890625 -7.69256993408 10.3525279785 250.129770992 -56.8549618321 11.5496183206 END
START -1.81241065674 -6.83783994141 9.13866773682 250.129770992 -52.5267175573 10.8396946565 END
START 1.94888015137 -6.87854136963 12.9095353516 250.129770992 -47.9160305344 -1.69465648855 END
START 4.67827004395 0.885854614258 8.214505896 250.129770992 -48.7557251908 2.17557251908 END
START 3.79002122803 -9.35175168457 7.6614453125 250.129770992 -52.0152671756 6.02290076336 END
START 5.38216533203 -6.92881960449 11.0133276367 250.129770992 -49.2213740458 7.29007633588 END
START 0.612915625 -9.24640681152 7.28794985352 250.129770992 -61.9465648855 4.09160305344 END
START 4.3382934082 -6.33266339111 2.5115175415 250.129770992 -72.2977099237 15.9007633588 END