START -2.31519300537 -19.3164189941 10.0029745361 250.129770992 -57.9312977099 7.06870229008 END
START 4.2185833252 -0.497993945312 9.8425630249 250.129770992 -74.4961832061 8.45801526718 END
START 0.775721337891 -7.0126166626 13.0723410645 250.129770992 -54.0229007634 6.15267175573 END
START 2.30322199707 -12.3588689697 4.98712205811 250.129770992 -56.7557251908 -0.717557251908 END
START -5.52102902832 -10.0915599976 3.53863005371 250.129770992 -64.0305343511 16.2900763359 END
START 1.11809217529 -15.4186586914 7.00543405762 250.129770992 -75.0 10.8396946565 END
START 8.43716665039 -9.42597193604 7.07726010742 250.129770992 -58.3358778626 5.16030534351 END
START 6.92403120117 -11.3820346924 9.1219083252 250.129770992 -65.4503816794 9.23664122137 END
START -6.86657036133 -8.42998404541 9.66060369873 250.129770992 -59.9160305344 5.87786259542 END
START 0.933738647461 -10.0317049561 9.61271966553 250.129770992 -78.7328244275 -0.740458015267 END
START 4.19703551025 -9.28231983643 3.21541282959 250.129770992 -67.5801526718 12.5648854962 END
START -0.493205541992 -5.03261188965 7.27358464355 250.129770992 -78.4351145038 11.358778626 END
START 0.30166940918 -8.57603034668 10.1442324341 250.129770992 -86.1526717557 12.0152671756 END
START -6.39012423096 -6.57687196045 12.5887123291 250.129770992 -79.4809160305 13.2519083969 END
START -9.77552537842 -10.8050320923 3.52426484375 250.129770992 -81.6717557252 6.8320610687 END
START -5.41328995361 -11.5807534302 12.1625444336 250.129770992 -90.0076335878 9.96946564885 END
START -7.72608875732 -16.3428205322 9.73961235352 250.129770992 -90.427480916 5.70992366412 END
START -5.35104071045 -8.76756647949 6.78516750488 250.129770992 -78.3435114504 13.2595419847 END
START -0.61052142334 -7.31189187012 6.98388624268 250.129770992 -94.641221374 6.41221374046 END
START -3.96958635254 -13.618219043 11.137826123 250.129770992 -98.2977099237 2.11450381679 END
START -0.280121594238 -10.5009684814 10.7212350342 250.129770992 -81.6259541985 11.1679389313 END
START -9.86171663818 -1.00317049561 6.38294162598 250.129770992 -78.5038167939 6.09923664122 END
START 0.239420166016 -10.7499654541 6.86896456299 250.129770992 -101.320610687 10.0763358779 END
START -0.572214196777 -9.61032546387 13.8743986206 250.129770992 -107.106870229 5.80152671756 END
START 6.8138979248 -9.67257470703 7.00782825928 250.129770992 -105.083969466 9.45038167939 END
START -1.67354696045 -9.49779798584 8.54969412842 250.129770992 -104.267175573 4.64122137405 END
START 4.36702382812 -7.01740506592 5.7867854126 250.129770992 -104.152671756 9.29770992366 END
START 7.37653531494 -6.47631549072 10.1466266357 250.129770992 -105.290076336 11.4809160305 END
START 8.5089927002 -6.26562574463 19.246987146 250.129770992 -104.389312977 4.81679389313 END
START 1.53468326416 -2.14999309082 3.65115753174 250.129770992 -95.9541984733 12.9160305344 END
START 5.69101734619 -8.68137521973 9.51934580078 250.129770992 -104.358778626 6.85496183206 END
START 6.16028087158 -4.42209046631 10.0484643677 250.129770992 -98.1832061069 7.4427480916 END
START 4.73812508545 -6.24886633301 0.679953271484 250.129770992 -92.2671755725 5.96946564885 END
START 1.08217915039 -9.51455739746 8.95192000732 250.129770992 -81.8091603053 11.6641221374 END
START -0.15083470459 -11.7244055298 6.27520255127 250.129770992 -80.3664122137 8.60305343511 END
START 1.98718737793 -8.01818135986 12.9215063599 250.129770992 -76.2900763359 14.1297709924 END
START 3.4428619873 -9.61271966553 13.5248451782 250.129770992 -68.9465648855 13.465648855 END
START 6.29196196289 -7.85298144531 9.64863269043 250.129770992 -78.1679389313 0.427480916031 END
START 1.47961662598 -6.22013591309 7.38611212158 250.129770992 -72.0916030534 10.6717557252 END
START 1.90099611816 -9.50737479248 5.35822331543 250.129770992 -68.8015267176 14.7022900763 END
START 5.92086070557 -2.34392342529 9.30147344971 250.129770992 -67.8854961832 6.59541984733 END
START -0.75896192627 -6.27520255127 4.32871660156 250.129770992 -55.8473282443 1.4427480916 END
START 6.8019269165 -13.2830308105 7.35977590332 250.129770992 -61.0534351145 19.1374045802 END
START -7.50342800293 -19.6133 3.9959225708 250.129770992 -56.465648855 7.14503816794 END
START 6.53138212891 -8.71728824463 0.134075292969 250.129770992 -52.2824427481 8.73282442748 END
START 3.22738383789 -8.95192000732 7.967903125 250.129770992 -62.2442748092 9.5572519084 END
START 5.53778843994 -11.413159314 4.79798012695 250.129770992 -57.4198473282 4.84732824427 END
START 5.23611903076 -12.1290256104 3.97676895752 250.129770992 -61.4961832061 12.427480916 END
START -0.392649072266 -8.86094034424 3.51708223877 250.129770992 -57.1679389313 5.5572519084 END
START -5.33428129883 -16.0148149048 6.84262834473 250.129770992 -68.3969465649 4.69465648855 END
START 6.14830986328 -15.083470459 9.25119521484 250.129770992 -60.7557251908 -3.90839694656 END
START -6.06211860352 -8.91840118408 6.7660138916 250.129770992 -65.4503816794 21.1603053435 END
START 4.66390483398 -11.7363765381 6.51941112061 250.129770992 -63.7709923664 2.67938931298 END
START 4.34308181152 -11.4969563721 0.0287304199219 250.129770992 -75.4809160305 9.81679389313 END
START -7.93917270508 -8.24563051758 13.5487871948 250.129770992 -78.3969465649 13.5648854962 END
START -10.1346556274 -15.7227223022 3.57454307861 250.129770992 -76.4045801527 2.03816793893 END
START 0.902614025879 -3.97916315918 6.17464608154 250.129770992 -84.7328244275 12.0916030534 END
START -5.75805499268 -4.93205541992 1.56580788574 250.129770992 -82.9312977099 8.41221374046 END
START 2.08774384766 -10.8792523438 11.9159416626 250.129770992 -81.9694656489 21.0152671756 END
START -0.670376464844 -11.4299187256 6.26083734131 250.129770992 -82.1450381679 -1.47328244275 END
START -4.40293685303 -17.4776721191 3.78523282471 250.129770992 -93.9923664122 9.25190839695 END
START -1.12288057861 -11.8058083862 4.60404979248 250.129770992 -100.435114504 5.32824427481 END
START -7.12274993896 -2.19787712402 7.0126166626 250.129770992 -98.6564885496 6.38167938931 END
START -1.13724578857 -8.75080706787 5.72453616943 250.129770992 -96.2977099237 11.5190839695 END
START 0.421379492187 -7.51539901123 11.0061450317 250.129770992 -91.3969465649 5.7786259542 END
START 1.31202250977 -8.18098707275 12.3349269531 250.129770992 -94.2442748092 11.1450381679 END
START -1.1779472168 -5.78917961426 9.48343277588 250.129770992 -100.946564885 9.50381679389 END
START -6.81868632812 -8.95192000732 8.49223328857 250.129770992 -93.8778625954 5.45801526718 END
START -4.95360323486 -1.2617442749 10.8433393188 250.129770992 -95.2748091603 5.46564885496 END
START -0.162805712891 -9.09078370361 2.70544787598 250.129770992 -100.160305344 13.8320610687 END
START -0.107739074707 -7.78115539551 15.4809079346 250.129770992 -104.221374046 2.92366412214 END
START -4.85304676514 -14.6453315552 9.00938084717 250.129770992 -104.480916031 -3.09923664122 END
START 3.73495458984 -6.65827481689 5.30794508057 250.129770992 -97.1526717557 16.2900763359 END
START 3.36864173584 -10.0795889893 9.09557210693 250.129770992 -104.503816794 8.47328244275 END
START 0.0933738647461 -7.78115539551 3.3590649292 250.129770992 -94.2213740458 1.47328244275 END
START 8.28154354248 -7.60877287598 11.0109334351 250.129770992 -104.503816794 -2.17557251908 END
START 4.93684382324 -8.87291135254 11.2838724243 250.129770992 -99.5801526718 -3.07633587786 END
START 11.137826123 -3.26569106445 11.9901619141 250.129770992 -84.5572519084 8.26717557252 END
START 3.64636912842 -7.89847127686 5.30555087891 250.129770992 -79.5114503817 8.43511450382 END
START 1.45328040771 -6.0932432251 10.1394440308 250.129770992 -78.5496183206 12.2900763359 END
START -1.16837041016 -4.16351668701 12.2559182983 250.129770992 -73.213740458 -2.58778625954 END
START 3.34948812256 -6.06211860352 9.05965908203 250.129770992 -59.7251908397 13.641221374 END
START 0.328005627441 -4.00549937744 6.48828649902 250.129770992 -65.6259541985 2.95419847328 END
START 3.09091434326 -6.77559069824 7.64229169922 250.129770992 -59.5190839695 2.36641221374 END
START 1.30005150146 -3.0526071167 10.3573163818 250.129770992 -61.7480916031 15.7557251908 END
START -7.25203682861 -2.86346518555 6.25365473633 250.129770992 -63.4198473282 1.2213740458 END
START 1.07020814209 -7.43399615479 4.98472785645 250.129770992 -67.7328244275 -0.900763358779 END