START 1.30962830811 -5.98789835205 5.7867854126 250.129770992 -72.8091603053 10.534351145 END
START -2.89219560547 -6.30153876953 9.88805285645 250.129770992 -72.4580152672 1.19847328244 END
START -4.9512090332 -9.8425630249 3.20344182129 250.129770992 -69.0076335878 14.2061068702 END
START -9.24640681152 -11.1067015015 5.00866987305 250.129770992 -86.5038167939 4.37404580153 END
START -8.43716665039 -9.99579193115 7.27837304687 250.129770992 -86.9923664122 11.6259541985 END
START -1.22583125 -6.62475599365 6.14352145996 250.129770992 -92.9236641221 0.641221374046 END
START -5.47075079346 -7.76918438721 9.33499227295 250.129770992 -90.9770992366 13.2213740458 END
START 1.16358200684 -6.15788666992 3.7134067749 250.129770992 -80.8778625954 -0.404580152672 END
START -1.51074124756 -7.52737001953 12.512097876 250.129770992 -82.6717557252 3.60305343511 END
START -3.86184727783 -8.81066210937 6.08366641846 250.129770992 -99.6488549618 7.30534351145 END
START -4.29759197998 -1.25935007324 8.33661018066 250.129770992 -102.984732824 11.5190839695 END
START -6.03099398193 -7.84819304199 6.27520255127 250.129770992 -98.5190839695 6.37404580153 END
START 1.72143099365 -7.62074388428 4.16830509033 250.129770992 -88.5496183206 10.0839694656 END
START -1.51792385254 -8.20971749268 7.88171186523 250.129770992 -85.7404580153 9.87786259542 END
START 0.512359155273 -7.50103380127 8.87769975586 250.129770992 -87.5954198473 1.15267175573 END
START 2.14999309082 -10.1202904175 8.24323631592 250.129770992 -82.534351145 12.7633587786 END
START 1.30723410645 -4.09169063721 7.78354959717 250.129770992 -98.3282442748 13.465648855 END
START -5.60722028809 -12.990938208 7.43878455811 250.129770992 -90.5801526718 18.2366412214 END
START 3.71101257324 -3.76129080811 5.54257684326 250.129770992 -88.358778626 4.9465648855 END
START 2.58573779297 -6.34224019775 8.56166513672 250.129770992 -98.8625954198 -1.03053435115 END
START 1.00077629395 -6.61039078369 9.04050546875 250.129770992 -102.541984733 5.6641221374 END
START -5.16668718262 -4.61841500244 4.51307012939 250.129770992 -91.0458015267 14.0229007634 END
START -4.12760366211 -8.16662186279 10.7739074707 250.129770992 -103.801526718 6.80916030534 END
START 1.33117612305 -9.04768807373 7.80988581543 250.129770992 -102.13740458 7.14503816794 END
START -0.586579406738 -10.919953772 4.19224710693 250.129770992 -94.4961832061 8.17557251908 END
START 2.60967980957 -8.67419261475 7.14190355225 250.129770992 -88.6488549618 7.59541984733 END
START 7.14669195557 -3.60087929687 11.2072579712 250.129770992 -89.1297709924 5.1679389313 END
START 0.244208569336 0.119710083008 12.512097876 250.129770992 -82.1679389313 7.84732824427 END
START 3.6655227417 -12.1625444336 12.9717845947 250.129770992 -86.1526717557 13.320610687 END
START -6.01184036865 -9.90002386475 10.2064816772 250.129770992 -83.7557251908 -1.82442748092 END
START 4.20900651855 -6.52659372559 10.0843773926 250.129770992 -84.9389312977 9.41984732824 END
START 6.1890112915 -8.40604202881 3.81875164795 250.129770992 -91.9694656489 13.3740458015 END
START 7.11796153564 -12.3660515747 5.26484945068 250.129770992 -94.0381679389 2.08396946565 END
START 5.08289012451 0.045489831543 0.229843359375 250.129770992 -85.0381679389 8.25954198473 END
START 2.01352359619 -10.7499654541 2.86825358887 250.129770992 -87.5648854962 1.06870229008 END
START 7.92959589844 -9.17458076172 9.54328781738 250.129770992 -89.3969465649 10.8091603053 END
START 9.02614025879 -12.0093155273 11.166556543 250.129770992 -83.8549618321 4.32824427481 END
START 11.1114899048 -11.4011883057 3.6176387085 250.129770992 -70.3664122137 7.43511450382 END
START 4.39575424805 -12.1553618286 8.2863319458 250.129770992 -71.6106870229 -1.02290076336 END
START -1.92493813477 -11.4155535156 5.39653054199 250.129770992 -66.7709923664 8.48091603053 END
START -2.47081611328 -6.83305153809 5.71735356445 250.129770992 -76.0839694656 7.45801526718 END
START -0.588973608398 -9.00459244385 11.4754085571 250.129770992 -65.5954198473 2.61832061069 END
START 7.38371791992 -12.6557499756 7.20654699707 250.129770992 -62.8702290076 7.48854961832 END
START -7.04374128418 -6.37097061768 4.14196887207 250.129770992 -61.7404580153 8.2213740458 END
START 5.29118566895 -12.4618196411 8.947131604 250.129770992 -59.7099236641 13.7022900763 END
START -0.0622492431641 -7.3071034668 8.51617530518 250.129770992 -62.8778625954 5.45038167939 END
START -9.00219824219 -9.7707369751 8.44195505371 250.129770992 -60.8244274809 5.53435114504 END
START -5.22414802246 -11.4371013306 4.77882651367 250.129770992 -62.8625954198 4.68702290076 END
START -1.99676418457 -11.9231242676 8.85615194092 250.129770992 -57.0305343511 17.2213740458 END
START -6.70855305176 -17.8152545532 0.76375032959 250.129770992 -66.2366412214 9.31297709924 END
START -5.8945244873 -13.8983406372 8.5927897583 250.129770992 -71.6335877863 4.10687022901 END
START 1.32399351807 -9.38287630615 7.80030900879 250.129770992 -72.0992366412 11.6946564885 END
START 1.18752402344 -11.0660000732 3.98873996582 250.129770992 -71.3282442748 8.20610687023 END
START 2.20266552734 -15.4952731445 7.11556733398 250.129770992 -63.7786259542 11.3053435115 END
START -2.33195241699 -13.4434423218 5.44680877686 250.129770992 -76.3969465649 9.64122137405 END
START 1.5322890625 -11.3461216675 7.57285985107 250.129770992 -85.8167938931 -3.22900763359 END
START -4.90093079834 -7.98466253662 7.20894119873 250.129770992 -80.2061068702 8.88549618321 END
START -2.45405670166 -7.59919606934 9.93114848633 250.129770992 -72.3969465649 2.91603053435 END
START 1.16118780518 -8.89206496582 13.5056915649 250.129770992 -96.3969465649 11.7404580153 END
START 3.52187064209 -14.604630127 11.9710083008 250.129770992 -87.6870229008 9.82442748092 END
START -2.10450325928 -5.20020600586 2.4037784668 250.129770992 -88.572519084 2.0 END
START -1.00317049561 -9.64384428711 14.4083055908 250.129770992 -84.2900763359 16.0076335878 END
START -0.495599743652 -7.46272657471 14.3532389526 250.129770992 -86.1297709924 -1.76335877863 END
START -5.82509263916 -7.14429775391 0.596156213379 250.129770992 -98.6106870229 5.50381679389 END
START -3.7014357666 -10.7523596558 11.8345388062 250.129770992 -100.419847328 17.4961832061 END
START 5.28639726562 -15.6317426392 11.0133276367 250.129770992 -104.053435115 10.3282442748 END
START -2.04225401611 -7.53934102783 11.1569797363 250.129770992 -104.778625954 7.97709923664 END
START -7.01501086426 -6.56011254883 10.1490208374 250.129770992 -103.870229008 9.52671755725 END
START -0.335188232422 -9.74440075684 8.25999572754 250.129770992 -101.992366412 10.9083969466 END
START -0.263362182617 -2.35589443359 9.95030209961 250.129770992 -102.549618321 -1.29770992366 END
START 6.80432111816 -1.60172091064 9.33978067627 250.129770992 -104.122137405 18.4885496183 END
START 6.0812722168 -5.04937130127 8.00860455322 250.129770992 -102.519083969 18.6335877863 END
START -5.2097828125 -7.33583388672 13.0436106445 250.129770992 -104.129770992 4.48091603053 END
START 4.95839163818 -6.42603725586 9.50498059082 250.129770992 -96.641221374 7.96183206107 END
START 1.99436998291 -9.03811126709 11.1881043579 250.129770992 -80.8549618321 -1.89312977099 END
START -2.63601602783 -5.69341154785 8.65982740479 250.129770992 -89.2824427481 16.9160305344 END
START 0.363918652344 -2.50194073486 12.8065846802 250.129770992 -73.8625954198 4.59541984733 END
START 7.56567724609 -7.51539901123 13.1992337524 250.129770992 -76.4198473282 -1.90839694656 END
START 1.57538469238 -13.0005150146 12.5432224976 250.129770992 -74.7251908397 2.20610687023 END
START -1.70467158203 -12.3947819946 6.28956776123 250.129770992 -76.9007633588 8.1679389313 END
START 2.29843359375 -13.0029092163 6.81868632812 250.129770992 -76.4580152672 0.75572519084 END
START 2.97838686523 -9.48343277588 10.1394440308 250.129770992 -71.8396946565 9.51145038168 END
START -2.04943662109 -8.64785639648 6.07169541016 250.129770992 -78.6641221374 7.09160305344 END
START 2.48278712158 -6.74446607666 7.88171186523 250.129770992 -77.9694656489 4.43511450382 END
START -4.83389315186 -7.92241329346 17.7793415283 250.129770992 -67.1145038168 14.5419847328 END
START 7.15626876221 -1.34793553467 8.21211169434 250.129770992 -64.465648855 7.72519083969 END
START 7.38132371826 -15.3420442383 5.69101734619 250.129770992 -64.3664122137 9.57251908397 END
START -1.70945998535 -12.9741787964 5.22414802246 250.129770992 -66.9770992366 7.69465648855 END
START 7.06289489746 -6.29675036621 12.9861498047 250.129770992 -56.2977099237 12.7709923664 END
START -5.8586114624 -16.7785652344 11.7028577148 250.129770992 -61.0076335878 16.7099236641 END
START 1.47482822266 -11.631031665 16.196774231 250.129770992 -72.4809160305 8.7786259542 END
START 5.1618987793 -8.43477244873 9.49779798584 250.129770992 -57.2519083969 9.81679389313 END