START 7.52497581787 -13.8073609741 5.08289012451 250.129770992 -83.4045801527 9.53435114504 END
START 2.58334359131 -5.81791003418 8.35336959229 250.129770992 -101.458015267 0.893129770992 END
START 0.395043273926 -8.87769975586 8.01099875488 250.129770992 -88.8091603053 11.6946564885 END
START 1.45328040771 -9.38048210449 8.2025348877 250.129770992 -100.778625954 4.12977099237 END
START -5.16908138428 -6.45716187744 5.03740029297 250.129770992 -75.4885496183 -0.480916030534 END
START 8.38210001221 -11.3461216675 14.5711113037 250.129770992 -63.0152671756 8.52671755725 END
START 1.37906015625 -7.30949766846 8.51138690186 250.129770992 -62.8549618321 15.3664122137 END
START -4.07253702393 -11.7124345215 6.66785162354 250.129770992 -79.0992366412 4.72519083969 END
START -3.40216055908 -2.56179577637 4.39336004639 250.129770992 -87.679389313 0.526717557252 END
START 0.699106884766 -4.6088381958 4.3502644165 250.129770992 -88.1679389313 13.9770992366 END
START 0.806845959473 -8.68616362305 4.60165559082 250.129770992 -81.106870229 15.0534351145 END
START 7.14669195557 -3.68707055664 16.654066748 250.129770992 -74.641221374 -1.74045801527 END
START 8.55448253174 -2.92571442871 5.35822331543 250.129770992 -70.320610687 -4.77099236641 END
START -0.122104284668 -9.52652840576 11.5903302368 250.129770992 -82.6335877863 10.2442748092 END
START -4.63038601074 -11.645396875 12.3014081299 250.129770992 -93.2213740458 7.0534351145 END
START -0.00957680664062 -2.82276375732 11.8943938477 250.129770992 -98.7022900763 4.29007633588 END
START -1.47722242432 -10.4291424316 5.97113894043 250.129770992 -104.473282443 6.74045801527 END
START 3.48835181885 -8.03254656982 7.09880792236 250.129770992 -103.824427481 6.74045801527 END
START 10.8074262939 -14.3077491211 7.85537564697 250.129770992 -100.053435115 11.3435114504 END
START -1.98000477295 -2.93529123535 -0.256179577637 250.129770992 -90.5190839695 9.25954198473 END
START -1.00317049561 -8.43716665039 2.48278712158 250.129770992 -91.0687022901 3.34351145038 END
START 1.71424838867 -8.06367119141 7.40765993652 250.129770992 -80.9847328244 8.15267175573 END
START 3.04542451172 -7.59440766602 9.73003554687 250.129770992 -85.3282442748 7.12977099237 END
START 4.58968458252 -7.61595548096 6.66066901855 250.129770992 -86.1679389313 0.36641221374 END
START 4.03422979736 -7.63989749756 7.69017573242 250.129770992 -82.893129771 17.534351145 END
START 6.07887801514 -3.47877501221 7.01740506592 250.129770992 -67.9923664122 4.51145038168 END
START 6.52180532227 -10.5847655396 8.92558378906 250.129770992 -53.427480916 6.70229007634 END
START 9.20091697998 -6.48589229736 5.8226984375 250.129770992 -40.6259541985 15.5877862595 END
START 0.931344445801 -6.14591566162 3.01429989014 250.129770992 -27.4580152672 8.54198473282 END
START 10.9893856201 -2.60489140625 13.4721727417 250.129770992 -23.3969465649 5.96183206107 END
START 1.45088620605 -6.52419952393 2.81318695068 250.129770992 -26.4198473282 3.67175572519 END
START 6.26083734131 -8.42758984375 13.0962830811 250.129770992 -10.2748091603 3.71755725191 END
START 7.56328304443 -3.39976635742 6.75164868164 250.129770992 -5.46564885496 6.17557251908 END
START 8.29590875244 -9.86411083984 6.49068070068 250.129770992 -1.90076335878 9.84732824427 END
START -9.54089361572 -0.117315881348 10.7332060425 250.129770992 -6.64122137405 1.16030534351 END
START 9.33738647461 -8.78911429443 2.68868846436 250.129770992 -4.54961832061 8.70992366412 END
START -2.7820623291 -5.60482608643 5.18344659424 250.129770992 -9.1679389313 -0.916030534351 END
START 4.8674119751 -7.20894119873 4.28801517334 250.129770992 -4.41221374046 3.04580152672 END
START 6.01662877197 -2.49475812988 2.95444484863 250.129770992 -9.93129770992 7.51145038168 END
START -0.76135612793 -13.6421610596 8.30069715576 250.129770992 -7.79389312977 -0.664122137405 END
START 2.85388837891 -8.62630858154 8.90164177246 250.129770992 -18.4045801527 7.96183206107 END
START 8.13549724121 -10.1178962158 4.46758029785 250.129770992 -24.5038167939 1.58015267176 END
START 3.11725056152 -15.4617543213 11.7962315796 250.129770992 -27.0534351145 6.98473282443 END
START -1.10851536865 -12.8808049316 6.48589229736 250.129770992 -32.4503816794 16.2748091603 END
START 2.69347686768 -12.7754600586 0.828393774414 250.129770992 -34.4122137405 11.5190839695 END
START -5.49708701172 -9.15542714844 3.89536610107 250.129770992 -32.641221374 1.97709923664 END
START -3.44046778564 -7.58483085937 5.15711037598 250.129770992 -34.6717557252 -1.89312977099 END
START 5.59285507812 -13.8289087891 8.67419261475 250.129770992 -40.6870229008 14.8702290076 END
START 1.38145435791 -13.0795236694 2.46123930664 250.129770992 -44.5496183206 7.59541984733 END
START -5.33667550049 -10.7092640259 8.22168850098 250.129770992 -40.2442748092 7.08396946565 END
START 1.17076461182 -4.20182391357 5.88734188232 250.129770992 -50.106870229 2.09923664122 END
START -3.76607921143 -10.927136377 2.7222072876 250.129770992 -58.3282442748 2.40458015267 END
START 6.57687196045 -14.6309663452 10.1394440308 250.129770992 -81.6106870229 15.3358778626 END
START 1.77649763184 -7.58722506104 6.7301008667 250.129770992 -64.7786259542 3.16030534351 END
START 1.52271225586 -12.6270195557 4.82910474854 250.129770992 -86.0763358779 7.1679389313 END
START -4.64714542236 -18.0666457275 0.399831677246 250.129770992 -93.3740458015 9.59541984733 END
START 0.543483776855 -3.76847341309 8.53054051514 250.129770992 -97.6717557252 11.5496183206 END
START 0.859518395996 -9.28471403809 12.392387793 250.129770992 -98.2824427481 14.0610687023 END
START -4.58010777588 -13.5080857666 5.07810172119 250.129770992 -105.259541985 7.12977099237 END
START 4.71657727051 -8.81305631104 4.98233365479 250.129770992 -104.603053435 10.7633587786 END
START -3.0286651001 -10.7020814209 11.5304751953 250.129770992 -104.465648855 4.34351145038 END
START -0.550666381836 -7.6255322876 7.15387456055 250.129770992 -102.786259542 4.0 END
START 2.58813199463 -12.5695587158 6.61996759033 250.129770992 -103.167938931 10.0687022901 END
START 0.215478149414 -5.51145222168 6.55292994385 250.129770992 -103.450381679 15.5877862595 END
START -3.30399829102 -10.4315366333 9.7827079834 250.129770992 -121.007633588 1.75572519084 END
START -2.29364519043 -8.21929429932 1.4604630127 250.129770992 -140.908396947 16.4198473282 END
START -6.35181700439 -7.36935270996 5.66946953125 250.129770992 -140.633587786 2.43511450382 END
START -2.65038123779 -10.9175595703 11.1043072998 250.129770992 -134.847328244 13.6183206107 END
START 6.39491263428 -6.63672700195 7.54173522949 250.129770992 -143.183206107 4.78625954198 END
START 1.79325704346 -7.93917270508 4.02465299072 250.129770992 -131.625954198 10.8778625954 END
START -7.85298144531 -11.7315881348 6.78037910156 250.129770992 -127.816793893 7.4427480916 END
START 4.23294853516 -5.99268675537 8.61194337158 250.129770992 -117.526717557 21.1679389313 END
START 1.35751234131 -7.12753834229 11.0133276367 250.129770992 -109.045801527 11.572519084 END
START 6.46434448242 -7.59440766602 7.59919606934 250.129770992 -106.93129771 9.3358778626 END
START -0.509964953613 -7.57285985107 10.3237975586 250.129770992 -111.572519084 5.83969465649 END
START 7.53455262451 -6.08606062012 8.02536396484 250.129770992 -110.595419847 11.1603053435 END
START 6.04057078857 -13.1968395508 4.70460626221 250.129770992 -124.526717557 7.37404580153 END
START -0.588973608398 -5.64313331299 13.0460048462 250.129770992 -108.870229008 10.0229007634 END
START 11.6693388916 -6.55532414551 5.30076247559 250.129770992 -105.519083969 10.0229007634 END
START 9.67975731201 -12.3038023315 12.4091472046 250.129770992 -92.2977099237 11.0305343511 END
START 5.81551583252 -13.5104799683 6.16267507324 250.129770992 -88.3893129771 14.2061068702 END
START 9.45949075928 -9.5241342041 -0.665588061523 250.129770992 -85.8778625954 -2.20610687023 END
START 10.5057568848 -4.42448466797 5.79636221924 250.129770992 -73.2290076336 2.24427480916 END
START 5.60482608643 -10.2304236938 11.2838724243 250.129770992 -78.7175572519 3.3358778626 END
START 11.7459533447 -19.6133 3.88339509277 250.129770992 -93.1679389313 22.5190839695 END
START 3.63679232178 -3.9360675293 3.17710560303 250.129770992 -79.0305343511 5.58778625954 END
START -0.407014282227 -4.86262357178 6.1650692749 250.129770992 -64.2977099237 12.893129771 END
START 7.81706842041 -11.4347071289 8.85854614258 250.129770992 -60.4809160305 15.7557251908 END
START -1.90099611816 -6.67264002686 3.72298358154 250.129770992 -58.2366412214 9.92366412214 END
START 7.74524237061 -11.9350952759 3.95043273926 250.129770992 -65.2519083969 12.2213740458 END
START 10.180145459 -9.01416925049 4.61123239746 250.129770992 -56.4351145038 11.9160305344 END
START -3.99113416748 -10.3022497437 7.59201346436 250.129770992 -62.3816793893 6.34351145038 END
START -0.337582434082 -8.00142194824 9.96466730957 250.129770992 -66.4732824427 9.64885496183 END
START 3.69425316162 -9.63187327881 9.79228479004 250.129770992 -69.0229007634 0.93893129771 END
START -4.30716878662 -7.32625708008 6.24886633301 250.129770992 -71.8320610687 14.7786259542 END
START -1.20428343506 -11.5472346069 9.27513723145 250.129770992 -75.8320610687 9.81679389313 END
START 0.588973608398 -7.75242497559 9.64145008545 250.129770992 -72.4122137405 7.29007633588 END
START 2.40617266846 -8.06845959473 7.46751497803 250.129770992 -72.4427480916 11.8320610687 END
START -3.06697232666 -3.03824190674 6.78756170654 250.129770992 -70.3053435115 2.90839694656 END
START 1.25935007324 -10.5943423462 7.26400783691 250.129770992 -66.5038167939 10.2977099237 END
START 6.82347473145 -4.90811340332 11.5568114136 250.129770992 -70.7251908397 15.1755725191 END