START -6.94557901611 -9.07641849365 11.9853735107 250.129770992 -44.8167938931 2.37404580153 END
START 2.99993468018 -12.737152832 13.3309148437 250.129770992 -37.6183206107 5.62595419847 END
START 8.21211169434 -0.469263525391 8.35815799561 250.129770992 -41.3511450382 3.03816793893 END
START 2.08056124268 -19.2900827759 11.1545855347 250.129770992 -30.1450381679 -5.77099236641 END
START 4.77882651367 -14.1928274414 13.589488623 250.129770992 -39.0610687023 13.1603053435 END
START -2.75572611084 -13.1896569458 9.68933411865 250.129770992 -57.786259542 7.40458015267 END
START 4.92247861328 -5.89691868896 2.19548292236 250.129770992 -60.2519083969 0.160305343511 END
START -5.92325490723 -2.00634099121 7.14908615723 250.129770992 -54.7786259542 3.68702290076 END
START -5.00388146973 -5.1379567627 10.3309801636 250.129770992 -60.2977099237 -0.160305343511 END
START -1.59932670898 -5.92325490723 6.35899960937 250.129770992 -65.3816793893 10.4732824427 END
START -0.775721337891 -14.0802999634 6.1411272583 250.129770992 -65.7251908397 4.54198473282 END
START -0.586579406738 -7.85298144531 8.58560715332 250.129770992 -62.0305343511 5.83969465649 END
START -3.4069489624 -13.9366478638 3.79720383301 250.129770992 -71.8473282443 5.78625954198 END
START 1.49158763428 -4.21140072021 1.45088620605 250.129770992 -69.9465648855 12.1908396947 END
START 3.68228215332 -9.27992563477 5.30794508057 250.129770992 -85.7022900763 1.19847328244 END
START -8.36055219727 -6.1052142334 2.93529123535 250.129770992 -81.8549618321 11.3664122137 END
START -8.90164177246 -12.2607067017 8.38449421387 250.129770992 -88.6259541985 3.70992366412 END
START 5.00627567139 -10.3956236084 9.2176763916 250.129770992 -92.7557251908 3.76335877863 END
START 1.41736738281 -10.9079827637 9.85692823486 250.129770992 -102.290076336 -0.503816793893 END
START -3.05739552002 -9.47385596924 5.48511600342 250.129770992 -96.893129771 7.32061068702 END
START 1.39342536621 -9.58159504395 13.8528508057 250.129770992 -86.572519084 5.09160305344 END
START 5.75566079102 -8.88967076416 6.78037910156 250.129770992 -93.679389313 13.534351145 END
START 5.85382305908 -3.3470939209 8.02057556152 250.129770992 -96.2900763359 5.85496183206 END
START 1.18512982178 -9.93114848633 5.35343491211 250.129770992 -96.6106870229 10.1679389313 END
START 3.83790526123 -10.4171714233 3.18907661133 250.129770992 -104.610687023 3.9465648855 END
START -0.60573302002 -9.34935748291 10.539275708 250.129770992 -105.083969466 7.70229007634 END
START -3.67270534668 -9.4523081543 3.45483299561 250.129770992 -96.9541984733 2.83969465649 END
START -1.88184250488 -11.6477910767 9.32302126465 250.129770992 -95.6183206107 5.81679389313 END
START -0.706289489746 -15.6197716309 11.0229044434 250.129770992 -95.3053435115 11.4732824427 END
START 3.33272871094 -8.66222160645 5.58088406982 250.129770992 -98.4732824427 10.7404580153 END
START -1.2378022583 -16.1512843994 4.90093079834 250.129770992 -99.5496183206 18.3435114504 END
START 2.67671745605 -3.67749375 11.3078144409 250.129770992 -86.4427480916 1.74045801527 END
START 2.03028300781 -12.2391588867 8.2264769043 250.129770992 -78.5419847328 3.30534351145 END
START 2.02070620117 -10.0364933594 8.0277581665 250.129770992 -83.0458015267 9.76335877863 END
START 6.00705196533 -13.9534072754 15.2965544067 250.129770992 -92.7251908397 9.57251908397 END
START 4.67108743896 -7.35977590332 2.89937821045 250.129770992 -88.3358778626 3.97709923664 END
START 0.0598550415039 -6.38054742432 0.548272180176 250.129770992 -80.9694656489 7.25954198473 END
START 1.18273562012 -2.60967980957 11.4466781372 250.129770992 -80.213740458 9.19847328244 END
START -0.586579406738 -8.58560715332 9.88565865479 250.129770992 -79.893129771 2.46564885496 END
START 6.67264002686 -9.193734375 7.60877287598 250.129770992 -70.5648854962 8.18320610687 END
START 0.533906970215 -13.5631524048 9.94311949463 250.129770992 -75.3740458015 14.2519083969 END
START -7.58243665771 -13.857639209 6.06690700684 250.129770992 -69.5419847328 8.09923664122 END
START -6.24647213135 -12.6916630005 9.83298621826 250.129770992 -71.7938931298 6.65648854962 END
START -3.64397492676 -4.09169063721 8.32463917236 250.129770992 -66.3435114504 12.1832061069 END
START -4.19703551025 -13.4793553467 5.78199700928 250.129770992 -69.3740458015 7.32061068702 END
START -6.91924279785 -0.821211169434 7.45075556641 250.129770992 -61.0076335878 10.0458015267 END
START 6.96952103271 -10.0700121826 11.5663882202 250.129770992 -64.786259542 7.73282442748 END
START 3.89057769775 -18.7370221924 3.34230551758 250.129770992 -68.4427480916 8.70229007634 END
START 1.09175595703 -8.42519564209 12.3971761963 250.129770992 -62.2061068702 12.2442748092 END
START 1.8626888916 -6.11479104004 5.03261188965 250.129770992 -64.2519083969 5.35877862595 END
START -2.56658417969 -10.4889974731 10.2543657104 250.129770992 -53.1450381679 -5.15267175573 END
START -2.31998140869 -7.71651195068 9.85932243652 250.129770992 -55.0687022901 5.25954198473 END
START -0.210689746094 -8.68376942139 6.98388624268 250.129770992 -63.1908396947 10.427480916 END
START 1.70227738037 -13.1010714844 4.81713374023 250.129770992 -60.5954198473 2.29007633588 END
START 0.0383072265625 -10.1992990723 3.66791694336 250.129770992 -65.3358778626 5.50381679389 END
START 6.96952103271 -7.3669585083 5.25287844238 250.129770992 -64.0152671756 5.88549618321 END
START 0.878672009277 -4.12760366211 4.00310517578 250.129770992 -63.1755725191 3.98473282443 END
START -5.81551583252 -15.3899282715 7.70454094238 250.129770992 -54.6488549618 15.4732824427 END
START -1.92733233643 -3.92888492432 8.16901606445 250.129770992 -65.2977099237 3.7786259542 END
START -2.06619603271 -5.03500609131 14.9661545776 250.129770992 -79.0152671756 4.61832061069 END
START 3.55299526367 -6.07408961182 9.34217487793 250.129770992 -74.0305343511 5.99236641221 END
START -2.75572611084 -1.95366855469 8.16422766113 250.129770992 -79.1374045802 5.7786259542 END
START -4.39336004639 -6.58166036377 7.56328304443 250.129770992 -78.2671755725 10.4122137405 END
START -2.36786544189 -8.67179841309 4.71178886719 250.129770992 -76.4961832061 6.22900763359 END
START -5.38455953369 -15.217545752 4.44603248291 250.129770992 -87.5877862595 4.26717557252 END
START -1.65918175049 -10.3788641968 1.2856862915 250.129770992 -81.2977099237 16.5038167939 END
START 2.62404501953 -4.14436307373 6.39012423096 250.129770992 -103.480916031 2.76335877863 END
START -2.46602770996 -8.31745656738 13.2710598022 250.129770992 -96.8244274809 10.8396946565 END
START 8.43716665039 -10.9606552002 9.09796630859 250.129770992 -96.7709923664 12.2366412214 END
START -1.89141931152 -16.8240550659 3.27526787109 250.129770992 -97.3893129771 13.6488549618 END
START -1.8267758667 -7.94635531006 4.75967290039 250.129770992 -89.6335877863 9.31297709924 END
START -0.727837304687 -9.84974562988 9.30147344971 250.129770992 -100.717557252 4.45801526718 END
START -2.05183082275 -17.9445414429 7.32865128174 250.129770992 -101.72519084 12.893129771 END
START -4.42687886963 -4.47236870117 2.7581203125 250.129770992 -101.541984733 11.8854961832 END
START -0.430956298828 -9.73721815186 6.98149204102 250.129770992 -107.183206107 9.17557251908 END
START 4.42927307129 -6.4475850708 4.3023803833 250.129770992 -104.641221374 10.320610687 END
START -6.14830986328 -14.5519576904 6.01184036865 250.129770992 -101.908396947 0.435114503817 END
START -0.00957680664062 -10.800243689 7.11796153564 250.129770992 -89.5419847328 2.96183206107 END
START 4.8434699585 -1.73579620361 5.18823499756 250.129770992 -95.1450381679 6.80916030534 END
START -1.83156427002 -5.02782348633 9.96945571289 250.129770992 -90.9007633588 16.2061068702 END
START 0.277727392578 -9.74200655518 12.758700647 250.129770992 -79.2519083969 10.7328244275 END
START 1.71424838867 -8.93994899902 5.71017095947 250.129770992 -74.7251908397 2.0534351145 END
START -4.96796844482 -4.20182391357 9.77552537842 250.129770992 -73.3435114504 4.32061068702 END
START 2.01591779785 -16.1441017944 10.7882726807 250.129770992 -76.3358778626 10.0305343511 END
START -8.93755479736 -1.01992990723 7.55849464111 250.129770992 -82.2290076336 5.29770992366 END
START -4.55855996094 -12.1673328369 13.2423293823 250.129770992 -72.7099236641 9.59541984733 END
START 0.835576379395 -10.0436759644 13.1298019043 250.129770992 -76.7480916031 2.63358778626 END
START -1.03429511719 -13.0867062744 9.57680664062 250.129770992 -68.6106870229 5.5572519084 END
START 4.69742365723 -3.86424147949 2.96162745361 250.129770992 -70.2366412214 13.2213740458 END
START 3.18907661133 -11.279084021 6.88332977295 250.129770992 -62.3893129771 6.54961832061 END
START 0.533906970215 -16.668431958 8.93037219238 250.129770992 -64.0839694656 1.0 END
START -1.49877023926 -8.07085379639 6.64151540527 250.129770992 -65.4961832061 7.93893129771 END
START -3.04303031006 -12.2846487183 12.2271878784 250.129770992 -62.3893129771 7.98473282443 END
START 4.74530769043 -3.89776030273 2.28406838379 250.129770992 -56.4198473282 15.5190839695 END
START 4.44124407959 -13.2351467773 15.9765076782 250.129770992 -62.8396946565 6.85496183206 END
START -2.90416661377 -10.7978494873 9.93114848633 250.129770992 -50.7251908397 7.84732824427 END
START -5.36061751709 -8.42998404541 7.68778153076 250.129770992 -56.9923664122 9.71755725191 END
START -2.49715233154 -11.1881043579 11.4107651123 250.129770992 -60.4503816794 -0.893129770992 END
START 2.23618435059 -7.94874951172 12.2966197266 250.129770992 -53.5496183206 7.32061068702 END
START -2.63122762451 -12.744335437 9.02135185547 250.129770992 -71.5801526718 12.3740458015 END
START 3.53863005371 -5.03500609131 6.48110389404 250.129770992 -54.0763358779 4.48091603053 END
START -9.03332286377 -7.89368287354 15.0307980225 250.129770992 -62.9618320611 16.0916030534 END
START 7.5896192627 -4.95360323486 7.32386287842 250.129770992 -74.5114503817 0.847328244275 END
START 1.88423670654 -6.0932432251 9.55047042236 250.129770992 -65.7099236641 2.56488549618 END
START 1.19470662842 -11.4849853638 10.060435376 250.129770992 -61.1908396947 8.38167938931 END
START -6.28717355957 -6.60320817871 6.742071875 250.129770992 -69.6106870229 8.32824427481 END
START 8.98543883057 -15.8951048218 6.28717355957 250.129770992 -66.213740458 3.16030534351 END
START 0.440533105469 -10.9319247803 13.2207815674 250.129770992 -77.6717557252 5.93129770992 END
START 3.57933148193 -8.51856950684 1.30005150146 250.129770992 -64.8854961832 11.2061068702 END
START -4.11323845215 -8.86812294922 7.35977590332 250.129770992 -79.465648855 -4.50381679389 END
START 3.84987626953 -7.34062229004 6.50504591064 250.129770992 -76.7786259542 7.93893129771 END
START -5.53778843994 -2.31040460205 7.52497581787 250.129770992 -81.7328244275 9.12977099237 END
START -5.07331331787 -10.1849338623 3.18189400635 250.129770992 -84.6946564885 2.57251908397 END
START 3.75650240479 -17.1616375 5.69101734619 250.129770992 -92.1679389313 9.52671755725 END
START -1.05823713379 -6.25126053467 10.5727945312 250.129770992 -82.7938931298 -2.09160305344 END
START 1.69030637207 -18.7298395874 11.8465098145 250.129770992 -85.1908396947 8.95419847328 END
START 1.58496149902 -7.61595548096 14.4921026489 250.129770992 -79.7251908397 12.1221374046 END
START -4.290409375 -8.2264769043 4.40293685303 250.129770992 -83.893129771 14.5267175573 END
START 3.58411988525 -7.16584556885 6.27041414795 250.129770992 -85.3053435115 5.6106870229 END
START -5.38695373535 -6.63912120361 11.4730143555 250.129770992 -88.5877862595 8.27480916031 END
START -1.36948334961 -11.0420580566 3.37582434082 250.129770992 -76.4961832061 10.8702290076 END
START -2.75333190918 -5.71495936279 11.9781909058 250.129770992 -80.786259542 18.9083969466 END
START -0.220266552734 -7.11317313232 4.8314989502 250.129770992 -94.9465648855 9.37404580153 END
START 0.126892687988 -16.1584670044 8.66701000977 250.129770992 -91.4503816794 4.39694656489 END
START -6.44519086914 -6.28956776123 12.3205617432 250.129770992 -106.160305344 9.15267175573 END
START 10.4171714233 -9.41400092773 3.7134067749 250.129770992 -104.335877863 4.6106870229 END
START -0.196324536133 -4.48673391113 7.4268135498 250.129770992 -103.870229008 3.85496183206 END
START 2.38462485352 -11.1258551147 4.09647904053 250.129770992 -103.885496183 3.20610687023 END
START 5.42286676025 -5.20260020752 5.06852491455 250.129770992 -104.106870229 6.56488549618 END
START -4.07493122559 -2.02788880615 7.50342800293 250.129770992 -104.778625954 4.00763358779 END
START 5.2217538208 -15.2223341553 14.3412679443 250.129770992 -103.427480916 7.74045801527 END
START 1.69988317871 -4.3622354248 4.15393988037 250.129770992 -99.7251908397 9.00763358779 END
START 1.10851536865 -16.922217334 8.08282480469 250.129770992 -93.1526717557 10.8702290076 END
START 2.20027132568 -12.5480109009 1.61608612061 250.129770992 -93.6488549618 5.64122137405 END
START -6.27520255127 -3.0765491333 8.98783303223 250.129770992 -94.5267175573 7.03816793893 END
START 1.56341368408 -12.4953384644 10.6182843628 250.129770992 -85.4809160305 17.4427480916 END
START 2.7461493042 -9.49540378418 11.4562549438 250.129770992 -83.8320610687 10.5190839695 END
START -5.09964953613 -13.5463929932 9.20331118164 250.129770992 -76.4045801527 11.7938931298 END
START 3.04781871338 -4.94642062988 9.77552537842 250.129770992 -68.4580152672 13.641221374 END
START -3.65834013672 -9.10754311523 3.72058937988 250.129770992 -68.3969465649 13.9694656489 END
START 13.8815812256 -1.01514150391 5.60243188477 250.129770992 -68.5496183206 7.5572519084 END
START -6.66306322021 -7.79791480713 10.553640918 250.129770992 -65.465648855 15.7251908397 END
START -8.43716665039 -7.88889447021 9.89762966309 250.129770992 -71.8473282443 10.358778626 END
START 2.02310040283 -10.1107136108 5.24809003906 250.129770992 -69.106870229 5.50381679389 END
START -2.1691467041 -5.55694205322 7.30231506348 250.129770992 -64.8167938931 3.90839694656 END