START 1.32159931641 -6.14352145996 8.91361278076 250.129770992 -32.213740458 3.22900763359 END
START -1.99915838623 -11.4634375488 6.69179364014 250.129770992 -50.5954198473 7.31297709924 END
START -1.45088620605 -6.11000263672 14.7123692017 250.129770992 -37.8091603053 10.7404580153 END
START -3.42849677734 -6.99825145264 4.69263525391 250.129770992 -42.5572519084 -1.39694656489 END
START -5.94480272217 -2.95683905029 8.79150849609 250.129770992 -33.4122137405 8.41984732824 END
START -1.60890351563 -4.48194550781 5.95437952881 250.129770992 -45.7938931298 2.88549618321 END
START -2.57616098633 -6.85459935303 8.46350286865 250.129770992 -45.7022900763 -3.78625954198 END
START 1.75973822021 -8.27196673584 3.33751711426 250.129770992 -67.2290076336 2.41221374046 END
START -4.26407315674 -12.1697270386 2.47799871826 250.129770992 -68.6335877863 0.0381679389313 END
START -2.40138426514 -13.1800801392 5.7987564209 250.129770992 -79.0076335878 5.0534351145 END
START -4.12999786377 -7.95832631836 6.05014759521 250.129770992 -80.0 2.7786259542 END
START -6.94797321777 -8.14507404785 4.39096584473 250.129770992 -79.4351145038 11.0305343511 END
START -3.62242711182 -12.0667763672 11.4442839355 250.129770992 -78.7709923664 -0.343511450382 END
START 3.04781871338 -9.36372269287 12.8520745117 250.129770992 -81.0152671756 2.97709923664 END
START -3.94564433594 -7.16345136719 7.94635531006 250.129770992 -99.1908396947 14.679389313 END
START -0.143652099609 -5.20738861084 2.19069451904 250.129770992 -98.1755725191 0.931297709924 END
START -5.05176550293 -7.37653531494 8.21211169434 250.129770992 -103.06870229 6.81679389313 END
START -7.26400783691 -0.864306799316 4.68066424561 250.129770992 -94.0 10.9923664122 END
START -4.82431634521 -10.8193973022 9.47864437256 250.129770992 -105.015267176 0.114503816794 END
START -0.974440075684 -9.25119521484 15.0810762573 250.129770992 -107.427480916 5.77099236641 END
START -8.35576379395 -6.80910952148 10.1514150391 250.129770992 -92.9312977099 10.1526717557 END
START 0.284909997559 -12.9693903931 2.81318695068 250.129770992 -105.167938931 10.2748091603 END
START -7.99902774658 -7.90325968018 7.601590271 250.129770992 -104.79389313 2.72519083969 END
START -5.14274516602 -11.0013566284 8.80826790771 250.129770992 -104.427480916 -2.04580152672 END
START 6.64869801025 -15.4066876831 5.38455953369 250.129770992 -104.427480916 16.3435114504 END
START 2.8299463623 -14.0491753418 5.80593902588 250.129770992 -104.954198473 1.28244274809 END
START 3.26090266113 -9.55525882568 10.0029745361 250.129770992 -104.236641221 6.99236641221 END
START -2.46842191162 -9.57441243896 3.80917484131 250.129770992 -102.320610687 8.58015267176 END
START -3.65594593506 -15.8639802002 9.10993731689 250.129770992 -107.778625954 -3.90839694656 END
START 7.51300480957 -7.94156690674 6.4595560791 250.129770992 -108.312977099 12.3816793893 END
START -0.0430956298828 -10.7667248657 3.56017786865 250.129770992 -109.946564885 4.43511450382 END
START 3.27766207275 -9.24401260986 3.09091434326 250.129770992 -101.977099237 11.1755725191 END
START -1.22343704834 -10.6446205811 11.0157218384 250.129770992 -103.557251908 14.2366412214 END
START 1.84832368164 -13.6325842529 3.44525618896 250.129770992 -113.610687023 11.7099236641 END
START 3.1004911499 -15.6269542358 12.758700647 250.129770992 -102.847328244 -3.1679389313 END
START 3.60327349854 -12.9406599731 6.30153876953 250.129770992 -103.671755725 12.2824427481 END
START 8.10197841797 -12.1026893921 4.58729038086 250.129770992 -104.732824427 9.53435114504 END
START 1.68072956543 -7.32146867676 11.8800286377 250.129770992 -102.641221374 11.2900763359 END
START 3.26090266113 -6.55053574219 8.95670841064 250.129770992 -103.65648855 3.10687022901 END
START 1.03668931885 -8.78432589111 8.12113203125 250.129770992 -104.145038168 10.8702290076 END
START 3.38779534912 -12.512097876 9.45709655762 250.129770992 -103.320610687 4.29007633588 END
START 5.61679709473 -3.73495458984 9.03811126709 250.129770992 -103.961832061 7.42748091603 END
START -2.85628258057 -8.38210001221 16.9557361572 250.129770992 -104.511450382 2.32061068702 END
START -3.25372005615 -4.55855996094 3.45004459229 250.129770992 -93.5190839695 12.3282442748 END
START -5.01824667969 -7.38850632324 9.13866773682 250.129770992 -83.3358778626 5.06106870229 END
START -0.387860668945 -8.35336959229 10.292672937 250.129770992 -69.6259541985 0.709923664122 END
START -6.08366641846 0.14604630127 8.46350286865 250.129770992 -78.4427480916 -0.732824427481 END
START 0.565031591797 -9.07641849365 6.4356140625 250.129770992 -74.106870229 11.9236641221 END
START -4.2544963501 -5.61679709473 7.27119044189 250.129770992 -72.7251908397 10.0687022901 END
START -9.17936916504 -10.912771167 12.378022583 250.129770992 -81.1145038168 3.5572519084 END
START -6.36139381104 -7.38850632324 11.2240173828 250.129770992 -62.3435114504 5.90839694656 END
START -3.38779534912 -3.1244331665 4.94642062988 250.129770992 -77.5877862595 4.28244274809 END
START 1.88902510986 -10.7068698242 6.18422288818 250.129770992 -57.0610687023 16.4503816794 END
START -1.75973822021 -10.038887561 9.32302126465 250.129770992 -46.1526717557 11.7022900763 END
START -1.55383687744 -10.8792523438 6.01184036865 250.129770992 -51.4045801527 11.2900763359 END
START 1.59693250732 -15.0978356689 11.2838724243 250.129770992 -52.7480916031 1.64885496183 END
START -3.64876333008 -7.6255322876 6.7660138916 250.129770992 -55.4427480916 17.2290076336 END
START 3.79720383301 -13.9390420654 8.75080706787 250.129770992 -49.1145038168 4.09923664122 END
START -3.66312854004 -12.5887123291 11.6094838501 250.129770992 -39.6641221374 6.72519083969 END
START -0.751779321289 -8.5568767334 13.0603700562 250.129770992 -49.320610687 13.1908396947 END
START 2.66235224609 -0.31124621582 4.6447512207 250.129770992 -58.4732824427 4.5572519084 END
START 2.59770880127 -10.532093103 5.03979449463 250.129770992 -57.6183206107 10.6717557252 END
START -3.05021291504 -12.8496803101 5.78917961426 250.129770992 -61.9312977099 8.52671755725 END
START -2.37504804687 -2.78924493408 2.53545955811 250.129770992 -66.4198473282 3.82442748092 END
START 1.2497732666 -6.98628044434 8.19295808105 250.129770992 -75.0152671756 10.4045801527 END
START -2.44926829834 -10.9678378052 8.41561883545 250.129770992 -70.2977099237 15.1374045802 END
START 0.656011254883 -10.5727945312 2.64319863281 250.129770992 -66.7633587786 1.38167938931 END
START 1.01992990723 -11.3604868774 9.63905588379 250.129770992 -81.2977099237 -2.76335877863 END
START 2.42532628174 -8.55208833008 9.30386765137 250.129770992 -86.4503816794 11.0992366412 END
START 3.36864173584 -4.84586416016 12.1601502319 250.129770992 -86.2748091603 3.09160305344 END
START 2.78685073242 -11.3317564575 5.86100566406 250.129770992 -84.8549618321 17.0687022901 END
START 6.44279666748 -3.52187064209 11.4778027588 250.129770992 -94.3664122137 2.28244274809 END
START -8.94473740234 -19.6133 10.0077629395 250.129770992 -93.1679389313 14.1984732824 END
START -2.16675250244 -4.63038601074 4.34068760986 250.129770992 -96.9083969466 6.60305343511 END
START 4.61841500244 -13.6349784546 4.59207878418 250.129770992 -97.641221374 13.0763358779 END
START -1.02232410889 -4.14196887207 8.28393774414 250.129770992 -105.091603053 3.24427480916 END
START -0.596156213379 -7.05571229248 10.1298672241 250.129770992 -101.687022901 -0.580152671756 END
START 3.01190568848 -7.41244833984 7.84101043701 250.129770992 -104.694656489 0.786259541985 END
START -2.91853182373 -6.14830986328 8.88967076416 250.129770992 -105.007633588 5.06106870229 END
START 0.656011254883 -12.6222311523 4.59447298584 250.129770992 -104.427480916 10.1374045802 END
START 3.83072265625 -11.2575362061 10.0652237793 250.129770992 -102.41221374 17.4885496183 END
START -1.39821376953 -6.02859978027 9.09557210693 250.129770992 -103.984732824 16.1297709924 END
START 6.55053574219 -8.39646522217 4.94402642822 250.129770992 -104.694656489 9.64885496183 END
START -0.0646434448242 -10.9869914185 17.7194864868 250.129770992 -104.099236641 8.64122137405 END
START -1.38384855957 -10.1083194092 11.6621562866 250.129770992 -105.839694656 5.5572519084 END
START 4.35744702148 -11.532869397 6.46195028076 250.129770992 -104.908396947 8.67175572519 END
START 0.383072265625 -4.59926138916 9.60074865723 250.129770992 -104.427480916 0.679389312977 END
START 0.964863269043 -12.4881558594 8.56645354004 250.129770992 -97.2366412214 11.9465648855 END
START 6.53617053223 -5.8226984375 8.36294639893 250.129770992 -91.7938931298 7.82442748092 END
START -2.57855518799 -9.63426748047 11.6286374634 250.129770992 -84.0229007634 12.4809160305 END
START 4.17788189697 -9.08120689697 9.1817633667 250.129770992 -87.0152671756 21.0229007634 END
START -4.83389315186 -4.90093079834 7.60877287598 250.129770992 -70.5038167939 4.69465648855 END
START 3.61285030518 -9.03092866211 12.758700647 250.129770992 -67.1297709924 7.35877862595 END
START 7.52258161621 -5.59046087646 6.05254179687 250.129770992 -67.4122137405 11.5954198473 END
START 3.63679232178 -7.55131203613 7.39808312988 250.129770992 -73.786259542 7.61832061069 END
START -4.02704719238 -7.31189187012 11.8584808228 250.129770992 -54.0839694656 10.2519083969 END
START 6.43800826416 -6.64151540527 10.3453453735 250.129770992 -59.9923664122 9.20610687023 END
START -1.90099611816 -5.00627567139 4.37420643311 250.129770992 -50.4961832061 4.38167938931 END
START 0.584185205078 -9.86411083984 11.3341506592 250.129770992 -46.1145038168 8.35877862595 END
START 2.17393510742 -9.5480762207 14.2431056763 250.129770992 -55.7251908397 2.54961832061 END
START -3.41173736572 -10.9343189819 5.60482608643 250.129770992 -54.0534351145 11.0305343511 END
START 1.17076461182 -12.7778542603 9.81383260498 250.129770992 -52.786259542 18.8320610687 END
START 2.23139594727 -15.7897599487 8.53054051514 250.129770992 -51.6870229008 1.04580152672 END
START -2.11408006592 -3.20823022461 8.41561883545 250.129770992 -50.2061068702 13.0076335878 END
START -4.81952794189 -11.4442839355 2.83234056396 250.129770992 -54.1603053435 5.48091603053 END
START 3.60327349854 -7.16823977051 5.97353314209 250.129770992 -47.6946564885 8.72519083969 END
START 1.57059628906 -6.66066901855 6.67742843018 250.129770992 -56.3969465649 13.9618320611 END
START -8.15465085449 -8.84657513428 8.87291135254 250.129770992 -65.3282442748 4.58778625954 END
START 0.952892260742 -6.7301008667 8.42040723877 250.129770992 -69.5038167939 -3.95419847328 END
START 4.16351668701 -14.829685083 0.31364041748 250.129770992 -68.1297709924 12.5267175573 END
START 0.890643017578 -12.9215063599 10.2759135254 250.129770992 -66.1526717557 13.2977099237 END
START -12.7850368652 -9.23922420654 5.5760956665 250.129770992 -78.9618320611 6.03816793893 END
START 0.938527050781 -6.80910952148 11.0013566284 250.129770992 -73.3664122137 4.27480916031 END
START 0.45729251709 -7.71651195068 11.0707884766 250.129770992 -78.6946564885 5.84732824427 END
START 5.20499440918 -3.6056677002 5.53778843994 250.129770992 -75.1145038168 9.47328244275 END
START 4.96078583984 -9.59117185059 -0.648828649902 250.129770992 -75.4351145038 3.56488549618 END
START 5.36540592041 -11.0540290649 16.534356665 250.129770992 -84.9541984733 9.30534351145 END
START -6.68700523682 -1.19231242676 9.55047042236 250.129770992 -85.0687022901 10.6717557252 END
START 0.232237561035 -3.55778366699 7.24485422363 250.129770992 -97.2366412214 -5.64885496183 END
START 5.63595070801 -2.4875755249 7.27358464355 250.129770992 -88.0916030534 6.75572519084 END
START 0.785298144531 -15.1696617187 9.97663831787 250.129770992 -103.633587786 16.5419847328 END
START 1.61848032227 -8.73165345459 7.17302817383 250.129770992 -95.9465648855 3.3893129771 END
START 1.83395847168 -12.8951701416 8.31506236572 250.129770992 -99.106870229 10.2824427481 END
START 1.24259066162 -3.00232888184 9.43315454102 250.129770992 -104.79389313 10.3053435115 END
START 1.34075292969 -11.6956751099 8.91361278076 250.129770992 -102.763358779 6.88549618321 END
START 0.672770666504 -16.2566292725 2.01352359619 250.129770992 -105.145038168 -7.79389312977 END
START -3.25850845947 -10.5009684814 7.17063397217 250.129770992 -103.633587786 9.27480916031 END
START 0.117315881348 -10.0724063843 3.43328518066 250.129770992 -102.603053435 2.40458015267 END
START 2.44447989502 -13.3548568604 5.11640894775 250.129770992 -104.13740458 5.34351145038 END
START 6.84741674805 -3.03345350342 3.81396324463 250.129770992 -104.419847328 19.1832061069 END
START 7.46272657471 -5.25527264404 8.07803640137 250.129770992 -104.435114504 14.5190839695 END
START 4.08211383057 -16.0196033081 11.6142722534 250.129770992 -104.473282443 11.6564885496 END
START 2.89937821045 -13.371616272 8.12352623291 250.129770992 -104.045801527 6.98473282443 END
START 1.88423670654 -8.92558378906 4.69263525391 250.129770992 -105.374045802 18.8320610687 END
START 2.87543619385 -6.46434448242 6.40209523926 250.129770992 -104.450381679 4.10687022901 END
START 8.76038387451 -4.08450803223 5.50666381836 250.129770992 -105.106870229 1.78625954198 END
START -0.136469494629 -7.85298144531 14.3269027344 250.129770992 -105.450381679 12.3969465649 END
START 5.68144053955 -10.7619364624 8.14986245117 250.129770992 -97.0610687023 3.26717557252 END
START 0.244208569336 -10.8337625122 7.40765993652 250.129770992 -84.6946564885 12.0152671756 END
START 5.75566079102 -16.7713826294 15.1696617187 250.129770992 -80.0839694656 18.5496183206 END
START 1.88902510986 -10.1849338623 8.5329347168 250.129770992 -68.4122137405 -2.99236641221 END
START 2.38941325684 -9.81383260498 10.6853220093 250.129770992 -59.572519084 11.5954198473 END