START -5.02782348633 -6.18182868652 13.3620394653 250.129770992 -56.1526717557 8.1679389313 END
START -0.330399829102 -5.81312163086 6.988674646 250.129770992 -56.4503816794 14.2977099237 END
START -1.54186586914 -9.80904420166 4.18506450195 250.129770992 -50.5801526718 15.4503816794 END
START -8.5688477417 -5.8346694458 8.14507404785 250.129770992 -58.8473282443 12.8473282443 END
START -2.60728560791 -16.4385885986 10.42674823 250.129770992 -60.1221374046 6.74809160305 END
START -2.03028300781 -6.84502254639 7.42441934814 250.129770992 -69.2671755725 1.20610687023 END
START -6.57208355713 -6.988674646 13.3548568604 250.129770992 -66.6259541985 7.58015267176 END
START -2.65756384277 -12.4067530029 11.3652752808 250.129770992 -69.3969465649 6.29007633588 END
START -6.37097061768 -2.10210905762 3.36145913086 250.129770992 -71.7022900763 14.2442748092 END
START -4.06056601562 -12.1745154419 8.9231895874 250.129770992 -69.3282442748 0.145038167939 END
START 0.328005627441 -8.10916102295 5.66228692627 250.129770992 -75.2900763359 15.3816793893 END
START 0.292092602539 -9.11951412354 3.78762702637 250.129770992 -70.1526717557 6.75572519084 END
START -0.981622680664 -14.3891519775 11.2144405762 250.129770992 -76.2290076336 7.76335877863 END
START -6.06451280518 -10.8026378906 7.0844427124 250.129770992 -81.0916030534 3.98473282443 END
START -0.045489831543 -6.54095893555 9.44512554932 250.129770992 -88.7022900763 5.12977099237 END
START -4.57531937256 -10.0053687378 14.2933839111 250.129770992 -73.8854961832 7.48854961832 END
START -2.55221896973 -7.84101043701 7.27597884521 250.129770992 -68.2366412214 7.70229007634 END
START -2.49715233154 -6.83305153809 9.2296473999 250.129770992 -81.2671755725 12.9083969466 END
START -3.76847341309 -16.4601364136 4.98472785645 250.129770992 -77.2519083969 5.07633587786 END
START -1.60890351563 -18.6843497559 7.39808312988 250.129770992 -80.320610687 4.17557251908 END
START 4.75009609375 -6.52659372559 7.02698187256 250.129770992 -79.465648855 11.8854961832 END
START 5.54736524658 -11.7100403198 4.87459458008 250.129770992 -77.4427480916 11.7175572519 END
START -4.14196887207 -12.0236807373 1.69748897705 250.129770992 -87.2442748092 5.93129770992 END
START -5.82748684082 -11.1497971313 9.02853446045 250.129770992 -101.328244275 3.9465648855 END
START -2.17154090576 -7.81946262207 6.53856473389 250.129770992 -89.465648855 7.2213740458 END
START -4.8314989502 -7.86974085693 0.672770666504 250.129770992 -93.7786259542 8.64122137405 END
START 3.0885201416 -9.31583865967 8.50181009521 250.129770992 -103.641221374 3.46564885496 END
START 3.21301862793 -8.76517227783 5.24809003906 250.129770992 -104.435114504 2.47328244275 END
START -2.46123930664 -10.8864349487 9.99818613281 250.129770992 -104.877862595 11.1908396947 END
START 3.97437475586 -2.89937821045 7.16584556885 250.129770992 -104.297709924 12.8091603053 END
START 7.69017573242 -3.82114584961 12.1098719971 250.129770992 -104.213740458 12.1755725191 END
START 1.74297880859 -9.28231983643 5.86339986572 250.129770992 -103.977099237 14.5648854962 END
START -1.08217915039 -8.54011732178 6.3877300293 250.129770992 -104.954198473 -1.06870229008 END
START -4.06056601562 -3.29442148437 7.74524237061 250.129770992 -104.442748092 0.511450381679 END
START -0.0646434448242 -10.4147772217 8.66222160645 250.129770992 -104.27480916 7.9465648855 END
START 2.16196409912 -9.89284125977 0.632069238281 250.129770992 -105.34351145 11.3740458015 END
START 2.03267720947 -10.1250788208 8.10197841797 250.129770992 -113.145038168 9.83969465649 END
START 5.14274516602 -10.2256352905 10.7427828491 250.129770992 -106.381679389 14.5877862595 END
START 1.13485158691 -6.11957944336 -1.11330377197 250.129770992 -105.687022901 10.427480916 END
START 3.46919820557 -7.61834968262 9.32302126465 250.129770992 -104.244274809 7.30534351145 END
START 1.19231242676 -5.20020600586 8.07803640137 250.129770992 -104.748091603 7.20610687023 END
START 0.0502782348633 -10.5225162964 7.12274993896 250.129770992 -104.389312977 -5.3358778626 END
START 0.502782348633 -9.23922420654 7.52018741455 250.129770992 -104.152671756 -2.28244274809 END
START -7.10359632568 -12.1338140137 11.0827594849 250.129770992 -104.427480916 11.8473282443 END
START -4.12042105713 -4.48433970947 13.1657149292 250.129770992 -100.175572519 -0.725190839695 END
START 2.16675250244 -13.230358374 6.87854136963 250.129770992 -104.832061069 3.74809160305 END
START 7.43878455811 -8.66461580811 9.17458076172 250.129770992 -91.7175572519 8.68702290076 END
START -5.26006104736 -10.3094323486 8.44434925537 250.129770992 -74.9312977099 5.70992366412 END
START 1.10851536865 -12.0643821655 13.3285206421 250.129770992 -69.0916030534 4.81679389313 END
START -4.53222374268 -4.30477458496 4.02944139404 250.129770992 -78.3740458015 11.1450381679 END
START 2.10450325928 -8.99262143555 12.2056400635 250.129770992 -59.7709923664 10.4122137405 END
START 2.65038123779 -7.31189187012 10.5129394897 250.129770992 -69.7251908397 14.5801526718 END
START -1.81241065674 -10.0891657959 9.87608184814 250.129770992 -61.0992366412 10.3511450382 END
START -3.51947644043 -4.21140072021 5.70777675781 250.129770992 -47.1221374046 3.43511450382 END
START -3.83790526123 -9.80665 5.08049592285 250.129770992 -49.6335877863 12.4198473282 END
START 4.98233365479 -11.3461216675 11.5903302368 250.129770992 -52.0305343511 1.93129770992 END
START -2.68150585937 -10.3525279785 8.21929429932 250.129770992 -43.0687022901 1.2213740458 END
START -1.13963999023 -10.1490208374 10.6111017578 250.129770992 -44.0229007634 8.92366412214 END
START 2.09492645264 -0.117315881348 8.09000740967 250.129770992 -44.0 10.8473282443 END
START 1.95606275635 -15.442600708 10.7595422607 250.129770992 -36.7328244275 6.67938931298 END
START -5.5521536499 -3.87860668945 7.51300480957 250.129770992 -53.0992366412 5.27480916031 END
START 0.691924279785 -7.36456430664 0.893037219238 250.129770992 -52.7557251908 -1.19847328244 END
START 3.62242711182 -7.75242497559 6.85699355469 250.129770992 -52.572519084 5.00763358779 END
START 9.2176763916 -10.2519715088 3.7134067749 250.129770992 -54.1297709924 0.923664122137 END
START -1.47722242432 -7.93438430176 4.0557776123 250.129770992 -65.0458015267 7.07633587786 END
START -2.29843359375 -10.9606552002 5.40610734863 250.129770992 -58.8091603053 5.89312977099 END
START 4.3143513916 -5.53300003662 5.86579406738 250.129770992 -66.2442748092 -3.0 END
START -2.30801040039 -8.40364782715 4.9152960083 250.129770992 -75.9618320611 9.57251908397 END
START 2.7700913208 -9.65342109375 8.27196673584 250.129770992 -65.4732824427 5.6641221374 END
START 8.48983908691 -5.31991608887 11.1641623413 250.129770992 -79.4427480916 5.99236641221 END
START 9.25837781982 -11.9805851074 1.92972653809 250.129770992 -73.8244274809 6.58015267176 END
START -1.73819040527 -7.01979926758 5.48751020508 250.129770992 -87.6488549618 -0.0916030534351 END
START -1.78128603516 -11.6549736816 6.16267507324 250.129770992 -79.0763358779 3.17557251908 END
START -3.26090266113 -7.58004245605 8.09958421631 250.129770992 -88.6564885496 11.3435114504 END
START -0.15801730957 -7.68778153076 9.73721815186 250.129770992 -103.93129771 7.83969465649 END
START -3.21062442627 -6.21774171143 7.74763657227 250.129770992 -101.022900763 5.01526717557 END
START -2.30561619873 -8.51617530518 10.5009684814 250.129770992 -99.2977099237 -0.328244274809 END
START -4.07493122559 -10.9750204102 1.91775552979 250.129770992 -97.1221374046 5.02290076336 END
START 1.70467158203 -19.5869637817 3.39018955078 250.129770992 -103.633587786 5.02290076336 END
START 2.23857855225 -7.81467421875 4.16112248535 250.129770992 -104.213740458 5.49618320611 END
START 6.20816490479 -8.36534060059 6.57926616211 250.129770992 -104.580152672 15.5267175573 END
START 0.675164868164 -5.06373651123 5.56173045654 250.129770992 -103.946564885 7.72519083969 END
START 0.442927307129 -6.19379969482 5.12119735107 250.129770992 -104.526717557 5.12213740458 END
START 0.852335791016 -7.5896192627 11.1186725098 250.129770992 -104.229007634 14.8702290076 END
START -0.490811340332 -7.41963094482 7.80509741211 250.129770992 -104.167938931 10.0152671756 END
START 1.21625444336 -4.72615407715 6.13155045166 250.129770992 -107.312977099 13.6030534351 END
START 0.830787976074 -4.79319172363 14.0252333252 250.129770992 -104.526717557 13.4351145038 END
START 6.81150372314 -15.4306296997 10.6948988159 250.129770992 -104.122137405 5.79389312977 END
START 7.53215842285 -6.92163699951 4.8793829834 250.129770992 -104.061068702 -1.56488549618 END
START 6.69897624512 -11.8824228394 9.92396588135 250.129770992 -104.625954198 8.89312977099 END
START 1.63045133057 -14.6405431519 10.785878479 250.129770992 -105.022900763 3.3893129771 END
START 3.6535517334 -13.5439987915 7.41005413818 250.129770992 -104.877862595 17.0763358779 END
START -0.00718260498047 -4.68066424561 9.02853446045 250.129770992 -100.526717557 5.67175572519 END
START 3.6176387085 -8.84896933594 7.108384729 250.129770992 -78.6030534351 11.6106870229 END
START 7.34541069336 -6.13633885498 7.64708010254 250.129770992 -85.8320610687 5.35114503817 END
START 3.9480385376 -8.23365950928 6.48110389404 250.129770992 -77.6259541985 2.92366412214 END
START 6.84023414307 -14.5447750854 9.92875428467 250.129770992 -73.6106870229 4.74809160305 END
START -1.8148048584 -10.180145459 10.4722380615 250.129770992 -71.9007633588 2.01526717557 END
START -1.66157595215 -11.9734025024 6.31111557617 250.129770992 -58.465648855 8.69465648855 END
START -4.98233365479 -7.30231506348 15.4737253296 250.129770992 -59.8091603053 3.22900763359 END
START 2.55940157471 -10.4028062134 9.19134017334 250.129770992 -49.9160305344 -5.72519083969 END
START 7.75960758057 -11.7914431763 13.7882073608 250.129770992 -51.9312977099 12.358778626 END
START -1.84353527832 -13.7977841675 7.81706842041 250.129770992 -40.1145038168 1.12977099237 END