START -5.09725533447 -6.98388624268 8.44674345703 250.129770992 -66.0229007634 15.8320610687 END
START 3.46201560059 -14.3795751709 12.0691705688 250.129770992 -66.5801526718 11.106870229 END
START 3.95761534424 -10.2639425171 10.4171714233 250.129770992 -62.7328244275 6.74045801527 END
START -3.69185895996 -12.0236807373 6.47631549072 250.129770992 -65.7709923664 15.8473282443 END
START -2.32476981201 -3.21301862793 11.6669446899 250.129770992 -63.6106870229 9.01526717557 END
START -1.47482822266 -14.0587521484 6.44519086914 250.129770992 -62.4809160305 14.0229007634 END
START 11.4227361206 -9.1817633667 9.93833109131 250.129770992 -71.4809160305 4.87022900763 END
START 2.7700913208 -11.3652752808 7.88889447021 250.129770992 -70.3511450382 2.03816793893 END
START 5.38216533203 -7.3310454834 7.54652363281 250.129770992 -72.1145038168 -4.28244274809 END
START -1.61848032227 -5.7748144043 8.99501563721 250.129770992 -77.9923664122 14.213740458 END
START -0.878672009277 -9.64623848877 5.30076247559 250.129770992 -58.6488549618 11.2213740458 END
START -1.71664259033 -8.19774648437 9.32541546631 250.129770992 -67.0381679389 14.1526717557 END
START 7.41244833984 -10.2400005005 12.8520745117 250.129770992 -78.5496183206 15.4122137405 END
START -5.85382305908 -9.37090529785 6.13155045166 250.129770992 -76.2900763359 8.0 END
START -4.54658895264 -11.1162783081 9.95987890625 250.129770992 -61.9694656489 5.0534351145 END
START -2.00155258789 -13.4721727417 9.03092866211 250.129770992 -65.4351145038 13.1526717557 END
START -1.51552965088 -7.46272657471 12.8760165283 250.129770992 -61.9160305344 1.76335877863 END
START 2.02788880615 -7.65665690918 11.7220113281 250.129770992 -57.9618320611 12.5572519084 END
START -1.57777889404 -11.1186725098 7.28076724854 250.129770992 -53.0458015267 8.17557251908 END
START 3.46680400391 -11.398794104 4.80516273193 250.129770992 -68.1221374046 1.31297709924 END
START 1.28808049316 -5.80115062256 9.39963571777 250.129770992 -50.1374045802 6.12977099237 END
START 1.41018477783 -9.66778630371 7.1203557373 250.129770992 -50.0534351145 5.06870229008 END
START -1.69270057373 -8.26957253418 6.29675036621 250.129770992 -52.3969465649 -3.48854961832 END
START -1.21864864502 -6.63672700195 12.6365963623 250.129770992 -52.2748091603 2.50381679389 END
START 5.149927771 -13.1154366943 6.41406624756 250.129770992 -72.3664122137 11.9694656489 END
START -2.19787712402 -5.35582911377 11.4466781372 250.129770992 -64.6259541985 20.5038167939 END
START 3.12682736816 -10.7547538574 13.0795236694 250.129770992 -62.3053435115 12.5877862595 END
START 4.12999786377 -10.0436759644 9.57680664062 250.129770992 -57.0229007634 2.46564885496 END
START -5.81791003418 -6.02859978027 8.92079538574 250.129770992 -49.3740458015 8.69465648855 END
START -2.86107098389 -10.285490332 13.1465613159 250.129770992 -62.8625954198 4.70229007634 END
START -5.95916793213 -11.3149970459 11.0636058716 250.129770992 -59.358778626 10.5954198473 END
START 5.87297667236 -3.82354005127 13.5583640015 250.129770992 -48.5190839695 12.5572519084 END
START -6.94557901611 -11.2144405762 5.54975944824 250.129770992 -58.6030534351 12.4122137405 END
START 7.39568892822 -17.3723272461 5.7508723877 250.129770992 -75.7480916031 15.7175572519 END
START -0.890643017578 -12.9813614014 6.97430943604 250.129770992 -72.5496183206 11.2290076336 END
START -6.47631549072 -10.5009684814 9.93593688965 250.129770992 -60.7099236641 -1.80916030534 END
START -0.246602770996 -12.3612631714 -0.881066210937 250.129770992 -65.5267175573 0.0534351145038 END
START -4.62320340576 -4.39096584473 13.0436106445 250.129770992 -62.5114503817 11.0381679389 END
START -5.20738861084 -14.7746184448 4.91769020996 250.129770992 -69.4122137405 -2.59541984733 END
START -2.37265384521 -9.06444748535 11.1497971313 250.129770992 -76.8244274809 10.465648855 END
START 1.85311208496 -8.13310303955 10.9319247803 250.129770992 -78.0152671756 3.68702290076 END
START -8.43956085205 -10.5823713379 7.0245876709 250.129770992 -82.0687022901 14.3435114504 END
START 2.7820623291 -7.64229169922 6.36618221436 250.129770992 -100.259541985 7.81679389313 END
START -6.90727178955 -5.2456958374 4.95599743652 250.129770992 -90.7175572519 5.91603053435 END
START -5.44202037354 -5.39174213867 7.53934102783 250.129770992 -104.488549618 7.28244274809 END