START 1.96563956299 -7.40047733154 8.20492908936 250.129770992 -37.4961832061 9.45801526718 END
START -0.687135876465 -9.58398924561 7.63510909424 250.129770992 -42.8091603053 13.8854961832 END
START -7.13472094727 -0.612915625 6.38294162598 250.129770992 -62.7480916031 7.29770992366 END
START -6.02859978027 -12.1433908203 3.06697232666 250.129770992 -76.4122137405 8.48854961832 END
START -5.13077415771 -8.28872614746 10.2304236938 250.129770992 -66.4427480916 4.07633587786 END
START -3.50271702881 -5.61679709473 9.67975731201 250.129770992 -70.9312977099 6.06870229008 END
START -6.25844313965 -2.50912333984 11.997344519 250.129770992 -79.7175572519 4.26717557252 END
START 1.46285721436 -7.32386287842 7.60877287598 250.129770992 -79.7022900763 10.9236641221 END
START -2.89698400879 -8.98783303223 7.54412943115 250.129770992 -82.7251908397 -2.40458015267 END
START -6.56250675049 -13.125013501 7.51779321289 250.129770992 -106.534351145 5.06106870229 END
START -9.29429084473 -2.36786544189 8.67179841309 250.129770992 -96.9618320611 17.213740458 END
START -5.37258852539 -9.15303294678 1.94648594971 250.129770992 -104.122137405 5.79389312977 END
START -2.23139594727 -10.7978494873 7.66862791748 250.129770992 -105.06870229 7.6106870229 END
START -0.3064578125 -11.8249619995 9.29189664307 250.129770992 -103.755725191 8.47328244275 END
START 7.11317313232 -8.46589707031 4.64953962402 250.129770992 -104.41221374 9.41984732824 END
START 0.739808312988 -5.43004936523 9.7946789917 250.129770992 -103.832061069 9.84732824427 END
START -7.85298144531 -10.9558667969 7.53455262451 250.129770992 -105.061068702 12.8549618321 END
START -0.490811340332 -9.46188496094 2.90895501709 250.129770992 -104.20610687 14.1145038168 END
START 0.723048901367 -6.32787498779 9.99818613281 250.129770992 -104.473282443 9.74045801527 END
START 5.92804331055 -6.99825145264 10.9223479736 250.129770992 -104.549618321 7.52671755725 END
START 2.79642753906 -7.98705673828 9.63426748047 250.129770992 -104.20610687 13.427480916 END
START 0.634463439941 -5.75326658936 7.86255825195 250.129770992 -104.679389313 5.24427480916 END
START 1.68312376709 -5.13316835937 5.2217538208 250.129770992 -104.152671756 12.5877862595 END
START -3.52905324707 -8.80347950439 5.43483776855 250.129770992 -104.961832061 13.6870229008 END
START 0.0742202514648 -8.74601866455 6.61757338867 250.129770992 -105.06870229 5.2213740458 END
START 1.24498486328 -7.27837304687 7.14429775391 250.129770992 -104.114503817 8.54198473282 END
START -5.27442625732 -8.53054051514 9.04289967041 250.129770992 -105.328244275 6.67175572519 END
START -2.99993468018 -10.9247421753 8.84178673096 250.129770992 -97.1755725191 1.68702290076 END
START 5.41807835693 -9.66299790039 1.28329208984 250.129770992 -104.229007634 4.96946564885 END
START -3.00232888184 -0.814028564453 5.77720860596 250.129770992 -104.648854962 18.1145038168 END
START -0.998382092285 -9.03092866211 7.68059892578 250.129770992 -105.183206107 6.69465648855 END
START 3.94085593262 -8.68616362305 7.24246002197 250.129770992 -104.916030534 10.8549618321 END
START -6.90008918457 -7.64468590088 14.7746184448 250.129770992 -94.893129771 2.19847328244 END
START -0.557848986816 -8.51617530518 7.41005413818 250.129770992 -104.129770992 6.13740458015 END
START -1.86508309326 -7.97269152832 7.75481917725 250.129770992 -103.290076336 4.75572519084 END
START 3.45722719727 -10.6948988159 19.3427552124 250.129770992 -76.427480916 5.41984732824 END
START -5.02303508301 -1.49398183594 5.56173045654 250.129770992 -79.2977099237 13.9694656489 END
START 0.718260498047 0.100556469727 9.86171663818 250.129770992 -74.4198473282 11.6106870229 END
START -0.363918652344 -6.02141717529 11.2623246094 250.129770992 -77.4122137405 17.4809160305 END
START -0.435744702148 0.399831677246 12.2247936768 250.129770992 -82.6183206107 12.1145038168 END
START 7.88410606689 -1.10851536865 11.6669446899 250.129770992 -62.4961832061 15.9847328244 END
START 0.275333190918 -1.35272393799 6.32308658447 250.129770992 -59.7404580153 11.4198473282 END
START -1.30005150146 -9.99339772949 7.32865128174 250.129770992 -55.2442748092 1.96946564885 END
START -2.76769711914 -14.1138187866 7.05092388916 250.129770992 -66.4122137405 1.30534351145 END
START 4.6208092041 -11.5663882202 11.145008728 250.129770992 -53.2748091603 7.23664122137 END
START -5.06134230957 -14.0874825684 4.2664673584 250.129770992 -53.2748091603 -1.62595419847 END
START -6.07648381348 -11.0109334351 7.07007750244 250.129770992 -50.1603053435 8.51908396947 END
START 1.05823713379 -7.85298144531 5.43004936523 250.129770992 -51.9465648855 5.6106870229 END
START -2.4157494751 -9.58638344727 1.81001645508 250.129770992 -59.320610687 4.11450381679 END
START -0.751779321289 -1.78846864014 1.39342536621 250.129770992 -56.0992366412 4.35114503817 END
START 3.81396324463 -7.29273825684 5.59285507812 250.129770992 -51.0 7.20610687023 END
START -1.57777889404 -11.8656634277 8.76996068115 250.129770992 -54.4732824427 -0.465648854962 END
START 6.56729515381 -15.7921541504 5.20020600586 250.129770992 -63.5801526718 9.06870229008 END
START -3.6296097168 -12.5623761108 8.76277807617 250.129770992 -56.8549618321 11.5648854962 END
START -2.87783039551 -8.00142194824 5.62637390137 250.129770992 -61.4351145038 7.32061068702 END
START 0.553060583496 -11.5424462036 13.0843120728 250.129770992 -73.465648855 8.30534351145 END
START -3.30639249268 -8.0157871582 5.80593902588 250.129770992 -66.9770992366 15.5419847328 END
START 3.4428619873 -3.84508786621 8.71010563965 250.129770992 -69.1221374046 6.01526717557 END
START -3.81396324463 -6.37815322266 2.6862942627 250.129770992 -75.0610687023 6.06106870229 END
START -4.81473953857 -14.844050293 0.366312854004 250.129770992 -81.9541984733 8.12977099237 END
START -1.65918175049 -13.0029092163 4.53222374268 250.129770992 -81.9694656489 -2.46564885496 END
START 0.363918652344 -12.0284691406 1.5322890625 250.129770992 -92.358778626 6.12977099237 END
START 8.40604202881 -12.6796919922 2.87064779053 250.129770992 -82.6106870229 8.04580152672 END
START 3.91451971436 -12.1960632568 4.42927307129 250.129770992 -96.1526717557 3.25190839695 END
START 6.38054742432 -8.54011732178 5.63834490967 250.129770992 -104.740458015 5.61832061069 END
START 5.42286676025 -12.9933324097 2.88501300049 250.129770992 -98.3053435115 2.85496183206 END
START -1.43412679443 -2.90656081543 9.04289967041 250.129770992 -103.732824427 -2.09923664122 END
START -7.54412943115 -11.1426145264 7.09880792236 250.129770992 -104.145038168 3.09160305344 END
START -3.00232888184 -4.26167895508 11.1569797363 250.129770992 -106.770992366 13.0534351145 END
START -7.17781657715 -9.40202991943 9.69412252197 250.129770992 -104.664122137 2.64885496183 END
START -7.68059892578 -8.96149681396 4.22576593018 250.129770992 -103.34351145 13.1832061069 END
START 11.1186725098 -11.7698953613 4.78122071533 250.129770992 -102.671755725 0.389312977099 END
START 9.82340941162 -7.50342800293 3.52665904541 250.129770992 -104.641221374 19.1526717557 END
START 7.97029732666 -12.5839239258 10.0748005859 250.129770992 -104.099236641 6.6106870229 END
START 0.603338818359 -17.1592432983 8.60715496826 250.129770992 -101.251908397 3.83969465649 END
START 2.24336695557 -1.86508309326 6.2009822998 250.129770992 -92.4580152672 7.16030534351 END
START -2.26970317383 -8.58081875 10.1897222656 250.129770992 -81.7709923664 2.19847328244 END
START -3.54820686035 -6.28477935791 7.27597884521 250.129770992 -72.3969465649 10.1603053435 END
START 0.0885854614258 -18.4138049683 10.9869914185 250.129770992 -82.7099236641 10.1221374046 END
START 4.71657727051 -4.82910474854 8.68855782471 250.129770992 -67.6870229008 18.0 END
START 1.99915838623 -11.5017447754 11.8345388062 250.129770992 -66.9007633588 13.3893129771 END
START 0.323217224121 -7.23048901367 8.78672009277 250.129770992 -55.8854961832 6.2213740458 END
START -2.91853182373 -5.98310994873 11.0899420898 250.129770992 -57.9236641221 7.46564885496 END
START 2.62404501953 -9.20331118164 10.4387192383 250.129770992 -60.7099236641 6.09160305344 END
START -3.39737215576 -7.71890615234 7.83143363037 250.129770992 -56.3053435115 4.32824427481 END
START -2.62883342285 -6.19140549316 5.18344659424 250.129770992 -71.9694656489 11.3435114504 END
START 0.720654699707 -2.27927998047 10.7882726807 250.129770992 -47.8854961832 -2.76335877863 END
START -0.330399829102 -7.0964137207 11.0157218384 250.129770992 -55.3053435115 4.15267175573 END
START 0.833182177734 -4.83868155518 8.68855782471 250.129770992 -54.7328244275 6.67938931298 END
START -0.031124621582 -12.0667763672 5.23611903076 250.129770992 -55.4961832061 11.6335877863 END
START -4.01028778076 -10.4698438599 8.26717833252 250.129770992 -49.3129770992 1.60305343511 END
START 5.43244356689 -10.0436759644 8.80108530273 250.129770992 -49.8244274809 15.4503816794 END
START 1.99436998291 -11.413159314 -2.57137258301 250.129770992 -53.6030534351 6.51145038168 END
START 1.07260234375 -8.14028564453 5.4803276001 250.129770992 -53.8091603053 17.427480916 END
START -1.21864864502 -7.00543405762 7.46990917969 250.129770992 -53.213740458 -2.34351145038 END
START -0.0885854614258 -14.0228391235 15.928623645 250.129770992 -65.427480916 -5.57251908397 END
START 0.651222851562 -3.60087929687 12.6222311523 250.129770992 -69.1221374046 7.70992366412 END
START -0.823605371094 -10.651803186 4.68066424561 250.129770992 -69.3435114504 4.99236641221 END
START -4.41969626465 -3.59130249023 4.290409375 250.129770992 -72.4045801527 8.10687022901 END
START -2.91853182373 -10.1178962158 6.0932432251 250.129770992 -85.0992366412 0.854961832061 END
START 4.94642062988 -15.1720559204 4.29998618164 250.129770992 -84.5419847328 8.02290076336 END
START 1.45567460937 -11.8800286377 8.14267984619 250.129770992 -101.099236641 -1.89312977099 END
START 4.24731374512 -8.5209637085 5.75566079102 250.129770992 -102.06870229 -3.87786259542 END
START -0.646434448242 -6.86417615967 8.32463917236 250.129770992 -102.618320611 9.41984732824 END
START 1.24259066162 -6.78277330322 8.73165345459 250.129770992 -97.7557251908 9.11450381679 END
START 8.43956085205 -0.0981622680664 8.25999572754 250.129770992 -105.740458015 10.7480916031 END
START 0.691924279785 -2.91613762207 5.04458289795 250.129770992 -103.809160305 8.14503816794 END
START 4.9392380249 -11.4299187256 7.1203557373 250.129770992 -104.877862595 2.82442748092 END
START -5.69580574951 -6.5074401123 12.9310831665 250.129770992 -104.503816794 8.92366412214 END
START 6.17464608154 -10.7236292358 9.60314285889 250.129770992 -104.045801527 15.1908396947 END
START 3.55060106201 -11.6765214966 8.70292303467 250.129770992 -104.27480916 15.427480916 END
START 6.43800826416 0.897825622559 13.7594769409 250.129770992 -104.083969466 12.9847328244 END
START -0.557848986816 -4.47715710449 8.98304462891 250.129770992 -104.351145038 10.5038167939 END
START 4.60644399414 -16.8982753174 7.0126166626 250.129770992 -104.610687023 7.03816793893 END
START 3.50032282715 -17.4106344727 7.96072052002 250.129770992 -103.992366412 18.8854961832 END
START 5.00627567139 -2.47081611328 9.16021555176 250.129770992 -103.824427481 -2.11450381679 END
START 0.842758984375 -14.72434021 17.4345764893 250.129770992 -104.58778626 5.58778625954 END
START 1.35511813965 -8.18577547607 11.532869397 250.129770992 -101.923664122 8.5572519084 END
START -5.69819995117 -12.4091472046 9.32302126465 250.129770992 -103.244274809 11.0 END
START 4.08450803223 -2.89937821045 1.5801730957 250.129770992 -95.1603053435 4.92366412214 END
START 3.12682736816 -4.76924970703 13.1609265259 250.129770992 -83.4122137405 5.88549618321 END
START -1.44130939941 -10.5967365479 11.1258551147 250.129770992 -78.8854961832 4.70992366412 END
START 1.07739074707 -9.88805285645 10.8792523438 250.129770992 -67.5648854962 2.0534351145 END
START 10.4770264648 -5.94001431885 11.5089273804 250.129770992 -66.9618320611 16.2442748092 END
START -2.86825358887 -8.6526447998 9.02853446045 250.129770992 -52.8320610687 16.6030534351 END
START 2.60489140625 -8.27914934082 11.7172229248 250.129770992 -35.3282442748 4.19083969466 END