START 2.06140762939 -12.8233440918 11.4347071289 250.129770992 -74.4045801527 9.61832061069 END
START -3.83790526123 -9.96706151123 4.15393988037 250.129770992 -80.0381679389 8.11450381679 END
START -4.71897147217 -4.34547601318 11.63821427 250.129770992 -68.427480916 6.19083969466 END
START 3.23696064453 -7.967903125 14.3173259277 250.129770992 -49.7022900763 11.1832061069 END
START -2.80839854736 -18.0666457275 7.68059892578 250.129770992 -62.9236641221 8.77099236641 END
START -5.87776507568 -14.8320792847 8.47547387695 250.129770992 -61.0458015267 5.93129770992 END
START -0.328005627441 -13.5176625732 5.15471617432 250.129770992 -64.106870229 3.19083969466 END
START -3.22020123291 -8.73404765625 12.1840922485 250.129770992 -62.9465648855 2.72519083969 END
START -8.14746824951 -11.3652752808 7.52258161621 250.129770992 -54.9694656489 11.1832061069 END
START 2.33434661865 -8.30548555908 5.30315667725 250.129770992 -52.3816793893 4.69465648855 END
START 5.08289012451 -13.364433667 8.37252320557 250.129770992 -60.8396946565 2.49618320611 END
START 1.64721074219 -13.8217261841 8.53532891846 250.129770992 -64.1450381679 10.7328244275 END
START -4.47236870117 -11.6669446899 8.8633345459 250.129770992 -53.9541984733 5.29770992366 END
START -1.42694418945 -6.87614716797 6.84981094971 250.129770992 -58.5190839695 13.3129770992 END
START 1.14921679688 -3.3949779541 7.36456430664 250.129770992 -53.6870229008 1.45801526718 END
START -0.670376464844 -8.45392606201 9.16739815674 250.129770992 -55.3969465649 3.14503816794 END
START 1.94648594971 -6.67503422852 6.35181700439 250.129770992 -51.8473282443 -1.48091603053 END
START 0.555454785156 -7.55131203613 2.56418997803 250.129770992 -52.2900763359 10.1297709924 END
START 8.07324799805 -12.4067530029 10.2591541138 250.129770992 -56.3816793893 8.32824427481 END
START 7.84579884033 -9.84016882324 6.1171852417 250.129770992 -52.0076335878 14.2290076336 END
START 6.03578238525 -15.1050182739 7.28555565186 250.129770992 -54.0992366412 12.7328244275 END
START 0.857124194336 -10.7691190674 6.93600220947 250.129770992 -55.893129771 -0.381679389313 END
START 0.675164868164 -7.90565388184 9.77791958008 250.129770992 -48.1374045802 4.23664122137 END
START 0.529118566895 -7.22570061035 6.95755002441 250.129770992 -44.8091603053 6.67175572519 END
START 4.5609541626 -5.41089575195 4.58729038086 250.129770992 -59.3282442748 5.29770992366 END
START 5.29118566895 -16.041151123 7.77157858887 250.129770992 -50.3969465649 10.6106870229 END
START 6.82108052979 -6.29435616455 7.29273825684 250.129770992 -58.4198473282 9.45038167939 END
START -1.35032973633 -8.57363614502 5.52102902832 250.129770992 -59.320610687 13.6259541985 END
START 0.284909997559 -9.24880101318 10.1609918457 250.129770992 -64.427480916 15.1145038168 END
START -3.6415807251 -12.392387793 4.51067592773 250.129770992 -73.4045801527 2.32061068702 END
START -3.20823022461 -3.73016618652 8.22168850098 250.129770992 -77.0763358779 18.2824427481 END
START 5.05415970459 -8.85854614258 7.56807144775 250.129770992 -77.1908396947 1.23664122137 END
START -1.8866309082 -13.4937205566 4.05817181396 250.129770992 -64.5572519084 7.46564885496 END
START -5.94001431885 -2.20266552734 8.95670841064 250.129770992 -85.2595419847 3.0 END
START 0.658405456543 -3.924096521 7.19457598877 250.129770992 -76.9007633588 6.70992366412 END
START 0.430956298828 -11.8536924194 9.56722983398 250.129770992 -76.3282442748 12.2748091603 END
START 1.20667763672 -8.8154505127 5.57130726318 250.129770992 -75.6870229008 4.08396946565 END
START -2.4875755249 -2.23618435059 7.90565388184 250.129770992 -85.7709923664 10.9541984733 END
START 7.65665690918 -6.96952103271 9.54089361572 250.129770992 -87.4961832061 4.13740458015 END
START -0.387860668945 -13.6756798828 9.02135185547 250.129770992 -79.6717557252 6.48091603053 END
START -2.45645090332 -10.1346556274 2.31998140869 250.129770992 -74.9083969466 -3.8320610687 END
START 3.68467635498 -9.50976899414 0.636857641602 250.129770992 -76.5954198473 0.114503816794 END
START 6.39730683594 -9.5720182373 9.21049378662 250.129770992 -85.8702290076 -0.908396946565 END
START 3.79241542969 -5.10922634277 13.5823060181 250.129770992 -98.7938931298 7.62595419847 END
START 1.97042796631 -9.63426748047 10.8936175537 250.129770992 -84.2977099237 -3.46564885496 END
START 1.68551796875 -17.2909243896 6.43082565918 250.129770992 -85.5267175573 7.71755725191 END
START 3.1364041748 -11.3102086426 1.72861359863 250.129770992 -83.0763358779 5.90076335878 END
START 5.22414802246 -8.54251152344 7.22809481201 250.129770992 -91.7786259542 13.358778626 END
START 4.19942971191 -14.209586853 9.23204160156 250.129770992 -93.8091603053 4.49618320611 END
START 4.78840332031 -6.00465776367 6.63433280029 250.129770992 -81.0381679389 9.1679389313 END
START -5.28639726562 -13.0675526611 7.601590271 250.129770992 -88.5038167939 4.75572519084 END
START 0.184353527832 -7.12514414062 10.0771947876 250.129770992 -89.7633587786 15.8015267176 END
START 3.93127912598 -4.48433970947 8.70052883301 250.129770992 -92.1450381679 11.7022900763 END
START -2.49475812988 -14.963760376 9.09078370361 250.129770992 -84.1297709924 5.69465648855 END
START -0.979228479004 -5.10204373779 8.58081875 250.129770992 -84.2366412214 -3.50381679389 END
START 1.81001645508 -1.96803376465 14.0180507202 250.129770992 -83.4885496183 15.6259541985 END
START 10.0101571411 -7.27837304687 6.57926616211 250.129770992 -69.5648854962 13.9465648855 END
START -1.93690914307 -15.2079689453 5.4563855835 250.129770992 -61.9007633588 3.32824427481 END
START -2.54982476807 -10.2208468872 11.8297504028 250.129770992 -68.4427480916 6.88549618321 END
START -5.70777675781 -13.3811930786 8.76517227783 250.129770992 -65.3969465649 16.4580152672 END
START -4.2425253418 -5.09007272949 8.73883605957 250.129770992 -58.6717557252 -0.725190839695 END
START -2.92092602539 -5.96395633545 9.16500395508 250.129770992 -63.6641221374 1.0534351145 END
START -2.08295544434 -7.54412943115 10.8265799072 250.129770992 -56.8549618321 0.328244274809 END
START -2.89458980713 -7.88650026855 9.40442412109 250.129770992 -61.8091603053 9.69465648855 END
START -7.23527741699 -8.09240161133 6.82586893311 250.129770992 -70.2748091603 15.0687022901 END
START 2.96162745361 -6.1052142334 7.3669585083 250.129770992 -53.9236641221 2.58015267176 END
START -0.948103857422 -6.02620557861 10.771513269 250.129770992 -52.3511450382 13.2290076336 END
START -1.58735570068 -7.94156690674 10.6972930176 250.129770992 -47.106870229 2.45038167939 END
START -6.16985767822 -7.17302817383 5.5042696167 250.129770992 -47.2061068702 -0.725190839695 END
START 1.01753570557 -8.42758984375 11.5831476318 250.129770992 -50.6335877863 12.4961832061 END
START -2.68150585937 -6.4715270874 3.89297189941 250.129770992 -59.1297709924 7.13740458015 END
START -6.07648381348 -10.5368815063 8.44913765869 250.129770992 -57.7709923664 15.2519083969 END
START -2.08056124268 -8.36773480225 13.8241203857 250.129770992 -56.2213740458 -1.80916030534 END
START -4.82671054687 -11.6214548584 7.11317313232 250.129770992 -46.3969465649 17.0305343511 END
START -7.48427438965 -10.1992990723 8.39885942383 250.129770992 -45.4732824427 5.77099236641 END
START -4.2664673584 -7.12753834229 4.3622354248 250.129770992 -53.3816793893 -3.74809160305 END
START -1.42215578613 -8.60715496826 7.48188018799 250.129770992 -48.9541984733 2.74045801527 END
START 8.2743609375 -7.46512077637 5.60243188477 250.129770992 -57.1450381679 6.93893129771 END
START -4.37660063477 -11.9901619141 2.90895501709 250.129770992 -64.2977099237 2.04580152672 END
START 0.332794030762 -12.4283008179 10.5488525146 250.129770992 -72.0687022901 9.48091603053 END
START 8.31506236572 -4.61123239746 4.290409375 250.129770992 -72.8320610687 9.42748091603 END
START -0.0622492431641 -6.49307490234 11.518504187 250.129770992 -68.1145038168 10.7480916031 END
START 0.883460412598 -8.44913765869 2.58334359131 250.129770992 -69.1374045802 10.2290076336 END
START -5.53060583496 -12.1026893921 -0.907402429199 250.129770992 -74.6717557252 -0.106870229008 END
START 2.58813199463 -12.385205188 7.67581052246 250.129770992 -70.427480916 12.2061068702 END
START -0.368707055664 -14.8129256714 6.31350977783 250.129770992 -69.7099236641 11.3816793893 END
START -0.902614025879 -5.70298835449 4.23534273682 250.129770992 -83.1297709924 14.8015267176 END
START -2.82515795898 -7.92720169678 3.45722719727 250.129770992 -80.0229007634 19.6106870229 END
START 5.71017095947 -17.669208252 2.23857855225 250.129770992 -88.2061068702 7.42748091603 END
START -9.01416925049 -7.69975253906 7.86974085693 250.129770992 -86.6946564885 8.4427480916 END
START -3.9360675293 -3.45962139893 4.9392380249 250.129770992 -92.9312977099 8.81679389313 END
START -8.56405933838 -12.5312514893 6.78516750488 250.129770992 -93.0916030534 12.9007633588 END
START -0.169988317871 -3.61045610352 13.9510130737 250.129770992 -97.6030534351 6.48091603053 END
START 4.61362659912 -11.3868230957 4.9631800415 250.129770992 -104.015267176 9.32061068702 END
START -2.46842191162 -9.85213983154 11.9231242676 250.129770992 -104.72519084 -0.290076335878 END
START -0.864306799316 -14.6070243286 6.54814154053 250.129770992 -104.358778626 4.46564885496 END
START 7.58722506104 -12.0548053589 4.29998618164 250.129770992 -104.488549618 -2.74809160305 END
START -1.24259066162 -5.93522591553 7.01979926758 250.129770992 -104.251908397 10.3740458015 END
START 0.62009822998 -2.09013804932 10.1274730225 250.129770992 -104.351145038 10.7328244275 END
START 7.3310454834 -5.59046087646 8.8992475708 250.129770992 -101.763358779 11.3511450382 END
START 7.23767161865 -2.31519300537 11.2192289795 250.129770992 -106.145038168 15.1603053435 END
START 0.0861912597656 -5.42286676025 7.91523068848 250.129770992 -104.557251908 4.4427480916 END
START 0.636857641602 -3.26090266113 6.56250675049 250.129770992 -101.427480916 5.51145038168 END
START 1.8028338501 -5.5282116333 8.95431420898 250.129770992 -79.5496183206 10.2824427481 END
START 11.0971246948 -10.9678378052 10.3956236084 250.129770992 -82.8167938931 2.46564885496 END
START -2.32716401367 -7.63510909424 6.04296499023 250.129770992 -89.1603053435 13.8549618321 END
START 3.94325013428 -5.63355650635 7.09401951904 250.129770992 -85.5267175573 8.19083969466 END
START 7.05092388916 -1.93212073975 16.1057945679 250.129770992 -78.4351145038 0.725190839695 END
START 5.82748684082 -12.2918313232 9.59117185059 250.129770992 -85.5038167939 10.4122137405 END
START 7.9439611084 -1.71664259033 11.8608750244 250.129770992 -87.5267175573 10.3511450382 END
START -3.09570274658 -11.9111532593 8.92079538574 250.129770992 -85.8015267176 1.41221374046 END
START 2.1691467041 -0.45968671875 9.30386765137 250.129770992 -75.9694656489 5.80152671756 END
START -4.67348164062 -4.5848961792 5.42526096191 250.129770992 -69.0763358779 6.56488549618 END
START 5.98310994873 -10.0987426025 7.19697019043 250.129770992 -62.5877862595 11.3664122137 END
START 3.37343013916 -6.89530078125 14.4059113892 250.129770992 -67.0381679389 4.53435114504 END
START -4.50588752441 -6.07169541016 11.1162783081 250.129770992 -74.3129770992 2.39694656489 END
START -6.39012423096 1.37427175293 6.1171852417 250.129770992 -69.7557251908 17.0992366412 END
START -3.10527955322 -4.55616575928 12.1505734253 250.129770992 -61.9847328244 8.43511450382 END
START 2.1332336792 -2.4516625 4.37420643311 250.129770992 -60.3435114504 15.2900763359 END
START 2.7581203125 -9.77552537842 9.60314285889 250.129770992 -67.1832061069 -3.77099236641 END
START 3.45722719727 -11.3868230957 9.70369932861 250.129770992 -61.0687022901 7.51908396947 END
START 1.76213242187 -5.54497104492 5.40610734863 250.129770992 -63.2519083969 4.53435114504 END
START 4.25928475342 -16.2015626343 6.74446607666 250.129770992 -58.2671755725 1.06106870229 END
START -4.73094248047 -10.2064816772 13.0196686279 250.129770992 -51.8549618321 4.79389312977 END
START -8.08761320801 -8.07085379639 11.3820346924 250.129770992 -61.9618320611 8.11450381679 END
START -4.32871660156 -2.64319863281 9.97184991455 250.129770992 -67.8320610687 4.64122137405 END
START -1.24737906494 -3.87860668945 9.47385596924 250.129770992 -54.4122137405 7.90839694656 END
START -1.30483990479 -1.73579620361 9.87608184814 250.129770992 -61.4427480916 11.9694656489 END
START -7.55849464111 -15.8711628052 6.50025750732 250.129770992 -63.9847328244 9.50381679389 END
START -0.371101257324 -5.8586114624 9.82340941162 250.129770992 -53.3969465649 5.93129770992 END
START -1.14442839355 -8.14507404785 5.34146390381 250.129770992 -64.0305343511 10.0458015267 END
START -5.20499440918 -5.31273348389 6.48589229736 250.129770992 -57.0076335878 10.1526717557 END
START -0.181959326172 -11.293449231 1.2018892334 250.129770992 -47.1603053435 -2.85496183206 END
START -5.4683565918 -7.54652363281 7.84579884033 250.129770992 -51.8473282443 15.8625954198 END
START -6.71094725342 -10.1178962158 5.76763179932 250.129770992 -58.0381679389 2.80152671756 END
START 3.14119257812 -8.334215979 4.80516273193 250.129770992 -61.6259541985 9.50381679389 END
START -4.75967290039 -3.1244331665 11.4107651123 250.129770992 -62.0916030534 6.04580152672 END
START 2.34152922363 -4.68305844727 7.7093293457 250.129770992 -61.358778626 7.53435114504 END
START 4.51067592773 -12.0955067871 9.560047229 250.129770992 -64.7099236641 6.75572519084 END
START -0.342370837402 -7.10359632568 11.4418897339 250.129770992 -54.3664122137 1.21374045802 END
START 2.52827695312 -8.14267984619 5.47314499512 250.129770992 -55.0763358779 8.53435114504 END
START -6.94557901611 -7.8960770752 9.73003554687 250.129770992 -66.1908396947 5.50381679389 END
START -6.26801994629 -7.99423934326 6.19858809814 250.129770992 -52.6183206107 14.6106870229 END
START -1.77410343018 -9.67257470703 5.1738697876 250.129770992 -60.3740458015 6.41984732824 END
START 3.6894647583 -10.2974613403 10.2711251221 250.129770992 -66.3664122137 9.72519083969 END
START -0.469263525391 -7.66383951416 11.2527478027 250.129770992 -63.5419847328 9.04580152672 END
START -6.07648381348 -11.4634375488 10.0197339478 250.129770992 -59.2061068702 6.35114503817 END
START -1.87944830322 -12.1769096436 9.2057053833 250.129770992 -62.2519083969 6.12213740458 END
START 2.83234056396 -4.07014282227 3.11725056152 250.129770992 -78.0305343511 14.3740458015 END
START 6.75643708496 -9.20091697998 3.61524450684 250.129770992 -72.3511450382 13.1832061069 END
START 0.557848986816 -8.54251152344 10.9415015869 250.129770992 -71.679389313 0.984732824427 END
START 2.71981308594 -11.166556543 14.7482822266 250.129770992 -80.0687022901 12.427480916 END
START -1.63045133057 -11.7603185547 2.5115175415 250.129770992 -89.4580152672 15.8396946565 END
START 3.23456644287 -7.48427438965 10.4913916748 250.129770992 -72.213740458 15.3893129771 END
START -1.55383687744 -7.20175859375 7.34780489502 250.129770992 -82.0076335878 2.36641221374 END
START 1.23301385498 -4.43166727295 5.54736524658 250.129770992 -77.0610687023 11.9770992366 END
START -6.35660540771 -16.5223856567 7.02698187256 250.129770992 -78.7022900763 15.9160305344 END
START -0.847547387695 -4.70221206055 7.3669585083 250.129770992 -76.6870229008 7.41984732824 END
START -4.07253702393 -12.9550251831 5.20499440918 250.129770992 -71.3511450382 -1.64122137405 END
START 1.91775552979 -7.09401951904 8.49941589355 250.129770992 -78.8549618321 14.8549618321 END
START -4.44363828125 -7.60877287598 5.40610734863 250.129770992 -86.4351145038 13.5954198473 END
START -0.483628735352 -3.36864173584 9.62708487549 250.129770992 -89.320610687 15.0839694656 END
START 0.332794030762 -13.7283523193 10.7356002441 250.129770992 -96.6183206107 16.3511450382 END
START -0.572214196777 -5.52342322998 12.0548053589 250.129770992 -95.786259542 17.6946564885 END
START 1.15639940186 -11.7411649414 6.52659372559 250.129770992 -104.648854962 3.84732824427 END
START -3.55778366699 -9.71327613525 11.7076461182 250.129770992 -104.106870229 2.41984732824 END
START -1.36708914795 -3.39258375244 7.9200190918 250.129770992 -96.4503816794 11.8320610687 END
START 8.61912597656 -8.71489404297 6.05972440186 250.129770992 -104.519083969 19.3893129771 END
START -5.2097828125 -13.0914946777 12.990938208 250.129770992 -104.404580153 7.36641221374 END
START 4.54180054932 -7.44357296143 7.49145699463 250.129770992 -105.465648855 9.22900763359 END
START -0.174776721191 -12.7467296387 4.41251365967 250.129770992 -104.335877863 8.29770992366 END
START 1.79325704346 -11.757924353 14.1545202148 250.129770992 -96.2595419847 2.9465648855 END
START 5.99986936035 -7.86734665527 5.30555087891 250.129770992 -100.938931298 9.12213740458 END
START 5.73171877441 -2.38701905518 9.55525882568 250.129770992 -106.511450382 10.6259541985 END
START -5.06134230957 -3.69664736328 12.2367646851 250.129770992 -102.099236641 0.69465648855 END
START 6.32548078613 -10.7667248657 6.17943448486 250.129770992 -91.2442748092 4.04580152672 END
START 5.18105239258 -3.48595761719 6.01423457031 250.129770992 -81.0458015267 1.57251908397 END
START 1.75734401855 -3.55778366699 8.26478413086 250.129770992 -96.358778626 8.57251908397 END
START 0.426167895508 -1.592144104 6.88572397461 250.129770992 -74.2519083969 13.5419847328 END
START 3.19386501465 -13.4506249268 11.9518546875 250.129770992 -73.6259541985 0.954198473282 END
START -1.94409174805 -13.005303418 4.92247861328 250.129770992 -71.4885496183 15.1145038168 END
START -10.8289741089 -7.27597884521 9.17458076172 250.129770992 -61.7022900763 14.786259542 END
START -2.7700913208 -7.39808312988 8.47786807861 250.129770992 -63.4427480916 5.5572519084 END
START 9.45949075928 -8.47068547363 8.68855782471 250.129770992 -64.7938931298 3.51145038168 END