START 2.88022459717 -5.18105239258 3.85705887451 250.129770992 -22.2213740458 3.26717557252 END
START -2.25773216553 -0.0215478149414 8.08282480469 250.129770992 -27.465648855 1.12977099237 END
START -2.7341782959 -6.58166036377 5.35104071045 250.129770992 -4.2213740458 -0.748091603053 END
START -2.76290871582 -7.108384729 5.89931289062 250.129770992 -7.57251908397 -1.16030534351 END
START -5.68383474121 -7.33822808838 5.55694205322 250.129770992 -25.0916030534 9.03053435115 END
START 0.878672009277 -11.2455651978 10.4842090698 250.129770992 -27.9389312977 3.93129770992 END
START -0.866701000977 -3.81875164795 6.84262834473 250.129770992 -45.7709923664 -2.04580152672 END
START 0.861912597656 -5.90170709229 2.88980140381 250.129770992 -51.1526717557 10.2900763359 END
START -2.54743056641 -3.70861837158 2.31758720703 250.129770992 -38.0610687023 5.01526717557 END
START -12.2583125 -9.22007059326 12.2056400635 250.129770992 -47.1603053435 7.93129770992 END
START -9.64384428711 -6.12436784668 7.87692346191 250.129770992 -61.3129770992 5.35877862595 END
START -2.31279880371 -7.65905111084 10.7212350342 250.129770992 -71.1832061069 3.58015267176 END
START -4.97993945312 -7.48188018799 8.39167681885 250.129770992 -70.320610687 9.23664122137 END
START -6.10042583008 -5.32470449219 6.63912120361 250.129770992 -80.9541984733 4.10687022901 END
START -0.797269152832 -3.05739552002 7.62792648926 250.129770992 -77.1145038168 9.3358778626 END
START -2.57137258301 -10.3573163818 6.87375296631 250.129770992 -90.0687022901 -4.71755725191 END
START -7.60877287598 -2.62643922119 1.79804544678 250.129770992 -76.8778625954 18.3282442748 END
START -3.46680400391 -12.1936690552 8.59518395996 250.129770992 -72.3435114504 -0.87786259542 END
START -5.25287844238 -1.42933839111 7.32386287842 250.129770992 -77.4732824427 11.2366412214 END
START -2.11168586426 -6.55053574219 8.72447084961 250.129770992 -75.0839694656 3.20610687023 END
START 3.30399829102 -5.34864650879 9.17218656006 250.129770992 -74.2213740458 15.0 END
START 5.16668718262 -7.21372960205 5.64073911133 250.129770992 -85.2519083969 7.78625954198 END
START 3.90015450439 -9.09557210693 8.60954916992 250.129770992 -87.0076335878 9.06870229008 END
START 4.43406147461 -2.98796367187 12.1960632568 250.129770992 -85.9541984733 4.72519083969 END
START -0.706289489746 -11.5951186401 10.8241857056 250.129770992 -93.3740458015 10.0763358779 END
START -8.03733497314 -5.66228692627 9.27992563477 250.129770992 -97.0610687023 1.96183206107 END
START -0.181959326172 -6.7540428833 11.8441156128 250.129770992 -96.0152671756 9.34351145038 END
START 0.665588061523 -1.92972653809 5.95198532715 250.129770992 -104.015267176 0.419847328244 END
START -5.60003768311 -7.67102211914 12.624625354 250.129770992 -104.511450382 2.87022900763 END
START -3.0286651001 -12.3397153564 6.72531246338 250.129770992 -104.41221374 10.7022900763 END
START -4.57771357422 -6.54574733887 5.84903465576 250.129770992 -104.045801527 11.7022900763 END
START -1.59693250732 -6.28477935791 6.51941112061 250.129770992 -104.114503817 18.4580152672 END
START 2.99514627686 -12.6342021606 16.4314059937 250.129770992 -104.679389313 1.48091603053 END
START -3.9480385376 -4.69024105225 2.76769711914 250.129770992 -104.450381679 0.610687022901 END
START 2.40617266846 -12.2750719116 2.30561619873 250.129770992 -104.709923664 11.6335877863 END
START 6.13155045166 -7.70454094238 5.31512768555 250.129770992 -104.893129771 2.03053435115 END
START 0.0287304199219 -12.5958949341 0.967257470703 250.129770992 -103.213740458 1.09160305344 END
START -1.09654436035 -2.78445653076 5.69580574951 250.129770992 -103.221374046 11.0992366412 END
START 0.557848986816 -8.72686505127 5.08289012451 250.129770992 -103.679389313 4.85496183206 END
START -0.893037219238 -9.46188496094 6.53617053223 250.129770992 -103.687022901 12.2290076336 END
START 0.387860668945 -10.1777512573 6.24647213135 250.129770992 -104.419847328 9.58778625954 END
START 5.39413634033 -3.86184727783 4.5489831543 250.129770992 -104.473282443 0.75572519084 END
START -3.0047230835 -13.4027408936 4.18027609863 250.129770992 -103.885496183 -1.49618320611 END
START 2.95444484863 -5.67186373291 8.85615194092 250.129770992 -103.877862595 15.572519084 END
START 0.577002600098 -9.58877764893 7.40047733154 250.129770992 -103.824427481 8.49618320611 END
START 2.86346518555 -4.74051928711 5.1978118042 250.129770992 -103.152671756 3.87022900763 END
START 3.63918652344 -6.7301008667 6.42843145752 250.129770992 -105.519083969 10.3282442748 END
START 1.26413847656 -19.5295029419 9.52652840576 250.129770992 -88.8625954198 11.2977099237 END
START 0.380678063965 -9.95509050293 6.11239683838 250.129770992 -79.9389312977 5.61832061069 END
START 5.82988104248 -7.47948598633 8.14986245117 250.129770992 -74.8396946565 7.08396946565 END
START -2.21224233398 -14.5375924805 8.24563051758 250.129770992 -74.5038167939 17.4427480916 END
START -0.60573302002 -5.01106407471 9.54568201904 250.129770992 -69.8091603053 8.74809160305 END
START 3.39258375244 -6.14352145996 8.28154354248 250.129770992 -74.8015267176 11.8854961832 END
START -0.244208569336 -10.0005803345 3.74692559814 250.129770992 -76.3129770992 11.6183206107 END
START 2.45405670166 -10.7356002441 14.5304098755 250.129770992 -72.106870229 10.9083969466 END
START 0.502782348633 -0.907402429199 9.02135185547 250.129770992 -65.0229007634 7.40458015267 END
START -1.12766898193 -8.72447084961 3.84748206787 250.129770992 -58.0458015267 3.32061068702 END
START -2.71263048096 -3.29202728271 12.2391588867 250.129770992 -66.641221374 2.7786259542 END
START -2.03028300781 -8.01339295654 4.80037432861 250.129770992 -54.1221374046 6.70229007634 END
START 3.06697232666 -7.99902774658 8.52575211182 250.129770992 -58.7480916031 -1.45038167939 END
START 0.529118566895 -4.22097752686 12.1697270386 250.129770992 -59.0763358779 11.2748091603 END
START 2.66474644775 -4.92966121826 8.41083043213 250.129770992 -49.5877862595 7.47328244275 END
START -0.739808312988 -11.2288057861 9.38287630615 250.129770992 -60.893129771 0.801526717557 END
START -2.31279880371 -15.4641485229 5.57848986816 250.129770992 -63.3358778626 12.7557251908 END
START -1.51552965088 -1.31920511475 8.59757816162 250.129770992 -63.358778626 2.82442748092 END
START 2.07098443604 -6.40927784424 5.35582911377 250.129770992 -51.6870229008 7.76335877863 END
START 6.66545742187 -4.04620080566 8.16901606445 250.129770992 -63.0839694656 7.36641221374 END
START -2.97838686523 -4.83868155518 7.37653531494 250.129770992 -65.2061068702 13.2824427481 END
START -4.21379492187 -9.66060369873 8.39407102051 250.129770992 -64.2671755725 11.1603053435 END
START 6.60081397705 -13.2351467773 9.11711992188 250.129770992 -72.106870229 2.89312977099 END
START 0.232237561035 -9.03811126709 5.72214196777 250.129770992 -76.4351145038 13.2519083969 END
START -1.25935007324 -10.4171714233 7.37174691162 250.129770992 -82.8396946565 4.06106870229 END
START 2.61686241455 -6.82586893311 11.8273562012 250.129770992 -76.8396946565 10.7633587786 END
START -4.90571920166 -11.2551420044 5.46356818848 250.129770992 -90.2977099237 14.8396946565 END
START -0.390254870605 -17.9589066528 13.8600334106 250.129770992 -87.0534351145 7.54198473282 END
START 0.411802685547 -17.8727153931 7.32625708008 250.129770992 -99.9389312977 10.4580152672 END
START -0.344765039063 -11.3245738525 6.57208355713 250.129770992 -103.06870229 0.961832061069 END
START 1.10851536865 -13.1800801392 5.12359155273 250.129770992 -98.1984732824 7.98473282443 END
START -5.02542928467 -4.50828172607 5.66228692627 250.129770992 -104.167938931 13.3893129771 END
START -0.0335188232422 -15.5407629761 10.3166149536 250.129770992 -105.312977099 12.213740458 END
START 2.62883342285 -14.2263462646 11.0660000732 250.129770992 -93.8320610687 3.11450381679 END
START -5.05415970459 -11.1737391479 -0.684741674805 250.129770992 -104.030534351 10.0763358779 END
START 3.26808526611 1.84832368164 3.68467635498 250.129770992 -105.496183206 7.43511450382 END
START 5.79396801758 -12.1793038452 7.01979926758 250.129770992 -105.145038168 5.34351145038 END
START 5.79157381592 -6.29435616455 15.203180542 250.129770992 -104.519083969 10.9160305344 END
START -8.20492908936 -5.40131894531 10.1346556274 250.129770992 -104.305343511 1.18320610687 END
START 3.34469971924 -13.3596452637 6.08606062012 250.129770992 -111.786259542 12.4732824427 END
START 5.58567247314 -2.82276375732 6.50504591064 250.129770992 -104.122137405 5.82442748092 END
START 1.78128603516 -9.99100352783 8.13070883789 250.129770992 -104.908396947 7.85496183206 END
START 3.02627089844 -8.73404765625 12.6054717407 250.129770992 -103.595419847 10.7786259542 END
START 6.13394465332 -12.2702835083 9.38527050781 250.129770992 -104.145038168 -1.64885496183 END
START 0.799663354492 -6.49786330566 8.13789144287 250.129770992 -103.832061069 9.59541984733 END
START 2.7820623291 -9.61271966553 7.52976422119 250.129770992 -104.038167939 4.12977099237 END
START 4.537012146 -6.93839641113 10.524910498 250.129770992 -96.0152671756 3.87022900763 END
START 0.0861912597656 -0.131681091309 10.5823713379 250.129770992 -83.1984732824 4.42748091603 END
START 2.36307703857 -13.8097551758 10.9989624268 250.129770992 -61.786259542 1.0534351145 END
START 2.85388837891 -9.60793126221 6.3877300293 250.129770992 -70.5419847328 6.07633587786 END
START 4.43406147461 -7.48188018799 7.24485422363 250.129770992 -67.4122137405 0.511450381679 END
START -5.04458289795 -3.33272871094 7.98226833496 250.129770992 -58.7328244275 4.88549618321 END
START -9.50976899414 -6.89051237793 10.912771167 250.129770992 -46.9160305344 10.9465648855 END
START -2.17632930908 -12.4211182129 7.3909005249 250.129770992 -53.9541984733 0.923664122137 END
START -0.543483776855 -4.67827004395 7.20894119873 250.129770992 -47.320610687 9.91603053435 END
START 5.1618987793 -5.66228692627 9.4523081543 250.129770992 -57.0229007634 1.22900763359 END
START -5.00148726807 -8.48983908691 11.0564232666 250.129770992 -49.8702290076 3.12977099237 END
START 7.14429775391 -12.8927759399 10.6470147827 250.129770992 -51.8549618321 9.79389312977 END
START -0.557848986816 -3.22498963623 12.2846487183 250.129770992 -44.7786259542 9.31297709924 END
START 1.55144267578 -4.82192214355 9.68933411865 250.129770992 -44.9541984733 16.8396946565 END
START -0.260967980957 -7.38850632324 12.8879875366 250.129770992 -49.5496183206 5.31297709924 END
START 0.186747729492 -8.49223328857 11.3700636841 250.129770992 -39.2213740458 0.175572519084 END
START 7.9200190918 -13.1681091309 5.25048424072 250.129770992 -43.1374045802 6.09923664122 END
START 0.414196887207 -4.45560928955 6.28717355957 250.129770992 -58.9694656489 1.32824427481 END
START -1.24737906494 -4.28083256836 7.53215842285 250.129770992 -46.7786259542 10.6870229008 END
START -2.01591779785 -12.6988456055 3.62003291016 250.129770992 -60.8854961832 9.93893129771 END
START -1.56580788574 -11.1186725098 11.159373938 250.129770992 -55.8396946565 6.27480916031 END
START 2.87783039551 -15.4258412964 9.60314285889 250.129770992 -66.5419847328 8.25190839695 END
START -1.12048637695 -10.9702320068 7.48188018799 250.129770992 -59.0152671756 9.41221374046 END
START -0.0718260498047 -8.67658681641 5.24090743408 250.129770992 -63.1526717557 11.0610687023 END
START -0.61052142334 -6.32069238281 5.79636221924 250.129770992 -70.0076335878 -0.137404580153 END
START -2.22900174561 -11.2527478027 4.42209046631 250.129770992 -70.5038167939 2.00763358779 END
START 4.8674119751 -9.74200655518 13.0986772827 250.129770992 -70.5114503817 7.5572519084 END
START 4.97036264648 -6.20816490479 9.57441243896 250.129770992 -72.5801526718 -3.32061068702 END
START -2.97838686523 -16.1512843994 8.73644185791 250.129770992 -72.3282442748 4.48091603053 END
START 2.69587106934 -12.6150485474 9.09078370361 250.129770992 -79.4732824427 14.7328244275 END
START -1.23540805664 -13.5535755981 2.38462485352 250.129770992 -82.2748091603 3.99236641221 END
START -7.92480749512 -7.12993254395 7.85537564697 250.129770992 -78.2595419847 2.83969465649 END
START 1.05584293213 -9.77313117676 8.90164177246 250.129770992 -91.3893129771 7.95419847328 END
START -3.74453139648 -12.5911065308 7.14429775391 250.129770992 -87.5877862595 5.73282442748 END
START -0.361524450684 -6.24886633301 10.0700121826 250.129770992 -91.0152671756 9.14503816794 END
START -0.201112939453 -9.90481226807 4.10845004883 250.129770992 -99.3969465649 1.95419847328 END
START 4.94642062988 -4.81952794189 4.86501777344 250.129770992 -94.9312977099 7.97709923664 END
START 5.51145222168 -15.8496149902 7.10359632568 250.129770992 -102.916030534 17.7786259542 END
START -1.29047469482 -3.93127912598 5.05894810791 250.129770992 -104.435114504 -1.07633587786 END
START -4.12042105713 -5.75326658936 6.67503422852 250.129770992 -104.786259542 10.2824427481 END
START -4.89853659668 -12.4330892212 7.32386287842 250.129770992 -103.854961832 16.679389313 END
START 3.16752879639 -8.83220992432 3.93127912598 250.129770992 -104.251908397 2.92366412214 END
START 1.01992990723 -12.4594254395 5.8346694458 250.129770992 -103.854961832 1.82442748092 END
START -1.67354696045 -7.29034405518 7.85298144531 250.129770992 -104.564885496 5.92366412214 END
START -3.77086761475 -19.3954276489 10.1753570557 250.129770992 -104.198473282 7.97709923664 END
START 7.51539901123 -14.7818010498 8.49223328857 250.129770992 -104.190839695 9.35114503817 END
START 5.59285507812 -9.7467949585 11.4706201538 250.129770992 -102.473282443 -0.0229007633588 END
START -2.81318695068 -6.83544573975 12.5743471191 250.129770992 -97.1908396947 6.0534351145 END
START -5.04458289795 -6.62236179199 8.5688477417 250.129770992 -104.213740458 5.09923664122 END
START 0.866701000977 -9.13866773682 10.3309801636 250.129770992 -105.145038168 1.67938931298 END
START 2.18830031738 -9.20331118164 10.8313683105 250.129770992 -104.809160305 16.5114503817 END
START -1.70706578369 -7.32625708008 13.5942770264 250.129770992 -105.160305344 7.46564885496 END
START 8.2264769043 -15.7921541504 4.88656558838 250.129770992 -104.351145038 11.9465648855 END
START 3.3470939209 -6.56490095215 6.97191523437 250.129770992 -102.114503817 6.41221374046 END
START -3.79002122803 -11.1617681396 16.0722757446 250.129770992 -84.2061068702 -5.69465648855 END
START 4.5848961792 -0.634463439941 8.57603034668 250.129770992 -75.5114503817 10.106870229 END
START 3.85227047119 -3.43567938232 8.53054051514 250.129770992 -70.9770992366 6.59541984733 END
START 2.81558115234 -4.37660063477 12.131419812 250.129770992 -58.3358778626 7.64885496183 END
START 3.91930811768 -6.90487758789 5.54975944824 250.129770992 -54.6717557252 4.40458015267 END
START 1.8028338501 -2.45405670166 1.58496149902 250.129770992 -52.8320610687 8.31297709924 END
START 6.59123717041 -7.81946262207 12.6916630005 250.129770992 -39.8320610687 12.6717557252 END