START 3.46680400391 -3.41173736572 10.1226846191 250.129770992 -35.4045801527 5.98473282443 END
START -7.69256993408 -11.4778027588 7.08204851074 250.129770992 -46.8625954198 14.7938931298 END
START -2.6862942627 -14.9302415527 5.15711037598 250.129770992 -50.1908396947 14.6870229008 END
START -1.81719906006 -8.06127698975 7.2831614502 250.129770992 -52.9923664122 13.3969465649 END
START 0.933738647461 -8.76517227783 13.5918828247 250.129770992 -51.3740458015 2.79389312977 END
START -1.88423670654 -8.07324799805 6.09563742676 250.129770992 -59.2900763359 14.4961832061 END
START -0.708683691406 2.80361014404 6.50504591064 250.129770992 -52.3816793893 4.80152671756 END
START 0.584185205078 -3.15795198975 3.61045610352 250.129770992 -53.7938931298 -2.73282442748 END
START -10.6446205811 -11.8489040161 7.4148425415 250.129770992 -50.786259542 7.02290076336 END
START 4.42209046631 -10.2328178955 9.20331118164 250.129770992 -55.358778626 13.4503816794 END
START -2.72460148926 -5.5042696167 9.67496890869 250.129770992 -61.0229007634 0.809160305344 END
START -6.27999095459 -8.57363614502 9.54568201904 250.129770992 -72.3435114504 4.39694656489 END
START 2.40617266846 -10.7140524292 5.09725533447 250.129770992 -69.6106870229 4.52671755725 END
START -2.79163913574 -5.06134230957 4.86501777344 250.129770992 -76.4427480916 9.90076335878 END
START 4.03662399902 -19.5845695801 2.01112939453 250.129770992 -76.8778625954 14.1984732824 END
START -5.81551583252 -10.6877162109 10.4889974731 250.129770992 -71.8702290076 17.2061068702 END
START -1.30483990479 -4.14436307373 9.02135185547 250.129770992 -86.8702290076 10.0076335878 END
START -2.08774384766 -6.76361968994 2.49236392822 250.129770992 -96.3816793893 15.4732824427 END
START 4.91769020996 -5.04697709961 8.59518395996 250.129770992 -103.229007634 9.47328244275 END
START -0.91458503418 -4.43645567627 10.1992990723 250.129770992 -93.4503816794 13.1984732824 END
START -2.69108266602 -8.16662186279 11.5161099854 250.129770992 -98.2061068702 4.63358778626 END
START 3.24893165283 -2.88022459717 10.5440641113 250.129770992 -104.969465649 5.04580152672 END
START 5.48751020508 -7.32625708008 10.7691190674 250.129770992 -101.824427481 -0.274809160305 END
START -1.40060797119 -8.57363614502 8.58800135498 250.129770992 -97.0 11.1755725191 END
START 1.78128603516 -15.2750065918 8.96149681396 250.129770992 -103.801526718 13.5419847328 END
START 1.86987149658 -10.2256352905 9.02853446045 250.129770992 -102.580152672 8.26717557252 END
START 1.13485158691 -12.7491238403 2.57376678467 250.129770992 -104.648854962 20.8854961832 END
START 0.399831677246 -3.96479794922 5.83227524414 250.129770992 -101.977099237 2.93129770992 END
START 4.27364996338 -8.51378110352 11.7531359497 250.129770992 -104.381679389 1.29770992366 END
START 4.24970794678 -14.2814129028 6.06451280518 250.129770992 -105.396946565 10.106870229 END
START -4.18506450195 -3.23217224121 7.16823977051 250.129770992 -101.908396947 11.4427480916 END
START 2.04225401611 -2.60489140625 4.51546433105 250.129770992 -104.20610687 -3.70229007634 END
START 0.112527478027 -8.15943925781 7.67581052246 250.129770992 -104.961832061 -3.07633587786 END
START 1.27610948486 -4.58250197754 12.1888806519 250.129770992 -96.4809160305 12.1450381679 END
START 2.99035787354 -11.3317564575 7.12514414062 250.129770992 -97.9312977099 6.72519083969 END
START 1.16118780518 -8.03494077148 2.88501300049 250.129770992 -98.5496183206 6.34351145038 END
START -0.3064578125 -5.69341154785 9.10275471191 250.129770992 -104.816793893 14.6717557252 END
START -0.411802685547 -17.901445813 11.1904985596 250.129770992 -98.6335877863 3.74045801527 END
START 8.07085379639 -3.24174904785 9.81143840332 250.129770992 -90.213740458 3.01526717557 END
START -3.87142408447 -2.18830031738 15.674838269 250.129770992 -86.0763358779 1.11450381679 END
START 5.23851323242 -7.6973583374 12.2343704834 250.129770992 -95.0076335878 7.76335877863 END
START -0.852335791016 -9.17218656006 12.751518042 250.129770992 -95.2977099237 -2.95419847328 END
START -0.569819995117 -13.9103116455 9.63666168213 250.129770992 -89.6259541985 11.8396946565 END
START 4.05338341064 -13.9797434937 4.59207878418 250.129770992 -88.4198473282 2.1679389313 END
START 2.80361014404 -14.7746184448 11.4227361206 250.129770992 -72.7328244275 11.2900763359 END
START 2.55700737305 -9.24401260986 9.90720646973 250.129770992 -81.0229007634 13.5267175573 END
START 2.53306535645 -7.22330640869 11.9542488892 250.129770992 -71.9618320611 22.4198473282 END
START 0.76614453125 -15.3851398682 10.1370498291 250.129770992 -60.7022900763 7.31297709924 END
START -5.07331331787 -7.55370623779 14.5040736572 250.129770992 -58.5038167939 -2.81679389313 END
START 0.268150585937 -13.0268512329 6.28956776123 250.129770992 -63.6488549618 7.20610687023 END
START -4.42687886963 -12.1122661987 12.6150485474 250.129770992 -51.4885496183 4.79389312977 END
START 5.14274516602 -8.10676682129 7.51061060791 250.129770992 -50.3435114504 12.0610687023 END
START -3.32075770264 -11.6621562866 10.292672937 250.129770992 -41.8244274809 5.65648854962 END
START -7.02219346924 -10.9798088135 5.37977113037 250.129770992 -54.9847328244 -3.87786259542 END
START 2.03267720947 -8.80826790771 7.48906279297 250.129770992 -59.5877862595 10.6870229008 END
START 5.21696541748 -11.8536924194 5.91367810059 250.129770992 -51.893129771 6.70229007634 END
START -5.11880314941 -14.2694418945 8.09240161133 250.129770992 -50.2671755725 2.6641221374 END
START -5.01106407471 -12.6725093872 4.80995113525 250.129770992 -42.6717557252 2.61832061069 END
START 0.804451757813 -6.11957944336 10.433930835 250.129770992 -51.1450381679 16.6106870229 END
START 0.943315454102 -13.5176625732 2.17154090576 250.129770992 -52.3893129771 5.80152671756 END
START -8.42519564209 -10.9079827637 9.38527050781 250.129770992 -63.1221374046 10.4198473282 END
START 4.66629903564 -10.3621047852 6.68700523682 250.129770992 -67.0992366412 5.19083969466 END
START -4.80755693359 -12.4713964478 8.334215979 250.129770992 -75.320610687 -1.01526717557 END
START 8.76996068115 -11.0492406616 0.107739074707 250.129770992 -72.6335877863 14.7328244275 END
START 5.09964953613 -14.7530706299 6.74686027832 250.129770992 -79.2748091603 2.24427480916 END
START -10.2591541138 -10.2328178955 10.4770264648 250.129770992 -79.534351145 9.74045801527 END
START -4.98951625977 -14.1904332397 7.82903942871 250.129770992 -87.2519083969 -2.95419847328 END
START -8.31506236572 -13.2614829956 3.71819517822 250.129770992 -98.4580152672 11.3969465649 END
START 3.54102425537 -10.2807019287 2.5115175415 250.129770992 -92.4885496183 9.58015267176 END
START 5.33906970215 -10.4626612549 6.23928952637 250.129770992 -94.3664122137 7.95419847328 END
START -0.955286462402 -13.6421610596 5.13316835937 250.129770992 -88.5267175573 10.7251908397 END
START -2.71502468262 -3.9121255127 4.71418306885 250.129770992 -104.160305344 9.93129770992 END
START 5.00388146973 -10.2687309204 10.6781394043 250.129770992 -93.358778626 2.35877862595 END
START 3.01429989014 -8.3102739624 6.05014759521 250.129770992 -105.0 8.88549618321 END
START -0.284909997559 -7.17063397217 3.67988795166 250.129770992 -104.763358779 -3.80916030534 END
START -1.26653267822 -9.69412252197 9.4523081543 250.129770992 -104.0 4.45038167939 END
START -0.198718737793 -11.4299187256 8.70771143799 250.129770992 -104.595419847 14.4122137405 END
START -2.4875755249 -5.41089575195 7.33583388672 250.129770992 -103.633587786 13.9694656489 END
START -2.63601602783 -8.59518395996 12.3038023315 250.129770992 -104.954198473 6.91603053435 END
START -6.11000263672 -5.14513936768 15.0140386108 250.129770992 -104.114503817 5.62595419847 END
START -6.90487758789 -10.3309801636 7.34062229004 250.129770992 -104.832061069 16.1603053435 END
START -0.294486804199 -2.65756384277 8.60715496826 250.129770992 -104.664122137 8.47328244275 END
START 11.1881043579 -11.7962315796 3.21301862793 250.129770992 -99.106870229 9.12977099237 END
START 3.51708223877 -9.76116016846 5.94719692383 250.129770992 -93.6946564885 2.78625954198 END
START 0.402225878906 -8.30787976074 16.3212727173 250.129770992 -87.213740458 6.18320610687 END
START 3.57933148193 -10.9415015869 11.9686140991 250.129770992 -74.2213740458 13.320610687 END
START -8.82263311768 -7.41723674316 3.56736047363 250.129770992 -70.1603053435 12.6259541985 END
START -3.45004459229 0.0550666381836 8.84896933594 250.129770992 -70.9923664122 3.57251908397 END
START 7.12274993896 -9.36132849121 8.80347950439 250.129770992 -62.5801526718 10.213740458 END
START 1.24737906494 -1.46525141602 9.08120689697 250.129770992 -51.2748091603 19.2366412214 END
START -5.37019432373 -4.44124407959 11.5879360352 250.129770992 -60.1374045802 6.39694656489 END
START 2.63122762451 -6.93600220947 4.5968671875 250.129770992 -58.9770992366 9.96946564885 END
START 5.48990440674 -13.3261264404 12.7706716553 250.129770992 -47.5801526718 7.29770992366 END
START -0.442927307129 -9.5121631958 6.93360800781 250.129770992 -41.4809160305 18.0763358779 END
START -8.34139858398 -6.04775339355 6.96233842773 250.129770992 -54.5114503817 11.3969465649 END
START -9.57441243896 -11.6046954468 12.497732666 250.129770992 -49.6106870229 -1.82442748092 END
START 5.8705824707 -12.3660515747 8.95431420898 250.129770992 -44.5267175573 15.320610687 END
START -1.21146604004 -5.79157381592 10.8912233521 250.129770992 -45.4427480916 7.04580152672 END
START 9.80186159668 -12.7323644287 8.27196673584 250.129770992 -50.2213740458 -2.51908396947 END
START -0.359130249023 -6.80671531982 2.95923325195 250.129770992 -45.3664122137 1.97709923664 END
START 3.32794030762 -15.3899282715 8.91361278076 250.129770992 -53.9541984733 12.3740458015 END
START -0.239420166016 -10.7260234375 5.79636221924 250.129770992 -55.9007633588 13.7557251908 END
START -4.43166727295 -6.28717355957 7.61116707764 250.129770992 -43.4427480916 8.9465648855 END
START 3.54102425537 -10.1394440308 4.00071097412 250.129770992 -70.4809160305 8.21374045802 END
START -6.18182868652 -12.4785790527 10.9247421753 250.129770992 -66.0305343511 3.93893129771 END
START 0.960074865723 -10.9678378052 7.33583388672 250.129770992 -81.0305343511 1.91603053435 END
START 2.99514627686 -2.02310040283 9.16260975342 250.129770992 -75.8473282443 13.6106870229 END
START -1.13006318359 -7.70214674072 3.3351229126 250.129770992 -65.9465648855 10.3129770992 END
START -1.98239897461 -6.19619389648 5.97113894043 250.129770992 -78.0763358779 2.04580152672 END
START 1.23301385498 -10.7116582275 3.56257207031 250.129770992 -76.1145038168 0.595419847328 END
START -1.2497732666 -10.314220752 9.11233151855 250.129770992 -72.3282442748 12.8625954198 END
START 0.167594116211 -6.27280834961 7.77157858887 250.129770992 -80.641221374 4.63358778626 END
START -6.17225187988 -7.0245876709 3.76847341309 250.129770992 -89.3969465649 14.5267175573 END
START 1.99676418457 -4.43645567627 13.4506249268 250.129770992 -97.2824427481 4.35114503817 END
START 6.96473262939 -9.46188496094 7.71890615234 250.129770992 -101.160305344 10.4122137405 END
START 2.12844527588 -6.63912120361 8.84418093262 250.129770992 -102.79389313 10.1221374046 END
START 3.25850845947 -7.3190744751 3.83072265625 250.129770992 -97.465648855 1.7786259542 END
START 3.63439812012 -10.2423947021 11.5448404053 250.129770992 -104.900763359 6.15267175573 END
START 3.9600095459 -4.63038601074 4.03901820068 250.129770992 -104.549618321 2.03053435115 END
START -2.74375510254 -16.3308495239 7.93438430176 250.129770992 -104.473282443 3.23664122137 END
START 0.76375032959 -11.2503536011 10.8529161255 250.129770992 -103.969465649 14.7480916031 END
START 4.02704719238 -5.02542928467 10.5751887329 250.129770992 -104.251908397 10.358778626 END
START -1.71424838867 -13.2902134155 8.14986245117 250.129770992 -104.488549618 3.27480916031 END
START 2.38941325684 -8.39885942383 5.77002600098 250.129770992 -103.839694656 10.5114503817 END
START 1.94169754639 -7.70214674072 3.79480963135 250.129770992 -105.832061069 13.4045801527 END
START -0.842758984375 -10.7763016724 10.9319247803 250.129770992 -105.122137405 15.5648854962 END
START 3.3351229126 -13.9749550903 4.43884987793 250.129770992 -101.938931298 1.41221374046 END
START 2.11168586426 -5.89213028564 7.98705673828 250.129770992 -104.396946565 13.2061068702 END