START 1.30723410645 -10.4698438599 6.40927784424 250.129770992 -68.7633587786 0.87786259542 END
START 2.50912333984 -12.5527993042 5.40371314697 250.129770992 -61.4503816794 3.17557251908 END
START 0.131681091309 -12.0619879639 4.98951625977 250.129770992 -58.4809160305 8.93129770992 END
START -4.39575424805 -3.75889660645 6.90487758789 250.129770992 -63.2900763359 9.35877862595 END
START -2.94007963867 -13.5535755981 7.65186850586 250.129770992 -77.1374045802 6.49618320611 END
START 1.24019645996 -10.3501337769 14.0587521484 250.129770992 -57.8473282443 4.9465648855 END
START -5.14753356934 -2.20984813232 7.65426270752 250.129770992 -79.2366412214 10.2900763359 END
START -4.656722229 -13.2088105591 8.56405933838 250.129770992 -81.9465648855 20.0763358779 END
START 3.0047230835 -6.45237347412 7.5896192627 250.129770992 -75.1832061069 1.82442748092 END
START -11.0420580566 -13.745111731 2.61686241455 250.129770992 -74.3816793893 9.03816793893 END
START -3.1124621582 -15.449783313 7.9080480835 250.129770992 -72.5572519084 8.75572519084 END
START 0.986411083984 -6.38054742432 4.07971962891 250.129770992 -81.1297709924 7.20610687023 END
START 1.8866309082 -9.78749638672 5.8466404541 250.129770992 -56.5038167939 6.78625954198 END
START 2.39899006348 -11.6334258667 8.10916102295 250.129770992 -47.4732824427 9.67938931298 END
START -5.54497104492 -8.98783303223 11.7459533447 250.129770992 -56.8625954198 1.96946564885 END
START -1.39103116455 -2.87304199219 11.3676694824 250.129770992 -66.2748091603 6.0 END
START 7.56088884277 -9.82101520996 7.24485422363 250.129770992 -57.0687022901 10.8473282443 END
START -4.60644399414 -9.72285294189 7.86495245361 250.129770992 -57.6870229008 -0.954198473282 END
START -1.78128603516 -4.67108743896 11.7483475464 250.129770992 -64.3435114504 -2.69465648855 END
START 2.70065947266 -4.903325 3.58651408691 250.129770992 -62.4045801527 2.81679389313 END
START -2.26491477051 -9.09078370361 7.54891783447 250.129770992 -54.9770992366 6.6106870229 END
START -8.96389101563 -11.0037508301 7.24485422363 250.129770992 -61.2290076336 6.93129770992 END
START 2.66714064941 -1.96803376465 2.56897838135 250.129770992 -62.2900763359 11.2824427481 END
START -6.85459935303 -9.18894597168 6.97909783936 250.129770992 -61.1755725191 6.41221374046 END
START -0.567425793457 -9.16021555176 9.18894597168 250.129770992 -68.1603053435 6.62595419847 END
START -1.97042796631 -7.40526573486 5.83945784912 250.129770992 -74.4351145038 8.09160305344 END
START -3.43807358398 -14.3795751709 2.32955821533 250.129770992 -84.0458015267 6.61832061069 END
START -1.69509477539 -12.504915271 6.78516750488 250.129770992 -83.4427480916 6.19847328244 END
START -2.82276375732 -11.750741748 12.9262947632 250.129770992 -99.6259541985 8.67938931298 END
START -3.3231519043 -2.76051451416 4.29759197998 250.129770992 -87.3816793893 -2.80152671756 END
START -0.0670376464844 -9.47864437256 7.80509741211 250.129770992 -94.0305343511 7.40458015267 END
START 4.97754525146 -11.7100403198 10.5919481445 250.129770992 -99.8625954198 2.06870229008 END
START -0.196324536133 -4.8314989502 7.40526573486 250.129770992 -103.816793893 5.42748091603 END
START -7.31189187012 -8.65025059814 4.91050760498 250.129770992 -103.847328244 1.43511450382 END
START -4.84586416016 -4.79079752197 8.09719001465 250.129770992 -104.58778626 12.9770992366 END
START -5.02542928467 -17.4465474976 2.23857855225 250.129770992 -101.839694656 9.32824427481 END
START -3.1364041748 -11.8608750244 7.75960758057 250.129770992 -104.687022901 -3.87786259542 END
START 2.48996972656 -7.26400783691 3.05739552002 250.129770992 -103.641221374 9.63358778626 END
START -1.52750065918 -6.79235010986 9.75637176514 250.129770992 -109.053435115 -0.541984732824 END
START 4.66151063232 -5.27921466064 2.03985981445 250.129770992 -106.923664122 6.71755725191 END
START 1.49158763428 -1.96085115967 1.03429511719 250.129770992 -125.534351145 8.29770992366 END
START 4.93684382324 -6.43800826416 6.70376464844 250.129770992 -104.946564885 12.2213740458 END
START 0.555454785156 -9.07163009033 8.87051715088 250.129770992 -125.671755725 5.3358778626 END
START 2.12844527588 -4.5609541626 7.60637867432 250.129770992 -117.603053435 13.8091603053 END
START 7.80749161377 -12.2966197266 8.54011732178 250.129770992 -120.305343511 14.5267175573 END
START -9.08838950195 -9.1817633667 6.63912120361 250.129770992 -104.916030534 -1.58778625954 END
START 6.65109221191 -5.97113894043 9.49300958252 250.129770992 -105.122137405 1.19083969466 END
START -1.68551796875 -9.61032546387 12.392387793 250.129770992 -104.282442748 3.30534351145 END
START 10.8600987305 -7.5896192627 9.25837781982 250.129770992 -91.6564885496 14.2748091603 END
START 3.23456644287 -8.08521900635 3.79002122803 250.129770992 -77.3664122137 0.213740458015 END
START 4.52743533936 -13.0675526611 5.60003768311 250.129770992 -60.7938931298 4.29770992366 END
START 3.85227047119 -3.76607921143 7.29752666016 250.129770992 -51.7709923664 -3.52671755725 END
START 0.840364782715 -12.9646019897 9.92157167969 250.129770992 -45.2977099237 10.0381679389 END
START 4.73333668213 -8.5209637085 15.6628672607 250.129770992 -46.3740458015 9.39694656489 END
START 4.32871660156 -12.3660515747 7.108384729 250.129770992 -53.358778626 0.106870229008 END
START -12.4115414062 -9.4523081543 15.3276790283 250.129770992 -49.2977099237 8.89312977099 END
START -3.58890828857 -10.0628295776 5.10683214111 250.129770992 -55.786259542 6.10687022901 END
START 4.09647904053 -9.17936916504 15.3324674316 250.129770992 -43.5877862595 8.19083969466 END
START -3.05500131836 -9.43554874268 4.41730206299 250.129770992 -35.2519083969 4.16030534351 END
START -4.12042105713 -10.3621047852 10.9893856201 250.129770992 -35.6335877863 8.87786259542 END
START 0.852335791016 -6.51701691895 9.32541546631 250.129770992 -37.9083969466 9.57251908397 END
START 4.77164390869 -14.7482822266 11.2527478027 250.129770992 -38.2290076336 12.6870229008 END
START -5.72693037109 -7.20415279541 5.75805499268 250.129770992 -34.4503816794 16.2290076336 END
START -8.20732329102 -7.40047733154 10.3525279785 250.129770992 -33.1679389313 7.37404580153 END
START 11.3389390625 -13.9486188721 10.7667248657 250.129770992 -31.3282442748 11.5038167939 END
START -4.50828172607 -8.11155522461 7.66623371582 250.129770992 -34.7938931298 9.61832061069 END
START 2.64080443115 -14.5304098755 5.86818826904 250.129770992 -52.7786259542 6.13740458015 END
START -3.07415493164 -6.92163699951 4.79798012695 250.129770992 -43.8015267176 17.893129771 END
START -1.44130939941 -7.32146867676 6.98388624268 250.129770992 -58.2748091603 13.4351145038 END
START -6.17464608154 -16.0291801147 0.416591088867 250.129770992 -45.9083969466 -0.564885496183 END
START -9.33020386963 -2.49715233154 9.89523546143 250.129770992 -56.9312977099 17.0305343511 END
START 0.141257897949 -8.31506236572 5.72932457275 250.129770992 -69.679389313 -2.29007633588 END
START -0.442927307129 -11.5472346069 8.14028564453 250.129770992 -72.5801526718 -1.39694656489 END
START -0.15562310791 -4.52025273438 6.20577070312 250.129770992 -72.6488549618 -0.709923664122 END
START -6.59123717041 -9.57920084229 6.81868632812 250.129770992 -89.5114503817 13.3816793893 END
START 2.67911165771 -8.94952580566 6.24168372803 250.129770992 -76.4198473282 3.81679389313 END
START 0.289698400879 -12.5097036743 1.69748897705 250.129770992 -79.4198473282 3.6641221374 END
START 4.24491954346 -9.83298621826 6.30632717285 250.129770992 -100.93129771 7.80152671756 END
START -8.37731160889 -12.5025210693 5.882553479 250.129770992 -94.5419847328 11.3893129771 END
START -0.00718260498047 -6.09084902344 6.69897624512 250.129770992 -99.4198473282 9.74809160305 END
START 6.68461103516 -8.334215979 4.40533105469 250.129770992 -88.9007633588 17.3435114504 END
START 5.00627567139 -9.68454571533 3.69904156494 250.129770992 -104.916030534 5.93893129771 END
START -2.31519300537 -10.9965682251 9.76834277344 250.129770992 -104.595419847 5.26717557252 END
START 0.854729992676 -6.27520255127 7.59201346436 250.129770992 -104.824427481 5.39694656489 END
START 2.44687409668 -6.1770402832 9.65342109375 250.129770992 -104.648854962 11.1297709924 END
START -5.60003768311 -12.1769096436 5.23851323242 250.129770992 -103.969465649 9.17557251908 END
START -6.49786330566 -1.78607443848 8.66222160645 250.129770992 -104.335877863 9.70229007634 END
START -0.76853873291 -6.55292994385 4.03662399902 250.129770992 -104.320610687 8.93129770992 END
START 7.05092388916 -10.4818148682 9.32780966797 250.129770992 -104.450381679 3.08396946565 END
START 4.71657727051 -3.03105930176 8.01818135986 250.129770992 -105.106870229 14.0534351145 END
START -1.80043964844 -3.22498963623 6.77319649658 250.129770992 -109.198473282 10.4732824427 END
START 1.34554133301 -13.244723584 14.0587521484 250.129770992 -104.229007634 9.53435114504 END
START 1.45088620605 -4.84586416016 2.64319863281 250.129770992 -104.366412214 6.35877862595 END
START 1.14921679688 -8.23365950928 12.9669961914 250.129770992 -95.3664122137 9.3893129771 END
START -1.52510645752 -2.94726224365 6.29196196289 250.129770992 -92.0992366412 8.50381679389 END
START -1.14442839355 -11.3149970459 9.56962403564 250.129770992 -82.6259541985 10.8320610687 END
START 3.39737215576 -6.01662877197 12.4833674561 250.129770992 -65.7328244275 4.6106870229 END
START 9.50258638916 -9.00219824219 8.71489404297 250.129770992 -58.8320610687 7.43511450382 END
START 3.35667072754 -12.0021329224 9.17697496338 250.129770992 -65.0458015267 3.20610687023 END
START -2.3918074585 -4.64714542236 7.9798741333 250.129770992 -64.6946564885 16.3511450382 END
START -3.30878669434 -9.33259807129 9.00698664551 250.129770992 -56.2671755725 8.12213740458 END
START 0.979228479004 -7.73087716064 16.2183220459 250.129770992 -49.7786259542 3.09923664122 END
START 1.30483990479 -9.50258638916 13.3907698853 250.129770992 -57.0610687023 2.65648854962 END
START 0.318428820801 -9.71567033691 14.1497318115 250.129770992 -58.7251908397 -4.03053435115 END
START -3.55299526367 -3.92170231934 12.3971761963 250.129770992 -54.0839694656 14.4732824427 END
START -1.49158763428 -7.21851800537 12.131419812 250.129770992 -51.9007633588 10.1297709924 END
START 5.35582911377 -13.9941087036 4.60404979248 250.129770992 -38.9923664122 7.7786259542 END
START -0.60812722168 -12.4857616577 15.3061312134 250.129770992 -41.9541984733 8.28244274809 END
START 4.0557776123 -13.5152683716 10.3597105835 250.129770992 -53.572519084 13.0305343511 END
START 0.30406361084 -5.72932457275 10.8505219238 250.129770992 -35.9618320611 -0.496183206107 END
START 7.79073220215 -14.3915461792 4.36941802979 250.129770992 -54.2061068702 8.09160305344 END
START 2.32476981201 -9.73242974854 6.55053574219 250.129770992 -48.6030534351 5.97709923664 END
START -2.88261879883 -12.1553618286 3.19147081299 250.129770992 -42.2595419847 5.68702290076 END
START 1.51313544922 -5.93283171387 6.03817658691 250.129770992 -53.5954198473 11.0763358779 END
START -4.33589920654 -12.751518042 9.36132849121 250.129770992 -54.5419847328 0.404580152672 END
START -3.75889660645 -5.79157381592 8.37491740723 250.129770992 -64.1832061069 6.13740458015 END
START -3.45004459229 -10.4075946167 9.23922420654 250.129770992 -63.4809160305 3.38167938931 END
START 10.1226846191 -4.99430466309 8.44674345703 250.129770992 -61.2366412214 5.40458015267 END
START -2.08056124268 -11.271901416 6.32308658447 250.129770992 -70.0763358779 4.3358778626 END
START 3.36145913086 -10.2519715088 8.66701000977 250.129770992 -66.5648854962 8.59541984733 END
START -1.16118780518 -13.2902134155 4.25689055176 250.129770992 -60.5114503817 7.35114503817 END
START 3.01190568848 -2.94486804199 8.45153186035 250.129770992 -77.0534351145 2.35877862595 END
START 2.70784207764 -8.30309135742 5.762843396 250.129770992 -77.9465648855 5.82442748092 END
START 0.00478840332031 -10.1250788208 7.15866296387 250.129770992 -99.0305343511 6.67938931298 END
START 1.97521636963 -2.44208569336 4.043806604 250.129770992 -102.816793893 2.2213740458 END
START 2.16196409912 -2.43490308838 7.62792648926 250.129770992 -90.213740458 10.6106870229 END
START 0.0574608398438 -11.405976709 8.34379278564 250.129770992 -104.351145038 3.8320610687 END
START 0.806845959473 -8.15465085449 6.05014759521 250.129770992 -104.27480916 18.5496183206 END
START 1.62566292725 -17.0371390137 8.16183345947 250.129770992 -102.572519084 2.09160305344 END
START 1.13245738525 -5.86100566406 7.53934102783 250.129770992 -103.832061069 -0.63358778626 END
START -5.48511600342 -12.0907183838 8.30069715576 250.129770992 -104.030534351 2.36641221374 END
START -0.476446130371 -5.77242020264 7.72608875732 250.129770992 -104.061068702 4.06870229008 END
START -1.41976158447 -6.4834980957 11.0157218384 250.129770992 -105.007633588 4.98473282443 END
START 6.19858809814 -7.94156690674 10.785878479 250.129770992 -104.641221374 -3.85496183206 END
START 5.08289012451 -2.51870014648 10.6541973877 250.129770992 -104.404580153 9.65648854962 END
START 4.36941802979 -10.42674823 7.06768330078 250.129770992 -104.79389313 0.625954198473 END
START 8.67419261475 -10.1059252075 6.07169541016 250.129770992 -104.213740458 -0.236641221374 END
START 7.96550892334 -10.5871597412 9.97663831787 250.129770992 -104.564885496 6.95419847328 END
START -0.332794030762 -10.6302553711 8.71010563965 250.129770992 -91.5877862595 7.22900763359 END
START 2.70305367432 -13.2662713989 4.06056601562 250.129770992 -103.748091603 14.8015267176 END
START 4.91290180664 -10.3597105835 8.28154354248 250.129770992 -94.1221374046 -2.40458015267 END
START 7.67102211914 -9.67496890869 7.56807144775 250.129770992 -77.3282442748 9.13740458015 END
START 6.42603725586 -11.8656634277 10.0125513428 250.129770992 -85.6183206107 1.58778625954 END
START -2.63841022949 -10.0436759644 11.152191333 250.129770992 -74.6870229008 12.679389313 END