START -4.98233365479 -2.7461493042 8.2983029541 250.129770992 -47.2671755725 0.900763358779 END
START -4.07493122559 -17.5949880005 12.9574193848 250.129770992 -60.1755725191 7.87786259542 END
START -8.73644185791 -13.7259581177 8.49941589355 250.129770992 -60.7480916031 -2.48091603053 END
START -5.4683565918 -2.9927520752 9.10036051025 250.129770992 -59.534351145 7.89312977099 END
START -6.58884296875 -5.68144053955 4.13718046875 250.129770992 -70.5038167939 4.92366412214 END
START 2.24097275391 -5.35582911377 7.97508572998 250.129770992 -64.1297709924 8.80916030534 END
START 7.70454094238 -8.54969412842 11.9494604858 250.129770992 -65.4198473282 9.61832061069 END
START 2.30082779541 -14.6453315552 5.57848986816 250.129770992 -58.0229007634 9.09923664122 END
START 0.270544787598 -4.58010777588 7.79552060547 250.129770992 -62.7251908397 17.1450381679 END
START 0.864306799316 -9.40442412109 11.4179477173 250.129770992 -54.7557251908 9.56488549618 END
START -4.54180054932 -8.44434925537 6.61278498535 250.129770992 -64.7404580153 14.2671755725 END
START 2.10450325928 -8.96149681396 9.76594857178 250.129770992 -56.3358778626 10.6641221374 END
START -3.56975467529 -9.91917747803 10.9941740234 250.129770992 -57.1679389313 12.8320610687 END
START -1.5442600708 -14.216769458 8.18816967773 250.129770992 -62.7251908397 23.4198473282 END
START -0.402225878906 -7.6375032959 8.6526447998 250.129770992 -81.6641221374 2.51145038168 END
START -3.91930811768 -13.2686656006 5.39174213867 250.129770992 -75.7480916031 10.3435114504 END
START 1.47961662598 -4.9631800415 7.32146867676 250.129770992 -68.4885496183 9.1679389313 END
START -3.26569106445 -7.08923111572 8.37491740723 250.129770992 -70.679389313 1.2213740458 END
START 4.82671054687 -6.8019269165 9.98142672119 250.129770992 -55.2366412214 5.89312977099 END
START -3.79959803467 -13.1369845093 -0.888248815918 250.129770992 -63.6717557252 24.3129770992 END
START -5.34864650879 -11.1426145264 4.08690223389 250.129770992 -67.8167938931 9.90839694656 END
START 7.54412943115 -12.8209498901 5.40371314697 250.129770992 -75.7557251908 5.37404580153 END
START -3.9360675293 -6.10282003174 6.89769498291 250.129770992 -60.2977099237 5.48091603053 END
START -1.92972653809 -1.89381351318 6.85938775635 250.129770992 -70.9083969466 4.52671755725 END
START 5.55933625488 -9.30865605469 14.1928274414 250.129770992 -63.5038167939 18.9541984733 END
START 9.05247647705 -5.07810172119 8.82981572266 250.129770992 -78.8854961832 12.3129770992 END
START -5.54497104492 -7.44357296143 6.375759021 250.129770992 -72.2977099237 9.85496183206 END
START -10.778695874 -4.18027609863 14.583082312 250.129770992 -77.8625954198 6.22900763359 END
START -0.845153186035 -4.22097752686 7.41244833984 250.129770992 -71.1374045802 12.213740458 END
START -0.962469067383 -13.4602017334 7.66623371582 250.129770992 -77.4885496183 14.6030534351 END
START 10.7978494873 -6.65827481689 15.7418759155 250.129770992 -89.1755725191 8.25190839695 END
START 2.95444484863 -4.24970794678 4.19942971191 250.129770992 -93.3664122137 7.52671755725 END
START -1.07020814209 -9.60553706055 9.81383260498 250.129770992 -87.320610687 16.5954198473 END
START -6.45237347412 -11.7603185547 9.76116016846 250.129770992 -92.3435114504 1.76335877863 END
START -1.63284553223 -10.5273046997 8.96149681396 250.129770992 -100.519083969 5.8320610687 END
START 2.38941325684 -9.44751975098 14.5447750854 250.129770992 -104.633587786 4.49618320611 END
START -0.663193859863 -11.3820346924 8.61912597656 250.129770992 -104.908396947 4.79389312977 END
START 0.399831677246 5.94959112549 6.56490095215 250.129770992 -105.435114504 6.67938931298 END
START 1.24737906494 -10.7882726807 8.82263311768 250.129770992 -104.145038168 7.24427480916 END
START -4.97275684814 -12.3516863647 9.1817633667 250.129770992 -104.267175573 6.67938931298 END
START 3.24653745117 -9.33978067627 12.3612631714 250.129770992 -101.625954198 6.67938931298 END
START 4.18506450195 -13.6397668579 4.71657727051 250.129770992 -104.664122137 13.4580152672 END
START -0.239420166016 -2.84191737061 12.7419412354 250.129770992 -104.687022901 8.96946564885 END
START 1.64960494385 -12.7419412354 11.9279126709 250.129770992 -104.473282443 8.28244274809 END
START 6.91924279785 -12.0955067871 7.67102211914 250.129770992 -104.335877863 19.4045801527 END
START 2.22421334229 -5.11640894775 3.87142408447 250.129770992 -104.282442748 -3.3358778626 END
START -4.72136567383 -8.25760152588 6.28717355957 250.129770992 -99.6259541985 9.58778625954 END
START 1.52510645752 -3.17471140137 10.6039191528 250.129770992 -104.244274809 -4.89312977099 END
START -1.82917006836 -1.36469494629 10.2088758789 250.129770992 -104.557251908 6.62595419847 END
START 3.49792862549 -7.52737001953 10.2447889038 250.129770992 -97.9312977099 9.87786259542 END
START 4.34308181152 -6.61757338867 10.0724063843 250.129770992 -95.0076335878 -3.22900763359 END
START -1.38384855957 -12.7754600586 10.5009684814 250.129770992 -96.106870229 5.60305343511 END
START 10.0269165527 -9.35414588623 10.8361567139 250.129770992 -104.969465649 12.2900763359 END
START -2.04704241943 -3.60087929687 7.89128867187 250.129770992 -92.2061068702 1.90839694656 END
START 3.51468803711 -6.93121380615 6.31350977783 250.129770992 -90.1145038168 0.412213740458 END
START 0.787692346191 -10.3309801636 8.77235488281 250.129770992 -70.3816793893 2.0 END
START -3.52905324707 0.505176550293 5.94240852051 250.129770992 -74.0076335878 -0.679389312977 END
START 7.08204851074 -4.5848961792 10.5512467163 250.129770992 -82.0534351145 3.31297709924 END
START -8.19535228271 -9.00698664551 4.93205541992 250.129770992 -76.8625954198 13.3740458015 END
START -1.12527478027 -10.9319247803 10.0173397461 250.129770992 -60.4198473282 5.26717557252 END
START 3.24893165283 -9.60553706055 12.8401035034 250.129770992 -59.1984732824 8.82442748092 END
START -6.1411272583 -8.75320126953 6.73488927002 250.129770992 -72.1221374046 9.97709923664 END
START 2.94965644531 -4.62559760742 14.8033488647 250.129770992 -62.8854961832 13.213740458 END
START 1.17315881348 -5.57130726318 9.27274302979 250.129770992 -62.2671755725 8.13740458015 END
START 4.73333668213 -10.0053687378 10.9558667969 250.129770992 -63.9160305344 6.93129770992 END
START 6.6822168335 -15.5599165894 6.90727178955 250.129770992 -61.2977099237 14.8473282443 END
START -0.799663354492 -4.15393988037 5.85382305908 250.129770992 -70.2977099237 1.41221374046 END
START 5.8945244873 -11.398794104 14.4035171875 250.129770992 -68.5419847328 2.80916030534 END
START 3.37343013916 -5.36780012207 6.80432111816 250.129770992 -56.2671755725 1.8320610687 END
START -1.01274730225 -4.00071097412 8.34858118896 250.129770992 -60.1832061069 -1.53435114504 END
START -1.1779472168 -10.5416699097 13.1130424927 250.129770992 -56.1908396947 -0.572519083969 END
START 0.955286462402 -8.47786807861 10.800243689 250.129770992 -51.5572519084 11.5877862595 END
START -0.0239420166016 -12.9526309814 3.6655227417 250.129770992 -60.465648855 4.61832061069 END
START 1.31441671143 -5.2816088623 0.186747729492 250.129770992 -61.6946564885 7.26717557252 END
START 4.42448466797 -7.74045396729 7.88410606689 250.129770992 -63.9389312977 13.572519084 END
START 5.61200869141 -12.6940572021 9.18415756836 250.129770992 -63.2900763359 10.0229007634 END
START -0.572214196777 -11.6860983032 10.793061084 250.129770992 -72.2366412214 13.320610687 END
START -7.74763657227 -3.39737215576 6.71334145508 250.129770992 -64.9847328244 1.68702290076 END
START -0.541089575195 -7.3549875 5.62397969971 250.129770992 -71.2061068702 6.6641221374 END
START 3.96240374756 -10.8385509155 7.09162531738 250.129770992 -62.6030534351 -1.51145038168 END
START -2.31998140869 -15.3899282715 5.04697709961 250.129770992 -76.9465648855 4.0 END
START -1.45328040771 -6.1890112915 6.50025750732 250.129770992 -70.1526717557 10.3282442748 END
START -3.50989963379 -6.99346304932 8.55927093506 250.129770992 -85.7633587786 -0.358778625954 END
START 0.586579406738 -13.0986772827 4.5848961792 250.129770992 -81.7404580153 2.8320610687 END
START 2.57137258301 -10.2328178955 6.67264002686 250.129770992 -89.3511450382 17.2671755725 END
START 1.90339031982 -10.292672937 6.41885465088 250.129770992 -94.2748091603 19.9923664122 END
START 1.472434021 -2.39420166016 4.88177718506 250.129770992 -92.358778626 2.96183206107 END
START -3.10527955322 -9.61271966553 5.45399138184 250.129770992 -92.5572519084 13.0381679389 END
START 1.44370360107 -9.95987890625 7.11077893066 250.129770992 -85.7557251908 6.21374045802 END
START 3.52665904541 -8.35097539062 11.7315881348 250.129770992 -93.2061068702 11.4198473282 END
START 3.49074602051 -9.98621512451 2.35110603027 250.129770992 -90.1984732824 8.88549618321 END
START 9.87608184814 -8.05170018311 6.12676204834 250.129770992 -101.923664122 10.6106870229 END
START -2.00634099121 -5.53060583496 10.6230727661 250.129770992 -97.9160305344 12.7633587786 END
START 5.08289012451 -10.8265799072 4.63517441406 250.129770992 -104.297709924 12.3511450382 END
START -1.8986019165 -7.24485422363 9.71806453857 250.129770992 -98.893129771 12.7557251908 END
START 2.55940157471 -13.6134306396 4.38617744141 250.129770992 -95.9465648855 9.52671755725 END
START -5.31752188721 -11.1881043579 6.55771834717 250.129770992 -107.229007634 17.9923664122 END
START 0.3064578125 -10.1609918457 6.41885465088 250.129770992 -104.06870229 5.98473282443 END
START -0.373495458984 -8.8753055542 8.73165345459 250.129770992 -96.4198473282 4.09160305344 END
START -5.82988104248 -19.2254393311 11.0420580566 250.129770992 -104.381679389 4.69465648855 END
START 0.751779321289 -11.8010199829 11.0899420898 250.129770992 -103.854961832 12.213740458 END
START 7.81228001709 -5.32949289551 4.70939466553 250.129770992 -95.9007633588 9.85496183206 END
START 5.09007272949 -9.55047042236 12.9382657715 250.129770992 -103.030534351 9.76335877863 END
START -2.80839854736 -1.70227738037 10.1945106689 250.129770992 -97.2595419847 8.51145038168 END
START 1.93930334473 -10.7571480591 11.6573678833 250.129770992 -106.847328244 8.03053435115 END
START 0.545877978516 -2.97599266357 7.78594379883 250.129770992 -77.5954198473 8.18320610687 END
START -0.754173522949 -8.25520732422 9.33259807129 250.129770992 -93.9389312977 7.54198473282 END
START -3.02148249512 -8.05648858643 10.5512467163 250.129770992 -79.9160305344 4.15267175573 END
START 2.56179577637 -5.48272180176 4.92008441162 250.129770992 -76.8473282443 -2.58015267176 END
START -0.881066210937 -13.2973960205 6.67742843018 250.129770992 -83.1221374046 4.62595419847 END
START -0.586579406738 -10.5344873047 9.21049378662 250.129770992 -93.3053435115 14.5648854962 END
START -3.30639249268 -1.8626888916 7.62792648926 250.129770992 -85.2748091603 18.0610687023 END
START -9.71806453857 -5.70538255615 11.8967880493 250.129770992 -65.106870229 17.1755725191 END
START 6.86417615967 -9.32062706299 6.34942280273 250.129770992 -76.5648854962 6.15267175573 END
START 7.54652363281 -9.39484731445 7.80509741211 250.129770992 -66.7328244275 2.78625954198 END
START 1.66875855713 -11.6023012451 9.28471403809 250.129770992 -67.0992366412 10.427480916 END
START 1.07260234375 -10.8385509155 10.5081510864 250.129770992 -55.8473282443 5.56488549618 END
START -5.86818826904 -1.68791217041 12.9550251831 250.129770992 -58.0687022901 18.6641221374 END
START 9.83298621826 -8.79869110107 5.78439121094 250.129770992 -58.534351145 14.6183206107 END
START -1.92733233643 -9.440337146 7.76918438721 250.129770992 -54.320610687 9.68702290076 END
START 4.46279189453 -13.9462246704 1.53707746582 250.129770992 -49.358778626 2.74809160305 END
START -1.13963999023 -6.34702860107 10.9031943604 250.129770992 -42.3435114504 12.9389312977 END
START 6.0812722168 -7.70454094238 6.04535919189 250.129770992 -51.8473282443 3.76335877863 END
START 0.495599743652 -6.26323154297 4.79558592529 250.129770992 -46.5648854962 7.04580152672 END
START -4.24491954346 -9.79228479004 8.56645354004 250.129770992 -55.5801526718 1.48854961832 END
START 0.165199914551 -10.9917798218 4.38138903809 250.129770992 -50.8396946565 0.916030534351 END
START 6.5074401123 -9.14106193848 11.3126028442 250.129770992 -52.0916030534 14.106870229 END
START 2.95205064697 -11.4706201538 4.90811340332 250.129770992 -55.9083969466 1.96946564885 END
START -4.35984122314 -10.2543657104 8.17380446777 250.129770992 -60.3435114504 9.95419847328 END
START -4.8913539917 -11.0516348633 3.68707055664 250.129770992 -57.8015267176 12.7328244275 END
START -1.62805712891 -14.7913778564 10.1681744507 250.129770992 -57.4885496183 13.7557251908 END
START -4.04620080566 -7.25203682861 10.2160584839 250.129770992 -61.9083969466 -5.95419847328 END
START -0.397437475586 -3.57693728027 7.22091220703 250.129770992 -70.320610687 8.67175572519 END
START 0.0502782348633 -8.2264769043 11.5879360352 250.129770992 -79.5496183206 22.6946564885 END