START -8.63588538818 -2.02549460449 6.14591566162 250.129770992 -62.320610687 -2.48854961832 END
START -7.21133540039 -6.4356140625 3.27526787109 250.129770992 -73.572519084 3.38167938931 END
START -5.75805499268 -14.0060797119 7.35259329834 250.129770992 -77.7251908397 4.68702290076 END
START -3.44046778564 -10.7954552856 6.90248338623 250.129770992 -76.465648855 9.38167938931 END
START 7.17542237549 -8.85615194092 8.69095202637 250.129770992 -65.0610687023 4.56488549618 END
START -1.66397015381 -10.7475712524 8.43477244873 250.129770992 -63.1755725191 9.41221374046 END
START 2.01591779785 -13.1657149292 13.8456682007 250.129770992 -65.3435114504 5.54198473282 END
START 2.7222072876 -5.50666381836 4.8913539917 250.129770992 -64.9618320611 4.29007633588 END
START -0.363918652344 -6.26562574463 6.22013591309 250.129770992 -80.0152671756 13.9847328244 END
START 5.60243188477 -9.12430252686 4.94642062988 250.129770992 -77.2824427481 9.93893129771 END
START -3.3949779541 -7.3909005249 11.9877677124 250.129770992 -94.358778626 6.82442748092 END
START -3.0885201416 -8.18816967773 4.23773693848 250.129770992 -83.1450381679 18.641221374 END
START -4.98472785645 -1.9105729248 9.99579193115 250.129770992 -87.3740458015 7.15267175573 END
START -5.99268675537 -7.74524237061 7.76918438721 250.129770992 -105.458015267 10.1526717557 END
START 2.66953485107 -9.85692823486 7.9918451416 250.129770992 -106.633587786 7.70229007634 END
START 3.7373487915 -5.23133062744 7.83622203369 250.129770992 -105.977099237 9.4427480916 END
START -3.6056677002 -9.04768807373 7.95832631836 250.129770992 -105.221374046 9.32061068702 END
START -4.11802685547 -0.323217224121 8.14267984619 250.129770992 -103.755725191 5.4427480916 END
START -4.61841500244 -12.0835357788 8.94952580566 250.129770992 -105.488549618 5.65648854962 END
START 3.9600095459 -1.92972653809 9.04050546875 250.129770992 -105.923664122 16.9847328244 END
START 4.48673391113 -10.7978494873 4.45560928955 250.129770992 -104.809160305 10.2671755725 END
START 7.47469758301 -1.06063133545 5.37258852539 250.129770992 -104.885496183 15.4503816794 END
START 4.41490786133 -12.27267771 9.54328781738 250.129770992 -103.679389313 4.25954198473 END
START -3.04781871338 -4.00310517578 7.04613548584 250.129770992 -102.038167939 6.93129770992 END
START 3.11725056152 -4.83628735352 10.8912233521 250.129770992 -104.908396947 11.427480916 END
START -6.77319649658 -14.6142069336 6.3997010376 250.129770992 -104.832061069 6.62595419847 END
START 4.15872828369 -8.67179841309 3.50271702881 250.129770992 -101.816793893 9.1679389313 END
START 1.10133276367 -7.37653531494 4.42448466797 250.129770992 -103.839694656 15.7633587786 END
START 0.46208092041 -7.27837304687 0.854729992676 250.129770992 -103.977099237 2.2213740458 END
START -0.545877978516 -8.01818135986 8.99980404053 250.129770992 -104.236641221 13.2213740458 END
START -2.90416661377 -9.97424411621 12.0763531738 250.129770992 -104.244274809 2.97709923664 END
START -1.10133276367 -8.86812294922 7.7332713623 250.129770992 -104.221374046 5.67938931298 END
START 2.67671745605 -13.5344219849 3.68707055664 250.129770992 -104.389312977 -1.65648854962 END
START 6.91924279785 -7.38132371826 8.98783303223 250.129770992 -104.465648855 9.49618320611 END
START 4.08211383057 -7.6614453125 2.04464821777 250.129770992 -104.404580153 4.4427480916 END
START -0.0407014282227 -15.9980554932 4.2185833252 250.129770992 -103.748091603 21.213740458 END
START -5.34146390381 -10.0700121826 7.05810649414 250.129770992 -104.671755725 3.74045801527 END
START 2.65038123779 -7.17302817383 8.8633345459 250.129770992 -104.34351145 5.35114503817 END
START -1.71664259033 -2.77248552246 9.34696328125 250.129770992 -104.038167939 6.70992366412 END
START 3.3710359375 -9.96227310791 11.1545855347 250.129770992 -91.9007633588 2.40458015267 END
START 3.65834013672 -6.58884296875 11.5735708252 250.129770992 -92.9312977099 4.91603053435 END
START -0.77093293457 -11.5807534302 15.6939918823 250.129770992 -81.6641221374 1.96946564885 END
START 0.0478840332031 -1.06302553711 10.2088758789 250.129770992 -72.534351145 8.49618320611 END
START 7.84579884033 -8.46589707031 7.46272657471 250.129770992 -60.5648854962 4.01526717557 END
START -1.27610948486 -4.92966121826 8.71010563965 250.129770992 -57.9312977099 2.98473282443 END
START 2.698265271 -5.77242020264 9.16260975342 250.129770992 -48.8091603053 -3.92366412214 END
START -6.57447775879 -3.69904156494 12.6725093872 250.129770992 -57.7404580153 13.5267175573 END
START -0.588973608398 -14.7650416382 12.5288572876 250.129770992 -47.7175572519 12.2595419847 END
START 15.7969425537 -8.93276639404 7.46751497803 250.129770992 -48.1679389313 11.5954198473 END
START -1.8986019165 -6.27759675293 9.55286462402 250.129770992 -45.7328244275 7.49618320611 END
START -1.6041151123 -3.9600095459 11.0947304932 250.129770992 -49.8702290076 9.87022900763 END
START 4.68784685059 -11.4801969604 1.44130939941 250.129770992 -51.7251908397 2.61832061069 END
START -2.69108266602 -9.50258638916 8.62391437988 250.129770992 -46.9847328244 6.4427480916 END
START 7.51779321289 -7.11317313232 13.0220628296 250.129770992 -45.1984732824 8.35877862595 END
START -3.41413156738 -11.8297504028 7.15148035889 250.129770992 -41.641221374 10.8854961832 END
START -5.46117398682 -9.30865605469 9.94072529297 250.129770992 -55.572519084 4.03816793893 END
START 0.754173522949 -13.1848685425 7.01022246094 250.129770992 -41.7175572519 3.68702290076 END
START -1.89141931152 -12.2750719116 9.90720646973 250.129770992 -41.0763358779 8.15267175573 END
START 2.41096107178 -15.5455513794 7.12274993896 250.129770992 -49.5114503817 9.12977099237 END
START 1.71185418701 -10.0843773926 6.27280834961 250.129770992 -45.1221374046 9.35114503817 END
START -6.55053574219 -15.1241718872 14.9230589478 250.129770992 -41.6335877863 5.52671755725 END
START -2.94486804199 -10.3836526001 5.65510432129 250.129770992 -56.7938931298 7.58778625954 END
START -5.2097828125 -4.08929643555 8.15704505615 250.129770992 -59.7404580153 1.41221374046 END
START -2.53545955811 -11.7028577148 6.34702860107 250.129770992 -58.7099236641 14.2442748092 END
START 3.46919820557 -14.4130939941 9.48103857422 250.129770992 -58.9541984733 18.9541984733 END
START 4.20182391357 -8.92558378906 3.36624753418 250.129770992 -78.358778626 22.7557251908 END
START 6.69897624512 -14.7794068481 7.53934102783 250.129770992 -70.8244274809 13.0687022901 END
START -5.18344659424 -10.6948988159 11.3940057007 250.129770992 -85.5190839695 2.95419847328 END
START 0.873883605957 -9.20091697998 13.005303418 250.129770992 -76.2595419847 -5.61832061069 END
START 2.43011468506 -11.3365448608 8.53772312012 250.129770992 -88.6717557252 -3.06870229008 END
START 6.00226356201 -9.53371101074 4.95839163818 250.129770992 -85.9312977099 7.88549618321 END
START 0.706289489746 -5.09007272949 9.8425630249 250.129770992 -89.9083969466 13.8854961832 END
START -1.30723410645 -11.8584808228 12.4426660278 250.129770992 -99.8473282443 11.0992366412 END
START 0.715866296387 -6.73967767334 9.18415756836 250.129770992 -96.320610687 10.320610687 END
START 2.8060043457 -11.0013566284 6.70855305176 250.129770992 -101.79389313 0.564885496183 END
START -7.72848295898 -6.93600220947 10.3764699951 250.129770992 -103.93129771 11.8091603053 END
START -1.14682259521 -16.1632554077 9.06923588867 250.129770992 -105.419847328 8.32061068702 END
START 3.04303031006 -6.66545742187 9.99818613281 250.129770992 -102.038167939 4.72519083969 END
START -0.742202514648 -10.2447889038 12.4235124146 250.129770992 -94.572519084 15.2290076336 END
START -4.61362659912 -8.94234320068 9.7587659668 250.129770992 -101.381679389 7.18320610687 END
START -4.63996281738 -14.836867688 3.85945307617 250.129770992 -99.1450381679 -3.04580152672 END
START -0.931344445801 -8.20014068604 8.34379278564 250.129770992 -95.9160305344 10.786259542 END
START 4.71178886719 -8.88009395752 13.1298019043 250.129770992 -102.13740458 8.12977099237 END
START -4.80995113525 -8.86572874756 8.47547387695 250.129770992 -104.519083969 13.5954198473 END
START -0.955286462402 -11.0851536865 0.45489831543 250.129770992 -105.022900763 11.2061068702 END
START -0.100556469727 -6.32548078613 2.46842191162 250.129770992 -103.984732824 9.0534351145 END
START -1.80762225342 -9.41400092773 2.63122762451 250.129770992 -104.099236641 0.839694656489 END
START 0.239420166016 -10.8960117554 2.81318695068 250.129770992 -106.908396947 11.0916030534 END
START -3.30639249268 -5.12598575439 3.59130249023 250.129770992 -105.328244275 0.221374045802 END
START 1.5083470459 -2.84670577393 9.95987890625 250.129770992 -102.427480916 2.12977099237 END
START -0.31364041748 -13.2854250122 8.69574042969 250.129770992 -100.534351145 8.68702290076 END
START 3.41652576904 -11.3604868774 12.4115414062 250.129770992 -91.6030534351 9.35114503817 END
START 0.562637390137 -5.70538255615 12.4881558594 250.129770992 -98.4885496183 10.3358778626 END
START 3.33751711426 -7.80030900879 12.2080342651 250.129770992 -82.2519083969 16.7633587786 END
START 4.93444962158 -7.35019909668 11.3772462891 250.129770992 -74.4885496183 7.65648854962 END
START -4.56334836426 -15.0667110474 8.55927093506 250.129770992 -66.106870229 13.358778626 END
START 2.17154090576 -1.39342536621 12.2918313232 250.129770992 -66.5038167939 11.1679389313 END
START 1.03190091553 -10.4626612549 8.93037219238 250.129770992 -69.1297709924 9.0 END
START -7.28555565186 -7.45075556641 8.95192000732 250.129770992 -66.1679389313 15.2977099237 END
START 0.15801730957 -4.53461794434 9.46188496094 250.129770992 -55.2977099237 14.7709923664 END
START 3.53623585205 -9.77552537842 4.36702382812 250.129770992 -59.106870229 4.4427480916 END
START -4.67587584229 -11.3796404907 11.3556984741 250.129770992 -65.5572519084 5.64122137405 END
START 0.902614025879 -6.05972440186 8.29351455078 250.129770992 -51.7938931298 8.95419847328 END
START 7.49145699463 -6.27759675293 8.71728824463 250.129770992 -55.2290076336 11.0229007634 END
START -6.21295330811 -11.145008728 11.7220113281 250.129770992 -51.9007633588 4.8320610687 END
START 2.12365687256 -9.45709655762 4.70700046387 250.129770992 -49.0381679389 7.39694656489 END
START -4.02704719238 -10.4794206665 8.01818135986 250.129770992 -52.2977099237 2.41221374046 END
START 4.35505281982 -11.4083709106 4.65432802734 250.129770992 -47.0763358779 10.6717557252 END
START -9.08599530029 -11.9566430908 8.75798967285 250.129770992 -53.5801526718 6.48091603053 END
START -3.79720383301 -7.64468590088 7.49863959961 250.129770992 -45.0229007634 0.36641221374 END
START 4.41969626465 -15.93580625 3.97676895752 250.129770992 -56.0839694656 6.50381679389 END
START 1.07260234375 -8.98543883057 10.919953772 250.129770992 -56.0610687023 5.3358778626 END
START -0.325611425781 -8.64306799316 7.70454094238 250.129770992 -62.6946564885 -1.20610687023 END
START 2.02310040283 -11.5927244385 8.24802471924 250.129770992 -63.8778625954 4.21374045802 END
START -6.42843145752 -2.7341782959 9.14345614014 250.129770992 -55.2824427481 16.6488549618 END
START 1.09175595703 -5.15471617432 5.34385810547 250.129770992 -58.9465648855 -1.67175572519 END
START 2.29843359375 -2.27449157715 5.63595070801 250.129770992 -63.106870229 7.38167938931 END
START -2.82276375732 -15.8903164185 7.32146867676 250.129770992 -68.2977099237 3.48854961832 END
START 9.07402429199 -0.802057556152 12.2678893066 250.129770992 -70.5801526718 10.8625954198 END
START 1.34075292969 -12.7970078735 9.89044705811 250.129770992 -73.0 7.4427480916 END
START 3.13879837646 -8.33900438232 4.8434699585 250.129770992 -73.5496183206 -0.625954198473 END
START -7.81467421875 -11.9087590576 4.8554409668 250.129770992 -79.0610687023 4.6641221374 END
START 2.21942493896 -10.1921164673 4.83628735352 250.129770992 -85.6335877863 5.30534351145 END
START -9.16500395508 -17.6117474121 3.54102425537 250.129770992 -77.6335877863 1.91603053435 END
START -3.19625921631 -16.4984436401 5.03021768799 250.129770992 -81.6183206107 4.25954198473 END
START 2.89698400879 -6.77080229492 9.98860932617 250.129770992 -76.7480916031 8.93129770992 END
START 1.42454998779 -11.5208983887 6.19619389648 250.129770992 -85.1145038168 12.6717557252 END
START -0.46447512207 -1.13245738525 5.08289012451 250.129770992 -91.213740458 12.1984732824 END
START 3.47877501221 -10.3692873901 9.00938084717 250.129770992 -90.7480916031 7.39694656489 END
START -2.66235224609 -9.91438907471 8.42280144043 250.129770992 -98.8854961832 18.1297709924 END
START -12.0907183838 -7.65426270752 1.46525141602 250.129770992 -91.4122137405 11.4351145038 END
START 0.600944616699 -9.99100352783 3.28005627441 250.129770992 -91.3816793893 7.92366412214 END
START 4.37420643311 -14.6213895386 9.03811126709 250.129770992 -106.267175573 14.6259541985 END
START -2.14759888916 -9.32780966797 7.85058724365 250.129770992 -102.320610687 0.496183206107 END
START 5.74608398437 -12.4785790527 6.81868632812 250.129770992 -96.2824427481 8.02290076336 END
START -4.94402642822 -5.09246693115 6.65827481689 250.129770992 -98.3740458015 3.91603053435 END
START 3.30878669434 -11.5711766235 7.90086547852 250.129770992 -104.618320611 7.34351145038 END
START -6.4116720459 -0.648828649902 6.82586893311 250.129770992 -105.519083969 4.74045801527 END
START 3.79002122803 -9.18894597168 6.50025750732 250.129770992 -104.839694656 7.98473282443 END
START -1.53468326416 -4.36462962646 2.4516625 250.129770992 -105.389312977 8.32824427481 END
START -6.1530982666 -9.17458076172 11.8201735962 250.129770992 -105.511450382 8.58015267176 END
START -2.29364519043 -7.91523068848 4.22337172852 250.129770992 -104.763358779 4.96946564885 END
START 0.359130249023 -8.89206496582 11.3054202393 250.129770992 -104.770992366 8.77099236641 END
START 4.2425253418 -12.9550251831 8.74123026123 250.129770992 -104.320610687 3.76335877863 END
START 2.85388837891 -11.7675011597 16.5439334717 250.129770992 -104.885496183 3.70229007634 END
START 0.0263362182617 -9.61990227051 10.0819831909 250.129770992 -104.152671756 6.01526717557 END
START 10.1035310059 -3.50511123047 13.962984082 250.129770992 -102.175572519 11.893129771 END
START -3.27047946777 -17.4489416992 10.3237975586 250.129770992 -100.335877863 6.49618320611 END
START -0.699106884766 -3.45243879395 7.65426270752 250.129770992 -104.282442748 13.4885496183 END
START 3.38540114746 -10.1202904175 5.38934793701 250.129770992 -98.5496183206 6.29007633588 END