START 4.18745870361 -11.271901416 9.16739815674 250.129770992 -45.7786259542 -0.358778625954 END
START -0.416591088867 -6.81868632812 6.33026918945 250.129770992 -45.2290076336 6.2213740458 END
START -3.9480385376 -4.25689055176 7.74284816895 250.129770992 -49.1374045802 4.74045801527 END
START -3.42131417236 -6.57687196045 1.88902510986 250.129770992 -51.2213740458 6.60305343511 END
START -7.15148035889 -5.68862314453 9.11472572021 250.129770992 -58.786259542 9.74809160305 END
START -2.22181914063 -8.41083043213 6.15070406494 250.129770992 -62.9160305344 17.3740458015 END
START -6.4116720459 -8.67179841309 8.827421521 250.129770992 -62.0152671756 0.114503816794 END
START -0.751779321289 -5.93283171387 8.26478413086 250.129770992 -74.534351145 8.31297709924 END
START -4.03662399902 -6.16746347656 5.44680877686 250.129770992 -65.0687022901 10.3435114504 END
START -2.30561619873 -6.71094725342 7.34541069336 250.129770992 -72.0152671756 12.9923664122 END
START -0.193930334473 -13.9462246704 9.20809958496 250.129770992 -89.4732824427 -4.88549618321 END
START -1.55383687744 -8.39646522217 1.84592947998 250.129770992 -91.8778625954 5.86259541985 END
START 1.78368023682 -9.27753143311 11.9135474609 250.129770992 -93.3893129771 5.63358778626 END
START -1.38384855957 -10.4147772217 3.51708223877 250.129770992 -101.755725191 8.67175572519 END
START -2.16196409912 -4.2664673584 4.28562097168 250.129770992 -97.9694656489 4.76335877863 END
START 7.13950935059 -8.45153186035 6.9767036377 250.129770992 -105.847328244 9.51145038168 END
START -2.92810863037 -13.0627642578 7.46751497803 250.129770992 -105.419847328 2.1679389313 END
START 5.29597407227 -11.3556984741 3.75650240479 250.129770992 -104.679389313 6.14503816794 END
START -4.82431634521 -0.847547387695 14.1186071899 250.129770992 -104.465648855 6.72519083969 END
START 2.17154090576 -7.36456430664 10.8529161255 250.129770992 -102.267175573 6.52671755725 END
START -3.3830069458 -4.98233365479 4.81952794189 250.129770992 -104.870229008 4.39694656489 END
START -3.07176072998 -10.8577045288 10.8792523438 250.129770992 -104.770992366 4.68702290076 END
START 4.28801517334 -7.27358464355 13.7283523193 250.129770992 -104.229007634 3.48854961832 END
START -2.91613762207 -12.6006833374 5.00866987305 250.129770992 -105.389312977 12.4809160305 END
START -2.3918074585 -12.018892334 5.64792171631 250.129770992 -104.450381679 5.72519083969 END
START 2.08295544434 -8.8633345459 9.23204160156 250.129770992 -103.870229008 2.08396946565 END
START 0.756567724609 -7.23527741699 13.8025725708 250.129770992 -103.908396947 11.1908396947 END
START 4.76685550537 -16.7498348145 5.60482608643 250.129770992 -104.091603053 8.1679389313 END
START 4.62799180908 -14.1808564331 7.87452926025 250.129770992 -101.229007634 12.1374045802 END
START 3.94085593262 -8.50181009521 10.0077629395 250.129770992 -85.5038167939 16.3282442748 END
START 0.265756384277 -6.91445439453 7.84101043701 250.129770992 -85.6259541985 7.48854961832 END
START 0.0 -7.49863959961 11.8536924194 250.129770992 -85.7251908397 9.41221374046 END
START -0.521935961914 -7.98466253662 8.71489404297 250.129770992 -79.7099236641 19.9236641221 END
START 5.32470449219 -9.95269630127 10.4219598267 250.129770992 -81.6946564885 5.74045801527 END
START -1.66636435547 -4.72375987549 6.30872137451 250.129770992 -74.7099236641 4.83969465649 END
START 3.0047230835 -6.92881960449 8.73883605957 250.129770992 -69.1297709924 4.78625954198 END
START 0.531512768555 -2.87064779053 11.3317564575 250.129770992 -73.8091603053 13.7938931298 END
START 2.71263048096 -9.23204160156 0.354341845703 250.129770992 -63.0076335878 1.20610687023 END
START -2.62643922119 -2.82515795898 5.36780012207 250.129770992 -64.4809160305 13.2061068702 END
START -2.79163913574 -8.78672009277 12.5504051025 250.129770992 -60.4503816794 8.88549618321 END
START -0.418985290527 -3.05021291504 8.3222449707 250.129770992 -67.5877862595 10.8549618321 END
START -5.85382305908 -7.39568892822 7.03177027588 250.129770992 -59.6564885496 11.4198473282 END
START 5.91846650391 -6.91924279785 6.99585725098 250.129770992 -57.9465648855 13.5496183206 END
START 1.00317049561 -5.09007272949 8.47786807861 250.129770992 -49.2061068702 -2.73282442748 END
START -2.64319863281 -8.84418093262 8.46350286865 250.129770992 -44.4885496183 4.37404580153 END
START 8.52335791016 -7.31189187012 13.9366478638 250.129770992 -51.0610687023 11.3816793893 END
START 8.07085379639 -9.95269630127 8.8154505127 250.129770992 -44.5496183206 13.2366412214 END
START -3.31596929932 -12.9478425781 8.49702169189 250.129770992 -53.0229007634 6.49618320611 END
START -2.93529123535 -17.3244432129 13.7020161011 250.129770992 -53.5877862595 11.1908396947 END
START -6.40688364258 -9.28710823975 7.3190744751 250.129770992 -52.641221374 6.64122137405 END
START -5.38455953369 -3.60327349854 10.7403886475 250.129770992 -58.2290076336 2.64122137405 END
START -6.66785162354 -11.3604868774 9.05726488037 250.129770992 -60.3511450382 10.1297709924 END
START -3.93846173096 -10.0005803345 7.40765993652 250.129770992 -66.5877862595 4.02290076336 END
START 1.89381351318 -5.21696541748 10.4171714233 250.129770992 -74.1984732824 13.3358778626 END
START -5.30794508057 -12.3157733398 11.5568114136 250.129770992 -79.5038167939 7.07633587786 END
START 8.58081875 -12.9286889648 2.58094938965 250.129770992 -83.8854961832 11.0458015267 END
START 0.737414111328 -6.0812722168 2.15478149414 250.129770992 -74.7480916031 1.89312977099 END
START -1.55383687744 -5.00866987305 4.95839163818 250.129770992 -93.8625954198 9.70229007634 END
START 3.14837518311 -14.9350299561 6.83783994141 250.129770992 -90.5877862595 4.82442748092 END
START 1.32159931641 -11.4849853638 7.36456430664 250.129770992 -95.4122137405 9.78625954198 END
START -7.59440766602 -12.3684457764 5.11880314941 250.129770992 -95.9236641221 9.3893129771 END
START -1.02471831055 -13.364433667 6.742071875 250.129770992 -101.763358779 0.557251908397 END
START -1.41257897949 -13.8528508057 7.55131203613 250.129770992 -103.465648855 4.96183206107 END
START 8.64785639648 -19.5486565552 10.3501337769 250.129770992 -96.5954198473 14.6030534351 END
START 1.2617442749 -5.30076247559 -2.57855518799 250.129770992 -105.290076336 8.38167938931 END
START 0.670376464844 -8.54969412842 3.79959803467 250.129770992 -104.58778626 5.4427480916 END
START 3.43567938232 -12.9382657715 9.81383260498 250.129770992 -105.183206107 5.31297709924 END
START 2.63841022949 -3.924096521 5.08528432617 250.129770992 -104.038167939 8.42748091603 END
START 0.172382519531 -9.95987890625 10.3621047852 250.129770992 -104.175572519 11.7480916031 END
START 2.94965644531 -5.82748684082 10.6709567993 250.129770992 -104.145038168 13.2671755725 END
START 3.65594593506 -7.46272657471 5.61679709473 250.129770992 -104.854961832 4.80152671756 END
START 0.797269152832 -2.99993468018 13.737929126 250.129770992 -96.2671755725 -2.13740458015 END
START 7.66623371582 -14.4681606323 12.3947819946 250.129770992 -84.8320610687 -1.12977099237 END
START 3.44525618896 -4.99669886475 7.25682523193 250.129770992 -102.022900763 7.36641221374 END
START 3.64876333008 -9.58398924561 17.0826288452 250.129770992 -85.4122137405 10.2824427481 END
START -2.61686241455 -9.82340941162 14.1617028198 250.129770992 -78.4732824427 10.1297709924 END
START -0.555454785156 -3.61045610352 8.41801303711 250.129770992 -70.358778626 2.59541984733 END
START 5.26245524902 -4.14675727539 14.5519576904 250.129770992 -64.9465648855 8.07633587786 END
START -5.51384642334 -7.54891783447 6.16746347656 250.129770992 -56.8702290076 2.86259541985 END
START -2.13562788086 -14.8512328979 7.62074388428 250.129770992 -60.3358778626 9.40458015267 END
START 6.45716187744 -10.6422263794 10.9726262085 250.129770992 -51.8396946565 0.526717557252 END
START -1.54665427246 -9.80425579834 8.05888278809 250.129770992 -52.0916030534 11.5648854962 END
START 1.28808049316 -4.58250197754 4.96796844482 250.129770992 -56.4885496183 0.145038167939 END
START -1.63045133057 -10.1969048706 6.48828649902 250.129770992 -54.6946564885 7.99236641221 END
START 0.550666381836 -6.25604893799 2.4636335083 250.129770992 -48.4122137405 0.709923664122 END
START 3.9480385376 -9.21288798828 10.0173397461 250.129770992 -50.7404580153 9.29770992366 END
START 1.06063133545 -6.25604893799 9.70609353027 250.129770992 -41.3358778626 15.7022900763 END
START 5.03261188965 -8.67898101807 4.69981785889 250.129770992 -46.9312977099 8.06870229008 END
START 5.07810172119 -8.65503900146 5.63595070801 250.129770992 -47.1450381679 10.4809160305 END
START 0.852335791016 -7.28794985352 7.07965430908 250.129770992 -45.2824427481 8.27480916031 END
START -2.40138426514 -8.91840118408 11.3963999023 250.129770992 -41.1526717557 19.5801526718 END
START 4.15393988037 -9.2296473999 10.1083194092 250.129770992 -54.7404580153 9.84732824427 END
START -6.32787498779 -9.62469067383 8.20014068604 250.129770992 -51.679389313 -3.54198473282 END
START -0.584185205078 -8.44913765869 13.4171061035 250.129770992 -67.7709923664 6.48091603053 END
START 4.69502945557 -6.06690700684 12.6270195557 250.129770992 -75.106870229 10.9160305344 END
START -4.27125576172 -7.82664522705 11.0444522583 250.129770992 -68.6488549618 11.786259542 END
START -2.1212626709 -13.8456682007 8.61433757324 250.129770992 -67.4885496183 3.1679389313 END
START 5.27442625732 -12.1050835937 3.90254870605 250.129770992 -73.0229007634 -0.12213740458 END
START -5.37737692871 -13.6708914795 5.04937130127 250.129770992 -79.3816793893 -2.9465648855 END
START 5.63116230469 -14.3269027344 1.33835872803 250.129770992 -82.1832061069 14.7022900763 END
START -2.39420166016 -8.01339295654 5.50905802002 250.129770992 -76.5114503817 12.1908396947 END
START -4.87220037842 -11.8273562012 11.5639940186 250.129770992 -87.358778626 3.38167938931 END
START -8.6287027832 -11.6932809082 4.97754525146 250.129770992 -87.9618320611 7.80152671756 END
START -2.15238729248 -2.92571442871 2.20984813232 250.129770992 -90.8549618321 11.2900763359 END
START 10.8529161255 -11.8082025879 11.7076461182 250.129770992 -100.198473282 11.8549618321 END
START -3.94085593262 -7.93917270508 8.08761320801 250.129770992 -103.305343511 6.23664122137 END
START 0.560243188477 -5.62397969971 9.99339772949 250.129770992 -97.5038167939 -0.267175572519 END
START 4.8314989502 -4.67827004395 2.94965644531 250.129770992 -104.465648855 10.1908396947 END
START -2.58094938965 -11.1474029297 6.26083734131 250.129770992 -104.526717557 9.01526717557 END
START 6.80432111816 -5.41807835693 3.6296097168 250.129770992 -104.511450382 0.106870229008 END
START 3.15795198975 -6.91445439453 1.8626888916 250.129770992 -104.320610687 -0.954198473282 END
START 0.969651672363 -8.90164177246 7.16345136719 250.129770992 -104.748091603 8.71755725191 END
START 6.88811817627 -12.3373211548 9.08599530029 250.129770992 -104.610687023 9.70229007634 END
START -0.890643017578 -10.2280294922 4.80755693359 250.129770992 -104.259541985 7.54198473282 END
START 0.0143652099609 -11.293449231 6.51941112061 250.129770992 -105.328244275 -1.71755725191 END
START 1.2378022583 -8.93037219238 7.60637867432 250.129770992 -104.106870229 4.11450381679 END
START 6.12436784668 -5.47793339844 8.24323631592 250.129770992 -105.335877863 7.15267175573 END
START 3.11485635986 -6.51462271729 14.6692735718 250.129770992 -100.099236641 7.51908396947 END
START 2.19069451904 -6.85938775635 8.19535228271 250.129770992 -102.534351145 10.8244274809 END
START 3.99113416748 -7.00303985596 9.66539210205 250.129770992 -92.8167938931 1.3358778626 END
START 6.7181298584 -13.223175769 17.0874172485 250.129770992 -93.2442748092 2.7786259542 END
START -0.907402429199 -10.4363250366 7.52737001953 250.129770992 -71.6335877863 -3.19847328244 END
START 3.57214887695 -4.93444962158 12.7467296387 250.129770992 -69.2900763359 8.16030534351 END
START 7.70693514404 -9.60074865723 8.78432589111 250.129770992 -57.427480916 3.90076335878 END
START 1.89381351318 -9.56722983398 12.4306950195 250.129770992 -51.9312977099 2.22900763359 END