START 2.64559283447 -11.2240173828 6.27999095459 250.129770992 -72.9160305344 14.2595419847 END
START -8.44913765869 -5.77720860596 2.8060043457 250.129770992 -69.7099236641 8.62595419847 END
START -3.36145913086 -13.6900450928 2.7581203125 250.129770992 -69.9770992366 13.6870229008 END
START -0.531512768555 -12.4426660278 3.71580097656 250.129770992 -68.5496183206 4.1679389313 END
START -0.239420166016 -5.87297667236 9.56722983398 250.129770992 -65.6259541985 9.31297709924 END
START -3.67270534668 -6.07887801514 7.76200178223 250.129770992 -74.2213740458 4.97709923664 END
START 1.61369191895 -9.44273134766 12.1697270386 250.129770992 -71.2519083969 -1.34351145038 END
START -0.260967980957 -7.45314976807 12.5312514893 250.129770992 -66.1603053435 11.4198473282 END
START -0.220266552734 -8.05648858643 4.83628735352 250.129770992 -66.5114503817 13.1984732824 END
START -0.780509741211 -10.2136642822 7.601590271 250.129770992 -65.1526717557 5.54198473282 END
START 5.68862314453 -11.3604868774 7.35738170166 250.129770992 -71.6106870229 5.46564885496 END
START -5.24090743408 -16.4314059937 3.98873996582 250.129770992 -63.8473282443 15.8015267176 END
START -4.75488449707 -8.71968244629 9.18655177002 250.129770992 -55.5954198473 5.26717557252 END
START 8.34858118896 -12.2822545166 7.36217010498 250.129770992 -67.6030534351 6.3358778626 END
START 1.44370360107 -11.7124345215 5.00148726807 250.129770992 -61.9694656489 8.61832061069 END
START -1.592144104 -10.6398321777 2.87543619385 250.129770992 -61.2442748092 2.8320610687 END
START -1.4844050293 -9.99818613281 2.22421334229 250.129770992 -67.2824427481 4.71755725191 END
START -2.29125098877 -5.41807835693 11.1904985596 250.129770992 -65.9847328244 7.19083969466 END
START 0.201112939453 -10.7236292358 9.22246479492 250.129770992 -74.7022900763 6.79389312977 END
START -0.984016882324 -11.7627127563 6.4475850708 250.129770992 -77.106870229 -3.43511450382 END
START -2.77727392578 -6.88572397461 3.41413156738 250.129770992 -75.0534351145 15.0916030534 END
START 9.01656345215 -4.09887324219 6.62236179199 250.129770992 -86.7404580153 0.603053435115 END
START -0.359130249023 -11.0588174683 9.81622680664 250.129770992 -95.0229007634 2.03816793893 END
START -1.472434021 -8.33661018066 5.29836827393 250.129770992 -99.6641221374 2.47328244275 END
START 2.79163913574 -9.62708487549 6.64390960693 250.129770992 -96.1603053435 -3.90076335878 END
START -3.63679232178 -10.9917798218 7.03177027588 250.129770992 -89.5496183206 -0.427480916031 END
START 5.37977113037 -5.82030423584 5.19302340088 250.129770992 -97.9618320611 6.20610687023 END
START 5.64073911133 -8.8872765625 7.108384729 250.129770992 -95.9923664122 6.67938931298 END
START -1.89141931152 -9.05487067871 12.5168862793 250.129770992 -90.0458015267 5.0 END
START -3.59609089355 -10.1107136108 7.92241329346 250.129770992 -104.503816794 0.24427480916 END
START -5.92325490723 -9.18415756836 7.10359632568 250.129770992 -100.916030534 11.0458015267 END
START -3.09330854492 -7.21133540039 13.0076976196 250.129770992 -104.72519084 9.43511450382 END
START -0.699106884766 -9.65581529541 11.4730143555 250.129770992 -104.877862595 11.0305343511 END
START -2.1092916626 -9.84974562988 8.30309135742 250.129770992 -104.404580153 -3.49618320611 END
START 3.79480963135 -2.43490308838 8.76517227783 250.129770992 -102.748091603 6.25190839695 END
START 6.40209523926 -8.8872765625 11.8345388062 250.129770992 -104.86259542 12.3893129771 END
START 4.01268198242 -9.71567033691 11.2742956177 250.129770992 -104.946564885 4.51908396947 END
START -3.39258375244 -5.60243188477 13.1776859375 250.129770992 -104.854961832 11.8702290076 END
START 3.18907661133 -9.56722983398 9.91917747803 250.129770992 -106.992366412 9.03816793893 END
START 4.34308181152 -8.63588538818 7.71651195068 250.129770992 -109.679389313 6.53435114504 END
START 2.28167418213 -4.93444962158 7.51539901123 250.129770992 -103.083969466 8.0534351145 END
START 3.36385333252 -15.1361428955 7.14190355225 250.129770992 -104.374045802 9.35114503817 END
START 3.55538946533 -5.26006104736 8.24084211426 250.129770992 -111.076335878 3.04580152672 END
START 2.04464821777 -4.76924970703 11.9159416626 250.129770992 -106.045801527 -2.95419847328 END
START 3.42610257568 -6.72291826172 11.9015764526 250.129770992 -102.236641221 0.427480916031 END
START 8.2623899292 -10.7236292358 6.31590397949 250.129770992 -95.2290076336 -1.64885496183 END
START 8.79390269775 -8.31745656738 10.7571480591 250.129770992 -88.5190839695 4.92366412214 END
START 5.95916793213 -9.35654008789 14.7794068481 250.129770992 -78.9541984733 -1.79389312977 END
START 6.50504591064 -9.81622680664 13.0795236694 250.129770992 -76.0763358779 -0.557251908397 END
START -8.40604202881 -10.7834842773 8.07564219971 250.129770992 -58.3969465649 6.71755725191 END
START -1.85311208496 -8.76038387451 8.43716665039 250.129770992 -40.4351145038 9.1679389313 END
START 4.38378323975 -0.708683691406 7.41963094482 250.129770992 -41.6870229008 8.69465648855 END
START -3.20344182129 -8.77714328613 6.83065733643 250.129770992 -38.0152671756 1.01526717557 END
START 3.09570274658 -4.98233365479 7.65186850586 250.129770992 -32.0458015267 -2.84732824427 END
START 5.54497104492 -12.7802484619 11.9853735107 250.129770992 -25.5267175573 8.80916030534 END
START -0.639251843262 -6.25604893799 7.6375032959 250.129770992 -43.6717557252 10.5801526718 END
START 3.75889660645 -14.8488386963 13.9821376953 250.129770992 -23.7099236641 2.41221374046 END
START 0.136469494629 -8.12352623291 7.35977590332 250.129770992 -28.0763358779 -0.167938931298 END
START -3.26090266113 -10.4866032715 8.07085379639 250.129770992 -21.0152671756 -2.62595419847 END
START 0.833182177734 -4.00310517578 9.8545340332 250.129770992 -17.1832061069 -2.74809160305 END
START 2.17154090576 -10.9103769653 6.59841977539 250.129770992 -24.2824427481 -2.51908396947 END
START 0.131681091309 -10.7451770508 5.92086070557 250.129770992 -20.5038167939 9.6106870229 END
START -2.00634099121 -8.96628521729 -0.0215478149414 250.129770992 -19.2213740458 -2.12213740458 END
START 3.60806190186 -13.244723584 10.3525279785 250.129770992 -36.1450381679 -3.14503816794 END
START -3.39258375244 -6.80432111816 6.79235010986 250.129770992 -38.3053435115 8.51908396947 END
START -0.31124621582 -9.27274302979 6.16267507324 250.129770992 -40.3816793893 -0.152671755725 END
START 3.9719805542 -12.0595937622 5.94001431885 250.129770992 -33.5190839695 3.3893129771 END
START -4.9751510498 -10.7236292358 6.56250675049 250.129770992 -41.3129770992 4.96183206107 END
START -1.87226569824 -14.2263462646 6.44040246582 250.129770992 -45.9541984733 -3.14503816794 END
START 0.0383072265625 -11.025298645 6.56729515381 250.129770992 -44.4122137405 -2.81679389313 END
START 2.02788880615 -10.3309801636 6.91684859619 250.129770992 -57.5954198473 1.32061068702 END
START 7.15626876221 -9.89523546143 3.67749375 250.129770992 -68.2671755725 6.69465648855 END
START 3.49074602051 -11.0300870483 5.93522591553 250.129770992 -76.0534351145 10.7480916031 END
START 2.06619603271 -7.40047733154 4.92966121826 250.129770992 -77.8854961832 6.74045801527 END
START -3.16992299805 -10.4363250366 12.2008516602 250.129770992 -74.6870229008 8.35114503817 END
START 4.17069929199 -4.83389315186 6.84981094971 250.129770992 -85.9694656489 -3.64885496183 END
START -6.66066901855 -11.3652752808 8.96867941895 250.129770992 -92.5801526718 13.9160305344 END
START -2.1571756958 -9.69172832031 10.778695874 250.129770992 -104.671755725 0.93893129771 END
START -1.25216746826 -5.762843396 6.96952103271 250.129770992 -103.564885496 0.732824427481 END
START 4.05098920898 -5.33906970215 6.75164868164 250.129770992 -100.641221374 4.12213740458 END
START 2.80121594238 -11.5855418335 4.73573088379 250.129770992 -104.389312977 0.320610687023 END
START -0.679953271484 -5.06134230957 5.58088406982 250.129770992 -104.458015267 3.54198473282 END
START 1.04387192383 -11.0636058716 7.32865128174 250.129770992 -101.229007634 2.46564885496 END
START 2.66714064941 -7.04613548584 8.21211169434 250.129770992 -104.488549618 -3.53435114504 END
START 2.97838686523 -11.3341506592 2.35350023193 250.129770992 -102.152671756 3.70992366412 END
START 2.25054956055 -10.038887561 8.55208833008 250.129770992 -105.045801527 12.3358778626 END
START 6.19140549316 -15.7227223022 5.27921466064 250.129770992 -104.435114504 12.1526717557 END
START 3.12922156982 -9.57920084229 6.91206019287 250.129770992 -104.183206107 5.26717557252 END
START 2.1691467041 -13.223175769 11.8608750244 250.129770992 -103.572519084 3.9465648855 END
START 4.90571920166 -14.0180507202 6.65348641357 250.129770992 -104.213740458 -2.0534351145 END
START -0.344765039063 -6.64151540527 5.20020600586 250.129770992 -103.778625954 7.18320610687 END
START 8.214505896 -13.7594769409 8.08761320801 250.129770992 -104.396946565 10.7022900763 END
START -1.02950671387 -7.93438430176 4.59926138916 250.129770992 -103.809160305 -5.23664122137 END
START -1.8148048584 -15.2295167603 8.55208833008 250.129770992 -103.908396947 3.07633587786 END
START 3.26090266113 -10.2543657104 9.440337146 250.129770992 -105.167938931 7.06870229008 END
START 0.169988317871 -11.1090957031 8.9231895874 250.129770992 -105.114503817 1.92366412214 END
START 4.82910474854 -9.35414588623 4.66151063232 250.129770992 -104.58778626 5.39694656489 END
START 9.65581529541 -15.2558529785 6.11239683838 250.129770992 -96.8702290076 -1.58778625954 END
START -1.04387192383 -9.00459244385 12.3612631714 250.129770992 -96.7099236641 3.0 END
START 1.97761057129 -6.84262834473 2.84670577393 250.129770992 -97.2061068702 14.1908396947 END
START -1.15639940186 -11.7244055298 16.0794583496 250.129770992 -86.4732824427 6.28244274809 END
START 1.43412679443 -9.89762966309 4.80995113525 250.129770992 -77.9465648855 -2.81679389313 END
START 5.38695373535 -9.63666168213 6.49307490234 250.129770992 -73.427480916 5.42748091603 END
START -3.22259543457 -10.038887561 9.01177504883 250.129770992 -74.9847328244 5.79389312977 END
START 5.36301171875 -10.4578728516 7.0724717041 250.129770992 -66.8091603053 3.37404580153 END
START 6.73488927002 -9.97424411621 8.54969412842 250.129770992 -62.9007633588 9.02290076336 END
START 6.39251843262 -8.63588538818 9.60314285889 250.129770992 -60.1908396947 4.19847328244 END
START 5.22414802246 -11.1833159546 3.28484467773 250.129770992 -45.4427480916 7.27480916031 END
START 7.82664522705 -11.166556543 9.73961235352 250.129770992 -59.2900763359 2.17557251908 END
START 1.38145435791 -9.42357773437 9.33738647461 250.129770992 -50.2519083969 0.480916030534 END
START 6.54335313721 -6.01184036865 8.07085379639 250.129770992 -49.679389313 3.92366412214 END
START 9.43076033936 -9.31344445801 4.82910474854 250.129770992 -51.1679389313 3.51908396947 END
START 5.95916793213 -10.3621047852 8.49462749023 250.129770992 -44.0534351145 11.3129770992 END