START 3.53863005371 -8.42519564209 12.3492921631 250.129770992 -66.2977099237 -3.48091603053 END
START 1.47961662598 -3.87381828613 7.13950935059 250.129770992 -61.3816793893 -3.35114503817 END
START 2.09971485596 -7.84340463867 12.5839239258 250.129770992 -62.9923664122 4.89312977099 END
START 2.14999309082 -9.1697923584 10.6709567993 250.129770992 -62.4427480916 15.3816793893 END
START -2.65277543945 -8.36534060059 4.60404979248 250.129770992 -71.2748091603 -2.93893129771 END
START -7.49624539795 -6.66545742187 8.67179841309 250.129770992 -55.7175572519 -0.274809160305 END
START 7.45075556641 -9.79707319336 5.02542928467 250.129770992 -62.9923664122 3.74809160305 END
START -0.75896192627 -13.3069728271 5.12598575439 250.129770992 -52.8473282443 19.9083969466 END
START 2.54982476807 -8.54251152344 7.56088884277 250.129770992 -68.2061068702 -0.81679389313 END
START -0.905008227539 -10.0484643677 9.22725319824 250.129770992 -70.5954198473 -5.74809160305 END
START 1.472434021 -6.13394465332 10.7236292358 250.129770992 -62.5648854962 3.32061068702 END
START -1.57777889404 -10.8385509155 4.32153399658 250.129770992 -59.9236641221 2.27480916031 END
START -1.92014973145 -13.2040221558 8.45632026367 250.129770992 -66.2595419847 8.31297709924 END
START 3.44765039062 -2.47799871826 5.95916793213 250.129770992 -58.1374045802 -3.80152671756 END
START 6.19140549316 -7.04134708252 9.55525882568 250.129770992 -67.5496183206 13.1603053435 END
START 0.612915625 -7.00303985596 9.91678327637 250.129770992 -62.1526717557 9.80152671756 END
START -2.58573779297 -9.8784760498 7.72608875732 250.129770992 -61.3053435115 -2.0 END
START -1.62805712891 -15.2366993652 8.96389101563 250.129770992 -65.9465648855 0.374045801527 END
START 4.08929643555 -7.66383951416 10.5943423462 250.129770992 -65.3435114504 5.67938931298 END
START -4.08211383057 -3.3830069458 8.43956085205 250.129770992 -77.6488549618 0.328244274809 END
START 4.44363828125 -11.7770779663 6.85220515137 250.129770992 -66.6183206107 -3.12213740458 END
START 0.588973608398 -10.5296989014 5.83227524414 250.129770992 -75.4045801527 7.96183206107 END
START 1.15639940186 -12.2774661133 4.54658895264 250.129770992 -77.8091603053 9.83969465649 END
START 4.86501777344 -9.4882211792 6.50265170898 250.129770992 -75.2900763359 5.65648854962 END
START 4.86501777344 -6.22013591309 5.2576668457 250.129770992 -76.679389313 4.74809160305 END
START 2.5115175415 -7.75242497559 8.35097539062 250.129770992 -75.2442748092 -2.87786259542 END
START 3.90494290771 -8.93755479736 8.17619866943 250.129770992 -85.6259541985 -2.69465648855 END
START 1.06781394043 -12.4785790527 11.9805851074 250.129770992 -91.2748091603 6.06106870229 END
START -1.02232410889 -13.5918828247 6.59602557373 250.129770992 -95.4885496183 10.0763358779 END
START 2.65995804443 -9.21049378662 6.43321986084 250.129770992 -96.4503816794 6.34351145038 END
START -8.64785639648 -7.07486590576 5.38934793701 250.129770992 -83.8091603053 -3.06106870229 END
START 3.10527955322 -9.21049378662 3.00232888184 250.129770992 -95.0763358779 9.32061068702 END
START -1.63284553223 -7.63032069092 4.86262357178 250.129770992 -92.0305343511 15.2519083969 END
START 5.96156213379 -4.49391651611 4.94881483154 250.129770992 -105.099236641 10.9312977099 END
START 5.03021768799 -7.04613548584 10.5129394897 250.129770992 -102.41221374 0.358778625954 END
START 4.66151063232 -7.0126166626 6.09563742676 250.129770992 -104.259541985 5.93893129771 END
START -3.88578929443 -10.785878479 9.4762501709 250.129770992 -106.870229008 1.84732824427 END
START 1.21625444336 -11.7291939331 6.02141717529 250.129770992 -104.984732824 -1.36641221374 END
START 5.01106407471 -11.9398836792 10.3190091553 250.129770992 -102.503816794 12.358778626 END
START 2.86107098389 -10.8433393188 7.36456430664 250.129770992 -104.320610687 8.08396946565 END
START 4.01747038574 -12.026074939 13.6780740845 250.129770992 -105.106870229 -4.34351145038 END
START 0.418985290527 -15.5192151611 4.06056601562 250.129770992 -104.740458015 4.58778625954 END
START 7.07965430908 -13.4290771118 8.98783303223 250.129770992 -105.251908397 -1.06870229008 END
START -4.27125576172 -14.6477257568 11.5089273804 250.129770992 -104.541984733 9.45038167939 END
START 0.330399829102 -6.10042583008 7.10359632568 250.129770992 -98.4427480916 6.51908396947 END
START 2.03507141113 -6.57208355713 8.19774648437 250.129770992 -96.9465648855 6.76335877863 END
START -2.26012636719 -11.0995188965 8.99980404053 250.129770992 -87.8244274809 -2.2213740458 END
START 0.407014282227 -12.2104284668 3.43328518066 250.129770992 -77.0076335878 -0.854961832061 END
START -2.3918074585 -2.4516625 13.3548568604 250.129770992 -73.2061068702 13.427480916 END
START 3.3949779541 -6.09084902344 9.24401260986 250.129770992 -70.0992366412 2.8320610687 END
START -0.0670376464844 -10.2663367187 6.17464608154 250.129770992 -63.0 -4.26717557252 END
START -3.87381828613 -7.18021077881 8.84657513428 250.129770992 -56.9770992366 11.9541984733 END
START 2.13083947754 -6.18661708984 12.7347586304 250.129770992 -52.4198473282 6.13740458015 END
START 1.18034141846 -14.5280156738 12.0476227539 250.129770992 -31.4961832061 2.79389312977 END
START 0.653617053223 -8.19295808105 5.62158549805 250.129770992 -42.6870229008 2.11450381679 END
START 0.905008227539 -17.2933185913 6.30153876953 250.129770992 -36.0839694656 -0.0839694656489 END
START 3.07176072998 -12.4666080444 5.59285507812 250.129770992 -26.7557251908 6.77099236641 END
START -2.59531459961 -13.9558014771 8.94473740234 250.129770992 -46.7709923664 5.59541984733 END
START 1.27850368652 -14.2790187012 9.10993731689 250.129770992 -49.9083969466 8.91603053435 END
START 5.12119735107 -14.0755115601 9.71806453857 250.129770992 -28.641221374 -2.71755725191 END
START -0.545877978516 -9.71327613525 7.86734665527 250.129770992 -32.4732824427 3.95419847328 END
START -3.47159240723 -9.67496890869 6.4834980957 250.129770992 -38.3435114504 -0.0992366412214 END
START -0.0837970581055 -8.48265648193 5.87297667236 250.129770992 -39.9312977099 14.8091603053 END
START -0.847547387695 -8.37491740723 5.4563855835 250.129770992 -29.8854961832 -3.02290076336 END
START 1.71664259033 -8.10676682129 9.44512554932 250.129770992 -30.6488549618 2.03053435115 END
START -1.85790048828 -17.2597997681 8.82502731934 250.129770992 -38.5114503817 4.27480916031 END
START 3.51229383545 -14.8632039062 5.762843396 250.129770992 -42.2442748092 2.40458015267 END
START -3.41652576904 -13.850456604 5.72214196777 250.129770992 -40.7633587786 6.47328244275 END
START 4.69981785889 -0.586579406738 12.2798603149 250.129770992 -54.7404580153 -2.8320610687 END
START 0.134075292969 -9.92636008301 12.0715647705 250.129770992 -55.0687022901 17.1908396947 END
START -4.93205541992 -9.73003554687 7.3190744751 250.129770992 -49.3435114504 -0.137404580153 END
START 3.59609089355 -9.11233151855 11.5807534302 250.129770992 -53.0458015267 3.57251908397 END
START 4.12520946045 -7.54412943115 8.18338127441 250.129770992 -62.3358778626 -0.648854961832 END
START 2.48278712158 -6.87135876465 9.33020386963 250.129770992 -71.5572519084 6.34351145038 END
START 0.105344873047 -6.24168372803 12.1266314087 250.129770992 -65.8854961832 8.95419847328 END
START 6.12915625 -10.8960117554 10.2974613403 250.129770992 -69.2061068702 6.93893129771 END
START -1.81719906006 -3.9360675293 5.48990440674 250.129770992 -78.8549618321 -1.11450381679 END
START 6.27520255127 -4.38378323975 9.77552537842 250.129770992 -70.8625954198 2.06870229008 END
START -6.53377633057 -17.1616375 9.55765302734 250.129770992 -76.8396946565 -3.58015267176 END
START -6.64390960693 -10.6613799927 3.00711728516 250.129770992 -87.2595419847 1.4427480916 END
START -0.237025964355 -5.09725533447 8.08282480469 250.129770992 -87.4809160305 2.39694656489 END
START 0.45250411377 -6.93121380615 7.04374128418 250.129770992 -90.7633587786 5.41221374046 END
START 4.55855996094 -9.99100352783 6.7899559082 250.129770992 -97.1221374046 12.5114503817 END
START -0.354341845703 -13.9198884521 5.94959112549 250.129770992 -107.366412214 5.86259541985 END
START 4.67587584229 -8.31985076904 9.93354268799 250.129770992 -99.534351145 2.29770992366 END
START -1.81719906006 -14.2454998779 5.09246693115 250.129770992 -106.877862595 5.84732824427 END
START 3.36145913086 -7.44117875977 7.59919606934 250.129770992 -96.1908396947 0.427480916031 END
START 2.27449157715 -15.1481139038 7.59919606934 250.129770992 -90.7328244275 5.51145038168 END
START 0.694318481445 -9.35893428955 9.73961235352 250.129770992 -103.717557252 1.06870229008 END
START 2.85628258057 -10.0173397461 5.94240852051 250.129770992 -101.732824427 2.39694656489 END
START 7.68059892578 -9.02614025879 12.3085907349 250.129770992 -98.0229007634 5.81679389313 END
START -2.25533796387 -9.30865605469 8.39407102051 250.129770992 -104.801526718 -2.72519083969 END
START 4.18506450195 -11.1833159546 7.0605006958 250.129770992 -105.755725191 15.2595419847 END
START -1.13006318359 -7.37653531494 11.8584808228 250.129770992 -103.664122137 5.84732824427 END
START 0.711077893066 -11.04684646 7.08204851074 250.129770992 -98.0229007634 -1.08396946565 END
START 4.83628735352 -1.2497732666 6.94557901611 250.129770992 -103.770992366 3.90839694656 END
START 3.09330854492 -10.7212350342 8.52575211182 250.129770992 -103.236641221 -2.37404580153 END
START -0.749385119629 -7.11796153564 6.03578238525 250.129770992 -88.320610687 9.11450381679 END
START -0.390254870605 -6.39730683594 10.9845972168 250.129770992 -90.8702290076 -2.86259541985 END
START 1.39342536621 -4.04141240234 8.24802471924 250.129770992 -84.1221374046 3.04580152672 END
START 0.519541760254 -6.97430943604 6.77319649658 250.129770992 -74.106870229 8.41984732824 END
START 3.10767375488 -10.6925046143 7.58243665771 250.129770992 -74.7404580153 0.557251908397 END
START -1.04147772217 -6.77080229492 8.214505896 250.129770992 -66.5877862595 7.77099236641 END
START 4.29280357666 -7.21372960205 8.58081875 250.129770992 -62.5801526718 11.3435114504 END
START 3.25372005615 -11.6932809082 8.28872614746 250.129770992 -63.3740458015 7.75572519084 END
START -0.15801730957 -11.5975128418 12.5480109009 250.129770992 -52.572519084 7.70229007634 END
START -1.5682020874 -7.91762489014 9.04050546875 250.129770992 -34.7786259542 1.28244274809 END
START 3.59848509521 -9.38048210449 10.5775829346 250.129770992 -41.8320610687 1.29770992366 END