START 1.36230074463 -8.91600698242 9.34935748291 250.129770992 -63.4732824427 14.8015267176 END
START 3.57933148193 -4.91050760498 9.440337146 250.129770992 -68.213740458 2.24427480916 END
START 1.14203419189 -7.49385119629 6.56968935547 250.129770992 -61.9694656489 11.0305343511 END
START 6.77080229492 -2.45645090332 6.17464608154 250.129770992 -71.2213740458 5.01526717557 END
START -3.47877501221 -5.91367810059 5.29836827393 250.129770992 -71.5877862595 14.4961832061 END
START -0.653617053223 -8.63588538818 7.601590271 250.129770992 -61.6335877863 7.77099236641 END
START -5.04458289795 -8.85615194092 10.4650554565 250.129770992 -61.0610687023 2.96946564885 END
START 1.91296712646 -10.41238302 9.61511386719 250.129770992 -61.9923664122 4.58778625954 END
START 2.46123930664 -10.9103769653 6.90487758789 250.129770992 -61.1755725191 7.6641221374 END
START -0.833182177734 -10.4985742798 4.25689055176 250.129770992 -63.2748091603 9.34351145038 END
START 3.52665904541 -12.6725093872 8.40604202881 250.129770992 -71.213740458 7.18320610687 END
START 2.17872351074 -9.65102689209 7.54891783447 250.129770992 -45.3893129771 11.4427480916 END
START -0.426167895508 -15.0547400391 6.30153876953 250.129770992 -53.1526717557 1.97709923664 END
START -1.62087452393 -6.30632717285 7.17302817383 250.129770992 -62.6488549618 -2.45801526718 END
START 3.71819517822 -8.31985076904 4.32153399658 250.129770992 -68.6946564885 -2.71755725191 END
START 1.65199914551 -11.4203419189 9.50976899414 250.129770992 -70.4580152672 6.2213740458 END
START -3.50511123047 -13.0938888794 6.10042583008 250.129770992 -71.7557251908 11.213740458 END
START -1.84114107666 -13.2064163574 7.42441934814 250.129770992 -70.106870229 1.41221374046 END
START -4.2784383667 -9.92636008301 4.81952794189 250.129770992 -79.4809160305 8.68702290076 END
START -3.13400997314 -10.1753570557 9.42597193604 250.129770992 -76.6106870229 0.221374045802 END
START -2.94247384033 -1.38145435791 8.39167681885 250.129770992 -76.6183206107 3.30534351145 END
START -0.514753356934 -6.35421120605 6.91206019287 250.129770992 -93.6564885496 -1.53435114504 END
START -1.99197578125 -9.72285294189 6.04057078857 250.129770992 -86.465648855 9.96183206107 END
START 1.55862528076 -1.94169754639 4.86501777344 250.129770992 -86.893129771 -2.23664122137 END
START 0.895431420898 -10.7691190674 7.33822808838 250.129770992 -83.1526717557 0.0839694656489 END
START -4.6088381958 -12.990938208 4.05338341064 250.129770992 -97.641221374 10.5114503817 END
START -4.17309349365 -9.46667336426 5.94480272217 250.129770992 -109.13740458 13.0839694656 END
START -8.45632026367 -5.22654222412 4.05817181396 250.129770992 -96.9083969466 6.97709923664 END
START 10.5991307495 -6.36857641602 5.2816088623 250.129770992 -93.4732824427 6.87022900763 END
START 2.37265384521 -6.50265170898 8.12113203125 250.129770992 -104.34351145 5.2213740458 END
START 1.72621939697 -10.7188408325 3.0765491333 250.129770992 -107.427480916 10.9312977099 END
START 6.17225187988 -13.4817495483 8.07803640137 250.129770992 -97.8854961832 0.488549618321 END
START -1.67594116211 -7.71172354736 9.47864437256 250.129770992 -103.977099237 10.1374045802 END
START -3.39258375244 -6.33505759277 11.1090957031 250.129770992 -105.061068702 9.68702290076 END
START 0.213083947754 -6.38294162598 8.74362446289 250.129770992 -104.221374046 4.32061068702 END
START 1.26892687988 -11.2575362061 7.76679018555 250.129770992 -104.885496183 -3.54961832061 END
START -0.77332713623 -6.83783994141 3.05021291504 250.129770992 -104.58778626 9.77099236641 END
START 6.15070406494 -9.00459244385 9.08120689697 250.129770992 -103.671755725 9.10687022901 END
START -1.21625444336 -7.26161363525 6.76840809326 250.129770992 -104.717557252 10.1221374046 END
START 4.45800349121 -5.93762011719 12.124237207 250.129770992 -104.427480916 9.10687022901 END
START 0.0407014282227 -18.37310354 0.555454785156 250.129770992 -98.6641221374 1.28244274809 END
START 1.39821376953 -5.4803276001 6.27999095459 250.129770992 -104.282442748 4.19847328244 END
START 5.63595070801 -11.7818663696 6.75643708496 250.129770992 -104.259541985 12.9541984733 END
START 1.67115275879 -8.14028564453 13.0124860229 250.129770992 -107.213740458 3.19847328244 END
START -0.945709655762 -11.6023012451 10.7691190674 250.129770992 -104.015267176 2.95419847328 END
START -1.85790048828 -9.59356605225 5.88494768066 250.129770992 -107.450381679 6.07633587786 END
START 1.42933839111 -8.99501563721 8.78672009277 250.129770992 -96.8167938931 3.21374045802 END
START -2.72460148926 -14.6357547485 11.9015764526 250.129770992 -104.297709924 4.4427480916 END
START 4.17788189697 -12.7874310669 9.56244143066 250.129770992 -104.549618321 4.32061068702 END
START -4.82192214355 -9.03811126709 3.69425316162 250.129770992 -106.458015267 8.42748091603 END
START 3.9719805542 -15.4114760864 6.51462271729 250.129770992 -104.236641221 11.2366412214 END
START 0.560243188477 -11.6477910767 10.0891657959 250.129770992 -97.6564885496 13.2595419847 END
START -0.15801730957 -1.12288057861 10.6326495728 250.129770992 -103.992366412 2.79389312977 END
START 3.88818349609 -14.1401550049 11.5472346069 250.129770992 -101.503816794 10.1145038168 END
START 1.57299049072 -10.4913916748 6.38533582764 250.129770992 -83.5038167939 8.2213740458 END
START 2.05661922607 -6.74925447998 12.8664397217 250.129770992 -97.3435114504 9.59541984733 END
START -2.31758720703 -7.6494743042 12.0787473755 250.129770992 -102.183206107 3.54961832061 END
START -0.342370837402 -5.19062919922 7.56328304443 250.129770992 -101.335877863 2.12213740458 END
START 3.28484467773 -15.6317426392 11.9542488892 250.129770992 -90.4045801527 5.5572519084 END
START 1.01753570557 -2.33195241699 4.61841500244 250.129770992 -97.3893129771 5.06870229008 END
START 5.75326658936 -6.02620557861 8.52335791016 250.129770992 -83.6106870229 0.251908396947 END
START -1.10133276367 -3.34230551758 13.7594769409 250.129770992 -87.4961832061 5.36641221374 END
START 7.92480749512 -12.1960632568 8.69813463135 250.129770992 -82.4961832061 9.06106870229 END
START -1.91536132812 -4.35744702148 4.94881483154 250.129770992 -65.0763358779 1.72519083969 END
START 2.30801040039 -11.7411649414 9.54568201904 250.129770992 -70.213740458 9.30534351145 END
START 1.60650931396 -11.7531359497 9.22007059326 250.129770992 -68.5038167939 -0.63358778626 END
START 2.1332336792 -5.36061751709 7.15866296387 250.129770992 -65.0992366412 8.34351145038 END
START 4.49391651611 -10.1442324341 8.60954916992 250.129770992 -50.213740458 5.19847328244 END
START -4.15154567871 -4.22816013184 8.55208833008 250.129770992 -63.534351145 7.4427480916 END
START -7.6614453125 -12.7491238403 7.86016405029 250.129770992 -62.641221374 2.1679389313 END
START -2.34871182861 -11.4299187256 4.80037432861 250.129770992 -51.465648855 -3.54198473282 END
START 6.3637880127 -5.90410129395 13.7403233276 250.129770992 -53.9694656489 1.90839694656 END
START 2.24576115723 -3.50271702881 3.43807358398 250.129770992 -51.6183206107 7.30534351145 END
START -4.02944139404 -2.68150585937 5.71495936279 250.129770992 -31.679389313 3.41984732824 END
START 4.72615407715 -8.08761320801 7.4028715332 250.129770992 -50.6106870229 9.16030534351 END
START 6.04775339355 -9.83777462158 2.07098443604 250.129770992 -61.5954198473 5.21374045802 END
START -6.80671531982 -10.4028062134 9.5121631958 250.129770992 -45.5267175573 11.4732824427 END
START 10.046070166 -11.5424462036 12.0571995605 250.129770992 -40.6488549618 5.63358778626 END
START 1.34075292969 -10.3573163818 9.63426748047 250.129770992 -43.4885496183 8.17557251908 END
START -2.76530291748 -10.3022497437 7.47709178467 250.129770992 -42.1221374046 8.42748091603 END
START 0.478840332031 -9.42357773437 6.24647213135 250.129770992 -35.8015267176 17.8091603053 END
START 2.76051451416 -10.3621047852 5.09007272949 250.129770992 -33.7099236641 -3.50381679389 END
START 4.79079752197 -6.63433280029 7.85776984863 250.129770992 -36.4961832061 1.76335877863 END
START -0.359130249023 -5.8945244873 12.5599819092 250.129770992 -27.5648854962 -1.8320610687 END
START -1.45328040771 -10.0939541992 15.1433255005 250.129770992 -38.3282442748 -1.63358778626 END
START -3.04781871338 -8.51617530518 8.2504189209 250.129770992 -45.4045801527 9.70992366412 END
START 2.11168586426 -16.0291801147 7.9918451416 250.129770992 -41.0839694656 10.1603053435 END
START -1.02232410889 -5.00148726807 4.8314989502 250.129770992 -48.6030534351 6.41984732824 END
START 4.83868155518 -6.4595560791 6.62475599365 250.129770992 -37.2671755725 -3.99236641221 END
START 2.48039291992 -9.00219824219 9.37808790283 250.129770992 -50.1603053435 2.36641221374 END
START 1.13245738525 -11.645396875 9.1817633667 250.129770992 -39.893129771 7.07633587786 END
START -4.043806604 -11.1497971313 5.8466404541 250.129770992 -35.7786259542 10.4885496183 END
START -3.29442148437 -14.1281839966 7.84101043701 250.129770992 -47.3969465649 5.49618320611 END
START -0.629675036621 -9.61271966553 7.6135612793 250.129770992 -50.2824427481 9.7786259542 END
START -6.20337650146 -11.6262432617 5.86818826904 250.129770992 -56.7709923664 4.80916030534 END
START -0.138863696289 -9.56244143066 10.7643306641 250.129770992 -51.1450381679 9.85496183206 END
START 7.41963094482 -7.9559321167 7.9200190918 250.129770992 -57.7175572519 8.20610687023 END
START -0.699106884766 -15.31570802 6.40688364258 250.129770992 -54.8167938931 10.0992366412 END
START 3.54581265869 -5.48990440674 5.83945784912 250.129770992 -68.0152671756 7.80152671756 END
START 4.59926138916 -7.09162531738 7.80030900879 250.129770992 -56.1526717557 10.9389312977 END
START 2.88261879883 -10.9774146118 4.47955130615 250.129770992 -67.5572519084 -1.20610687023 END
START 5.77002600098 -9.21528218994 9.43315454102 250.129770992 -63.5038167939 3.0534351145 END
START 2.39659586182 -5.32231029053 11.0683942749 250.129770992 -60.2366412214 -2.21374045802 END
START 3.3710359375 -8.41801303711 9.53371101074 250.129770992 -78.0381679389 11.7480916031 END
START -2.94965644531 -6.99106884766 5.72693037109 250.129770992 -88.0992366412 9.57251908397 END
START 3.10767375488 -10.0628295776 6.57926616211 250.129770992 -85.358778626 7.58778625954 END
START -0.15801730957 -14.4226708008 9.02614025879 250.129770992 -90.7022900763 10.8549618321 END
START -4.48194550781 -11.4442839355 6.95515582275 250.129770992 -96.3053435115 10.106870229 END
START 5.62158549805 -12.0715647705 10.800243689 250.129770992 -88.2824427481 2.97709923664 END
START -2.57855518799 -16.4098581787 13.3309148437 250.129770992 -101.86259542 7.10687022901 END
START 1.47003981934 -12.392387793 4.12999786377 250.129770992 -105.877862595 2.90839694656 END
START 1.23540805664 -5.39413634033 8.5089927002 250.129770992 -103.801526718 11.3129770992 END
START 2.88022459717 -10.7882726807 6.72770666504 250.129770992 -95.8625954198 5.87786259542 END
START 4.8674119751 -12.4067530029 8.19774648437 250.129770992 -103.549618321 -2.98473282443 END
START 1.78846864014 -10.7523596558 6.25365473633 250.129770992 -104.832061069 -0.381679389313 END
START 1.37906015625 -10.1777512573 4.78122071533 250.129770992 -104.244274809 9.63358778626 END
START 3.48116921387 -3.70382996826 9.55765302734 250.129770992 -104.396946565 -0.328244274809 END
START 9.09796630859 -13.4578075317 3.94325013428 250.129770992 -104.557251908 5.25954198473 END
START 2.65516964111 -7.81946262207 7.44836136475 250.129770992 -101.93129771 5.96183206107 END
START 5.19541760254 -6.35660540771 4.95599743652 250.129770992 -104.916030534 -0.740458015267 END
START 3.39976635742 -1.87705410156 7.00782825928 250.129770992 -105.671755725 1.96946564885 END
START 6.35660540771 -8.25760152588 8.20492908936 250.129770992 -111.20610687 -0.793893129771 END
START 5.26484945068 -13.2830308105 3.12203896484 250.129770992 -106.015267176 12.7175572519 END
START -1.90099611816 -3.9360675293 11.5903302368 250.129770992 -102.160305344 2.5572519084 END
START 3.70861837158 -6.42603725586 9.62229647217 250.129770992 -103.946564885 11.7328244275 END
START -8.17141026611 -3.65594593506 8.70292303467 250.129770992 -98.4045801527 7.16030534351 END
START -0.857124194336 -2.87543619385 9.43076033936 250.129770992 -99.6641221374 15.1908396947 END
START 1.91536132812 -11.0612116699 11.0707884766 250.129770992 -90.5038167939 7.83969465649 END
START 2.28406838379 -7.28555565186 5.73171877441 250.129770992 -84.0916030534 -3.51908396947 END
START 0.447715710449 -6.44040246582 9.2416184082 250.129770992 -75.3435114504 8.75572519084 END
START 0.277727392578 -9.16021555176 7.55849464111 250.129770992 -75.0 7.60305343511 END
START 5.50905802002 -4.5250411377 8.44674345703 250.129770992 -60.4122137405 1.52671755725 END
START 3.27526787109 -14.1281839966 8.32463917236 250.129770992 -65.9694656489 18.4961832061 END
START 6.93839641113 -10.8481277222 6.89769498291 250.129770992 -53.4351145038 4.83969465649 END
START 4.28083256836 -10.0149455444 11.0564232666 250.129770992 -48.5954198473 3.16030534351 END
START 5.07331331787 -5.16908138428 8.88967076416 250.129770992 -43.1832061069 0.595419847328 END