START 4.38857164307 -6.01184036865 7.94156690674 250.129770992 -51.1908396947 6.54961832061 END
START -4.70221206055 -4.3023803833 10.0987426025 250.129770992 -56.0992366412 2.3358778626 END
START -4.03422979736 -7.88171186523 5.45399138184 250.129770992 -65.8854961832 17.1526717557 END
START 5.10204373779 -14.7985604614 5.02064088135 250.129770992 -48.3358778626 4.31297709924 END
START 4.28083256836 -5.80354482422 4.75967290039 250.129770992 -58.1832061069 8.85496183206 END
START -0.799663354492 -8.58321295166 12.3205617432 250.129770992 -67.893129771 19.2366412214 END
START 3.99113416748 -15.9238352417 4.07971962891 250.129770992 -68.6641221374 -3.14503816794 END
START -0.0957680664062 -13.125013501 6.37815322266 250.129770992 -68.1374045802 4.57251908397 END
START -0.964863269043 -0.193930334473 16.2853596924 250.129770992 -64.6641221374 1.74045801527 END
START 2.65277543945 -6.65827481689 9.93593688965 250.129770992 -68.5877862595 6.02290076336 END
START 0.100556469727 -14.231134668 6.81629212646 250.129770992 -57.1221374046 8.92366412214 END
START 0.730231506348 -9.67018050537 6.35660540771 250.129770992 -72.7557251908 11.8778625954 END
START -0.981622680664 -6.55532414551 10.8050320923 250.129770992 -61.6183206107 5.1679389313 END
START 2.05661922607 -9.39484731445 7.74524237061 250.129770992 -61.2366412214 14.6183206107 END
START -3.27047946777 -12.6581441772 4.73333668213 250.129770992 -56.9389312977 4.04580152672 END
START 1.05584293213 -5.79636221924 11.2000753662 250.129770992 -64.2977099237 -4.09923664122 END
START 1.32878192139 -9.03092866211 8.18816967773 250.129770992 -60.7404580153 7.19847328244 END
START -10.9175595703 -13.0747352661 0.270544787598 250.129770992 -54.106870229 2.72519083969 END
START -2.12365687256 -5.50666381836 5.7987564209 250.129770992 -59.1221374046 4.03816793893 END
START -0.351947644043 -17.1736085083 6.27999095459 250.129770992 -57.8320610687 5.3893129771 END
START -2.80839854736 -13.5224509766 7.0724717041 250.129770992 -52.2290076336 12.2290076336 END
START -3.58411988525 -16.4481654053 7.37414111328 250.129770992 -58.0229007634 5.43511450382 END
START 0.517147558594 -2.95205064697 6.38294162598 250.129770992 -64.5496183206 -2.91603053435 END
START -5.37258852539 -7.14190355225 10.927136377 250.129770992 -63.4045801527 7.47328244275 END
START -0.486022937012 -10.3644989868 5.7508723877 250.129770992 -63.8167938931 14.6030534351 END
START -3.02627089844 -9.32541546631 7.26400783691 250.129770992 -61.0 -0.587786259542 END
START 5.1738697876 -11.4442839355 6.50265170898 250.129770992 -67.5801526718 4.27480916031 END
START 0.16041151123 -4.83868155518 8.65503900146 250.129770992 -69.0 9.21374045802 END
START 7.50342800293 -11.0923362915 4.04859500732 250.129770992 -71.1908396947 2.02290076336 END
START 10.0867715942 -12.2774661133 9.07402429199 250.129770992 -72.9541984733 5.47328244275 END
START -0.596156213379 -12.9286889648 6.13394465332 250.129770992 -77.6946564885 11.4580152672 END
START 1.74058460693 -12.0021329224 6.89769498291 250.129770992 -74.6106870229 0.725190839695 END
START 5.16908138428 -10.9845972168 5.31991608887 250.129770992 -82.2748091603 18.213740458 END
START -4.16830509033 -10.8624929321 8.28393774414 250.129770992 -91.1984732824 2.02290076336 END
START 4.72615407715 -10.9941740234 6.73488927002 250.129770992 -85.358778626 1.06870229008 END
START 7.57046564941 -5.64313331299 3.22977803955 250.129770992 -92.3969465649 7.51908396947 END
START -2.77727392578 -7.88410606689 6.44519086914 250.129770992 -99.786259542 -4.64885496183 END
START -5.02303508301 -14.08987677 7.46272657471 250.129770992 -99.1374045802 10.6488549618 END
START -0.938527050781 -2.48039291992 6.16267507324 250.129770992 -92.6335877863 2.71755725191 END
START -3.21301862793 -4.91769020996 7.94156690674 250.129770992 -104.832061069 -1.46564885496 END
START 2.99993468018 -11.0540290649 7.01501086426 250.129770992 -100.778625954 8.87022900763 END
START -2.02788880615 -7.87213505859 9.78989058838 250.129770992 -104.572519084 16.2442748092 END
START 4.24013114014 -19.1655842896 6.72052406006 250.129770992 -105.358778626 5.08396946565 END
START 5.56651885986 -8.11873782959 9.58159504395 250.129770992 -105.34351145 -0.145038167939 END
START -4.6327802124 -7.84819304199 7.3310454834 250.129770992 -104.34351145 3.52671755725 END
START 4.52982954102 -0.658405456543 5.98550415039 250.129770992 -104.992366412 -0.748091603053 END
START 0.356736047363 -8.79629689941 7.63989749756 250.129770992 -104.236641221 5.63358778626 END
START 0.15801730957 -12.9430541748 7.72608875732 250.129770992 -105.328244275 -0.740458015267 END
START 0.296881005859 -10.2184526855 6.83544573975 250.129770992 -104.641221374 -0.0916030534351 END
START 0.581791003418 -11.3509100708 4.656722229 250.129770992 -101.832061069 13.3816793893 END
START -3.95043273926 -10.2615483154 10.3237975586 250.129770992 -101.984732824 11.641221374 END
START 3.82832845459 -12.8831991333 12.2415530884 250.129770992 -103.801526718 13.465648855 END
START -1.88423670654 -9.27992563477 12.0811415771 250.129770992 -103.763358779 4.23664122137 END
START 0.893037219238 -13.6852566895 5.17626398926 250.129770992 -102.236641221 4.30534351145 END
START -1.51552965088 -3.99831677246 8.14986245117 250.129770992 -103.977099237 4.49618320611 END
START -3.25611425781 -2.93289703369 10.5177278931 250.129770992 -101.709923664 14.3282442748 END
START 1.95845695801 -11.4107651123 8.08521900635 250.129770992 -103.282442748 12.4809160305 END
START 5.5401826416 -11.0971246948 8.88248815918 250.129770992 -101.007633588 2.14503816794 END
START 4.91290180664 -13.9605898804 11.7267997314 250.129770992 -88.4961832061 13.5572519084 END
START 2.68390006104 -2.97599266357 8.90403597412 250.129770992 -84.9236641221 10.6488549618 END
START 0.656011254883 -8.05409438477 6.70376464844 250.129770992 -72.5801526718 -3.0 END
START -0.208295544434 -11.0827594849 6.93839641113 250.129770992 -60.9007633588 8.32061068702 END
START 3.89297189941 -8.51378110352 7.84819304199 250.129770992 -69.5496183206 6.30534351145 END
START -4.19464130859 -10.0963484009 5.05894810791 250.129770992 -44.4503816794 8.41221374046 END
START 3.1004911499 -11.8034141846 4.92487281494 250.129770992 -48.7557251908 -5.50381679389 END
START 3.7373487915 -10.6757452026 8.23126530762 250.129770992 -47.3816793893 10.106870229 END
START 1.01992990723 -13.2950018188 6.28956776123 250.129770992 -40.893129771 0.511450381679 END
START 3.1364041748 -7.94156690674 7.24246002197 250.129770992 -34.3740458015 13.9923664122 END
START 3.9839515625 -5.93043751221 7.76918438721 250.129770992 -40.0763358779 7.1679389313 END
START -2.57855518799 -3.18907661133 9.05726488037 250.129770992 -33.9847328244 5.39694656489 END
START -1.91775552979 -9.50258638916 11.2000753662 250.129770992 -31.4580152672 -0.801526717557 END
START -4.95599743652 -8.19774648437 6.71334145508 250.129770992 -28.786259542 8.23664122137 END
START 2.15238729248 -8.39885942383 10.5416699097 250.129770992 -33.1603053435 9.29007633588 END
START 0.282515795898 -12.3421095581 8.41561883545 250.129770992 -31.8854961832 9.28244274809 END
START -4.10126744385 -11.1282493164 8.07085379639 250.129770992 -33.1221374046 4.03816793893 END
START -2.31998140869 -9.36132849121 10.4650554565 250.129770992 -33.0076335878 0.679389312977 END
START 3.03105930176 -9.76116016846 5.06134230957 250.129770992 -36.6641221374 -0.564885496183 END
START 2.42532628174 -9.75637176514 3.11964476318 250.129770992 -40.106870229 7.83969465649 END
START -1.85790048828 -3.46919820557 8.89685336914 250.129770992 -33.3053435115 7.85496183206 END
START 0.591367810059 -10.6637741943 7.45554396973 250.129770992 -49.6106870229 7.78625954198 END
START -1.84353527832 -8.97825622559 8.42280144043 250.129770992 -46.8625954198 9.50381679389 END
START -0.634463439941 -5.50187541504 5.66946953125 250.129770992 -56.1145038168 4.59541984733 END
START 2.53306535645 -9.37808790283 6.08845482178 250.129770992 -52.0076335878 17.1832061069 END
START -1.88184250488 -10.3501337769 4.31913979492 250.129770992 -64.7022900763 8.30534351145 END
START 7.22330640869 -11.1809217529 4.58010777588 250.129770992 -53.5114503817 -1.06870229008 END
START 5.09964953613 -6.52659372559 13.2351467773 250.129770992 -58.0687022901 13.1755725191 END
START -0.967257470703 -8.84896933594 11.997344519 250.129770992 -62.2977099237 -0.343511450382 END
START 1.52271225586 -10.2830961304 5.18344659424 250.129770992 -68.0229007634 -2.07633587786 END
START -2.02788880615 -5.89213028564 2.14281048584 250.129770992 -63.0076335878 9.35114503817 END
START 6.25604893799 -8.88009395752 9.1458503418 250.129770992 -73.4580152672 9.70229007634 END
START 0.632069238281 -14.2862013062 6.33026918945 250.129770992 -79.4045801527 11.4198473282 END
START 6.48828649902 -9.73003554687 9.12909093018 250.129770992 -74.3893129771 0.0763358778626 END
START 0.679953271484 -8.12113203125 6.29435616455 250.129770992 -89.3511450382 11.2290076336 END
START 0.378283862305 -9.14345614014 6.53856473389 250.129770992 -94.9618320611 0.770992366412 END
START 4.72854827881 -8.97346782227 3.82114584961 250.129770992 -98.4732824427 5.74809160305 END
START 11.3245738525 -12.9550251831 7.56807144775 250.129770992 -98.3816793893 9.54198473282 END
START -1.39103116455 -9.39005891113 9.05008227539 250.129770992 -101.167938931 12.9694656489 END
START 3.69904156494 -5.01585247803 11.8153851929 250.129770992 -106.557251908 -1.39694656489 END
START 1.64002813721 -12.5815297241 7.04374128418 250.129770992 -97.0 5.06870229008 END
START 0.905008227539 -7.19457598877 -1.18273562012 250.129770992 -97.4045801527 1.92366412214 END
START 5.77002600098 -14.7339170166 3.28484467773 250.129770992 -104.06870229 -1.13740458015 END
START 4.86022937012 -11.6118780518 7.86974085693 250.129770992 -104.229007634 7.80152671756 END
START 7.65905111084 -14.3029607178 8.24084211426 250.129770992 -104.175572519 -0.679389312977 END
START 2.84431157227 -9.95030209961 7.08923111572 250.129770992 -104.65648855 4.62595419847 END
START -2.41335527344 -9.07163009033 11.7291939331 250.129770992 -103.992366412 -1.84732824427 END
START -1.54665427246 -9.16260975342 4.85304676514 250.129770992 -106.786259542 5.10687022901 END
START 5.46117398682 -13.7714479492 5.97592734375 250.129770992 -103.72519084 10.7633587786 END
START 1.18752402344 -15.8113077637 3.96958635254 250.129770992 -107.770992366 9.6641221374 END
START 8.75080706787 -8.95192000732 4.82910474854 250.129770992 -104.900763359 6.90839694656 END
START -0.263362182617 -12.6749035889 13.6206132446 250.129770992 -104.603053435 -2.04580152672 END
START 2.07816704102 -11.8010199829 8.75798967285 250.129770992 -104.618320611 6.38167938931 END
START -0.902614025879 -8.37252320557 5.32949289551 250.129770992 -104.183206107 8.12213740458 END
START 1.66875855713 -8.40843623047 4.91769020996 250.129770992 -104.007633588 -0.778625954198 END
START 3.34948812256 -4.10605584717 6.25126053467 250.129770992 -104.480916031 4.99236641221 END
START 4.11323845215 -5.23851323242 9.45709655762 250.129770992 -104.908396947 2.89312977099 END
START 4.5968671875 -10.8720697388 4.9512090332 250.129770992 -97.2900763359 9.78625954198 END
START -0.220266552734 -7.9439611084 10.3477395752 250.129770992 -85.4503816794 2.95419847328 END
START 3.40934316406 -9.74440075684 5.58088406982 250.129770992 -81.7633587786 4.26717557252 END
START 10.180145459 -8.45392606201 10.1753570557 250.129770992 -72.6335877863 8.83969465649 END
START -2.93289703369 -11.7914431763 7.6614453125 250.129770992 -79.7404580153 -3.12213740458 END
START 5.1738697876 -11.0995188965 10.0963484009 250.129770992 -76.0610687023 -0.343511450382 END
START 2.46842191162 -8.97346782227 9.2416184082 250.129770992 -56.3282442748 3.37404580153 END
START -2.94486804199 -9.8425630249 5.09725533447 250.129770992 -59.6488549618 -0.404580152672 END
START 1.33596452637 -1.45567460937 6.28477935791 250.129770992 -48.2442748092 -1.32061068702 END
START 0.143652099609 -7.90086547852 6.17943448486 250.129770992 -40.0610687023 4.74809160305 END
START -1.74058460693 -13.1393787109 8.58560715332 250.129770992 -47.0076335878 18.0687022901 END
START 8.62630858154 -10.3668931885 8.32703337402 250.129770992 -41.8854961832 1.46564885496 END
START 6.36618221436 -4.14436307373 10.2639425171 250.129770992 -37.9236641221 2.06106870229 END
START 9.01656345215 -5.34864650879 7.08204851074 250.129770992 -55.3740458015 -3.1679389313 END
START -5.09246693115 -3.68228215332 7.21133540039 250.129770992 -39.2213740458 7.47328244275 END
START -1.23301385498 -11.8201735962 4.77403811035 250.129770992 -33.7480916031 4.6641221374 END
START -4.72136567383 -10.1609918457 10.6134959595 250.129770992 -32.1603053435 7.52671755725 END
START -2.68150585937 -6.25126053467 7.9918451416 250.129770992 -30.7022900763 -2.19083969466 END
START 1.58735570068 -6.97191523437 4.61123239746 250.129770992 -36.7328244275 6.96946564885 END
START -0.730231506348 -11.6286374634 5.60003768311 250.129770992 -36.4427480916 5.70992366412 END