START 4.01507618408 -2.58334359131 10.8960117554 250.129770992 -81.4351145038 1.27480916031 END
START -0.277727392578 -9.82101520996 10.6685625977 250.129770992 -81.3358778626 7.92366412214 END
START 2.31519300537 -4.72375987549 5.56891306152 250.129770992 -64.4427480916 9.35877862595 END
START -5.26245524902 -7.18021077881 11.9877677124 250.129770992 -62.7328244275 11.4122137405 END
START 3.73495458984 -9.42118353271 7.88171186523 250.129770992 -69.2671755725 1.96183206107 END
START -0.828393774414 -7.38850632324 6.57926616211 250.129770992 -58.5648854962 2.03053435115 END
START -1.86747729492 -13.0579758545 8.79629689941 250.129770992 -67.4503816794 3.29770992366 END
START 2.12365687256 -9.61750806885 7.51779321289 250.129770992 -58.679389313 -3.41221374046 END
START 1.54186586914 -6.02141717529 7.64229169922 250.129770992 -62.4809160305 17.2290076336 END
START 0.196324536133 -4.46279189453 9.49540378418 250.129770992 -58.2748091603 4.96946564885 END
START -0.0407014282227 -7.05331809082 7.78354959717 250.129770992 -68.8015267176 2.88549618321 END
START 2.68150585937 -18.4784484131 11.2383825928 250.129770992 -61.2824427481 9.29007633588 END
START 1.18273562012 -9.68454571533 8.97586202393 250.129770992 -71.1374045802 2.69465648855 END
START 1.31202250977 -9.15542714844 11.2886608276 250.129770992 -85.0610687023 8.87786259542 END
START 3.6415807251 -5.62876810303 5.85621726074 250.129770992 -75.5572519084 12.641221374 END
START 0.780509741211 -10.5081510864 8.42758984375 250.129770992 -68.8015267176 11.5572519084 END
START -2.31279880371 -5.27682045898 4.88656558838 250.129770992 -64.6335877863 11.2519083969 END
START -3.46680400391 -3.96479794922 9.96706151123 250.129770992 -80.9618320611 17.2595419847 END
START 0.328005627441 -9.55765302734 5.98550415039 250.129770992 -72.5038167939 15.5038167939 END
START 1.10372696533 -12.251129895 9.09796630859 250.129770992 -74.0229007634 14.3435114504 END
START -0.289698400879 -7.55610043945 13.2135989624 250.129770992 -74.9389312977 6.6641221374 END
START -0.907402429199 -11.0061450317 9.23204160156 250.129770992 -75.1145038168 11.9847328244 END
START 2.95683905029 -14.2407114746 10.1274730225 250.129770992 -78.3816793893 -1.75572519084 END
START -1.76213242187 -10.8624929321 5.50187541504 250.129770992 -77.5038167939 3.81679389313 END
START 0.603338818359 -5.05655390625 5.92564910889 250.129770992 -66.6641221374 7.76335877863 END
START -2.68868846436 -13.5152683716 1.63523973389 250.129770992 -69.1526717557 7.02290076336 END
START 3.3351229126 -8.9112185791 7.83861623535 250.129770992 -78.6641221374 -2.88549618321 END
START -0.871489404297 -10.1346556274 4.87459458008 250.129770992 -84.6259541985 7.41984732824 END
START 4.36941802979 -6.27999095459 6.91684859619 250.129770992 -75.2748091603 5.29007633588 END
START 0.320823022461 -5.05655390625 5.95677373047 250.129770992 -97.320610687 12.465648855 END
START -0.670376464844 -7.10120212402 8.65503900146 250.129770992 -83.8396946565 23.0076335878 END
START 4.55377155762 -12.0595937622 11.3078144409 250.129770992 -91.320610687 25.0534351145 END
START 5.62637390137 -5.94719692383 7.00782825928 250.129770992 -92.0992366412 5.49618320611 END
START -8.5568767334 -5.09007272949 7.8960770752 250.129770992 -94.5648854962 9.67175572519 END
START -1.1540052002 -7.0844427124 8.30548555908 250.129770992 -90.8702290076 -2.19847328244 END
START -4.92966121826 -6.46913288574 12.5527993042 250.129770992 -90.893129771 7.06870229008 END
START 7.13711514893 -9.84974562988 8.74123026123 250.129770992 -98.1374045802 13.0076335878 END
START 2.86825358887 -10.7475712524 10.7332060425 250.129770992 -99.7938931298 -0.0916030534351 END
START 7.30470926514 -9.71567033691 8.67419261475 250.129770992 -104.27480916 -0.0992366412214 END
START 2.96641585693 -9.97903251953 7.0126166626 250.129770992 -98.0381679389 -0.0916030534351 END
START 6.70376464844 -7.7093293457 9.26795462646 250.129770992 -88.4961832061 -1.25954198473 END
START 9.00459244385 -9.46188496094 16.0052380981 250.129770992 -88.8320610687 4.08396946565 END
START -4.52982954102 -11.2766898193 13.0172744263 250.129770992 -76.3282442748 2.24427480916 END
START 6.25126053467 -2.93529123535 6.95276162109 250.129770992 -79.0839694656 5.07633587786 END
START -7.52737001953 -7.33822808838 11.0564232666 250.129770992 -76.8778625954 4.14503816794 END
START -2.26012636719 -1.24737906494 8.14986245117 250.129770992 -72.6030534351 3.19083969466 END
START 1.03429511719 -7.00303985596 6.4356140625 250.129770992 -78.2366412214 -1.68702290076 END
START 2.32476981201 -9.54089361572 6.6822168335 250.129770992 -61.1450381679 3.04580152672 END
START 2.18351191406 -8.8393925293 10.8337625122 250.129770992 -51.9007633588 -3.18320610687 END
START 2.16196409912 -12.3540805664 11.765106958 250.129770992 -66.534351145 14.1145038168 END
START 9.23922420654 -10.3788641968 9.27992563477 250.129770992 -57.0076335878 -1.67938931298 END
START 8.06845959473 -9.96466730957 9.29668504639 250.129770992 -56.5954198473 4.01526717557 END
START -7.35977590332 -15.8280671753 10.1202904175 250.129770992 -57.9236641221 5.67175572519 END
START 0.0167594116211 -9.16500395508 10.5201220947 250.129770992 -59.5496183206 14.0152671756 END
START 2.04943662109 -10.2040874756 7.23527741699 250.129770992 -53.0305343511 -1.99236641221 END
START 0.995987890625 -10.419565625 4.24970794678 250.129770992 -54.4045801527 5.28244274809 END
START -0.979228479004 -5.94001431885 9.78989058838 250.129770992 -45.1145038168 4.12977099237 END
START -0.435744702148 -13.589488623 7.51779321289 250.129770992 -51.0152671756 -2.40458015267 END
START 0.318428820801 -1.91296712646 7.64708010254 250.129770992 -45.6030534351 7.69465648855 END
START 1.09175595703 -11.2407767944 6.96233842773 250.129770992 -45.572519084 3.01526717557 END
START 6.50265170898 -3.84029946289 3.05978972168 250.129770992 -42.213740458 1.72519083969 END
START -4.72615407715 -12.5815297241 3.86184727783 250.129770992 -49.0916030534 5.51145038168 END
START 2.4037784668 -3.77326181641 6.31350977783 250.129770992 -50.1908396947 5.92366412214 END
START -1.16358200684 -8.72686505127 4.52982954102 250.129770992 -57.4732824427 9.67938931298 END
START 2.97359846191 -7.21372960205 11.3245738525 250.129770992 -60.8091603053 -2.25190839695 END
START 0.91219083252 -18.282123877 3.79480963135 250.129770992 -54.7938931298 2.16030534351 END
START -6.21774171143 -14.4226708008 5.2097828125 250.129770992 -58.213740458 4.11450381679 END
START -2.92810863037 -9.37090529785 5.11401474609 250.129770992 -62.1603053435 0.778625954198 END
START 0.533906970215 -4.10126744385 10.0364933594 250.129770992 -67.320610687 9.51145038168 END
START -0.126892687988 -7.06768330078 7.85058724365 250.129770992 -69.1832061069 5.74809160305 END
START 0.557848986816 -10.4818148682 6.90008918457 250.129770992 -74.7251908397 3.15267175573 END
START 2.69108266602 -13.2399351807 4.90811340332 250.129770992 -75.2213740458 -2.53435114504 END
START 6.70376464844 -16.8432086792 8.66940421143 250.129770992 -81.7404580153 8.89312977099 END
START -0.0814028564453 -11.3413332642 10.5368815063 250.129770992 -87.1755725191 2.4427480916 END
START -5.31752188721 -11.5735708252 6.88332977295 250.129770992 -80.8778625954 8.04580152672 END
START 4.94163222656 -6.68461103516 7.48906279297 250.129770992 -81.5114503817 13.9236641221 END
START 4.20661231689 -9.440337146 7.39329472656 250.129770992 -82.572519084 2.32824427481 END
START 1.18512982178 -12.8377093018 11.405976709 250.129770992 -85.9694656489 15.7480916031 END
START 8.8992475708 -8.86094034424 4.6327802124 250.129770992 -100.450381679 4.42748091603 END
START -4.37181223145 -7.48427438965 7.69496413574 250.129770992 -98.3358778626 16.6030534351 END
START -1.33835872803 -5.60003768311 9.83777462158 250.129770992 -87.5648854962 -2.91603053435 END
START 1.42933839111 -14.2431056763 6.375759021 250.129770992 -98.6564885496 13.2442748092 END
START -1.00077629395 -6.15070406494 10.9175595703 250.129770992 -89.5419847328 8.72519083969 END
START 3.4189199707 -7.74284816895 10.1202904175 250.129770992 -104.65648855 6.73282442748 END
START -3.03345350342 -9.23443580322 10.8816465454 250.129770992 -102.709923664 15.8702290076 END
START 8.72207664795 -7.56088884277 9.56244143066 250.129770992 -101.961832061 7.86259541985 END
START -0.114921679688 -8.29590875244 7.12274993896 250.129770992 -97.6259541985 -5.64122137405 END
START -3.77565601807 -10.6541973877 7.80270321045 250.129770992 -93.7938931298 15.0 END
START 1.09175595703 0.100556469727 4.46039769287 250.129770992 -72.0152671756 -2.29770992366 END
START 0.634463439941 -4.78840332031 8.94234320068 250.129770992 -80.7557251908 16.4580152672 END
START -4.65432802734 -7.01740506592 11.0779710815 250.129770992 -82.4503816794 11.5572519084 END
START 3.04303031006 -7.9798741333 7.85298144531 250.129770992 -90.6870229008 6.49618320611 END
START -2.72938989258 -11.7459533447 6.84262834473 250.129770992 -102.893129771 -2.89312977099 END
START -0.512359155273 -10.4818148682 9.49779798584 250.129770992 -101.442748092 1.76335877863 END
START 1.38384855957 -9.99339772949 6.57208355713 250.129770992 -106.160305344 7.54961832061 END
START 4.34547601318 -2.61925661621 9.77552537842 250.129770992 -87.4427480916 2.14503816794 END
START -5.91607230225 -4.42209046631 9.60793126221 250.129770992 -88.4961832061 9.78625954198 END
START 9.43076033936 -9.15063874512 9.02853446045 250.129770992 -89.1908396947 4.75572519084 END
START 3.33991131592 -12.2918313232 12.7826426636 250.129770992 -86.2290076336 5.93129770992 END
START 13.117830896 -3.57693728027 14.3867577759 250.129770992 -89.0916030534 8.56488549618 END
START 1.838746875 -12.9334773682 11.8680576294 250.129770992 -71.6641221374 6.81679389313 END
START 4.85304676514 -4.9631800415 8.26478413086 250.129770992 -79.1679389313 7.35114503817 END
START -0.380678063965 -8.85615194092 10.919953772 250.129770992 -68.7404580153 -1.25190839695 END
START 0.955286462402 -10.405200415 7.01740506592 250.129770992 -67.1603053435 12.9389312977 END
START -6.73967767334 -13.0675526611 5.53778843994 250.129770992 -69.320610687 5.92366412214 END
START 9.52652840576 -9.66060369873 6.48110389404 250.129770992 -68.6641221374 5.43511450382 END
START 8.98304462891 -5.20260020752 7.97269152832 250.129770992 -70.2977099237 -3.14503816794 END
START 1.94169754639 -15.6485020508 6.13394465332 250.129770992 -74.0992366412 -2.32824427481 END
START 5.21935961914 -8.19535228271 7.11796153564 250.129770992 -65.6564885496 6.06106870229 END
START 1.18752402344 -10.0724063843 8.58081875 250.129770992 -67.8854961832 3.2213740458 END