START 0.790086547852 -5.2576668457 10.8600987305 250.129770992 -68.7099236641 1.75572519084 END
START 8.48505068359 -5.00148726807 11.4107651123 250.129770992 -65.6717557252 -5.40458015267 END
START 5.8226984375 -7.41244833984 7.61834968262 250.129770992 -70.3435114504 0.396946564885 END
START -1.70227738037 -12.0835357788 3.05978972168 250.129770992 -71.5419847328 9.90839694656 END
START -0.45729251709 -12.2750719116 7.11317313232 250.129770992 -62.7786259542 -0.603053435115 END
START -0.658405456543 -9.20331118164 8.29112034912 250.129770992 -60.6717557252 -0.412213740458 END
START 4.23773693848 -10.1681744507 8.43477244873 250.129770992 -70.7175572519 8.72519083969 END
START -3.3830069458 -10.0412817627 9.21288798828 250.129770992 -67.1832061069 4.30534351145 END
START 1.02711251221 -8.99262143555 8.99022723389 250.129770992 -53.4503816794 5.42748091603 END
START -8.52575211182 -13.0819178711 6.6702458252 250.129770992 -54.1526717557 5.73282442748 END
START -3.78283862305 -8.24323631592 7.84101043701 250.129770992 -57.2595419847 3.20610687023 END
START 1.85311208496 -11.1713449463 7.46033237305 250.129770992 -55.1221374046 5.41221374046 END
START 4.23294853516 -5.99268675537 11.4466781372 250.129770992 -55.213740458 8.75572519084 END
START 2.4636335083 -4.22816013184 11.3006318359 250.129770992 -61.213740458 10.7938931298 END
START 10.0819831909 -8.42280144043 10.9103769653 250.129770992 -64.2671755725 15.4732824427 END
START -2.36786544189 -11.8800286377 10.7403886475 250.129770992 -55.7175572519 8.86259541985 END
START -2.085349646 -8.04212337646 8.24084211426 250.129770992 -60.0076335878 8.80152671756 END
START -0.45489831543 -8.59039555664 10.1849338623 250.129770992 -58.9312977099 10.9160305344 END
START -0.739808312988 -12.3828109863 9.56722983398 250.129770992 -59.0458015267 13.6183206107 END
START 1.14203419189 -8.86812294922 4.84825836182 250.129770992 -59.8778625954 15.2442748092 END
START 3.9121255127 -6.51701691895 1.47961662598 250.129770992 -65.2442748092 4.99236641221 END
START 5.18105239258 -15.2390935669 8.55208833008 250.129770992 -60.0687022901 12.3664122137 END
START 5.37977113037 -12.3325327515 10.9965682251 250.129770992 -62.9312977099 4.75572519084 END
START -4.81713374023 -9.99339772949 1.26653267822 250.129770992 -66.679389313 11.9312977099 END
START 0.715866296387 -11.1067015015 5.97832154541 250.129770992 -67.2442748092 8.62595419847 END
START -2.04704241943 -6.19379969482 6.77559069824 250.129770992 -64.9618320611 5.20610687023 END
START 6.63193859863 -3.03584770508 8.74123026123 250.129770992 -71.6335877863 12.2366412214 END
START 0.380678063965 -12.758700647 7.38611212158 250.129770992 -74.6870229008 -2.06870229008 END
START 2.52827695312 -4.06535441895 3.10767375488 250.129770992 -79.9236641221 14.1832061069 END
START 2.51870014648 -9.560047229 3.84987626953 250.129770992 -79.9847328244 0.923664122137 END
START 3.49792862549 -13.6397668579 7.04134708252 250.129770992 -97.7175572519 7.3358778626 END
START 5.81791003418 -17.3268374146 10.8074262939 250.129770992 -88.8244274809 3.01526717557 END
START 3.37343013916 -8.27914934082 7.71411774902 250.129770992 -89.9389312977 3.82442748092 END
START -2.80361014404 -10.7116582275 7.46751497803 250.129770992 -91.8702290076 -1.48091603053 END
START -1.06063133545 -16.7857478394 6.65588061523 250.129770992 -98.0610687023 -3.41984732824 END
START 4.95360323486 -10.0819831909 3.91451971436 250.129770992 -104.977099237 4.42748091603 END
START 1.09654436035 -6.8138979248 2.90177241211 250.129770992 -106.106870229 4.35877862595 END
START 6.17225187988 -4.43406147461 4.41251365967 250.129770992 -103.717557252 7.87022900763 END
START 5.66707532959 -11.7052519165 9.04529387207 250.129770992 -102.946564885 8.76335877863 END
START 5.10204373779 -4.60165559082 5.63834490967 250.129770992 -96.4427480916 1.90839694656 END
START -1.36708914795 -11.2431709961 6.33505759277 250.129770992 -101.709923664 -3.6641221374 END
START 1.71424838867 -7.75960758057 12.370839978 250.129770992 -104.236641221 10.1221374046 END
START -0.644040246582 -8.72925925293 10.8098204956 250.129770992 -104.175572519 6.6106870229 END
START -0.46686932373 -6.7660138916 5.65271011963 250.129770992 -102.923664122 0.534351145038 END
START 7.59919606934 -15.1361428955 6.94079061279 250.129770992 -104.221374046 4.32824427481 END
START -2.46602770996 -15.0260096191 12.4761848511 250.129770992 -104.755725191 11.0229007634 END
START 7.58722506104 -6.21774171143 7.24246002197 250.129770992 -104.290076336 7.93893129771 END
START 6.81868632812 -9.21288798828 5.18344659424 250.129770992 -104.717557252 3.25190839695 END
START -1.81719906006 -10.6470147827 8.17859287109 250.129770992 -104.236641221 11.2748091603 END
START 1.90817872314 -9.5480762207 7.80030900879 250.129770992 -92.427480916 4.19083969466 END
START -0.107739074707 -8.54011732178 13.3045786255 250.129770992 -100.167938931 6.35877862595 END
START -3.69425316162 -9.51695159912 7.40765993652 250.129770992 -91.0152671756 8.14503816794 END
START 4.49631071777 1.32878192139 7.44596716309 250.129770992 -84.4732824427 5.41984732824 END
START 2.11647426758 -9.04768807373 14.7051865967 250.129770992 -84.465648855 9.45801526718 END
START -9.02853446045 -14.5160446655 8.6167317749 250.129770992 -79.6259541985 4.70992366412 END
START 2.00873519287 -3.96719215088 5.34146390381 250.129770992 -63.679389313 -2.22900763359 END
START -2.01591779785 -5.56651885986 7.62074388428 250.129770992 -64.5038167939 -0.0687022900763 END
START -1.43891519775 -3.91930811768 10.9558667969 250.129770992 -53.3053435115 7.7786259542 END
START 5.06373651123 -9.33020386963 4.89853659668 250.129770992 -55.8778625954 6.54198473282 END
START -1.18273562012 -10.2447889038 6.57447775879 250.129770992 -38.9923664122 4.01526717557 END
START 2.26252056885 -6.04057078857 6.33745179443 250.129770992 -45.0152671756 -3.26717557252 END
START 3.85227047119 -9.95509050293 7.49385119629 250.129770992 -34.8778625954 9.59541984733 END
START 1.96085115967 -6.80671531982 5.61679709473 250.129770992 -33.6259541985 11.7480916031 END
START 4.43406147461 0.0359130249023 7.31189187012 250.129770992 -32.6564885496 10.320610687 END
START 1.99676418457 -4.55616575928 4.93205541992 250.129770992 -32.1526717557 1.89312977099 END
START 1.79565124512 -3.82114584961 8.87769975586 250.129770992 -31.2595419847 8.93129770992 END
START 6.36857641602 -9.90241806641 13.7475059326 250.129770992 -25.9694656489 3.19847328244 END
START -6.55292994385 -1.84592947998 14.2119810547 250.129770992 -34.9465648855 9.27480916031 END
START -0.229843359375 -10.1035310059 7.30231506348 250.129770992 -34.213740458 6.79389312977 END
START -4.29280357666 -12.0476227539 9.76116016846 250.129770992 -33.9618320611 16.465648855 END
START -4.290409375 -9.440337146 6.87135876465 250.129770992 -36.3664122137 7.07633587786 END
START -2.50194073486 -8.17380446777 9.56722983398 250.129770992 -39.0152671756 13.3969465649 END
START -0.45489831543 -8.09958421631 7.17063397217 250.129770992 -32.3664122137 6.48854961832 END
START 1.86987149658 -9.91199487305 9.69412252197 250.129770992 -42.4122137405 5.17557251908 END
START 2.17632930908 -6.4236430542 13.836091394 250.129770992 -42.3129770992 6.47328244275 END
START 3.32075770264 -3.3351229126 10.1107136108 250.129770992 -47.5877862595 4.0534351145 END
START 0.634463439941 -7.54173522949 4.10366164551 250.129770992 -45.2824427481 12.6870229008 END
START 0.0239420166016 -11.5161099854 11.7076461182 250.129770992 -54.9770992366 5.48091603053 END
START 5.11880314941 -8.34379278564 9.91199487305 250.129770992 -57.8549618321 8.2213740458 END
START -3.71819517822 -14.329296936 7.4148425415 250.129770992 -63.320610687 6.80916030534 END
START 2.99035787354 -14.3077491211 2.53545955811 250.129770992 -74.3816793893 -5.82442748092 END
START -1.92014973145 -8.31506236572 4.40533105469 250.129770992 -74.0992366412 10.6488549618 END
START 1.89620771484 -14.1233955933 4.43645567627 250.129770992 -81.6488549618 5.93893129771 END
START 1.93451494141 -12.5575877075 13.5439987915 250.129770992 -83.7709923664 1.17557251908 END
START 0.814028564453 -9.65342109375 6.41406624756 250.129770992 -90.3358778626 5.35877862595 END
START -8.6287027832 -7.45554396973 10.0005803345 250.129770992 -89.7557251908 9.09923664122 END
START 9.52892260742 -3.69904156494 12.8472861084 250.129770992 -83.9007633588 7.58015267176 END
START -0.330399829102 -7.93917270508 11.2742956177 250.129770992 -104.633587786 12.9923664122 END
START 4.02944139404 -10.9319247803 10.4961800781 250.129770992 -104.122137405 5.09160305344 END
START 6.02381137695 -4.41969626465 3.33991131592 250.129770992 -103.847328244 3.64122137405 END
START -4.48433970947 -11.1497971313 10.6948988159 250.129770992 -104.984732824 -1.54961832061 END
START 1.38145435791 -10.2304236938 8.12592043457 250.129770992 -104.374045802 6.65648854962 END
START -1.2737152832 -14.1617028198 5.65271011963 250.129770992 -104.045801527 6.58015267176 END
START -0.191536132812 -10.2423947021 4.53940634766 250.129770992 -104.687022901 2.23664122137 END
START 6.89290657959 -14.336479541 12.8161614868 250.129770992 -104.045801527 7.08396946565 END
START 8.55448253174 -16.5367508667 7.26400783691 250.129770992 -104.099236641 9.76335877863 END
START -8.61912597656 -10.5775829346 5.76763179932 250.129770992 -104.152671756 2.70992366412 END
START 1.22822545166 -4.9272670166 7.18978758545 250.129770992 -104.450381679 8.53435114504 END
START -0.936132849121 -12.7826426636 4.92247861328 250.129770992 -104.938931298 4.78625954198 END
START 5.26245524902 -5.80593902588 5.64552751465 250.129770992 -104.618320611 4.19847328244 END
START -0.62009822998 -13.4410481201 5.99986936035 250.129770992 -104.320610687 -6.42748091603 END
START 1.68791217041 -10.7499654541 9.65102689209 250.129770992 -104.190839695 16.5801526718 END
START 4.29759197998 -15.7849715454 14.6118127319 250.129770992 -102.312977099 18.9847328244 END
START 4.12999786377 -4.16351668701 5.39892474365 250.129770992 -104.320610687 9.63358778626 END
START 4.76685550537 -8.41322463379 10.2328178955 250.129770992 -103.824427481 10.4045801527 END
START -0.117315881348 -7.33343968506 13.4578075317 250.129770992 -93.5038167939 5.3893129771 END
START -4.72854827881 -12.6270195557 2.45645090332 250.129770992 -94.6488549618 12.786259542 END
START 3.80438643799 -5.35343491211 10.9247421753 250.129770992 -109.022900763 11.1145038168 END
START 6.75643708496 -9.7946789917 6.50504591064 250.129770992 -81.6488549618 14.7404580153 END
START -2.62643922119 -7.37653531494 7.31189187012 250.129770992 -83.9465648855 9.11450381679 END
START 4.67348164062 -12.5480109009 11.4849853638 250.129770992 -83.5496183206 4.93893129771 END
START 7.58483085937 -11.9015764526 13.4602017334 250.129770992 -80.2748091603 14.7328244275 END
START 6.35421120605 -15.5982238159 14.822502478 250.129770992 -77.3129770992 5.07633587786 END
START -1.34554133301 -5.21935961914 6.24168372803 250.129770992 -74.2595419847 6.25190839695 END
START 0.397437475586 -7.98705673828 6.22013591309 250.129770992 -78.2366412214 11.0152671756 END
START 4.5968671875 -14.8248966797 5.76523759766 250.129770992 -71.641221374 6.58778625954 END
START 2.36307703857 -11.2335941895 5.28400306396 250.129770992 -83.1221374046 5.35877862595 END
START -4.49391651611 -0.330399829102 6.98628044434 250.129770992 -56.9694656489 4.87786259542 END
START 1.26892687988 -7.51300480957 11.7914431763 250.129770992 -61.2671755725 7.48091603053 END
START 1.63763393555 -7.65426270752 8.14267984619 250.129770992 -55.0534351145 9.74045801527 END