START -7.02698187256 -11.8584808228 7.26400783691 250.129770992 -75.8778625954 12.7251908397 END
START 3.13879837646 -9.46667336426 3.69904156494 250.129770992 -83.320610687 6.79389312977 END
START 5.49469281006 -6.92163699951 10.2280294922 250.129770992 -75.7786259542 17.534351145 END
START -1.30005150146 -10.4554786499 5.00627567139 250.129770992 -64.893129771 -1.86259541985 END
START 1.23540805664 -10.6302553711 9.97184991455 250.129770992 -70.8015267176 4.74045801527 END
START -1.10372696533 -8.54011732178 9.84016882324 250.129770992 -70.0076335878 4.25190839695 END
START 1.33596452637 -17.7841299316 10.8241857056 250.129770992 -43.8702290076 6.35877862595 END
START 1.04866032715 -8.21929429932 8.5568767334 250.129770992 -49.7251908397 5.26717557252 END
START -3.0047230835 -13.0531874512 6.32069238281 250.129770992 -34.358778626 8.8320610687 END
START -6.97909783936 -13.2638771973 9.63187327881 250.129770992 -31.8702290076 5.51908396947 END
START 5.88734188232 -8.56166513672 10.8888291504 250.129770992 -36.2061068702 3.14503816794 END
START 0.639251843262 -6.13873305664 6.23450112305 250.129770992 -44.534351145 6.3893129771 END
START 1.07020814209 -9.40921252441 5.85382305908 250.129770992 -48.5801526718 3.79389312977 END
START 1.67115275879 -15.7777889404 8.8992475708 250.129770992 -45.7251908397 4.93129770992 END
START 4.65911643066 -8.93276639404 5.77242020264 250.129770992 -42.8778625954 13.1908396947 END
START -5.83945784912 -7.72369455566 5.82988104248 250.129770992 -35.2442748092 8.29007633588 END
START -1.78128603516 -8.98543883057 8.21929429932 250.129770992 -44.7022900763 9.61832061069 END
START 5.73171877441 -8.39167681885 10.9319247803 250.129770992 -44.8244274809 1.27480916031 END
START 0.622492431641 -9.54568201904 4.04859500732 250.129770992 -43.5190839695 8.34351145038 END
START 0.928950244141 -2.57616098633 3.15076938477 250.129770992 -51.8625954198 -1.18320610687 END
START -0.0814028564453 -8.66940421143 6.83065733643 250.129770992 -55.1221374046 11.4122137405 END
START -6.42124885254 -10.4028062134 8.71968244629 250.129770992 -57.572519084 7.70229007634 END
START -1.18752402344 -10.1250788208 7.44357296143 250.129770992 -63.4809160305 5.56488549618 END
START -2.28167418213 -9.18415756836 7.54412943115 250.129770992 -73.1526717557 3.31297709924 END
START -1.52750065918 -9.39005891113 7.108384729 250.129770992 -68.4198473282 9.45038167939 END
START 2.13083947754 -12.8903817383 9.84974562988 250.129770992 -75.5419847328 7.6106870229 END
START 1.97282216797 -9.31105025635 1.51313544922 250.129770992 -85.0305343511 10.1145038168 END
START -3.78283862305 -11.5448404053 5.65271011963 250.129770992 -91.786259542 -0.328244274809 END
START -3.59369669189 -10.9606552002 7.23767161865 250.129770992 -91.3358778626 -2.88549618321 END
START 1.73819040527 -7.47709178467 13.603853833 250.129770992 -106.580152672 5.0 END
START -2.70065947266 -3.09091434326 7.89128867187 250.129770992 -102.709923664 8.9465648855 END
START 0.16041151123 -10.927136377 5.48272180176 250.129770992 -104.534351145 -3.4427480916 END
START -0.0814028564453 -11.1881043579 6.0693012085 250.129770992 -104.297709924 6.00763358779 END
START -3.62003291016 -8.29112034912 7.58722506104 250.129770992 -104.625954198 3.93129770992 END
START 4.37420643311 -9.66778630371 9.20809958496 250.129770992 -104.20610687 1.4427480916 END
START 0.0574608398438 -11.1043072998 5.52102902832 250.129770992 -104.305343511 -1.67175572519 END
START 6.62715019531 -9.44751975098 7.0365586792 250.129770992 -99.0381679389 11.534351145 END
START 0.438138903809 -10.172962854 3.37582434082 250.129770992 -104.72519084 5.03053435115 END
START 6.55053574219 -3.33991131592 5.39892474365 250.129770992 -104.290076336 -2.0 END
START 3.89536610107 -12.5480109009 10.8026378906 250.129770992 -103.671755725 -3.54198473282 END
START 3.04303031006 -14.3676041626 5.90649549561 250.129770992 -103.694656489 8.8320610687 END
START 3.26808526611 -7.05571229248 7.75003077393 250.129770992 -104.167938931 4.19847328244 END
START -4.34547601318 -11.906364856 3.27047946777 250.129770992 -105.152671756 3.25190839695 END
START 6.7061588501 -11.5951186401 12.5527993042 250.129770992 -101.854961832 3.14503816794 END
START -2.0733786377 -3.09809694824 5.18823499756 250.129770992 -104.129770992 6.83969465649 END
START -1.24259066162 -11.1043072998 6.66785162354 250.129770992 -103.969465649 2.70229007634 END
START 7.40526573486 -10.0867715942 8.88009395752 250.129770992 -104.015267176 2.69465648855 END
START 0.986411083984 -9.02614025879 10.3932294067 250.129770992 -104.503816794 13.6259541985 END
START 2.79882174072 -8.39885942383 4.90811340332 250.129770992 -105.435114504 -1.51145038168 END
START -0.0239420166016 -7.40765993652 6.77080229492 250.129770992 -86.2442748092 0.748091603053 END
START -4.56574256592 -7.91283648682 3.36385333252 250.129770992 -103.916030534 12.786259542 END
START 7.38371791992 -10.8936175537 9.60793126221 250.129770992 -104.847328244 11.641221374 END
START 5.88015927734 -9.72285294189 6.32787498779 250.129770992 -89.7022900763 5.28244274809 END
START 6.66785162354 -7.24724842529 8.10676682129 250.129770992 -91.6641221374 9.74045801527 END
START 1.74058460693 -9.77313117676 6.88332977295 250.129770992 -78.3969465649 13.4503816794 END
START -4.29759197998 -13.0938888794 5.45159718018 250.129770992 -77.3969465649 4.19083969466 END
START -2.98078106689 -5.01824667969 7.95353791504 250.129770992 -79.1374045802 2.03816793893 END
START 3.90015450439 -8.42519564209 10.3621047852 250.129770992 -75.8625954198 4.13740458015 END
START -1.39103116455 -11.152191333 8.71728824463 250.129770992 -60.5496183206 4.29007633588 END
START -0.541089575195 -10.9079827637 13.2399351807 250.129770992 -65.9236641221 13.0076335878 END
START -2.94007963867 -7.80988581543 15.6987802856 250.129770992 -49.3435114504 14.4580152672 END
START -0.945709655762 -13.6325842529 10.2567599121 250.129770992 -59.7022900763 3.7786259542 END
START -1.69030637207 -7.63989749756 1.78128603516 250.129770992 -57.8854961832 6.51145038168 END
START 7.74045396729 -10.553640918 9.7348239502 250.129770992 -51.1297709924 9.0 END
START 0.61530982666 -9.52652840576 11.6286374634 250.129770992 -44.1679389313 10.9770992366 END
START 7.03416447754 -7.2951324585 4.22816013184 250.129770992 -42.0305343511 8.28244274809 END
START -0.296881005859 -13.3189438354 4.56813676758 250.129770992 -40.8702290076 4.84732824427 END
START -5.73890137939 -10.2352120972 11.0300870483 250.129770992 -39.9236641221 9.68702290076 END
START -0.395043273926 -3.06936652832 8.75559547119 250.129770992 -51.8396946565 -2.02290076336 END
START -7.07965430908 -1.63523973389 10.4818148682 250.129770992 -45.5954198473 11.4961832061 END
START -3.88818349609 -9.87368764648 5.94001431885 250.129770992 -51.0458015267 2.4427480916 END
START 0.962469067383 -14.8488386963 6.50504591064 250.129770992 -55.2671755725 -4.97709923664 END
START -4.87220037842 -8.77714328613 5.94719692383 250.129770992 -50.1679389313 -0.18320610687 END
START 1.62566292725 -5.41807835693 5.5521536499 250.129770992 -47.1145038168 10.4198473282 END
START -0.497993945312 -8.26717833252 11.532869397 250.129770992 -58.4809160305 4.12977099237 END
START -1.48679923096 -10.5823713379 8.04691177979 250.129770992 -53.5801526718 8.85496183206 END
START 4.86022937012 -9.84735142822 4.79079752197 250.129770992 -54.358778626 6.15267175573 END
START -2.65995804443 -4.57771357422 3.50989963379 250.129770992 -66.9694656489 7.14503816794 END
START -0.634463439941 -8.15704505615 5.33188709717 250.129770992 -67.3511450382 -0.557251908397 END
START 0.076614453125 -7.29752666016 13.1489555176 250.129770992 -72.786259542 -0.221374045802 END
START -0.330399829102 -8.71728824463 12.6916630005 250.129770992 -69.3511450382 3.46564885496 END
START 3.46440980225 -5.5641246582 5.96635053711 250.129770992 -73.2366412214 -1.08396946565 END
START 1.68072956543 -7.29992086182 8.05888278809 250.129770992 -72.2519083969 7.32061068702 END
START -2.54503636475 -11.293449231 4.00549937744 250.129770992 -86.2061068702 4.50381679389 END
START -2.65516964111 -8.93994899902 5.52342322998 250.129770992 -79.213740458 5.40458015267 END
START 3.09570274658 -6.60799658203 7.57285985107 250.129770992 -89.7557251908 3.86259541985 END
START -1.1899182251 -6.00705196533 6.71334145508 250.129770992 -91.8320610687 -3.36641221374 END
START -0.519541760254 -13.9366478638 8.73165345459 250.129770992 -99.358778626 5.12977099237 END
START 1.8626888916 -13.8073609741 4.18745870361 250.129770992 -100.435114504 -2.25954198473 END
START 2.86107098389 -13.3261264404 12.4666080444 250.129770992 -104.183206107 1.61832061069 END
START 1.18273562012 -7.6973583374 6.72531246338 250.129770992 -103.786259542 1.13740458015 END
START 6.28956776123 -4.37899483643 4.82192214355 250.129770992 -104.06870229 10.9389312977 END
START 4.26886156006 -13.1776859375 13.2112047607 250.129770992 -103.801526718 4.43511450382 END
START 0.797269152832 -7.85776984863 7.35738170166 250.129770992 -104.374045802 -2.35114503817 END
START 1.63284553223 -11.0995188965 7.46033237305 250.129770992 -98.8015267176 9.26717557252 END
START -1.34793553467 -4.28322677002 7.20175859375 250.129770992 -104.809160305 -5.81679389313 END
START 7.02219346924 -16.8503912842 7.41005413818 250.129770992 -104.778625954 13.641221374 END
START 0.46686932373 -11.7603185547 8.07803640137 250.129770992 -104.679389313 4.54961832061 END
START 2.39659586182 -15.4234470947 3.41173736572 250.129770992 -104.27480916 3.19083969466 END
START -2.97838686523 -13.0148802246 13.3764046753 250.129770992 -104.396946565 2.79389312977 END
START 4.39814844971 -11.2982376343 3.11964476318 250.129770992 -104.832061069 4.87022900763 END
START 4.87698878174 -8.73883605957 10.0843773926 250.129770992 -104.213740458 17.2595419847 END
START 7.46990917969 -9.14106193848 10.1849338623 250.129770992 -104.152671756 13.6106870229 END
START 5.56891306152 -6.68700523682 5.58567247314 250.129770992 -104.259541985 1.7786259542 END
START 0.416591088867 -3.95761534424 10.6613799927 250.129770992 -104.786259542 5.49618320611 END
START 1.64002813721 -10.5440641113 3.99831677246 250.129770992 -99.3282442748 11.7251908397 END
START 4.39814844971 -8.60954916992 4.75967290039 250.129770992 -86.8091603053 9.4427480916 END
START 4.44842668457 -14.6573025635 8.34379278564 250.129770992 -90.6564885496 3.52671755725 END
START 4.16112248535 -7.86734665527 7.07726010742 250.129770992 -105.244274809 8.12213740458 END
START -0.694318481445 -8.32942757568 6.64869801025 250.129770992 -103.465648855 7.35877862595 END
START 7.81467421875 -7.98705673828 2.36786544189 250.129770992 -102.465648855 8.81679389313 END
START 2.04943662109 -9.26316622314 9.94072529297 250.129770992 -86.2824427481 7.61832061069 END
START 1.31441671143 -14.1353666016 8.76038387451 250.129770992 -81.7175572519 8.07633587786 END
START -3.03584770508 -9.58398924561 11.0923362915 250.129770992 -87.2442748092 0.801526717557 END
START -2.4636335083 -10.5967365479 8.29351455078 250.129770992 -93.0229007634 3.04580152672 END
START 2.4516625 -4.97036264648 7.45554396973 250.129770992 -93.8091603053 13.0839694656 END