START 1.8986019165 -12.1074777954 8.62391437988 250.129770992 -79.7480916031 10.8702290076 END
START 5.60722028809 -8.71968244629 8.69095202637 250.129770992 -79.9541984733 7.71755725191 END
START -2.43490308838 -7.32625708008 13.2543003906 250.129770992 -85.3893129771 5.85496183206 END
START 0.859518395996 -8.98065042725 3.74453139648 250.129770992 -81.3282442748 4.25190839695 END
START 8.72207664795 -9.09557210693 5.97113894043 250.129770992 -77.5496183206 4.35877862595 END
START -2.26252056885 -0.596156213379 12.2391588867 250.129770992 -65.6564885496 9.51145038168 END
START -3.21301862793 -6.91684859619 6.37097061768 250.129770992 -65.5038167939 7.57251908397 END
START 2.57616098633 -8.6526447998 6.22971271973 250.129770992 -71.0763358779 -0.137404580153 END
START -1.00077629395 -12.8736223267 10.1298672241 250.129770992 -53.4045801527 -2.54961832061 END
START -6.08606062012 -9.36372269287 11.145008728 250.129770992 -65.2061068702 12.0610687023 END
START -0.9193734375 -8.80108530273 4.8314989502 250.129770992 -46.3816793893 3.19847328244 END
START 1.42454998779 -9.31344445801 5.99029255371 250.129770992 -58.5801526718 7.06870229008 END
START -1.15879360352 -11.4035825073 8.99022723389 250.129770992 -59.3664122137 8.29007633588 END
START -2.55700737305 -9.12430252686 7.26161363525 250.129770992 -50.4809160305 -0.557251908397 END
START 0.61770402832 -4.62559760742 6.26083734131 250.129770992 -44.2366412214 7.25190839695 END
START -2.56418997803 -6.43800826416 6.88332977295 250.129770992 -56.3129770992 9.72519083969 END
START -3.33272871094 -11.8177793945 4.97036264648 250.129770992 -58.0458015267 3.30534351145 END
START -0.234631762695 -11.6262432617 9.32302126465 250.129770992 -58.0610687023 9.45038167939 END
START -3.74453139648 -4.65432802734 4.77882651367 250.129770992 -61.8702290076 0.236641221374 END
START -1.17076461182 -3.76129080811 6.85220515137 250.129770992 -67.8015267176 1.93893129771 END
START -0.30166940918 -6.69179364014 6.94797321777 250.129770992 -61.7022900763 5.48854961832 END
START -0.143652099609 -10.4889974731 7.22330640869 250.129770992 -61.9007633588 2.52671755725 END
START 3.9360675293 -14.7051865967 12.4594254395 250.129770992 -74.7709923664 11.3969465649 END
START 6.09084902344 -12.7156050171 8.08521900635 250.129770992 -74.2748091603 0.725190839695 END
START 2.17154090576 -11.3868230957 9.15542714844 250.129770992 -76.4351145038 8.68702290076 END
START 1.68312376709 -12.0955067871 6.58644876709 250.129770992 -78.2824427481 -1.15267175573 END
START 2.45884510498 -8.9112185791 7.35259329834 250.129770992 -82.2671755725 5.12213740458 END
START -0.0383072265625 -11.9135474609 8.12113203125 250.129770992 -83.427480916 -2.68702290076 END
START 6.43082565918 -13.4530191284 1.90099611816 250.129770992 -90.7709923664 1.74809160305 END
START 1.99436998291 -8.60715496826 7.64468590088 250.129770992 -103.030534351 -3.12977099237 END
START -0.359130249023 -3.77086761475 5.5401826416 250.129770992 -100.290076336 1.03816793893 END
START 1.69270057373 -9.95748470459 7.3549875 250.129770992 -99.213740458 8.37404580153 END
START -1.45328040771 -9.10993731689 5.33667550049 250.129770992 -96.1679389313 8.87022900763 END
START -4.52025273438 -10.1370498291 7.65905111084 250.129770992 -96.1679389313 1.67175572519 END
START -1.38863696289 -10.405200415 7.10120212402 250.129770992 -107.396946565 3.58015267176 END
START -0.0478840332031 -12.6892687988 7.0844427124 250.129770992 -103.702290076 -1.13740458015 END
START 3.46919820557 -8.07564219971 8.68376942139 250.129770992 -103.824427481 4.14503816794 END
START 3.12922156982 -2.92332022705 1.94648594971 250.129770992 -103.984732824 10.0534351145 END
START -2.35828863525 -10.8433393188 6.00705196533 250.129770992 -104.770992366 4.62595419847 END
START 6.82586893311 -9.19134017334 5.55933625488 250.129770992 -95.9541984733 9.29007633588 END
START 9.2535894165 -6.64390960693 5.48511600342 250.129770992 -104.358778626 6.54198473282 END
START 1.07978494873 -10.5608235229 6.68461103516 250.129770992 -95.8778625954 -0.519083969466 END
START 5.10204373779 -8.14028564453 10.4147772217 250.129770992 -105.030534351 5.11450381679 END
START 9.57441243896 -3.06697232666 7.98226833496 250.129770992 -104.41221374 5.5572519084 END
START 1.52989486084 -4.69502945557 7.31189187012 250.129770992 -98.6183206107 -2.61832061069 END
START 0.785298144531 -9.8545340332 6.61039078369 250.129770992 -88.0152671756 7.53435114504 END
START 1.97282216797 -11.631031665 11.9374894775 250.129770992 -82.9847328244 8.09923664122 END
START -3.0885201416 -10.0915599976 7.47469758301 250.129770992 -61.7633587786 14.4122137405 END
START -3.19625921631 -10.0580411743 5.02303508301 250.129770992 -58.8549618321 5.38167938931 END
START -5.27921466064 -13.2279641724 9.92157167969 250.129770992 -64.0992366412 6.32824427481 END
START -1.39821376953 -10.0939541992 9.15303294678 250.129770992 -57.6564885496 10.4885496183 END
START 6.91206019287 -13.4578075317 10.4818148682 250.129770992 -54.4961832061 11.1526717557 END
START -5.53300003662 -10.6470147827 7.06289489746 250.129770992 -50.7251908397 0.450381679389 END
START -4.71418306885 -9.32780966797 5.10683214111 250.129770992 -45.2595419847 5.4427480916 END
START 4.18506450195 -10.8409451172 8.30548555908 250.129770992 -49.6335877863 -1.51908396947 END
START -2.77727392578 -11.7435591431 5.96156213379 250.129770992 -48.8091603053 0.0992366412214 END
START -3.05739552002 -9.41639512939 6.65109221191 250.129770992 -46.8015267176 11.0229007634 END
START 1.40779057617 -4.25210214844 9.92636008301 250.129770992 -41.4503816794 2.36641221374 END
START -0.658405456543 -17.2502229614 13.2064163574 250.129770992 -41.6946564885 11.3893129771 END
START -6.55053574219 -10.785878479 4.67587584229 250.129770992 -44.7709923664 -0.24427480916 END
START 1.4844050293 -4.02465299072 3.84029946289 250.129770992 -45.0229007634 5.02290076336 END
START 8.67179841309 -12.7706716553 3.63679232178 250.129770992 -40.8854961832 9.96183206107 END
START 1.5562310791 -12.0164981323 13.0819178711 250.129770992 -42.7099236641 5.58778625954 END
START -2.76530291748 -3.6056677002 9.11233151855 250.129770992 -52.572519084 7.14503816794 END
START -2.70784207764 -9.18655177002 6.56968935547 250.129770992 -44.6030534351 0.145038167939 END
START 5.95198532715 -8.99740983887 9.78749638672 250.129770992 -50.3053435115 9.53435114504 END
START 0.3064578125 -8.21690009766 3.77086761475 250.129770992 -58.0610687023 7.03053435115 END
START 4.63517441406 -11.5735708252 4.14436307373 250.129770992 -57.8625954198 10.0 END
START 0.866701000977 -2.11647426758 6.57926616211 250.129770992 -56.2595419847 -0.618320610687 END
START -7.13232674561 -8.90882437744 8.42280144043 250.129770992 -61.4885496183 8.45801526718 END
START -2.60010300293 -6.30632717285 7.81467421875 250.129770992 -57.0839694656 3.35114503817 END
START 10.8146088989 -1.24259066162 8.5688477417 250.129770992 -63.3053435115 9.40458015267 END
START -5.61440289307 -17.4968257324 4.69502945557 250.129770992 -70.5496183206 10.4885496183 END
START 5.18823499756 -11.7220113281 8.15704505615 250.129770992 -85.0305343511 9.34351145038 END
START 0.119710083008 -11.7220113281 8.5688477417 250.129770992 -70.8778625954 1.92366412214 END
START 7.67102211914 -9.09796630859 8.31266816406 250.129770992 -76.465648855 3.80152671756 END
START 1.84832368164 -5.1618987793 6.50504591064 250.129770992 -87.1755725191 8.54198473282 END
START 0.361524450684 -8.76277807617 5.12598575439 250.129770992 -90.0305343511 16.7938931298 END
START 0.555454785156 -12.87841073 5.45877978516 250.129770992 -93.5877862595 8.90839694656 END
START 2.01591779785 0.888248815918 9.07641849365 250.129770992 -96.6717557252 4.67938931298 END
START -2.90416661377 -9.68693991699 8.38928261719 250.129770992 -96.9007633588 -2.36641221374 END
START -4.03662399902 -9.1578213501 6.05493599854 250.129770992 -104.007633588 13.5496183206 END
START 1.76452662354 -9.66778630371 5.94719692383 250.129770992 -104.282442748 1.22900763359 END
START -2.62643922119 -8.02536396484 7.73566556396 250.129770992 -105.236641221 8.34351145038 END
START 1.69270057373 -7.84579884033 7.07726010742 250.129770992 -104.65648855 8.78625954198 END
START 7.59440766602 -10.6996872192 14.2694418945 250.129770992 -104.549618321 -2.76335877863 END
START -0.878672009277 -4.93444962158 4.41490786133 250.129770992 -104.702290076 9.98473282443 END
START 0.0742202514648 -3.34948812256 6.57208355713 250.129770992 -104.335877863 2.80916030534 END
START 6.988674646 -13.3237322388 6.61039078369 250.129770992 -105.083969466 -3.80916030534 END
START 4.65911643066 -9.63905588379 6.4715270874 250.129770992 -104.34351145 6.74045801527 END
START 0.143652099609 -12.765883252 10.405200415 250.129770992 -104.374045802 17.5496183206 END
START -4.60404979248 -14.336479541 7.4028715332 250.129770992 -104.20610687 2.92366412214 END
START 2.71981308594 -5.44202037354 7.85058724365 250.129770992 -104.893129771 9.13740458015 END
START 4.0318355957 -8.87769975586 5.27203205566 250.129770992 -97.4961832061 13.572519084 END
START -1.43412679443 -11.6430026733 8.28154354248 250.129770992 -90.6564885496 4.38167938931 END
START 7.33583388672 -7.3789295166 14.709975 250.129770992 -100.396946565 2.77099236641 END
START -0.780509741211 -10.4243540283 11.5448404053 250.129770992 -85.0610687023 21.2671755725 END
START -2.8299463623 -2.09971485596 10.771513269 250.129770992 -86.2748091603 10.3893129771 END
START 3.90973131104 -11.2503536011 10.0436759644 250.129770992 -74.4961832061 4.97709923664 END
START 5.21696541748 -10.7595422607 5.00388146973 250.129770992 -64.8549618321 13.5496183206 END
START -0.105344873047 -5.02303508301 12.3971761963 250.129770992 -62.5877862595 2.8320610687 END
START 5.03979449463 -12.2176110718 7.43160195312 250.129770992 -59.9007633588 16.679389313 END
START 2.13083947754 -12.5456166992 9.21288798828 250.129770992 -63.1908396947 2.79389312977 END
START 11.5975128418 -11.8249619995 6.39730683594 250.129770992 -71.8167938931 12.2748091603 END
START 3.96240374756 -8.6287027832 4.42927307129 250.129770992 -52.6106870229 2.48091603053 END