START -1.09654436035 -16.1800148193 3.61285030518 250.129770992 -73.9541984733 4.61832061069 END
START 1.62087452393 -4.52743533936 7.06528909912 250.129770992 -72.1374045802 -2.04580152672 END
START 0.0622492431641 -11.3772462891 7.2831614502 250.129770992 -79.8778625954 5.35877862595 END
START 1.47003981934 -8.19295808105 7.74763657227 250.129770992 -77.7480916031 13.2900763359 END
START 2.86107098389 -16.189591626 10.7978494873 250.129770992 -71.641221374 -2.7786259542 END
START 7.92480749512 -8.67658681641 5.32231029053 250.129770992 -65.0076335878 2.96946564885 END
START -1.29526309814 -4.58250197754 5.4563855835 250.129770992 -53.2366412214 9.3358778626 END
START 5.47314499512 -11.7459533447 5.05176550293 250.129770992 -69.4503816794 12.9923664122 END
START 0.543483776855 -13.5463929932 10.3884410034 250.129770992 -63.5114503817 8.47328244275 END
START 2.57137258301 -8.48265648193 7.50821640625 250.129770992 -65.786259542 4.46564885496 END
START -1.81719906006 -7.00303985596 11.4945621704 250.129770992 -53.6870229008 -0.595419847328 END
START 3.71819517822 -12.6940572021 10.9726262085 250.129770992 -58.358778626 10.9312977099 END
START 1.11090957031 -17.6165358154 9.33020386963 250.129770992 -44.7328244275 -2.77099236641 END
START -2.07577283936 -12.1793038452 11.4035825073 250.129770992 -63.9541984733 -2.52671755725 END
START -3.40216055908 -10.2687309204 5.97832154541 250.129770992 -48.7404580153 3.87786259542 END
START 4.46997449951 -10.0843773926 11.0636058716 250.129770992 -62.9236641221 3.84732824427 END
START 1.75494981689 -15.3348616333 9.44751975098 250.129770992 -45.358778626 5.36641221374 END
START -2.17632930908 -16.8767275024 9.41400092773 250.129770992 -56.5572519084 0.854961832061 END
START -1.69030637207 -8.71489404297 11.3509100708 250.129770992 -51.9236641221 4.61832061069 END
START -1.88902510986 -16.6397015381 11.2144405762 250.129770992 -47.9236641221 10.4809160305 END
START -0.045489831543 -3.67270534668 4.97993945312 250.129770992 -50.9160305344 8.45801526718 END
START 1.60172091064 -3.22977803955 9.68454571533 250.129770992 -68.9923664122 14.3053435115 END
START -0.418985290527 -10.4698438599 1.89141931152 250.129770992 -67.1832061069 -2.70229007634 END
START 4.77403811035 -15.7634237305 6.40209523926 250.129770992 -67.0763358779 5.53435114504 END
START 0.586579406738 -6.1530982666 6.61517918701 250.129770992 -66.5572519084 3.48091603053 END
START 0.0263362182617 -9.46667336426 7.75481917725 250.129770992 -71.7404580153 8.77099236641 END
START -3.58411988525 -11.7986257812 8.63109698486 250.129770992 -78.1297709924 2.19847328244 END
START 1.45806881104 -14.8392618896 5.11880314941 250.129770992 -81.6488549618 -1.77099236641 END
START 0.785298144531 -10.9415015869 3.72058937988 250.129770992 -100.770992366 5.54961832061 END
START -1.70706578369 -11.6214548584 5.41807835693 250.129770992 -82.213740458 9.85496183206 END
START 6.7660138916 -13.6684972778 2.82036955566 250.129770992 -94.2061068702 0.725190839695 END
START 3.47877501221 -4.18027609863 7.08923111572 250.129770992 -102.648854962 17.6335877863 END
START -5.52581743164 -8.15465085449 2.87783039551 250.129770992 -89.1526717557 8.3358778626 END
START 0.701501086426 -11.765106958 6.81868632812 250.129770992 -104.0 2.67175572519 END
START 4.33589920654 -10.6757452026 7.35019909668 250.129770992 -104.053435115 3.29770992366 END
START -0.325611425781 -11.7962315796 11.5711766235 250.129770992 -104.564885496 6.9465648855 END
START -5.95677373047 -5.56173045654 5.15232197266 250.129770992 -104.282442748 10.6106870229 END
START -0.713472094727 -12.1816980469 10.3860468018 250.129770992 -104.351145038 -1.97709923664 END
START -1.85790048828 -9.92396588135 4.18506450195 250.129770992 -104.79389313 7.6106870229 END
START 5.67425793457 -9.46667336426 6.50265170898 250.129770992 -102.832061069 -2.29770992366 END
START -5.71017095947 -1.54665427246 10.2016932739 250.129770992 -112.030534351 6.39694656489 END
START 3.83551105957 -10.1083194092 8.30548555908 250.129770992 -104.450381679 11.2290076336 END
START -2.26730897217 -9.50498059082 7.21851800537 250.129770992 -104.473282443 5.09923664122 END
START -0.442927307129 -7.00543405762 15.2151515503 250.129770992 -105.519083969 3.85496183206 END
START 1.47961662598 -6.14830986328 6.75643708496 250.129770992 -104.954198473 1.8320610687 END
START -0.684741674805 -6.00226356201 11.2216231812 250.129770992 -104.839694656 5.97709923664 END
START 5.43962617188 -8.14746824951 10.2495773071 250.129770992 -96.3511450382 7.21374045802 END
START 3.07415493164 -11.6549736816 10.4889974731 250.129770992 -104.709923664 6.41221374046 END
START -1.89141931152 -4.61362659912 4.41011945801 250.129770992 -90.6564885496 7.74045801527 END
START 1.61129771729 -16.5199914551 9.95987890625 250.129770992 -68.3969465649 3.75572519084 END
START 3.02627089844 -8.5329347168 15.0475574341 250.129770992 -51.9618320611 0.30534351145 END
START -4.2425253418 -8.56166513672 12.0548053589 250.129770992 -46.2366412214 4.80152671756 END
START -2.37265384521 -8.30069715576 10.2639425171 250.129770992 -37.2748091603 -3.27480916031 END
START -5.8705824707 -9.86171663818 10.5943423462 250.129770992 -44.7633587786 12.6106870229 END
START -1.69509477539 -8.61912597656 14.5854765137 250.129770992 -50.1755725191 3.12977099237 END
START -3.84508786621 -7.61595548096 10.0340991577 250.129770992 -44.0381679389 16.4885496183 END
START -3.78283862305 -15.5048499512 9.15063874512 250.129770992 -39.0610687023 4.04580152672 END
START -1.55383687744 -9.60074865723 7.07007750244 250.129770992 -36.3816793893 -2.15267175573 END
START 1.70227738037 -16.809689856 7.35738170166 250.129770992 -36.7175572519 8.48854961832 END
START 2.74854350586 -3.05021291504 6.23689532471 250.129770992 -39.2900763359 -2.54961832061 END
START -5.2576668457 -6.66306322021 4.79798012695 250.129770992 -37.1679389313 3.12977099237 END
START -4.68066424561 -13.491326355 8.76756647949 250.129770992 -38.0610687023 9.06106870229 END
START 1.00317049561 -8.65503900146 7.00543405762 250.129770992 -42.0992366412 12.8473282443 END
START -2.33434661865 -13.5368161865 11.9518546875 250.129770992 -38.9007633588 3.73282442748 END
START -5.87776507568 -15.5599165894 8.11873782959 250.129770992 -37.7404580153 12.465648855 END
START -1.2138602417 -9.4882211792 11.0444522583 250.129770992 -46.7175572519 2.07633587786 END
START -1.05823713379 -12.4833674561 5.98071574707 250.129770992 -36.0381679389 -3.21374045802 END
START 1.21864864502 -11.3652752808 3.4069489624 250.129770992 -50.2366412214 3.41221374046 END
START 0.474051928711 -9.35175168457 2.86107098389 250.129770992 -61.1603053435 5.56488549618 END
START -3.62482131348 -14.6357547485 8.63588538818 250.129770992 -58.4045801527 4.71755725191 END
START 7.0006456543 -15.2199399536 5.01585247803 250.129770992 -67.3969465649 11.4122137405 END
START -1.27850368652 -6.03099398193 7.92720169678 250.129770992 -67.5496183206 -3.61832061069 END
START -5.36301171875 -15.7753947388 5.47553919678 250.129770992 -63.9923664122 11.7328244275 END
START -1.68072956543 -6.34942280273 8.77474908447 250.129770992 -78.8396946565 2.67938931298 END
START -1.91536132812 -10.5344873047 7.75003077393 250.129770992 -76.3893129771 1.3358778626 END
START -3.28245047607 -9.05726488037 4.43645567627 250.129770992 -82.1679389313 4.85496183206 END
START -2.21463653564 -10.7427828491 9.30386765137 250.129770992 -85.3129770992 9.12213740458 END
START 0.356736047363 -9.23204160156 8.36055219727 250.129770992 -88.0916030534 4.81679389313 END
START -5.92086070557 -1.8986019165 5.32470449219 250.129770992 -96.6106870229 1.53435114504 END
START -0.598550415039 -4.47476290283 1.73579620361 250.129770992 -88.9389312977 2.50381679389 END
START -3.16034619141 -11.8058083862 9.48103857422 250.129770992 -107.015267176 5.48091603053 END
START -1.71424838867 -11.1689507446 6.67503422852 250.129770992 -103.946564885 7.41221374046 END
START -5.01824667969 -9.40681832275 6.03817658691 250.129770992 -104.519083969 2.93129770992 END
START 7.49385119629 -10.9774146118 7.93677850342 250.129770992 -96.7328244275 14.106870229 END
START 3.48116921387 -11.9374894775 13.6876508911 250.129770992 -104.41221374 3.74809160305 END
START 5.00148726807 -11.5208983887 7.95114371338 250.129770992 -105.213740458 3.19847328244 END
START -1.15161099854 -10.0173397461 6.13873305664 250.129770992 -96.213740458 12.0992366412 END
START -0.124498486328 -10.1633860474 8.69095202637 250.129770992 -104.396946565 -3.75572519084 END
START -4.11563265381 -7.71890615234 8.66701000977 250.129770992 -100.366412214 11.4427480916 END
START -2.24576115723 -8.12592043457 9.4642791626 250.129770992 -104.27480916 9.57251908397 END
START 11.3365448608 -6.34463439941 7.64708010254 250.129770992 -102.969465649 4.21374045802 END
START -2.67671745605 -9.41160672607 15.1529023071 250.129770992 -104.34351145 10.465648855 END
START -0.361524450684 -10.8960117554 4.52743533936 250.129770992 -104.022900763 3.51145038168 END
START -1.50116444092 -13.9127058472 13.1274077026 250.129770992 -104.381679389 7.36641221374 END
START 0.100556469727 -8.09958421631 8.99740983887 250.129770992 -102.305343511 -3.12977099237 END
START 1.12527478027 -8.74362446289 8.07085379639 250.129770992 -104.86259542 17.7404580153 END
START -2.03028300781 -10.6494089844 10.5368815063 250.129770992 -100.305343511 6.70229007634 END
START 0.430956298828 -11.8967880493 10.2878845337 250.129770992 -104.374045802 1.36641221374 END
START -0.521935961914 -15.9190468384 8.14746824951 250.129770992 -104.419847328 -2.0 END
START 2.24097275391 -5.99508095703 6.67264002686 250.129770992 -98.7938931298 4.45801526718 END
START 1.43891519775 -12.1697270386 3.61524450684 250.129770992 -86.5114503817 -1.09160305344 END
START -1.01035310059 -16.0818525513 6.39251843262 250.129770992 -85.7099236641 -4.62595419847 END
START -0.0742202514648 -9.97903251953 9.66778630371 250.129770992 -72.679389313 10.8473282443 END
START -2.33913502197 -4.02465299072 10.3525279785 250.129770992 -80.8244274809 17.1221374046 END
START -2.1571756958 -10.2447889038 6.64151540527 250.129770992 -62.8473282443 3.87022900763 END
START -4.65193382568 -7.73805976562 3.34230551758 250.129770992 -61.4732824427 3.24427480916 END
START 0.284909997559 -2.52588275146 10.9534725952 250.129770992 -47.3435114504 15.3358778626 END
START 3.93846173096 -13.6469494629 8.64546219482 250.129770992 -55.5496183206 8.21374045802 END
START 2.33195241699 -6.4715270874 7.04613548584 250.129770992 -56.4427480916 8.68702290076 END
START 3.56496627197 -16.3595799438 1.54186586914 250.129770992 -57.4427480916 9.97709923664 END