START 0.893037219238 -8.65025059814 7.27597884521 250.129770992 -67.8473282443 1.07633587786 END
START -3.73495458984 -12.5911065308 9.19852277832 250.129770992 -69.3282442748 -4.96183206107 END
START 2.06859023437 -10.912771167 11.4490723389 250.129770992 -72.8625954198 5.60305343511 END
START 1.36230074463 -9.61990227051 7.85298144531 250.129770992 -65.7022900763 5.03816793893 END
START 8.88248815918 -8.71010563965 8.97107362061 250.129770992 -68.9160305344 6.65648854962 END
START -1.77649763184 -7.82664522705 10.4028062134 250.129770992 -68.3664122137 11.2977099237 END
START -9.10754311523 -9.78510218506 9.87368764648 250.129770992 -76.5954198473 6.76335877863 END
START -5.5282116333 -12.0500169556 7.91044228516 250.129770992 -76.427480916 -0.00763358778626 END
START -3.0166940918 -13.0795236694 8.27675513916 250.129770992 -70.7633587786 -3.42748091603 END
START 9.34935748291 -10.7763016724 7.6614453125 250.129770992 -72.3816793893 2.17557251908 END
START 1.40060797119 -12.2990139282 11.7076461182 250.129770992 -73.0076335878 6.84732824427 END
START 0.213083947754 -11.0683942749 5.06852491455 250.129770992 -74.9541984733 -0.648854961832 END
START -1.98958157959 -2.69587106934 12.6629325806 250.129770992 -72.5038167939 -2.06106870229 END
START -0.91458503418 -15.5814644043 6.75883128662 250.129770992 -67.5801526718 4.39694656489 END
START -0.696712683105 -8.50659849854 3.43328518066 250.129770992 -68.3740458015 5.72519083969 END
START -1.11330377197 -10.6996872192 13.1872627441 250.129770992 -65.7938931298 8.74045801527 END
START -1.41257897949 -11.0755768799 9.69651672363 250.129770992 -52.4885496183 4.29007633588 END
START -3.17949980469 -9.94790789795 8.49941589355 250.129770992 -51.1755725191 3.16030534351 END
START -1.08936175537 -8.59518395996 8.05170018311 250.129770992 -56.3893129771 5.54961832061 END
START -0.256179577637 -12.3732341797 8.74362446289 250.129770992 -50.0381679389 2.59541984733 END
START 2.77727392578 -13.3237322388 9.99100352783 250.129770992 -52.4045801527 10.8091603053 END
START 2.698265271 -7.23527741699 9.40681832275 250.129770992 -57.8396946565 10.893129771 END
START 0.332794030762 -17.5638633789 8.84178673096 250.129770992 -57.9770992366 8.69465648855 END
START 0.213083947754 -14.6812445801 8.04930598145 250.129770992 -66.4351145038 2.39694656489 END
START 2.81079274902 -2.55461317139 5.33428129883 250.129770992 -60.5496183206 -2.38167938931 END
START -3.16992299805 -15.3971108765 11.5065331787 250.129770992 -59.6946564885 0.190839694656 END
START -1.95606275635 -11.8943938477 12.8975643433 250.129770992 -59.0305343511 5.02290076336 END
START -5.21696541748 -19.6133 8.65503900146 250.129770992 -69.8091603053 6.1679389313 END
START 6.07648381348 -8.84896933594 9.1578213501 250.129770992 -57.6183206107 -3.19847328244 END
START 0.205901342773 -9.69172832031 10.4913916748 250.129770992 -62.8549618321 11.6717557252 END
START 4.61123239746 -11.2216231812 8.06606539307 250.129770992 -70.106870229 -2.27480916031 END
START 2.32476981201 -8.62630858154 7.30949766846 250.129770992 -65.5954198473 8.47328244275 END
START -7.32625708008 -17.1568490967 3.78523282471 250.129770992 -66.9312977099 1.13740458015 END
START -8.08282480469 -5.74368978271 11.2407767944 250.129770992 -59.9770992366 3.93893129771 END
START 2.02549460449 -9.63905588379 7.57285985107 250.129770992 -59.9847328244 5.01526717557 END
START 1.58256729736 -10.3285859619 6.68461103516 250.129770992 -58.9007633588 8.87022900763 END
START 0.15801730957 -10.8768581421 5.00627567139 250.129770992 -75.0305343511 7.7786259542 END
START -1.68551796875 -9.99100352783 5.66946953125 250.129770992 -74.6717557252 6.50381679389 END
START -0.603338818359 -4.97754525146 11.5783592285 250.129770992 -64.7404580153 10.4732824427 END
START 0.866701000977 -4.93444962158 8.19056387939 250.129770992 -80.5190839695 8.23664122137 END
START -6.66545742187 -15.1696617187 6.91684859619 250.129770992 -77.5801526718 -1.22900763359 END
START 3.81396324463 -12.4067530029 5.4922986084 250.129770992 -88.8320610687 3.06870229008 END
START -1.2737152832 -11.7076461182 5.40610734863 250.129770992 -90.1297709924 -4.99236641221 END
START -1.42215578613 -12.8927759399 6.91684859619 250.129770992 -84.4045801527 7.42748091603 END
START 3.46919820557 -7.78354959717 7.29752666016 250.129770992 -89.4427480916 4.62595419847 END
START -1.59453830566 -5.74847818604 10.3118265503 250.129770992 -87.4809160305 0.847328244275 END
START 0.955286462402 -7.11796153564 7.60398447266 250.129770992 -100.625954198 7.43511450382 END
START 7.61834968262 -8.98783303223 10.9223479736 250.129770992 -93.2290076336 11.572519084 END
START 3.18189400635 -16.5223856567 6.988674646 250.129770992 -97.7175572519 3.97709923664 END
START 5.03979449463 -5.72693037109 8.20971749268 250.129770992 -90.2519083969 18.427480916 END
START 4.92247861328 -4.82671054687 9.2535894165 250.129770992 -89.3129770992 5.57251908397 END
START 1.85311208496 -6.44519086914 8.89206496582 250.129770992 -83.572519084 9.31297709924 END
START 0.696712683105 -6.41885465088 10.0843773926 250.129770992 -85.641221374 14.7022900763 END
START 2.06859023437 -11.166556543 8.85615194092 250.129770992 -93.3129770992 6.77099236641 END
START 4.07732542725 -12.4929442627 7.58483085937 250.129770992 -98.8625954198 0.809160305344 END
START -0.512359155273 -3.1124621582 11.3389390625 250.129770992 -97.9465648855 3.63358778626 END
START 1.64960494385 -10.7954552856 11.8680576294 250.129770992 -99.0610687023 1.35114503817 END
START 0.639251843262 -11.9566430908 11.1138841064 250.129770992 -94.4503816794 5.6106870229 END
START -2.99514627686 -12.2966197266 6.95276162109 250.129770992 -84.6335877863 7.90839694656 END
START 1.03908352051 -8.19774648437 12.8137672852 250.129770992 -83.0305343511 1.68702290076 END
START 1.35751234131 -9.7587659668 12.4833674561 250.129770992 -74.2671755725 11.9083969466 END
START 0.383072265625 -12.8951701416 10.0197339478 250.129770992 -78.8549618321 11.213740458 END
START 5.41328995361 -7.23527741699 11.9183358643 250.129770992 -64.9160305344 4.04580152672 END
START 0.665588061523 -4.75249029541 14.7123692017 250.129770992 -57.9465648855 10.3129770992 END
START 4.92008441162 -8.42758984375 9.7827079834 250.129770992 -58.0687022901 4.56488549618 END
START 3.16274039307 -13.6684972778 11.7220113281 250.129770992 -65.0916030534 9.21374045802 END
START -2.54503636475 -6.78277330322 6.65588061523 250.129770992 -61.3129770992 8.64122137405 END
START 4.25689055176 -9.28231983643 11.1497971313 250.129770992 -63.0 -2.07633587786 END
START -8.14986245117 -12.8616513184 10.5225162964 250.129770992 -55.6488549618 10.427480916 END
START 4.26407315674 -2.71502468262 8.23126530762 250.129770992 -58.4885496183 6.28244274809 END
START -1.79565124512 -16.0603047363 9.83777462158 250.129770992 -46.4045801527 2.0534351145 END
START 3.11485635986 -13.7810247559 14.2263462646 250.129770992 -55.1221374046 8.14503816794 END
START 0.998382092285 -10.2088758789 7.9319901001 250.129770992 -63.0076335878 9.65648854962 END
START 3.9360675293 -8.02536396484 7.19218178711 250.129770992 -55.4351145038 0.206106870229 END
START -2.82755216064 -13.8049667725 7.87931766357 250.129770992 -61.6717557252 7.56488549618 END
START 4.70460626221 -11.8321446045 -0.15801730957 250.129770992 -59.9770992366 6.86259541985 END
START 3.88818349609 -6.1171852417 9.67018050537 250.129770992 -64.2290076336 7.96183206107 END
START 3.064578125 -8.16183345947 7.63510909424 250.129770992 -63.9007633588 -1.6641221374 END
START -1.05823713379 -14.7530706299 8.86572874756 250.129770992 -70.3282442748 4.69465648855 END
START 1.33117612305 -5.71017095947 6.75643708496 250.129770992 -68.4732824427 -3.39694656489 END
START -4.53940634766 -15.3803514648 5.33188709717 250.129770992 -72.5038167939 11.2519083969 END
START 4.3143513916 -6.68939943848 3.59609089355 250.129770992 -72.6564885496 3.45038167939 END
START -2.55940157471 -11.0851536865 3.34230551758 250.129770992 -79.9083969466 2.90076335878 END
START 2.00873519287 -8.13789144287 11.1976811646 250.129770992 -74.9541984733 2.04580152672 END
START 1.73340200195 -14.0515695435 10.1609918457 250.129770992 -89.679389313 3.52671755725 END
START 2.85149417725 -4.58729038086 3.6176387085 250.129770992 -84.7786259542 12.2366412214 END
START -4.21618912354 -9.2535894165 13.0100918213 250.129770992 -81.572519084 9.00763358779 END
START 1.82917006836 -16.7665942261 5.42526096191 250.129770992 -84.5267175573 7.32061068702 END
START 3.19147081299 -6.79713851318 14.0683289551 250.129770992 -83.9541984733 13.2366412214 END
START 6.86657036133 -5.28639726562 9.05008227539 250.129770992 -84.4503816794 15.4732824427 END
START -2.03746561279 -7.10359632568 11.3054202393 250.129770992 -83.0992366412 14.8625954198 END
START 0.995987890625 -10.905588562 9.69891092529 250.129770992 -88.5954198473 6.08396946565 END
START 2.92571442871 -10.7451770508 6.49307490234 250.129770992 -102.396946565 14.8015267176 END
START -1.57299049072 -14.9254531494 9.91917747803 250.129770992 -106.519083969 -2.8320610687 END
START 3.35188232422 -11.8680576294 8.02296976318 250.129770992 -102.320610687 -1.95419847328 END
START 1.1779472168 -4.58968458252 8.60236656494 250.129770992 -104.694656489 8.20610687023 END
START 2.22421334229 -8.44674345703 5.1858407959 250.129770992 -105.129770992 7.87786259542 END
START -1.12766898193 -11.9518546875 7.19218178711 250.129770992 -106.946564885 9.4427480916 END
START -3.99352836914 -10.9295305786 9.72764134521 250.129770992 -103.824427481 11.641221374 END
START 2.35350023193 -12.1433908203 7.87931766357 250.129770992 -102.641221374 -1.62595419847 END
START 4.29280357666 -7.40765993652 10.0005803345 250.129770992 -99.358778626 6.28244274809 END
START -2.28646258545 -9.55047042236 7.45314976807 250.129770992 -106.145038168 6.25954198473 END
START -1.58496149902 -14.5495634888 8.22168850098 250.129770992 -102.473282443 -3.58015267176 END
START -1.61129771729 -11.6932809082 7.04613548584 250.129770992 -94.320610687 11.3893129771 END
START 0.720654699707 -5.54975944824 12.976572998 250.129770992 -88.7709923664 12.0916030534 END
START 0.490811340332 -9.90481226807 3.33991131592 250.129770992 -100.465648855 8.12213740458 END
START 6.08366641846 -9.64623848877 12.8448919067 250.129770992 -90.8549618321 4.80152671756 END
START 5.7508723877 -10.8624929321 9.92157167969 250.129770992 -81.2824427481 2.75572519084 END
START -2.09253225098 -6.68939943848 12.8831991333 250.129770992 -85.7480916031 -2.18320610687 END
START 5.31752188721 -9.62469067383 8.88009395752 250.129770992 -75.4122137405 -2.98473282443 END
START 6.56968935547 -8.95670841064 10.9630494019 250.129770992 -79.9694656489 -0.389312977099 END
START -0.998382092285 -6.87375296631 7.21133540039 250.129770992 -51.5114503817 7.08396946565 END
START 6.27999095459 -12.7778542603 11.405976709 250.129770992 -58.9770992366 11.5038167939 END
START -2.24336695557 -7.97508572998 8.93037219238 250.129770992 -57.1603053435 6.81679389313 END
START 4.27125576172 -4.92247861328 10.8146088989 250.129770992 -51.4885496183 -0.564885496183 END
START -0.0383072265625 -7.79552060547 3.51229383545 250.129770992 -45.9541984733 3.90839694656 END
START 6.56490095215 -11.2671130127 10.6446205811 250.129770992 -44.1755725191 -1.6641221374 END
START -2.37265384521 -12.7251818237 8.5209637085 250.129770992 -38.4122137405 -0.763358778626 END
START 1.94169754639 -5.14513936768 9.17218656006 250.129770992 -30.2442748092 -1.64122137405 END
START 15.2582471802 -18.267758667 9.70609353027 250.129770992 -37.3893129771 13.4198473282 END