START -0.193930334473 -8.82023891602 6.24407792969 250.129770992 -79.1908396947 -0.213740458015 END
START 1.47961662598 -2.91853182373 2.22660754395 250.129770992 -72.7328244275 3.25190839695 END
START -3.21301862793 -10.8600987305 11.1689507446 250.129770992 -86.3358778626 16.3282442748 END
START -3.09091434326 -9.39963571777 5.69580574951 250.129770992 -85.9007633588 4.41984732824 END
START -7.44836136475 -10.9989624268 7.32625708008 250.129770992 -77.9160305344 1.38167938931 END
START -3.13161577148 -12.0907183838 7.3190744751 250.129770992 -82.0229007634 -2.47328244275 END
START -2.31758720703 -6.31590397949 12.5982891357 250.129770992 -73.320610687 2.58015267176 END
START -4.9631800415 -10.6494089844 7.60637867432 250.129770992 -76.9694656489 6.81679389313 END
START 2.77966812744 -12.5240688843 6.51222851562 250.129770992 -88.1374045802 5.29770992366 END
START -7.99423934326 -10.1681744507 5.07810172119 250.129770992 -77.2824427481 3.47328244275 END
START 1.63523973389 -2.86825358887 3.4189199707 250.129770992 -75.4885496183 4.17557251908 END
START -4.76446130371 -8.47547387695 5.12598575439 250.129770992 -71.679389313 0.229007633588 END
START -2.27688577881 -15.4928789429 8.38449421387 250.129770992 -71.7480916031 -2.41984732824 END
START -1.19231242676 -7.54652363281 5.14274516602 250.129770992 -62.2061068702 -2.99236641221 END
START 0.9193734375 -9.64384428711 8.0397291748 250.129770992 -65.213740458 6.45038167939 END
START 0.969651672363 -7.84579884033 9.37329949951 250.129770992 -66.3129770992 5.77099236641 END
START -1.9105729248 -2.60249720459 6.32069238281 250.129770992 -61.1908396947 0.213740458015 END
START -10.0221281494 -9.8186210083 10.0221281494 250.129770992 -54.4809160305 5.26717557252 END
START -2.38701905518 -10.7643306641 6.91206019287 250.129770992 -56.7022900763 0.625954198473 END
START -4.74530769043 -9.14106193848 7.08923111572 250.129770992 -52.9083969466 3.40458015267 END
START -0.938527050781 -4.98233365479 8.18338127441 250.129770992 -42.6488549618 5.34351145038 END
START 2.30561619873 -6.02620557861 5.83227524414 250.129770992 -51.0916030534 6.22900763359 END
START -1.72621939697 -8.59997236328 7.43399615479 250.129770992 -58.2290076336 13.6641221374 END
START 0.265756384277 -7.75242497559 6.07169541016 250.129770992 -57.320610687 2.50381679389 END
START 5.1858407959 -8.46350286865 7.967903125 250.129770992 -56.213740458 13.0839694656 END
START -5.17147558594 -13.9198884521 11.3293622559 250.129770992 -56.0 8.81679389313 END
START -2.23857855225 -8.9351605957 8.23365950928 250.129770992 -62.9694656489 3.67175572519 END
START -1.71185418701 -9.61750806885 8.76756647949 250.129770992 -66.0076335878 -3.69465648855 END
START 6.24407792969 -11.8034141846 7.94156690674 250.129770992 -61.572519084 -2.70229007634 END
START -1.37906015625 -9.31105025635 7.61595548096 250.129770992 -66.7251908397 -0.992366412214 END
START -0.9193734375 -9.1458503418 3.48356341553 250.129770992 -71.5877862595 9.91603053435 END
START 4.35744702148 -6.71573565674 10.2160584839 250.129770992 -82.0305343511 -1.80152671756 END
START -1.81719906006 -5.64792171631 4.93444962158 250.129770992 -80.2824427481 4.09923664122 END
START 5.06134230957 -8.10197841797 5.82509263916 250.129770992 -74.0 9.24427480916 END
START 4.27125576172 -11.5448404053 5.88494768066 250.129770992 -86.3816793893 8.27480916031 END
START -3.99831677246 -11.9207300659 10.8840407471 250.129770992 -81.465648855 3.64885496183 END
START 6.01184036865 -10.060435376 6.53617053223 250.129770992 -98.6641221374 7.70992366412 END
START 0.418985290527 -12.6653267822 9.12909093018 250.129770992 -90.3053435115 4.32061068702 END
START -8.40843623047 -8.26717833252 7.63271489258 250.129770992 -95.6717557252 7.38167938931 END
START 2.00394678955 -5.96156213379 12.7754600586 250.129770992 -97.6335877863 1.26717557252 END
START -10.2567599121 -14.2598650879 5.47075079346 250.129770992 -95.8396946565 -3.48854961832 END
START -0.342370837402 -2.96162745361 8.96149681396 250.129770992 -104.061068702 -2.54961832061 END
START 4.03901820068 -14.9781255859 8.15943925781 250.129770992 -103.58778626 2.7786259542 END
START 0.193930334473 -15.3803514648 9.70130512695 250.129770992 -103.938931298 4.21374045802 END
START 2.30561619873 -9.10036051025 10.5727945312 250.129770992 -104.458015267 -1.88549618321 END
START 1.97282216797 -11.9638256958 12.3061965332 250.129770992 -104.221374046 -2.12977099237 END
START 1.67594116211 -8.86812294922 5.42526096191 250.129770992 -105.442748092 2.16030534351 END
START -4.043806604 -8.49941589355 6.14352145996 250.129770992 -104.473282443 5.64122137405 END
START -1.52271225586 -8.60715496826 5.36061751709 250.129770992 -101.755725191 12.5267175573 END
START 4.56574256592 -7.96311472168 6.85699355469 250.129770992 -105.13740458 10.8473282443 END
START -1.18752402344 -7.35259329834 5.64313331299 250.129770992 -104.198473282 5.70992366412 END
START 0.296881005859 -6.1650692749 6.39012423096 250.129770992 -105.160305344 4.86259541985 END
START 2.44447989502 -12.3061965332 7.11556733398 250.129770992 -104.763358779 0.206106870229 END
START -1.66157595215 -8.67898101807 5.64792171631 250.129770992 -97.5801526718 15.6183206107 END
START -0.567425793457 -9.24401260986 10.6015249512 250.129770992 -101.778625954 3.13740458015 END
START 0.964863269043 -7.68299312744 9.73961235352 250.129770992 -97.8396946565 -0.793893129771 END
START -4.39814844971 -17.2095215332 6.64630380859 250.129770992 -99.8778625954 2.89312977099 END
START 6.96952103271 -6.38533582764 8.09958421631 250.129770992 -80.786259542 4.25954198473 END
START 0.883460412598 -8.99501563721 8.58081875 250.129770992 -84.8625954198 -2.31297709924 END
START -1.45328040771 -10.6853220093 9.76834277344 250.129770992 -56.8702290076 -0.496183206107 END
START 1.15879360352 -2.26491477051 11.63821427 250.129770992 -46.8473282443 12.4045801527 END
START 3.84508786621 -17.0108027954 8.214505896 250.129770992 -40.7633587786 -3.24427480916 END
START 0.423773693848 -13.1561381226 9.27034882812 250.129770992 -46.7404580153 -1.60305343511 END
START 7.44836136475 -6.99106884766 13.723563916 250.129770992 -47.7404580153 6.99236641221 END
START 4.43884987793 -7.38371791992 10.6446205811 250.129770992 -45.1679389313 17.9465648855 END
START 3.62003291016 -11.4490723389 16.4912610352 250.129770992 -40.679389313 5.5572519084 END
START -0.526724365234 -18.1432601807 10.2591541138 250.129770992 -29.8473282443 6.19847328244 END
START 5.34146390381 -8.65025059814 8.72686505127 250.129770992 -27.9007633588 8.58015267176 END
START -3.3470939209 -9.64623848877 8.42998404541 250.129770992 -29.2824427481 2.29770992366 END
START -0.905008227539 -8.30069715576 10.7547538574 250.129770992 -32.0610687023 9.87022900763 END
START -4.13478626709 -10.8792523438 6.07887801514 250.129770992 -27.6946564885 -2.73282442748 END
START -1.45806881104 -7.86734665527 5.40610734863 250.129770992 -27.6717557252 3.22900763359 END
START -9.98142672119 -17.513585144 8.00860455322 250.129770992 -30.5496183206 0.450381679389 END
START 2.58094938965 -10.314220752 4.76924970703 250.129770992 -37.7328244275 4.95419847328 END
START -0.964863269043 -7.89128867187 6.69658204346 250.129770992 -39.7175572519 1.37404580153 END
START 8.75080706787 -9.42357773437 10.7954552856 250.129770992 -45.2442748092 3.0534351145 END
START 3.00951148682 -15.0355864258 1.06781394043 250.129770992 -50.7786259542 -1.04580152672 END
START 3.41173736572 -15.8663744019 5.5641246582 250.129770992 -58.2061068702 8.84732824427 END
START 0.366312854004 -11.5280809937 10.3597105835 250.129770992 -42.9465648855 -2.92366412214 END
START 2.89458980713 -13.1944453491 7.93438430176 250.129770992 -58.213740458 7.64885496183 END
START 5.43962617188 -13.48414375 7.721300354 250.129770992 -50.6030534351 10.0534351145 END
START 1.30005150146 -9.33499227295 7.66862791748 250.129770992 -61.0458015267 11.3129770992 END
START 10.8624929321 -12.6725093872 8.98304462891 250.129770992 -65.8167938931 7.34351145038 END
START -1.85311208496 -10.6494089844 4.03901820068 250.129770992 -72.5114503817 7.79389312977 END
START 2.31279880371 -12.4833674561 6.27759675293 250.129770992 -72.0305343511 -1.86259541985 END
START 5.88015927734 -11.6046954468 6.52898792725 250.129770992 -75.106870229 3.91603053435 END
START -3.43807358398 -11.6334258667 -0.658405456543 250.129770992 -83.0763358779 -1.30534351145 END
START 3.55299526367 -9.76594857178 9.73003554687 250.129770992 -74.8549618321 8.83969465649 END
START -0.672770666504 -9.48343277588 6.02141717529 250.129770992 -85.7099236641 11.9541984733 END
START 3.92888492432 -9.38287630615 6.65348641357 250.129770992 -92.8320610687 6.59541984733 END
START 3.73256038818 -14.0515695435 1.5442600708 250.129770992 -86.2977099237 4.0534351145 END
START 5.77720860596 -12.9310831665 7.26640203857 250.129770992 -103.496183206 5.76335877863 END
START 4.20900651855 -6.44997927246 6.12197364502 250.129770992 -89.9389312977 2.91603053435 END
START 7.03416447754 -11.6789156982 4.78600911865 250.129770992 -103.572519084 3.11450381679 END
START -3.66791694336 -12.0021329224 5.99029255371 250.129770992 -104.229007634 3.13740458015 END
START 1.80762225342 -5.58088406982 5.76044919434 250.129770992 -104.969465649 4.41984732824 END
START 8.62391437988 -6.3997010376 3.78283862305 250.129770992 -104.167938931 2.74809160305 END
START -2.20027132568 -6.57208355713 7.83622203369 250.129770992 -103.648854962 3.70229007634 END
START 5.09964953613 -6.21774171143 10.1178962158 250.129770992 -102.717557252 7.50381679389 END
START 2.17872351074 -9.23922420654 7.93677850342 250.129770992 -103.816793893 6.48091603053 END
START 6.93600220947 -6.54574733887 4.75967290039 250.129770992 -92.3816793893 0.0152671755725 END
START 2.71741888428 -13.0124860229 4.74530769043 250.129770992 -99.2824427481 -0.687022900763 END
START 7.43399615479 -8.42998404541 7.92720169678 250.129770992 -98.5954198473 -0.30534351145 END
START -1.30483990479 -0.76135612793 7.51779321289 250.129770992 -97.0610687023 5.56488549618 END
START 5.71974776611 -4.5609541626 4.20421811523 250.129770992 -100.183206107 3.92366412214 END
START 0.526724365234 -10.3094323486 8.50420429687 250.129770992 -104.496183206 7.64122137405 END
START -0.100556469727 -10.1921164673 0.76375032959 250.129770992 -107.114503817 5.74045801527 END
START 0.581791003418 -3.0526071167 7.42920775146 250.129770992 -97.6335877863 2.47328244275 END
START 3.77326181641 -12.6054717407 7.1203557373 250.129770992 -102.244274809 3.48854961832 END
START 0.859518395996 -16.062698938 7.61834968262 250.129770992 -88.5648854962 -4.06106870229 END
START 6.02620557861 -10.165780249 5.62158549805 250.129770992 -90.2595419847 5.07633587786 END
START 2.1212626709 -6.47870969238 11.5568114136 250.129770992 -100.396946565 9.22900763359 END
START 5.36061751709 -9.85213983154 10.3884410034 250.129770992 -88.106870229 -6.80916030534 END
START 4.72375987549 -8.25520732422 10.6948988159 250.129770992 -88.641221374 1.46564885496 END
START -0.481234533691 -10.8936175537 9.31344445801 250.129770992 -80.4961832061 8.80152671756 END
START -4.75967290039 -14.0539637451 12.8305266968 250.129770992 -75.2595419847 -2.02290076336 END
START 3.9719805542 -5.27442625732 14.6644851685 250.129770992 -69.2519083969 -0.625954198473 END
START 1.63763393555 -10.1418382324 7.15626876221 250.129770992 -69.1297709924 -0.24427480916 END
START -1.41257897949 -10.0101571411 8.05170018311 250.129770992 -67.9694656489 5.26717557252 END
START 3.36624753418 -12.4378776245 7.52737001953 250.129770992 -61.893129771 8.87786259542 END
START 4.92247861328 -12.0164981323 6.90727178955 250.129770992 -56.1450381679 -3.85496183206 END
START 4.56813676758 -4.9751510498 5.7508723877 250.129770992 -50.8473282443 9.67938931298 END
START 4.81234533691 -13.8600334106 5.77002600098 250.129770992 -52.5496183206 2.67175572519 END
START 2.60967980957 -4.90811340332 8.65025059814 250.129770992 -51.1679389313 5.73282442748 END
START 4.05338341064 -9.75158336182 6.45716187744 250.129770992 -49.9312977099 9.5572519084 END
START -2.34152922363 -11.0995188965 11.6406084717 250.129770992 -47.2366412214 -2.0 END
START -7.50582220459 -4.8554409668 8.5568767334 250.129770992 -51.5801526718 4.43511450382 END