START -3.06697232666 -9.09796630859 4.60165559082 250.129770992 -61.4885496183 7.80916030534 END
START 4.34068760986 -12.7132108154 8.69574042969 250.129770992 -70.2748091603 5.8320610687 END
START 0.3064578125 -9.16021555176 7.86734665527 250.129770992 -81.534351145 -1.41221374046 END
START -2.65995804443 -8.59518395996 9.560047229 250.129770992 -79.9770992366 0.129770992366 END
START 4.17309349365 -7.52258161621 11.3772462891 250.129770992 -74.0152671756 4.51145038168 END
START 4.88656558838 -10.307038147 7.97029732666 250.129770992 -75.5038167939 11.7786259542 END
START 2.70065947266 -12.6342021606 8.93037219238 250.129770992 -79.6488549618 -2.21374045802 END
START -1.38145435791 -5.2456958374 7.23527741699 250.129770992 -66.641221374 5.38167938931 END
START -8.00142194824 -9.28231983643 5.69819995117 250.129770992 -63.1603053435 7.41221374046 END
START 0.0119710083008 -19.6133 10.7906668823 250.129770992 -47.3282442748 0.221374045802 END
START 3.924096521 -11.765106958 11.1928927612 250.129770992 -57.7099236641 5.22900763359 END
START -2.30082779541 -13.4410481201 8.57124194336 250.129770992 -61.8778625954 3.16030534351 END
START -1.57538469238 -3.27766207275 10.8648871338 250.129770992 -61.6183206107 -0.671755725191 END
START 1.49877023926 -4.91290180664 13.3955582886 250.129770992 -66.7557251908 13.0763358779 END
START -10.5033626831 -3.76368500977 8.84896933594 250.129770992 -65.5877862595 -2.27480916031 END
START -3.61045610352 -9.77552537842 14.0228391235 250.129770992 -68.8091603053 7.32061068702 END
START -5.87776507568 -10.2759135254 5.29357987061 250.129770992 -66.7175572519 8.76335877863 END
START -1.42454998779 -9.47864437256 10.7379944458 250.129770992 -57.3511450382 -0.381679389313 END
START 6.73728347168 -9.16260975342 11.1641623413 250.129770992 -63.7404580153 13.2061068702 END
START -8.93037219238 -7.0365586792 8.65982740479 250.129770992 -64.320610687 5.04580152672 END
START -1.30244570312 -8.30069715576 13.2758482056 250.129770992 -65.5572519084 13.2442748092 END
START -1.5682020874 -13.4961147583 9.23922420654 250.129770992 -67.358778626 5.39694656489 END
START 3.37343013916 -10.1753570557 9.33259807129 250.129770992 -69.2061068702 6.90839694656 END
START 4.46039769287 -9.06444748535 6.57687196045 250.129770992 -75.6106870229 1.14503816794 END
START 4.75967290039 -12.871228125 9.560047229 250.129770992 -69.0076335878 8.18320610687 END
START 3.22498963623 -6.00465776367 5.42047255859 250.129770992 -66.7786259542 3.85496183206 END
START 6.65827481689 -10.2040874756 4.01507618408 250.129770992 -76.8091603053 -3.58778625954 END
START 3.98873996582 -7.98466253662 6.495469104 250.129770992 -81.3129770992 3.70992366412 END
START -1.02711251221 -10.5632177246 8.04691177979 250.129770992 -76.3282442748 4.35877862595 END
START 0.713472094727 -12.1098719971 9.82101520996 250.129770992 -87.0458015267 18.2671755725 END
START 2.82515795898 -4.68305844727 6.82826313477 250.129770992 -92.8549618321 7.19083969466 END
START 0.426167895508 -15.069105249 4.40293685303 250.129770992 -84.6030534351 9.74045801527 END
START -0.658405456543 -9.81383260498 3.59609089355 250.129770992 -99.3129770992 -0.93893129771 END
START -0.0215478149414 -1.94409174805 8.03733497314 250.129770992 -96.2748091603 -1.38167938931 END
START 3.60806190186 -7.44836136475 6.83783994141 250.129770992 -93.1374045802 6.21374045802 END
START 4.36941802979 -4.16830509033 11.9949503174 250.129770992 -81.893129771 3.90839694656 END
START 5.20499440918 -11.3628810791 9.7707369751 250.129770992 -100.183206107 -3.56488549618 END
START -0.565031591797 -11.9015764526 11.659762085 250.129770992 -91.6946564885 4.43511450382 END
START 6.82826313477 -7.44357296143 9.10036051025 250.129770992 -105.564885496 10.3358778626 END
START 0.981622680664 -13.1752917358 7.63989749756 250.129770992 -94.0076335878 2.31297709924 END
START 4.43884987793 -13.4075292969 14.6285721436 250.129770992 -103.839694656 -1.31297709924 END
START 2.54024796143 -9.38527050781 5.95198532715 250.129770992 -97.5419847328 18.1832061069 END
START -4.74291348877 -13.3021844238 10.1418382324 250.129770992 -96.1832061069 4.21374045802 END
START 6.19379969482 -10.0580411743 7.63510909424 250.129770992 -96.3816793893 6.12977099237 END
START -1.24498486328 -9.48103857422 5.31991608887 250.129770992 -86.2213740458 -3.73282442748 END
START 3.89057769775 -13.8289087891 8.06845959473 250.129770992 -87.8702290076 -0.12213740458 END
START -5.67665213623 -14.3029607178 8.78911429443 250.129770992 -75.7175572519 -2.19083969466 END
START -1.98239897461 -10.7164466309 6.06690700684 250.129770992 -72.0687022901 12.9923664122 END
START -1.10851536865 -18.5047846313 7.24724842529 250.129770992 -68.0916030534 9.32061068702 END
START 3.35427652588 -4.63517441406 8.947131604 250.129770992 -74.4885496183 2.67938931298 END
START -1.8148048584 -9.95269630127 8.827421521 250.129770992 -79.7099236641 2.45038167939 END
START 1.34793553467 -3.68228215332 9.63905588379 250.129770992 -66.1450381679 4.08396946565 END
START 4.03422979736 -7.38371791992 11.5065331787 250.129770992 -61.3893129771 3.27480916031 END
START -0.0885854614258 -9.76355437012 12.1266314087 250.129770992 -48.7938931298 -1.12977099237 END
START 6.39012423096 -8.72207664795 10.6039191528 250.129770992 -49.4427480916 -0.87786259542 END
START 0.320823022461 -6.40927784424 1.27850368652 250.129770992 -47.0534351145 3.38167938931 END
START 3.87860668945 -8.84896933594 10.2615483154 250.129770992 -50.7480916031 -2.39694656489 END
START -4.28322677002 -15.8113077637 8.58560715332 250.129770992 -46.2213740458 4.52671755725 END
START -8.11634362793 -8.57603034668 9.05965908203 250.129770992 -50.4732824427 5.22900763359 END
START 0.581791003418 -6.30632717285 9.56244143066 250.129770992 -54.3816793893 3.03053435115 END
START 4.56574256592 -12.8017962769 11.3485158691 250.129770992 -47.3511450382 -0.93893129771 END
START -1.78846864014 -10.0412817627 2.65038123779 250.129770992 -53.5877862595 9.39694656489 END
START -1.5442600708 -9.4283661377 9.34696328125 250.129770992 -53.7633587786 4.93893129771 END
START 5.78199700928 -10.524910498 6.51701691895 250.129770992 -54.4122137405 -0.778625954198 END
START -4.21618912354 -8.63349118652 10.4985742798 250.129770992 -53.1755725191 5.02290076336 END
START 1.00556469727 -6.65109221191 8.98783303223 250.129770992 -56.3893129771 10.6946564885 END
START 4.41011945801 -12.631807959 6.95036741943 250.129770992 -67.2977099237 10.9007633588 END
START 5.34146390381 -5.66228692627 8.03015236816 250.129770992 -66.893129771 0.885496183206 END
START -0.169988317871 -14.8057430664 12.9646019897 250.129770992 -65.5496183206 0.206106870229 END
START -5.05415970459 -10.7044756226 11.518504187 250.129770992 -69.4351145038 14.3511450382 END
START 1.07260234375 -8.34379278564 5.99268675537 250.129770992 -78.9465648855 5.20610687023 END
START -2.26252056885 -11.6430026733 5.35343491211 250.129770992 -81.8396946565 2.70992366412 END
START -2.69587106934 -9.95509050293 7.601590271 250.129770992 -94.2442748092 9.74809160305 END
START -1.96563956299 -8.02536396484 6.86178195801 250.129770992 -88.5190839695 5.74045801527 END
START -1.17315881348 -14.8823575195 8.12352623291 250.129770992 -89.4885496183 6.01526717557 END
START -2.82276375732 -9.06684168701 10.9917798218 250.129770992 -85.7480916031 2.17557251908 END
START 5.18823499756 -8.73883605957 8.40604202881 250.129770992 -83.8396946565 -1.24427480916 END
START -0.962469067383 -11.6980693115 5.7867854126 250.129770992 -94.8473282443 3.30534351145 END
START -0.0430956298828 -11.3054202393 9.99818613281 250.129770992 -85.9160305344 11.4198473282 END
START 0.835576379395 -9.47864437256 6.00705196533 250.129770992 -105.641221374 -2.56488549618 END
START -0.909796630859 -9.17936916504 19.4720421021 250.129770992 -104.435114504 4.84732824427 END
START -2.21942493896 -8.04930598145 9.43315454102 250.129770992 -104.549618321 3.26717557252 END
START 6.59363137207 -10.8361567139 5.18105239258 250.129770992 -92.3969465649 1.40458015267 END
START 3.02627089844 -6.37097061768 12.026074939 250.129770992 -103.687022901 4.6106870229 END
START -1.2378022583 -9.32062706299 4.903325 250.129770992 -103.259541985 3.23664122137 END
START -0.727837304687 -9.98142672119 7.71411774902 250.129770992 -110.541984733 -5.80916030534 END
START 3.27766207275 -13.4123177002 5.41328995361 250.129770992 -105.190839695 -1.35877862595 END
START 8.14507404785 -6.88572397461 6.93839641113 250.129770992 -106.320610687 1.87022900763 END
START 7.05331809082 -11.6286374634 9.49300958252 250.129770992 -94.3282442748 7.90076335878 END
START 4.02944139404 -11.5855418335 9.92636008301 250.129770992 -87.3969465649 7.0534351145 END
START 2.17872351074 -6.31350977783 10.2256352905 250.129770992 -94.1908396947 2.95419847328 END
START -5.00148726807 -6.90966599121 5.22893642578 250.129770992 -77.1221374046 1.88549618321 END
START 4.87698878174 -7.74763657227 12.2152168701 250.129770992 -83.1297709924 7.18320610687 END
START 1.62087452393 -5.20738861084 6.6822168335 250.129770992 -81.7786259542 13.7480916031 END
START -0.251391174316 -11.2742956177 11.5424462036 250.129770992 -81.106870229 3.96183206107 END
START 4.74770189209 -10.8816465454 13.6756798828 250.129770992 -64.6717557252 5.13740458015 END
START -1.17315881348 -9.80186159668 7.98705673828 250.129770992 -63.9312977099 -0.641221374046 END
START 3.3351229126 -10.4004120117 12.0883241821 250.129770992 -60.320610687 -5.10687022901 END