START -4.19942971191 -15.308525415 9.12669672852 250.129770992 -63.534351145 -0.129770992366 END
START 0.821211169434 -1.37666595459 8.41322463379 250.129770992 -60.2824427481 13.2366412214 END
START 9.40681832275 -9.68454571533 15.8472207886 250.129770992 -54.7709923664 6.7786259542 END
START -5.93762011719 -11.5065331787 6.95036741943 250.129770992 -54.0076335878 11.2213740458 END
START 1.64481654053 -12.1649386353 13.6277958496 250.129770992 -56.6717557252 -0.259541984733 END
START -1.66157595215 -12.9239005615 5.34625230713 250.129770992 -62.3740458015 -1.99236641221 END
START 3.82593425293 -9.4642791626 10.8026378906 250.129770992 -61.2595419847 -3.41984732824 END
START -4.04141240234 -17.3244432129 6.91924279785 250.129770992 -58.0992366412 3.12213740458 END
START -3.64876333008 -6.84023414307 4.9152960083 250.129770992 -57.7328244275 0.351145038168 END
START 0.186747729492 -12.7419412354 4.20900651855 250.129770992 -55.4503816794 5.9465648855 END
START -2.88501300049 -11.4610433472 9.56244143066 250.129770992 -57.6717557252 -2.23664122137 END
START -2.83473476562 -10.3525279785 3.96719215088 250.129770992 -60.8473282443 10.6030534351 END
START -0.696712683105 -5.02064088135 5.80833322754 250.129770992 -62.4351145038 16.7786259542 END
START -7.20175859375 -10.3501337769 6.02620557861 250.129770992 -66.3358778626 2.04580152672 END
START 6.33266339111 -11.159373938 7.31189187012 250.129770992 -72.1450381679 10.893129771 END
START 3.17231719971 -7.81946262207 6.26801994629 250.129770992 -70.8854961832 6.14503816794 END
START 0.545877978516 -9.73003554687 3.0885201416 250.129770992 -67.4961832061 4.90839694656 END
START 2.04225401611 -12.2870429199 4.89614239502 250.129770992 -77.9465648855 7.37404580153 END
START -2.29364519043 -11.8369330078 7.41005413818 250.129770992 -85.8396946565 -3.30534351145 END
START 6.12436784668 -11.3796404907 12.3349269531 250.129770992 -82.0458015267 5.76335877863 END
START -0.797269152832 -14.0707231567 7.83143363037 250.129770992 -85.4503816794 6.61832061069 END
START -3.31836350098 -7.45554396973 9.59596025391 250.129770992 -102.694656489 7.5572519084 END
START -9.70848773193 -12.8448919067 4.16830509033 250.129770992 -86.5038167939 -2.23664122137 END
START -2.205059729 -12.1840922485 7.41963094482 250.129770992 -92.9236641221 8.2213740458 END
START 6.59123717041 -13.251906189 4.30477458496 250.129770992 -94.6564885496 8.06870229008 END
START -4.9631800415 -12.1625444336 9.48582697754 250.129770992 -92.0992366412 5.07633587786 END
START 1.24737906494 -9.32541546631 7.17302817383 250.129770992 -104.297709924 13.6259541985 END
START 4.17069929199 -5.08049592285 12.504915271 250.129770992 -104.183206107 5.12213740458 END
START 1.79565124512 -10.5009684814 6.91684859619 250.129770992 -88.8549618321 -2.29007633588 END
START 0.878672009277 -3.79480963135 3.3590649292 250.129770992 -104.061068702 9.54198473282 END
START 4.37899483643 -9.94790789795 11.1138841064 250.129770992 -104.259541985 1.09160305344 END
START -0.0742202514648 -7.24246002197 6.67264002686 250.129770992 -104.526717557 4.63358778626 END
START 8.17859287109 -9.91678327637 13.7331407227 250.129770992 -106.503816794 2.72519083969 END
START 4.88895979004 -10.060435376 6.27280834961 250.129770992 -103.702290076 -1.74045801527 END
START -3.43328518066 -8.34139858398 10.3644989868 250.129770992 -105.083969466 14.5648854962 END
START 5.18105239258 -5.05894810791 5.68622894287 250.129770992 -104.374045802 11.6717557252 END
START -0.644040246582 -14.8272908813 7.27597884521 250.129770992 -103.801526718 2.74809160305 END
START -1.57299049072 -13.1393787109 7.51539901123 250.129770992 -104.709923664 6.90839694656 END
START 10.3381627686 -16.6947681763 8.41322463379 250.129770992 -107.236641221 6.75572519084 END
START -1.95606275635 -13.3955582886 10.1178962158 250.129770992 -98.358778626 2.30534351145 END
START -4.5848961792 -10.0221281494 12.3253501465 250.129770992 -107.41221374 16.8702290076 END
START 4.28083256836 -6.88332977295 11.8584808228 250.129770992 -85.7480916031 6.00763358779 END
START -0.237025964355 -11.0564232666 7.15387456055 250.129770992 -87.7633587786 3.37404580153 END
START 2.47321031494 -11.4371013306 11.2455651978 250.129770992 -76.5038167939 1.14503816794 END
START -4.37660063477 -4.82192214355 11.5999070435 250.129770992 -72.7175572519 -3.22900763359 END
START -1.25695587158 -9.2176763916 7.54652363281 250.129770992 -56.3664122137 2.17557251908 END
START -2.91613762207 -14.8488386963 8.38210001221 250.129770992 -50.8702290076 -0.931297709924 END
START 1.50355864258 -6.27280834961 6.58405456543 250.129770992 -50.2671755725 0.793893129771 END
START 5.84424625244 -8.79629689941 11.286266626 250.129770992 -43.1221374046 2.80152671756 END
START -0.275333190918 -14.2478940796 5.48751020508 250.129770992 -45.6946564885 5.90839694656 END
START -3.84269366455 -9.45709655762 7.46272657471 250.129770992 -39.893129771 2.81679389313 END
START 1.60890351563 -10.4147772217 7.16345136719 250.129770992 -30.0229007634 3.85496183206 END
START -8.30787976074 -10.2064816772 5.83945784912 250.129770992 -30.4885496183 -2.32824427481 END
START 0.495599743652 -8.48026228027 8.0397291748 250.129770992 -23.9923664122 2.32824427481 END
START -1.00556469727 -8.827421521 5.77002600098 250.129770992 -19.9694656489 4.01526717557 END
START -0.0885854614258 -8.98543883057 10.6230727661 250.129770992 -33.2824427481 1.25954198473 END
START 6.56490095215 -10.9103769653 6.62715019531 250.129770992 -22.5954198473 0.862595419847 END
START 3.86184727783 -9.72764134521 11.9829793091 250.129770992 -23.6030534351 6.63358778626 END
START -0.205901342773 -10.2447889038 12.1146604004 250.129770992 -30.2366412214 -3.74045801527 END
START 0.416591088867 -12.4306950195 7.17063397217 250.129770992 -32.7404580153 3.41984732824 END
START -4.41490786133 -11.6406084717 3.33272871094 250.129770992 -41.7633587786 -2.51908396947 END
START -0.15322890625 -15.8184903687 4.88895979004 250.129770992 -37.5648854962 2.35114503817 END
START 3.79959803467 -9.27274302979 10.5105452881 250.129770992 -42.5419847328 5.23664122137 END
START -5.12359155273 -7.76200178223 6.94079061279 250.129770992 -38.5801526718 7.0 END
START 4.10366164551 -6.51941112061 10.8217915039 250.129770992 -41.6946564885 10.9312977099 END
START 5.53539423828 -14.836867688 4.72615407715 250.129770992 -55.572519084 -3.19083969466 END
START 6.61517918701 -7.45793817139 4.48912811279 250.129770992 -52.0076335878 4.25954198473 END
START -1.12527478027 -13.244723584 6.7301008667 250.129770992 -64.1832061069 2.58778625954 END
START 1.50116444092 -1.49398183594 7.22330640869 250.129770992 -64.5648854962 5.42748091603 END
START -1.71185418701 -0.280121594238 9.77313117676 250.129770992 -67.6183206107 -2.92366412214 END
START -1.26653267822 -2.82036955566 6.66066901855 250.129770992 -73.1908396947 4.20610687023 END
START 0.373495458984 -9.87608184814 6.88332977295 250.129770992 -86.1526717557 2.45038167939 END
START -0.91219083252 -9.72045874023 4.41969626465 250.129770992 -77.0152671756 -1.04580152672 END
START 2.28885678711 -9.09557210693 5.76523759766 250.129770992 -87.9083969466 5.08396946565 END
START 9.54328781738 -11.7890489746 7.16823977051 250.129770992 -105.473282443 1.56488549618 END
START -0.272938989258 -10.7667248657 9.40442412109 250.129770992 -96.0229007634 9.69465648855 END
START -1.27610948486 -12.2032458618 6.35181700439 250.129770992 -104.106870229 3.49618320611 END
START 3.55538946533 -17.7123038818 9.46906756592 250.129770992 -97.4809160305 -1.27480916031 END
START 5.75326658936 -12.1122661987 6.7301008667 250.129770992 -105.129770992 9.5572519084 END
START 2.03507141113 -9.84974562988 10.3932294067 250.129770992 -105.213740458 -0.0992366412214 END
START -2.1930887207 -14.8105314697 6.87375296631 250.129770992 -104.839694656 11.7480916031 END
START 8.827421521 -12.9813614014 8.79390269775 250.129770992 -105.129770992 5.58778625954 END
START -4.83628735352 -13.0723410645 9.46188496094 250.129770992 -104.923664122 1.11450381679 END
START -2.60728560791 -8.83460412598 11.5831476318 250.129770992 -104.213740458 4.0534351145 END
START 1.61129771729 -10.6374379761 5.96156213379 250.129770992 -104.419847328 5.41221374046 END
START 6.66066901855 -6.90008918457 11.4203419189 250.129770992 -105.106870229 1.32824427481 END
START 7.83622203369 -9.82819781494 8.59039555664 250.129770992 -104.282442748 12.8015267176 END
START 1.2018892334 -5.77242020264 8.03733497314 250.129770992 -104.694656489 19.3664122137 END
START 1.75734401855 -8.08761320801 12.6413847656 250.129770992 -104.06870229 -2.38167938931 END
START -0.409408483887 -11.4634375488 8.06367119141 250.129770992 -104.908396947 10.2290076336 END
START 6.16985767822 -5.47314499512 10.7667248657 250.129770992 -104.572519084 5.29770992366 END
START 4.75727869873 -11.3509100708 9.85932243652 250.129770992 -104.282442748 6.93129770992 END
START 3.45962139893 -7.87692346191 8.14267984619 250.129770992 -103.641221374 0.442748091603 END
START 0.993593688965 -11.511321582 7.85537564697 250.129770992 -105.259541985 1.62595419847 END
START 0.167594116211 -6.66306322021 9.95030209961 250.129770992 -103.709923664 5.29770992366 END
START 0.380678063965 -6.75883128662 8.70771143799 250.129770992 -93.6946564885 3.60305343511 END
START 2.66474644775 -11.4347071289 10.793061084 250.129770992 -95.0305343511 6.34351145038 END
START 3.81156904297 -11.3149970459 5.92804331055 250.129770992 -89.6641221374 2.79389312977 END
START 3.51229383545 -15.4665427246 13.5727292114 250.129770992 -75.6870229008 4.52671755725 END
START -2.48278712158 -10.0364933594 8.03494077148 250.129770992 -61.4122137405 8.58015267176 END
START -1.66636435547 -8.68616362305 8.5688477417 250.129770992 -63.8396946565 10.2671755725 END
START 6.46913288574 -8.49223328857 7.41723674316 250.129770992 -53.8702290076 13.6335877863 END
START -2.24815535889 -8.31506236572 6.17464608154 250.129770992 -51.5496183206 5.00763358779 END
START 6.66306322021 -9.92636008301 9.18894597168 250.129770992 -64.3969465649 4.30534351145 END
START -1.50355864258 -9.49061538086 4.44363828125 250.129770992 -58.4580152672 -2.30534351145 END
START -2.54982476807 -5.98550415039 4.85783516846 250.129770992 -46.679389313 -0.717557251908 END
START -3.1364041748 -4.59207878418 13.6541320679 250.129770992 -47.9236641221 6.70992366412 END
START 1.87705410156 -6.29196196289 7.97029732666 250.129770992 -51.2442748092 -2.42748091603 END