START -1.69509477539 -9.30626185303 12.6461731689 250.129770992 -73.6717557252 15.0305343511 END
START 1.65439334717 -4.01747038574 9.47146176758 250.129770992 -58.7557251908 6.99236641221 END
START -2.07098443604 -11.5065331787 7.29034405518 250.129770992 -63.2671755725 2.63358778626 END
START -1.29047469482 -9.24401260986 4.67348164062 250.129770992 -66.9923664122 4.6641221374 END
START 1.80762225342 -10.4818148682 12.9430541748 250.129770992 -75.3358778626 5.43511450382 END
START -2.47081611328 -3.34230551758 8.13070883789 250.129770992 -76.4580152672 8.58015267176 END
START -1.69748897705 -10.4147772217 10.1514150391 250.129770992 -76.3816793893 7.06106870229 END
START 7.48188018799 -8.41801303711 8.32703337402 250.129770992 -72.2442748092 3.58778625954 END
START -8.99501563721 -5.35104071045 8.07324799805 250.129770992 -71.4122137405 7.48854961832 END
START -4.71418306885 -6.72291826172 9.41160672607 250.129770992 -52.1297709924 -3.45038167939 END
START -1.43412679443 -9.93593688965 9.40921252441 250.129770992 -71.5801526718 -2.73282442748 END
START -0.414196887207 -14.1066361816 9.28710823975 250.129770992 -62.8396946565 -0.618320610687 END
START -4.56813676758 -7.601590271 6.35181700439 250.129770992 -59.0305343511 3.51145038168 END
START -3.7373487915 -6.52659372559 6.64390960693 250.129770992 -57.5572519084 1.10687022901 END
START 1.35272393799 -9.21528218994 3.82114584961 250.129770992 -66.6946564885 11.0992366412 END
START 4.24491954346 -6.76840809326 8.07085379639 250.129770992 -67.213740458 4.25190839695 END
START -4.95360323486 -5.28879146729 4.91769020996 250.129770992 -63.2900763359 19.0381679389 END
START -4.39096584473 -7.33343968506 10.41238302 250.129770992 -67.0076335878 8.9465648855 END
START 2.62404501953 -7.82185682373 8.68137521973 250.129770992 -53.6183206107 0.12213740458 END
START 1.33357032471 -10.6972930176 12.5264630859 250.129770992 -61.0305343511 2.64885496183 END
START 0.126892687988 -8.08761320801 5.57848986816 250.129770992 -60.2748091603 -2.77099236641 END
START 3.50750543213 -9.03811126709 6.19140549316 250.129770992 -66.1984732824 -0.93893129771 END
START -9.24880101318 -5.10443793945 4.51546433105 250.129770992 -72.5419847328 5.39694656489 END
START -2.205059729 -8.60715496826 8.03015236816 250.129770992 -71.7099236641 2.57251908397 END
START -3.17949980469 -9.76834277344 5.98071574707 250.129770992 -85.1603053435 11.0839694656 END
START 0.751779321289 -10.7547538574 7.11317313232 250.129770992 -79.4503816794 10.3816793893 END
START 0.275333190918 -15.2438819702 8.34858118896 250.129770992 -86.1450381679 -0.412213740458 END
START -0.414196887207 -9.14345614014 10.5775829346 250.129770992 -83.679389313 4.29770992366 END
START -1.84353527832 -9.41160672607 2.72938989258 250.129770992 -85.1221374046 4.83969465649 END
START -0.210689746094 -7.28555565186 4.92008441162 250.129770992 -90.2213740458 -2.93129770992 END
START 4.71897147217 -13.0172744263 6.40688364258 250.129770992 -85.6259541985 5.20610687023 END
START 2.44687409668 -9.52174000244 3.21301862793 250.129770992 -96.9389312977 7.69465648855 END
START 8.76277807617 -9.89044705811 8.03015236816 250.129770992 -92.5648854962 4.40458015267 END
START -2.85388837891 -7.50342800293 6.64151540527 250.129770992 -93.2213740458 5.82442748092 END
START 5.77242020264 -8.10676682129 4.08929643555 250.129770992 -106.610687023 -0.610687022901 END
START 4.19703551025 -10.9750204102 10.546458313 250.129770992 -104.511450382 7.64885496183 END
START -9.07641849365 -8.05888278809 6.36618221436 250.129770992 -104.229007634 4.90076335878 END
START 3.56496627197 -11.3437274658 5.16668718262 250.129770992 -105.061068702 7.6641221374 END
START -2.05901342773 -11.7124345215 5.86579406738 250.129770992 -104.236641221 0.0992366412214 END
START 0.378283862305 -9.33020386963 4.99909306641 250.129770992 -106.0 5.15267175573 END
START -2.54024796143 -10.0029745361 11.1713449463 250.129770992 -102.290076336 10.8244274809 END
START -0.679953271484 -10.2040874756 9.17936916504 250.129770992 -87.9465648855 2.25954198473 END
START 2.44447989502 -10.5871597412 11.7627127563 250.129770992 -94.2595419847 -3.06106870229 END
START -1.72621939697 -8.08043060303 7.45793817139 250.129770992 -90.679389313 9.09923664122 END
START -1.37427175293 -10.3118265503 6.13873305664 250.129770992 -83.2824427481 12.9923664122 END
START 5.72214196777 -4.40772525635 6.2009822998 250.129770992 -88.6641221374 5.10687022901 END
START -9.4882211792 -12.3492921631 8.52575211182 250.129770992 -76.358778626 4.93129770992 END
START 4.17309349365 -9.12909093018 10.1442324341 250.129770992 -77.0687022901 -4.82442748092 END
START 6.63912120361 -8.827421521 10.6877162109 250.129770992 -61.0381679389 8.3358778626 END
START -1.03908352051 -10.5895539429 9.17936916504 250.129770992 -62.3969465649 5.26717557252 END
START 3.22977803955 -8.50420429687 10.8792523438 250.129770992 -59.2595419847 -0.412213740458 END
START -2.91613762207 -7.67581052246 6.64630380859 250.129770992 -46.8244274809 -0.0381679389313 END
START 4.80516273193 -11.1904985596 4.95360323486 250.129770992 -50.6183206107 6.51908396947 END
START 0.869095202637 -3.93846173096 3.60327349854 250.129770992 -42.9465648855 -2.93893129771 END
START 1.60172091064 -9.90241806641 8.69813463135 250.129770992 -53.0305343511 6.52671755725 END
START 3.95282694092 -8.3102739624 10.8624929321 250.129770992 -40.6183206107 4.58778625954 END
START -2.65277543945 -11.391611499 14.7865894531 250.129770992 -51.3969465649 6.49618320611 END
START 8.27675513916 -4.71657727051 5.31752188721 250.129770992 -47.8702290076 6.50381679389 END
START 3.61524450684 -9.70130512695 7.88171186523 250.129770992 -46.2824427481 0.0229007633588 END
START -2.43729729004 -9.71567033691 9.33978067627 250.129770992 -40.1679389313 5.25954198473 END
START -2.90177241211 -7.34780489502 7.48188018799 250.129770992 -40.3053435115 5.26717557252 END
START -0.505176550293 -10.4866032715 4.11802685547 250.129770992 -46.6564885496 4.36641221374 END
START -0.282515795898 -6.55292994385 6.40448944092 250.129770992 -34.3129770992 11.0305343511 END
START 4.98233365479 -11.7675011597 6.27520255127 250.129770992 -44.106870229 -0.0687022900763 END
START -2.1930887207 -4.30956298828 7.32386287842 250.129770992 -48.4961832061 11.6946564885 END
START 3.20104761963 -11.8800286377 10.1633860474 250.129770992 -48.7175572519 12.5419847328 END
START 7.72608875732 -7.76918438721 8.26957253418 250.129770992 -58.5190839695 2.49618320611 END
START -3.39018955078 -9.01177504883 10.1777512573 250.129770992 -62.6259541985 -0.167938931298 END
START 3.39258375244 -13.8169377808 7.22091220703 250.129770992 -50.7557251908 4.63358778626 END
START -1.58735570068 -12.765883252 8.79390269775 250.129770992 -64.2519083969 11.213740458 END
START 3.65594593506 -13.864821814 6.28717355957 250.129770992 -75.4961832061 5.68702290076 END
START 2.817975354 -6.84981094971 8.23605371094 250.129770992 -77.6488549618 1.56488549618 END
START -3.11006795654 -9.33978067627 7.3071034668 250.129770992 -68.5267175573 -1.0 END
START -2.67192905273 -10.7140524292 4.67587584229 250.129770992 -78.9007633588 3.28244274809 END
START -1.18512982178 -17.4752779175 9.74200655518 250.129770992 -81.7480916031 3.16030534351 END
START 5.32470449219 -8.71489404297 6.33984599609 250.129770992 -91.7938931298 6.01526717557 END
START -1.10133276367 -6.53377633057 8.94473740234 250.129770992 -98.9312977099 13.1450381679 END
START 4.22576593018 -2.39899006348 5.06613071289 250.129770992 -94.5954198473 5.77099236641 END
START 2.19069451904 -10.3668931885 3.80678063965 250.129770992 -94.3511450382 13.3129770992 END
START -10.7379944458 -5.90888969727 2.97599266357 250.129770992 -102.603053435 7.93129770992 END
START 0.502782348633 -8.56405933838 7.0964137207 250.129770992 -103.809160305 9.35114503817 END
START -2.1212626709 -12.4618196411 12.1673328369 250.129770992 -100.305343511 13.641221374 END
START -2.03985981445 -7.99902774658 7.54891783447 250.129770992 -105.847328244 -1.99236641221 END
START -1.95845695801 -11.7842605713 7.47948598633 250.129770992 -104.015267176 9.28244274809 END
START 4.2664673584 -11.152191333 5.08289012451 250.129770992 -94.679389313 4.90076335878 END
START 4.26886156006 -13.6637088745 10.6158901611 250.129770992 -97.9312977099 -2.1679389313 END
START 5.59285507812 -9.7707369751 11.159373938 250.129770992 -97.0229007634 4.86259541985 END
START 5.55694205322 -12.5743471191 13.8696102173 250.129770992 -104.229007634 8.53435114504 END
START 0.782903942871 -7.53215842285 7.55610043945 250.129770992 -104.595419847 4.70992366412 END
START -0.260967980957 -13.5009031616 8.67419261475 250.129770992 -101.832061069 9.7786259542 END
START 2.87064779053 -3.90015450439 16.55590448 250.129770992 -91.7328244275 2.00763358779 END
START 5.36301171875 -8.46829127197 13.0388222412 250.129770992 -82.1374045802 -3.49618320611 END
START -7.02937607422 -8.9351605957 10.292672937 250.129770992 -80.4351145038 -3.07633587786 END
START 0.502782348633 -7.63032069092 16.6181537231 250.129770992 -81.9923664122 -0.0610687022901 END
START 5.38695373535 -9.12430252686 7.75721337891 250.129770992 -78.8091603053 5.45038167939 END
START -2.1930887207 -5.91367810059 10.2543657104 250.129770992 -67.0839694656 9.10687022901 END
START 9.58638344727 -10.6541973877 9.58638344727 250.129770992 -57.3740458015 4.01526717557 END