START 5.60961448975 -10.4626612549 7.60877287598 250.129770992 -71.2519083969 5.29007633588 END
START -6.69897624512 -11.2551420044 7.59919606934 250.129770992 -66.1526717557 2.32824427481 END
START -0.639251843262 -8.58800135498 8.60715496826 250.129770992 -66.358778626 5.22900763359 END
START 0.210689746094 -5.68622894287 7.03895288086 250.129770992 -64.4427480916 1.07633587786 END
START 4.14915147705 -2.41096107178 9.01895765381 250.129770992 -68.1832061069 2.36641221374 END
START 6.02859978027 -9.60793126221 14.1018477783 250.129770992 -59.534351145 13.3664122137 END
START 0.256179577637 -3.69425316162 8.214505896 250.129770992 -58.2442748092 -4.6641221374 END
START -3.84987626953 -11.2766898193 5.46596239014 250.129770992 -65.3358778626 3.93129770992 END
START -1.25695587158 -11.0660000732 4.87698878174 250.129770992 -70.2595419847 8.72519083969 END
START 0.565031591797 -10.6446205811 10.172962854 250.129770992 -71.8625954198 0.267175572519 END
START 4.58010777588 -13.1920511475 5.00388146973 250.129770992 -78.9770992366 15.0076335878 END
START 5.43244356689 -5.80593902588 7.14190355225 250.129770992 -72.8702290076 -1.45801526718 END
START -4.53461794434 -13.4745669434 10.8912233521 250.129770992 -65.5267175573 2.45038167939 END
START 0.895431420898 -6.10042583008 10.8050320923 250.129770992 -66.5267175573 10.1221374046 END
START -5.81551583252 -2.48996972656 11.5472346069 250.129770992 -76.0534351145 -1.90076335878 END
START -9.20809958496 -14.0779057617 9.14106193848 250.129770992 -64.8244274809 12.7328244275 END
START -6.59841977539 -2.87783039551 5.29597407227 250.129770992 -78.4122137405 6.49618320611 END
START -0.351947644043 -8.76756647949 6.6941878418 250.129770992 -76.2442748092 5.70229007634 END
START 5.66468112793 -8.90643017578 3.08133753662 250.129770992 -81.1526717557 3.27480916031 END
START -0.0837970581055 -11.0755768799 9.64863269043 250.129770992 -85.6030534351 6.49618320611 END
START -3.61524450684 -12.0979009888 7.31668027344 250.129770992 -90.1221374046 6.96946564885 END
START -2.23379014893 -9.22007059326 5.36301171875 250.129770992 -93.8015267176 -3.48854961832 END
START 5.70059415283 -10.6087075562 12.0979009888 250.129770992 -104.190839695 3.93893129771 END
START -0.186747729492 -13.0436106445 9.00938084717 250.129770992 -100.045801527 0.717557251908 END
START -2.8299463623 -9.10754311523 2.698265271 250.129770992 -104.702290076 -4.17557251908 END
START 0.881066210937 -12.5719529175 10.5057568848 250.129770992 -105.022900763 3.54961832061 END
START -1.19710083008 -3.3710359375 7.57285985107 250.129770992 -104.091603053 2.00763358779 END
START 0.986411083984 -8.71249984131 7.19218178711 250.129770992 -105.519083969 1.56488549618 END
START -0.110133276367 -13.0986772827 9.42118353271 250.129770992 -103.847328244 -0.534351145038 END
START 3.67270534668 -4.5250411377 8.98783303223 250.129770992 -104.854961832 11.8625954198 END
START -2.66953485107 -12.5408282959 11.7603185547 250.129770992 -105.381679389 1.06106870229 END
START -4.08450803223 -11.3868230957 9.30865605469 250.129770992 -103.664122137 2.64885496183 END
START 1.73100780029 -6.89290657959 6.05972440186 250.129770992 -104.679389313 10.358778626 END
START 4.85304676514 -12.1266314087 5.43962617188 250.129770992 -104.923664122 11.0 END
START 5.49469281006 -6.39012423096 5.61200869141 250.129770992 -104.190839695 9.32061068702 END
START 1.66636435547 -7.61116707764 4.12520946045 250.129770992 -104.572519084 4.30534351145 END
START 5.43483776855 -5.71974776611 6.93121380615 250.129770992 -104.572519084 10.1908396947 END
START 10.4506902466 -10.292672937 12.3756283813 250.129770992 -104.419847328 9.19847328244 END
START 0.670376464844 -8.0157871582 3.04542451172 250.129770992 -107.396946565 3.13740458015 END
START -3.08133753662 -9.76834277344 7.33583388672 250.129770992 -88.2900763359 8.77099236641 END
START -0.586579406738 -11.7435591431 6.72531246338 250.129770992 -86.6183206107 -2.96183206107 END
START 2.20984813232 -9.46188496094 6.28477935791 250.129770992 -98.1984732824 9.90076335878 END
START 4.97754525146 -10.0891657959 6.70855305176 250.129770992 -95.3053435115 -1.82442748092 END
START -0.272938989258 -6.02859978027 9.99579193115 250.129770992 -86.5877862595 10.5114503817 END
START 4.51067592773 -15.188815332 14.7602532349 250.129770992 -84.0610687023 1.08396946565 END
START 1.98718737793 -17.7290632935 6.79235010986 250.129770992 -79.2977099237 2.43511450382 END
START -3.71580097656 -15.682020874 6.37815322266 250.129770992 -72.8167938931 -3.57251908397 END
START -5.06134230957 -7.17542237549 11.3054202393 250.129770992 -58.320610687 10.2366412214 END
START -5.89691868896 -4.76206710205 6.76122548828 250.129770992 -48.9923664122 -0.603053435115 END
START -0.644040246582 -9.99339772949 8.40125362549 250.129770992 -44.5038167939 10.6030534351 END
START -2.96881005859 -3.06936652832 8.16901606445 250.129770992 -46.8396946565 10.9312977099 END
START -6.58405456543 -11.5065331787 10.1753570557 250.129770992 -36.6717557252 4.7786259542 END
START -2.64559283447 -3.56017786865 9.33499227295 250.129770992 -40.0152671756 -2.12213740458 END
START -1.22104284668 -12.0164981323 4.9392380249 250.129770992 -31.5954198473 7.77099236641 END
START -0.603338818359 -10.3214033569 7.76918438721 250.129770992 -34.1374045802 10.4961832061 END
START -2.04704241943 -6.92163699951 9.17697496338 250.129770992 -24.6870229008 13.4198473282 END
START -3.54581265869 -7.43639035645 7.86734665527 250.129770992 -28.2061068702 10.1221374046 END
START 0.849941589355 -11.9829793091 5.2097828125 250.129770992 -26.4351145038 1.49618320611 END
START 2.33195241699 -5.00388146973 7.13711514893 250.129770992 -24.0763358779 5.4427480916 END
START -3.03584770508 -7.32625708008 6.58884296875 250.129770992 -33.4503816794 1.29770992366 END
START 0.256179577637 -13.4218945068 3.73016618652 250.129770992 -34.9923664122 10.6030534351 END
START -3.24893165283 -12.8544687134 14.3628157593 250.129770992 -27.5419847328 6.54961832061 END
START -3.23217224121 -9.42597193604 8.72686505127 250.129770992 -31.4809160305 12.2748091603 END
START 0.909796630859 -12.6581441772 5.88494768066 250.129770992 -32.7328244275 8.73282442748 END
START -5.08289012451 -3.22020123291 7.53694682617 250.129770992 -35.0534351145 1.73282442748 END
START -3.66073433838 -9.71567033691 8.07085379639 250.129770992 -45.3358778626 1.10687022901 END
START 1.39103116455 -10.0197339478 3.09809694824 250.129770992 -48.6488549618 3.16030534351 END
START 2.94726224365 -4.55377155762 5.16908138428 250.129770992 -58.7175572519 15.427480916 END
START -1.34793553467 -7.01740506592 8.44674345703 250.129770992 -71.6564885496 10.7633587786 END
START 1.37906015625 -9.09078370361 6.22492431641 250.129770992 -71.0229007634 -3.16030534351 END
START -1.13724578857 -4.45560928955 10.5009684814 250.129770992 -60.1603053435 7.3358778626 END
START -2.04943662109 -11.7459533447 6.20337650146 250.129770992 -63.9312977099 7.29770992366 END
START -0.902614025879 -11.9925561157 12.9382657715 250.129770992 -85.2595419847 1.0 END
START 1.26413847656 -11.7962315796 5.89213028564 250.129770992 -72.6106870229 2.78625954198 END
START -4.97275684814 -9.33259807129 11.1090957031 250.129770992 -81.786259542 2.02290076336 END
START 2.68390006104 -10.9678378052 6.49068070068 250.129770992 -87.5267175573 8.82442748092 END
START 0.739808312988 -11.0660000732 9.44273134766 250.129770992 -94.7786259542 8.93129770992 END
START 2.34871182861 -13.1226192993 7.47709178467 250.129770992 -86.6259541985 14.4503816794 END
START 7.45554396973 -7.96072052002 11.4371013306 250.129770992 -104.954198473 4.51145038168 END
START 7.3789295166 -12.9382657715 11.1497971313 250.129770992 -105.06870229 4.3358778626 END
START -0.639251843262 -11.7004635132 9.5361052124 250.129770992 -103.099236641 6.77099236641 END
START 2.38462485352 -8.17859287109 5.54975944824 250.129770992 -105.030534351 4.90076335878 END
START 0.665588061523 -11.1737391479 10.0317049561 250.129770992 -104.190839695 -4.18320610687 END
START -3.09809694824 -8.09240161133 9.37329949951 250.129770992 -105.190839695 -0.396946564885 END
START 5.26724365234 -10.5201220947 9.11951412354 250.129770992 -104.526717557 -3.64885496183 END
START 1.55383687744 -5.63355650635 8.98065042725 250.129770992 -101.72519084 6.83969465649 END
START 0.828393774414 -7.32146867676 7.53215842285 250.129770992 -104.27480916 7.36641221374 END
START 2.7581203125 -9.01895765381 6.78756170654 250.129770992 -105.458015267 5.45038167939 END
START 3.13400997314 -5.2576668457 6.63193859863 250.129770992 -105.015267176 7.4427480916 END
START 0.548272180176 -11.1330377197 10.5488525146 250.129770992 -104.450381679 3.08396946565 END
START -3.54581265869 -10.2016932739 7.79791480713 250.129770992 -104.595419847 2.76335877863 END
START 4.01747038574 -9.75637176514 5.06373651123 250.129770992 -98.2366412214 -2.89312977099 END
START -1.01753570557 -13.9941087036 12.4306950195 250.129770992 -104.961832061 17.9007633588 END
START 0.141257897949 -14.4226708008 10.3237975586 250.129770992 -91.7480916031 5.87022900763 END
START 9.23922420654 -8.64785639648 6.42603725586 250.129770992 -78.8549618321 1.73282442748 END
START 0.957680664062 -2.21942493896 5.95437952881 250.129770992 -88.0610687023 10.9465648855 END
START 1.88423670654 -13.589488623 7.97029732666 250.129770992 -86.6641221374 2.75572519084 END
START 4.60644399414 -11.0707884766 10.3788641968 250.129770992 -89.7709923664 -0.809160305344 END
START -3.50750543213 -10.0436759644 6.31590397949 250.129770992 -87.3282442748 19.4732824427 END
START 2.08056124268 -7.57046564941 4.00310517578 250.129770992 -80.5572519084 -1.7786259542 END
START 4.80516273193 -9.27034882812 4.48433970947 250.129770992 -64.5954198473 2.52671755725 END
START 2.1092916626 -0.225054956055 6.375759021 250.129770992 -70.3358778626 7.68702290076 END
START -1.69748897705 -12.7778542603 6.91684859619 250.129770992 -66.320610687 7.34351145038 END