START -4.16830509033 -12.1122661987 8.77235488281 250.129770992 -69.213740458 -1.96183206107 END
START 5.35582911377 -15.1840269287 5.762843396 250.129770992 -76.5114503817 6.75572519084 END
START -3.79480963135 -3.15555778809 6.64869801025 250.129770992 -65.0229007634 5.51908396947 END
START -2.48518132324 -9.97903251953 5.12359155273 250.129770992 -57.1908396947 7.41984732824 END
START 1.26892687988 -10.2016932739 5.35582911377 250.129770992 -65.9847328244 10.2061068702 END
START -1.03429511719 -9.54328781738 3.9121255127 250.129770992 -57.572519084 7.15267175573 END
START 1.54186586914 -6.29675036621 8.92079538574 250.129770992 -45.1297709924 8.25954198473 END
START 5.95916793213 -9.20091697998 7.05331809082 250.129770992 -46.2671755725 1.27480916031 END
START 1.72382519531 -8.59039555664 14.7770126465 250.129770992 -43.3435114504 3.5572519084 END
START 1.95606275635 -5.4563855835 9.25837781982 250.129770992 -43.5496183206 19.4427480916 END
START -4.5729251709 -13.6014596313 5.22654222412 250.129770992 -36.8244274809 6.16030534351 END
START -8.29590875244 -12.5671645142 8.68376942139 250.129770992 -33.8778625954 -4.13740458015 END
START -1.00317049561 -11.0755768799 5.18823499756 250.129770992 -32.534351145 3.39694656489 END
START 0.213083947754 -7.57525405273 6.495469104 250.129770992 -42.5954198473 6.06870229008 END
START -0.275333190918 -6.98628044434 9.62229647217 250.129770992 -42.1755725191 4.89312977099 END
START -0.483628735352 -2.49236392822 12.6964514038 250.129770992 -38.106870229 8.96183206107 END
START 0.272938989258 -8.66940421143 15.0667110474 250.129770992 -33.893129771 11.2595419847 END
START 1.39103116455 -4.46518609619 3.6655227417 250.129770992 -42.6564885496 22.5877862595 END
START -4.50349332275 -7.12993254395 7.71890615234 250.129770992 -42.7709923664 13.2442748092 END
START -7.3669585083 -9.44273134766 6.89769498291 250.129770992 -31.5572519084 13.2290076336 END
START 1.21864864502 -13.2471177856 7.95114371338 250.129770992 -35.5114503817 5.83969465649 END
START -1.80522805176 -11.779472168 11.2551420044 250.129770992 -46.8854961832 8.21374045802 END
START -1.38145435791 -11.3437274658 -0.167594116211 250.129770992 -59.6259541985 5.41221374046 END
START -1.96803376465 -5.57370146484 8.58081875 250.129770992 -56.5801526718 1.3893129771 END
START -4.35984122314 -10.6302553711 6.62954439697 250.129770992 -57.6030534351 -1.84732824427 END
START 0.385466467285 -13.9390420654 6.75164868164 250.129770992 -68.358778626 3.35877862595 END
START -0.277727392578 -9.89284125977 6.16267507324 250.129770992 -65.8625954198 9.22900763359 END
START -7.97029732666 -11.7363765381 3.93846173096 250.129770992 -76.4122137405 3.84732824427 END
START -5.47553919678 -8.5688477417 7.63271489258 250.129770992 -71.358778626 0.152671755725 END
START 5.70059415283 -11.9159416626 4.67827004395 250.129770992 -79.5801526718 7.45801526718 END
START -2.98796367187 -7.95353791504 9.90241806641 250.129770992 -90.6870229008 3.85496183206 END
START 4.23294853516 -7.4268135498 6.91206019287 250.129770992 -98.358778626 -1.3893129771 END
START 9.560047229 -5.31752188721 8.11155522461 250.129770992 -99.1221374046 9.1679389313 END
START 5.06134230957 -15.6101948242 6.74686027832 250.129770992 -91.3893129771 9.20610687023 END
START -0.840364782715 -7.11077893066 9.67496890869 250.129770992 -104.664122137 15.9618320611 END
START 3.4428619873 -11.4562549438 7.36935270996 250.129770992 -104.740458015 11.2595419847 END
START 1.95845695801 -10.1322614258 6.0932432251 250.129770992 -105.290076336 18.9160305344 END
START -2.63601602783 -10.4291424316 5.7508723877 250.129770992 -104.946564885 2.79389312977 END
START 4.39096584473 -11.4251303223 2.16196409912 250.129770992 -104.519083969 0.702290076336 END
START -2.48039291992 -10.8888291504 5.57370146484 250.129770992 -101.900763359 2.58015267176 END
START -0.749385119629 -8.10437261963 8.45871446533 250.129770992 -105.503816794 -0.267175572519 END
START -0.775721337891 -11.5639940186 5.17865819092 250.129770992 -105.41221374 7.63358778626 END
START 6.12676204834 -4.94163222656 7.31189187012 250.129770992 -104.641221374 3.82442748092 END
START 0.524330163574 -9.69651672363 6.13633885498 250.129770992 -104.381679389 -1.9465648855 END
START -2.7222072876 -9.81622680664 5.71256516113 250.129770992 -104.671755725 4.19083969466 END
START -2.58573779297 -9.81622680664 6.56250675049 250.129770992 -101.694656489 0.0 END
START -1.75973822021 -9.61271966553 17.6835734619 250.129770992 -94.8473282443 1.45801526718 END
START -0.866701000977 -11.4969563721 6.8019269165 250.129770992 -104.86259542 11.6259541985 END
START 1.32638771973 -4.71657727051 9.88805285645 250.129770992 -104.786259542 -2.35114503817 END
START -1.26653267822 -9.34456907959 9.98621512451 250.129770992 -92.8702290076 -2.73282442748 END
START 6.99585725098 -3.80678063965 10.0771947876 250.129770992 -100.503816794 7.25190839695 END
START 3.7014357666 -15.2917660034 11.7962315796 250.129770992 -94.6488549618 4.67175572519 END
START 6.26562574463 -8.65982740479 9.22246479492 250.129770992 -86.1221374046 8.32824427481 END
START 0.246602770996 -10.172962854 7.35738170166 250.129770992 -76.8244274809 0.0229007633588 END
START 1.15161099854 -2.55940157471 9.5480762207 250.129770992 -73.9541984733 9.58015267176 END
START -5.71735356445 -8.76517227783 6.24647213135 250.129770992 -53.9312977099 15.106870229 END
START 2.95444484863 -9.193734375 13.0819178711 250.129770992 -51.534351145 8.63358778626 END
START 0.00718260498047 -6.24407792969 8.8154505127 250.129770992 -51.5419847328 2.81679389313 END
START 6.42603725586 -11.6860983032 9.94790789795 250.129770992 -34.6183206107 6.2213740458 END
START 2.24576115723 -14.8129256714 11.7267997314 250.129770992 -44.4809160305 8.32061068702 END
START 1.51313544922 -8.8393925293 3.0885201416 250.129770992 -38.2519083969 -5.51908396947 END
START -1.74058460693 -11.6884925049 11.2407767944 250.129770992 -44.0687022901 1.29007633588 END
START -2.7222072876 -7.65186850586 8.12831463623 250.129770992 -46.0458015267 5.1679389313 END
START -1.8986019165 -16.4242233887 4.63038601074 250.129770992 -39.465648855 7.86259541985 END
START -0.727837304687 -2.61686241455 7.79312640381 250.129770992 -40.2366412214 2.29770992366 END
START 2.16435830078 -5.15232197266 7.34780489502 250.129770992 -45.320610687 1.88549618321 END
START -3.01908829346 -5.8466404541 9.98142672119 250.129770992 -42.3893129771 2.78625954198 END
START 4.81473953857 -17.4680953125 5.53060583496 250.129770992 -33.3664122137 10.7633587786 END
START 2.38701905518 -10.8672813354 7.79312640381 250.129770992 -40.2900763359 7.92366412214 END
START -0.0909796630859 -10.3501337769 7.66862791748 250.129770992 -37.9312977099 -3.37404580153 END
START -0.359130249023 -13.2183873657 9.40681832275 250.129770992 -48.6564885496 -0.580152671756 END
START 3.91691391602 -11.4107651123 6.75643708496 250.129770992 -43.2519083969 9.41984732824 END
START -5.00627567139 -1.472434021 8.77714328613 250.129770992 -53.5877862595 2.80152671756 END
START -1.57299049072 -10.9510783936 10.4698438599 250.129770992 -58.534351145 8.53435114504 END
START 2.41335527344 -9.21049378662 8.31745656738 250.129770992 -62.2366412214 0.229007633588 END
START 12.2223994751 -10.9702320068 8.47068547363 250.129770992 -60.3969465649 1.93893129771 END
START -4.88895979004 -11.0803652832 7.44596716309 250.129770992 -68.9160305344 9.07633587786 END
START -3.73256038818 -9.7946789917 4.14675727539 250.129770992 -76.572519084 6.3893129771 END
START -0.402225878906 -9.20809958496 8.44913765869 250.129770992 -62.5572519084 -3.89312977099 END
START -2.62404501953 -12.011709729 5.95198532715 250.129770992 -79.4732824427 14.5954198473 END
START -1.25695587158 -8.12831463623 8.04451757812 250.129770992 -70.9618320611 7.27480916031 END
START 2.22421334229 -12.6796919922 6.85220515137 250.129770992 -76.7099236641 8.86259541985 END
START 0.572214196777 -12.0691705688 6.30872137451 250.129770992 -90.3816793893 9.40458015267 END
START 5.99747515869 -4.70221206055 1.01274730225 250.129770992 -78.6259541985 17.3740458015 END
START 0.361524450684 -6.80910952148 2.49715233154 250.129770992 -84.5114503817 14.8625954198 END
START 2.70065947266 -8.07085379639 7.43160195312 250.129770992 -94.0687022901 10.7557251908 END
START -10.3932294067 -10.3764699951 13.1944453491 250.129770992 -102.251908397 3.60305343511 END
START 2.47081611328 -10.0293107544 7.32386287842 250.129770992 -105.877862595 5.45038167939 END
START -2.61686241455 -12.2559182983 14.0012913086 250.129770992 -104.244274809 9.90839694656 END
START 5.07570751953 -2.26970317383 1.61848032227 250.129770992 -104.595419847 9.09923664122 END
START -3.98155736084 -5.43004936523 8.91840118408 250.129770992 -101.694656489 7.50381679389 END
START -0.272938989258 -5.74368978271 2.58573779297 250.129770992 -104.801526718 11.1297709924 END
START 1.60890351563 -7.35019909668 8.83699832764 250.129770992 -104.450381679 1.67175572519 END
START -1.33596452637 -3.3830069458 7.48188018799 250.129770992 -104.160305344 8.76335877863 END
START 1.95366855469 -12.3205617432 2.83473476562 250.129770992 -101.717557252 9.7786259542 END
START 4.77164390869 -14.1736738281 10.4387192383 250.129770992 -104.007633588 5.95419847328 END
START 0.325611425781 -5.97592734375 11.4538607422 250.129770992 -104.114503817 -0.206106870229 END
START -0.756567724609 -8.22408270264 8.00860455322 250.129770992 -104.473282443 2.43511450382 END
START 2.75572611084 -9.2296473999 6.25844313965 250.129770992 -104.694656489 9.52671755725 END
START 1.73100780029 -9.82101520996 7.86495245361 250.129770992 -104.488549618 12.679389313 END
START 1.49158763428 -4.18027609863 10.1442324341 250.129770992 -104.900763359 6.57251908397 END
START 4.00071097412 -9.06205328369 5.49708701172 250.129770992 -94.0305343511 7.26717557252 END
START -2.71502468262 -9.21528218994 11.4706201538 250.129770992 -104.488549618 13.5496183206 END
START 1.90099611816 -11.1617681396 14.202404248 250.129770992 -104.099236641 4.06870229008 END
START -0.725443103027 -12.9550251831 6.98628044434 250.129770992 -102.557251908 4.96183206107 END
START 7.75481917725 -9.04050546875 10.1250788208 250.129770992 -104.061068702 11.8702290076 END
START 7.50582220459 -10.0724063843 10.7092640259 250.129770992 -98.3511450382 0.473282442748 END
START 6.09084902344 -12.2487356934 11.5999070435 250.129770992 -86.9770992366 17.0687022901 END
START -2.44208569336 -7.26879624023 7.50821640625 250.129770992 -90.1603053435 4.35114503817 END
START -6.83544573975 -5.06852491455 7.33822808838 250.129770992 -80.8625954198 7.80916030534 END
START -3.41413156738 -7.6614453125 10.2663367187 250.129770992 -88.7099236641 5.18320610687 END
START 0.991199487305 -4.13239206543 9.35414588623 250.129770992 -85.213740458 12.0305343511 END
START 4.8314989502 -10.3525279785 6.7779848999 250.129770992 -71.7709923664 11.1450381679 END
START -2.03267720947 -11.9183358643 4.74051928711 250.129770992 -66.3816793893 -1.70229007634 END
START 1.32399351807 -10.4602670532 7.06528909912 250.129770992 -72.7404580153 15.1450381679 END
START 1.35272393799 -14.9781255859 4.30716878662 250.129770992 -73.9923664122 2.06106870229 END
START -2.86346518555 -9.99100352783 6.42603725586 250.129770992 -68.0076335878 -0.335877862595 END
START 7.49145699463 -8.32942757568 5.94480272217 250.129770992 -69.1679389313 3.96946564885 END