START 4.91769020996 -11.5424462036 7.55131203613 250.129770992 -61.320610687 4.85496183206 END
START -2.84191737061 -4.64714542236 8.81784471436 250.129770992 -65.4580152672 13.7175572519 END
START -6.87135876465 -7.22570061035 6.27041414795 250.129770992 -73.7251908397 18.3358778626 END
START 1.13963999023 -11.7938373779 7.78594379883 250.129770992 -70.3358778626 5.12213740458 END
START -0.00239420166016 -6.76361968994 3.51468803711 250.129770992 -62.8320610687 -1.02290076336 END
START 4.37899483643 -10.5680061279 7.27837304687 250.129770992 -53.8702290076 2.70229007634 END
START -3.19625921631 -8.36055219727 14.597447522 250.129770992 -68.8091603053 6.38167938931 END
START -0.361524450684 -10.5991307495 9.39005891113 250.129770992 -66.6106870229 3.46564885496 END
START -4.17069929199 -13.1345903076 3.44525618896 250.129770992 -65.7480916031 12.3664122137 END
START -7.56807144775 -4.09647904053 7.10359632568 250.129770992 -60.3816793893 8.30534351145 END
START -5.65271011963 -13.6373726562 -1.72143099365 250.129770992 -60.3664122137 8.34351145038 END
START -4.04620080566 -11.0444522583 7.24724842529 250.129770992 -66.5419847328 6.13740458015 END
START 2.65516964111 -3.79720383301 9.07881269531 250.129770992 -68.8015267176 1.79389312977 END
START 2.13802208252 -7.77876119385 2.18351191406 250.129770992 -69.4045801527 10.5877862595 END
START -0.679953271484 -2.67671745605 5.50666381836 250.129770992 -62.6717557252 0.916030534351 END
START 1.63763393555 -10.1011368042 6.23689532471 250.129770992 -66.6564885496 1.19083969466 END
START 0.732625708008 -12.1745154419 10.2304236938 250.129770992 -70.9160305344 17.2900763359 END
START 0.0383072265625 -9.78031378174 8.54969412842 250.129770992 -74.7709923664 4.84732824427 END
START 5.95916793213 -10.6134959595 13.8384855957 250.129770992 -74.9541984733 4.31297709924 END
START 1.03668931885 -10.3908352051 8.25760152588 250.129770992 -70.6946564885 3.29007633588 END
START 0.411802685547 -10.8672813354 8.214505896 250.129770992 -80.3969465649 13.4503816794 END
START 0.869095202637 -9.98621512451 10.3501337769 250.129770992 -80.9083969466 1.17557251908 END
START 0.61770402832 -11.3054202393 4.31913979492 250.129770992 -69.3740458015 5.32061068702 END
START -5.48751020508 -5.05894810791 6.27999095459 250.129770992 -76.8473282443 1.73282442748 END
START -1.67833536377 -11.1306435181 3.01429989014 250.129770992 -87.1526717557 7.64122137405 END
START 0.0909796630859 -6.91924279785 4.90571920166 250.129770992 -98.6183206107 5.45801526718 END
START 1.7908628418 -11.1833159546 5.14274516602 250.129770992 -101.190839695 0.610687022901 END
START -2.66235224609 -9.46667336426 7.74524237061 250.129770992 -104.145038168 5.98473282443 END
START -5.56891306152 -15.942988855 5.39174213867 250.129770992 -99.6488549618 7.09160305344 END
START -3.75889660645 -10.1178962158 9.39005891113 250.129770992 -103.877862595 3.0534351145 END
START -0.847547387695 -13.0675526611 6.86417615967 250.129770992 -104.778625954 9.6106870229 END
START 0.687135876465 -6.92881960449 2.79642753906 250.129770992 -104.099236641 4.49618320611 END
START 3.46680400391 -15.4042934814 6.45237347412 250.129770992 -104.465648855 8.93129770992 END
START 4.78122071533 -17.4393648926 8.04212337646 250.129770992 -97.7480916031 10.9465648855 END
START -0.440533105469 -10.9678378052 6.16985767822 250.129770992 -96.6717557252 0.496183206107 END
START 3.72298358154 -10.8529161255 4.79079752197 250.129770992 -104.465648855 6.98473282443 END
START 4.13718046875 -12.3732341797 7.19936439209 250.129770992 -102.664122137 4.00763358779 END
START 6.87375296631 -8.66701000977 7.40047733154 250.129770992 -104.610687023 12.8778625954 END
START 2.30561619873 -7.55849464111 0.802057556152 250.129770992 -105.34351145 3.19083969466 END
START 0.320823022461 -11.6477910767 8.17141026611 250.129770992 -104.717557252 4.26717557252 END
START 1.17076461182 -7.57285985107 8.11873782959 250.129770992 -105.114503817 6.95419847328 END
START 0.689530078125 -6.10760843506 9.72764134521 250.129770992 -106.664122137 19.4885496183 END
START -1.69748897705 -8.77235488281 7.76200178223 250.129770992 -104.450381679 16.7251908397 END
START 0.136469494629 -5.29597407227 10.1969048706 250.129770992 -103.778625954 6.09160305344 END
START 5.04458289795 -0.814028564453 7.80509741211 250.129770992 -103.0 3.80916030534 END
START 3.18668240967 -12.0979009888 3.85227047119 250.129770992 -102.099236641 4.72519083969 END
START 1.89620771484 -11.2192289795 6.57926616211 250.129770992 -76.786259542 0.312977099237 END
START -4.12042105713 -7.52976422119 8.19056387939 250.129770992 -84.679389313 13.213740458 END
START 7.18499918213 -10.9079827637 6.10760843506 250.129770992 -72.6259541985 9.45801526718 END
START 5.41807835693 -7.98945093994 9.41160672607 250.129770992 -75.7938931298 0.908396946565 END
START -0.119710083008 -8.3461869873 5.00148726807 250.129770992 -61.7251908397 11.3358778626 END
START 4.00071097412 -4.79319172363 8.32463917236 250.129770992 -78.7175572519 6.93129770992 END
START -0.794874951172 -11.9279126709 5.01585247803 250.129770992 -57.1832061069 7.73282442748 END
START 2.87064779053 -7.69017573242 11.3389390625 250.129770992 -49.0229007634 3.18320610687 END
START 1.24019645996 -0.687135876465 5.44920297852 250.129770992 -41.0916030534 4.32061068702 END
START 3.52426484375 -8.78911429443 6.04057078857 250.129770992 -37.213740458 3.52671755725 END
START 9.90002386475 -10.2567599121 13.2183873657 250.129770992 -45.2442748092 0.69465648855 END
START 10.5919481445 -12.1840922485 3.52187064209 250.129770992 -37.8167938931 -4.92366412214 END
START -0.91458503418 -9.91678327637 10.5871597412 250.129770992 -32.8320610687 6.56488549618 END
START -0.260967980957 -11.3509100708 6.26801994629 250.129770992 -25.641221374 -0.687022900763 END
START 0.737414111328 -7.40526573486 8.02057556152 250.129770992 -28.534351145 5.87022900763 END
START 0.531512768555 -8.76756647949 7.91523068848 250.129770992 -26.0839694656 11.0 END
START 4.10126744385 -9.2535894165 7.61834968262 250.129770992 -29.5038167939 1.25190839695 END
START -0.502782348633 -6.64630380859 5.19302340088 250.129770992 -38.9618320611 6.51145038168 END
START 5.86818826904 -16.7258927979 5.31273348389 250.129770992 -37.9923664122 4.07633587786 END
START -1.95127435303 -9.61032546387 6.62236179199 250.129770992 -39.2748091603 -2.22900763359 END
START 1.47482822266 -5.269637854 8.36294639893 250.129770992 -44.5038167939 5.48091603053 END
START -1.15639940186 -2.91134921875 5.34864650879 250.129770992 -49.213740458 4.32824427481 END
START 2.72460148926 -3.48116921387 3.14119257812 250.129770992 -54.4961832061 0.671755725191 END
START 2.76530291748 -12.5432224976 3.6894647583 250.129770992 -58.8473282443 8.62595419847 END
START -5.96635053711 -13.4745669434 9.89762966309 250.129770992 -60.4198473282 3.14503816794 END
START 4.41969626465 -8.98543883057 10.8313683105 250.129770992 -72.6946564885 14.7251908397 END
START 0.256179577637 -7.18021077881 9.7827079834 250.129770992 -70.7709923664 9.21374045802 END
START 2.56658417969 -5.8466404541 6.79713851318 250.129770992 -71.6641221374 3.29007633588 END
START 4.16830509033 -11.5807534302 6.49307490234 250.129770992 -80.6106870229 4.00763358779 END
START -0.076614453125 -14.0802999634 5.82988104248 250.129770992 -86.5190839695 -1.30534351145 END
START 6.16028087158 -14.5495634888 6.81150372314 250.129770992 -97.2748091603 3.62595419847 END
START -1.63763393555 -11.7986257812 2.72699569092 250.129770992 -96.8625954198 -1.80916030534 END
START 4.06056601562 -9.23683000488 8.03015236816 250.129770992 -92.2366412214 9.23664122137 END
START -0.648828649902 -5.68144053955 6.88332977295 250.129770992 -97.534351145 7.64885496183 END
START 4.07014282227 -7.85537564697 8.94473740234 250.129770992 -103.480916031 7.62595419847 END
START -1.12048637695 -10.5105452881 12.1481792236 250.129770992 -103.045801527 -2.45038167939 END
START -0.577002600098 -7.25443103027 4.5968671875 250.129770992 -96.320610687 5.43511450382 END
START 0.76135612793 -7.64468590088 6.77319649658 250.129770992 -99.9083969466 2.29007633588 END
START 10.1609918457 -5.68144053955 8.76038387451 250.129770992 -100.236641221 4.46564885496 END
START -3.36145913086 -11.5208983887 6.16985767822 250.129770992 -104.595419847 2.96183206107 END
START -0.107739074707 -10.0436759644 3.08133753662 250.129770992 -105.541984733 1.70229007634 END
START 4.68066424561 -8.51856950684 7.40765993652 250.129770992 -104.473282443 8.24427480916 END
START 0.708683691406 -7.02219346924 1.01035310059 250.129770992 -104.221374046 6.03816793893 END
START 1.10851536865 -8.43237824707 4.83628735352 250.129770992 -104.832061069 -1.61832061069 END
START 0.342370837402 -10.5656119263 7.88171186523 250.129770992 -104.122137405 0.992366412214 END
START 3.67509954834 -12.8736223267 9.63187327881 250.129770992 -104.351145038 -0.534351145038 END
START -0.0119710083008 -10.8816465454 7.40047733154 250.129770992 -104.297709924 -2.87786259542 END
START 0.0957680664062 -8.2983029541 10.3956236084 250.129770992 -104.473282443 2.50381679389 END
START 0.579396801758 -9.93833109131 7.85776984863 250.129770992 -104.007633588 9.96946564885 END
START -3.39976635742 -6.69179364014 8.34379278564 250.129770992 -104.374045802 3.64122137405 END
START -1.77170922852 -10.7308118408 4.63996281738 250.129770992 -104.427480916 5.26717557252 END
START 6.26562574463 -11.039663855 3.23935484619 250.129770992 -104.374045802 -2.27480916031 END
START -0.857124194336 -5.30076247559 6.75164868164 250.129770992 -105.664122137 17.5038167939 END
START 5.03500609131 -3.87860668945 3.22738383789 250.129770992 -85.8244274809 4.01526717557 END
START 7.97747993164 -12.7467296387 12.5958949341 250.129770992 -87.9923664122 6.51908396947 END
START 0.402225878906 -4.13478626709 11.6501852783 250.129770992 -96.3893129771 11.4351145038 END
START 7.45554396973 -7.52258161621 13.1082540894 250.129770992 -79.0534351145 6.97709923664 END
START -2.02549460449 -5.88734188232 5.08289012451 250.129770992 -79.9618320611 -4.67175572519 END
START 1.91296712646 -8.39167681885 9.93833109131 250.129770992 -74.0763358779 -1.20610687023 END
START 8.69334622803 -6.5074401123 8.34139858398 250.129770992 -77.6870229008 9.78625954198 END
START 1.87226569824 -12.0763531738 11.4083709106 250.129770992 -77.7251908397 6.13740458015 END
START 3.28005627441 -0.213083947754 7.66862791748 250.129770992 -68.2824427481 5.8320610687 END
START 7.59201346436 -9.21288798828 1.61608612061 250.129770992 -65.6717557252 10.8244274809 END
START -2.87543619385 -5.29357987061 12.1936690552 250.129770992 -67.9312977099 0.465648854962 END
START -3.49792862549 -7.22330640869 9.54568201904 250.129770992 -61.9389312977 5.04580152672 END
START 5.95916793213 -12.5599819092 6.30153876953 250.129770992 -51.8167938931 4.35877862595 END
START 1.27610948486 -4.59207878418 7.27837304687 250.129770992 -49.5496183206 -1.77099236641 END
START 0.320823022461 -11.2072579712 8.21929429932 250.129770992 -58.5419847328 2.46564885496 END