START 1.88184250488 -3.064578125 3.20823022461 250.129770992 -59.2595419847 4.06870229008 END
START -6.95036741943 -9.89762966309 9.63426748047 250.129770992 -70.3358778626 5.71755725191 END
START 0.275333190918 -4.6208092041 12.2271878784 250.129770992 -81.7709923664 5.54198473282 END
START 0.502782348633 -6.30153876953 2.66953485107 250.129770992 -67.4503816794 -0.267175572519 END
START 2.66714064941 -8.31985076904 1.95845695801 250.129770992 -65.641221374 -0.419847328244 END
START -4.2544963501 -0.0167594116211 4.02225878906 250.129770992 -63.2595419847 2.68702290076 END
START -2.26012636719 -2.14999309082 9.90720646973 250.129770992 -66.1679389313 8.27480916031 END
START 2.68868846436 -4.69502945557 9.1578213501 250.129770992 -55.6641221374 0.69465648855 END
START 2.71981308594 -13.1202250977 9.97184991455 250.129770992 -53.7099236641 0.396946564885 END
START 0.596156213379 -7.44836136475 4.58010777588 250.129770992 -53.6259541985 11.0152671756 END
START 4.70700046387 -11.4897737671 6.31829818115 250.129770992 -47.0305343511 6.91603053435 END
START -1.51792385254 -7.67102211914 8.11634362793 250.129770992 -51.2442748092 7.16030534351 END
START -3.11725056152 -11.9997387207 5.90170709229 250.129770992 -44.9847328244 5.72519083969 END
START -0.782903942871 -11.9327010742 4.90811340332 250.129770992 -55.9694656489 -2.91603053435 END
START 3.16274039307 -10.5296989014 7.42920775146 250.129770992 -43.7328244275 4.32061068702 END
START -1.8866309082 -7.79312640381 3.96479794922 250.129770992 -56.8244274809 -0.702290076336 END
START 10.9702320068 -7.89847127686 11.4778027588 250.129770992 -47.6488549618 9.52671755725 END
START -2.77727392578 -7.66623371582 8.51138690186 250.129770992 -55.2748091603 6.48091603053 END
START -4.71178886719 -5.67904633789 8.2623899292 250.129770992 -47.8778625954 9.35114503817 END
START -8.15225665283 -9.74918916016 3.79002122803 250.129770992 -61.9770992366 3.80152671756 END
START -7.11796153564 -7.49863959961 3.1364041748 250.129770992 -50.8625954198 -1.50381679389 END
START 7.49863959961 -11.2503536011 7.71411774902 250.129770992 -62.9923664122 12.213740458 END
START 0.627280834961 -6.47631549072 10.172962854 250.129770992 -55.9618320611 0.603053435115 END
START 1.61129771729 -6.07169541016 4.40533105469 250.129770992 -64.6564885496 -5.25954198473 END
START 6.27759675293 -9.65342109375 9.10036051025 250.129770992 -65.6641221374 6.34351145038 END
START 2.15238729248 -3.93846173096 5.38455953369 250.129770992 -58.320610687 -4.45038167939 END
START -2.62165081787 -10.3381627686 9.55047042236 250.129770992 -65.7480916031 4.18320610687 END
START -1.7788918335 -9.38527050781 2.44447989502 250.129770992 -72.7709923664 6.97709923664 END
START -0.739808312988 -8.14986245117 4.05817181396 250.129770992 -80.0916030534 16.1526717557 END
START -9.70848773193 -0.91219083252 10.5273046997 250.129770992 -68.4427480916 10.7099236641 END
START 2.7222072876 -13.7091987061 6.60799658203 250.129770992 -82.893129771 14.0076335878 END
START -2.34152922363 -4.60165559082 11.4921679687 250.129770992 -91.4732824427 7.54961832061 END
START -6.02620557861 -14.202404248 11.3796404907 250.129770992 -83.1145038168 -0.175572519084 END
START 3.50271702881 -9.41160672607 6.37815322266 250.129770992 -96.6564885496 4.63358778626 END
START 6.96233842773 -7.50103380127 13.0986772827 250.129770992 -98.9160305344 7.23664122137 END
START -3.12922156982 1.06063133545 6.5074401123 250.129770992 -98.8396946565 3.43511450382 END
START 2.65516964111 -9.29668504639 6.41646044922 250.129770992 -100.221374046 2.3358778626 END
START -2.05183082275 -4.34068760986 1.88902510986 250.129770992 -98.0916030534 18.8320610687 END
START -1.97282216797 -9.69651672363 8.28872614746 250.129770992 -90.6717557252 9.25954198473 END
START -7.0365586792 -14.4609780273 5.25527264404 250.129770992 -94.2671755725 3.80916030534 END
START 5.51384642334 -9.56962403564 14.4370360107 250.129770992 -103.946564885 4.71755725191 END
START 6.52180532227 -9.23683000488 5.16908138428 250.129770992 -104.732824427 -2.09160305344 END
START 2.22900174561 -7.69496413574 11.2886608276 250.129770992 -103.839694656 5.96946564885 END
START 6.47392128906 -10.6182843628 2.94247384033 250.129770992 -104.526717557 8.14503816794 END
START 4.91769020996 -10.2902787354 6.45237347412 250.129770992 -104.358778626 8.90839694656 END
START 0.0335188232422 -9.1338793335 10.3190091553 250.129770992 -104.633587786 12.9770992366 END
START 2.83473476562 -11.6070896484 6.86178195801 250.129770992 -104.061068702 15.1908396947 END
START 8.95431420898 -14.2957781128 13.3524626587 250.129770992 -104.374045802 10.0916030534 END
START -2.44687409668 -15.6676556641 4.33350500488 250.129770992 -105.045801527 2.87022900763 END
START -3.6894647583 -5.7508723877 8.14028564453 250.129770992 -105.076335878 1.57251908397 END
START 5.94719692383 -7.6853873291 5.73171877441 250.129770992 -103.816793893 5.8320610687 END
START 7.13232674561 -11.0444522583 8.49702169189 250.129770992 -102.564885496 5.06106870229 END
START -0.60573302002 -6.4475850708 10.524910498 250.129770992 -76.4351145038 -1.96183206107 END
START 4.68066424561 -9.74918916016 6.89290657959 250.129770992 -82.6641221374 -2.54961832061 END
START -1.33357032471 -3.85705887451 7.52497581787 250.129770992 -73.1297709924 9.97709923664 END
START 3.91691391602 -8.51856950684 13.1226192993 250.129770992 -66.3282442748 0.0763358778626 END
START 5.15471617432 -6.73249506836 5.74847818604 250.129770992 -63.3816793893 -3.34351145038 END
START -0.435744702148 -2.82515795898 10.9989624268 250.129770992 -66.9465648855 -5.09160305344 END
START -2.20266552734 -9.02374605713 8.61194337158 250.129770992 -61.5648854962 0.870229007634 END
START -1.90817872314 -11.6334258667 5.59764348145 250.129770992 -43.0305343511 9.84732824427 END
START -2.64319863281 -8.48026228027 11.1114899048 250.129770992 -60.9694656489 3.09160305344 END
START -1.2138602417 -8.13310303955 11.3461216675 250.129770992 -48.9236641221 5.56488549618 END
START 0.830787976074 -8.76756647949 9.95748470459 250.129770992 -43.9389312977 -3.68702290076 END
START -3.27287366943 -6.41646044922 9.8186210083 250.129770992 -52.4809160305 4.13740458015 END
START 3.7014357666 -10.6015249512 4.63756861572 250.129770992 -39.2213740458 15.2900763359 END
START 6.83544573975 -5.64073911133 7.6375032959 250.129770992 -33.0229007634 3.15267175573 END
START -0.46447512207 -7.78594379883 1.86747729492 250.129770992 -38.3435114504 6.68702290076 END
START -0.0718260498047 -5.40371314697 10.0771947876 250.129770992 -43.8702290076 12.3435114504 END
START -4.70700046387 -8.76517227783 8.73165345459 250.129770992 -39.213740458 4.47328244275 END
START -0.385466467285 -7.29034405518 7.03416447754 250.129770992 -35.3129770992 6.61832061069 END
START -0.478840332031 -5.91607230225 7.84101043701 250.129770992 -41.9770992366 5.80916030534 END
START 7.77636699219 -8.96628521729 5.88494768066 250.129770992 -44.9770992366 4.6641221374 END
START -4.0078935791 -15.6700498657 9.38766470947 250.129770992 -43.0916030534 8.32824427481 END
START -3.89536610107 -11.65257948 7.87692346191 250.129770992 -45.320610687 5.68702290076 END
START 0.390254870605 -5.60482608643 8.84418093262 250.129770992 -58.465648855 2.45038167939 END
START 3.43328518066 -6.10282003174 8.46110866699 250.129770992 -60.7938931298 5.06870229008 END
START 0.272938989258 -9.8784760498 4.94402642822 250.129770992 -58.0992366412 1.1679389313 END
START 2.31040460205 -9.85692823486 4.81713374023 250.129770992 -56.534351145 18.3664122137 END
START 1.8267758667 -13.1992337524 7.65426270752 250.129770992 -62.6641221374 1.87786259542 END
START 2.76051451416 -9.99339772949 10.3046439453 250.129770992 -74.9923664122 2.70992366412 END
START 2.92332022705 -9.62708487549 9.58638344727 250.129770992 -75.6488549618 -1.52671755725 END
START 5.79157381592 -10.5225162964 7.94635531006 250.129770992 -81.9618320611 -2.83969465649 END
START 0.447715710449 -6.4595560791 7.06768330078 250.129770992 -84.2061068702 4.97709923664 END
START 0.586579406738 -11.6741272949 4.97036264648 250.129770992 -75.4809160305 17.2061068702 END
START 2.3918074585 -7.601590271 8.9591026123 250.129770992 -81.679389313 5.74809160305 END
START 2.95683905029 -10.4028062134 8.11155522461 250.129770992 -89.4732824427 3.62595419847 END
START 1.00556469727 -15.0140386108 7.35977590332 250.129770992 -104.320610687 3.62595419847 END
START 2.87543619385 -10.046070166 6.04535919189 250.129770992 -98.9770992366 5.0 END
START 1.43173259277 -11.4993505737 1.61129771729 250.129770992 -88.9923664122 15.427480916 END
START -2.99035787354 -10.9798088135 6.46913288574 250.129770992 -96.9007633588 5.19083969466 END
START 4.06535441895 -5.65510432129 -1.99676418457 250.129770992 -99.6259541985 -0.740458015267 END
START 8.2504189209 -10.7595422607 7.04613548584 250.129770992 -104.198473282 0.709923664122 END
START 1.87705410156 -9.8305920166 6.14352145996 250.129770992 -104.34351145 -0.36641221374 END
START 3.16034619141 -7.86495245361 3.90494290771 250.129770992 -104.427480916 13.2061068702 END
START -0.30166940918 -11.8393272095 7.36456430664 250.129770992 -104.106870229 7.6106870229 END
START -0.134075292969 -10.433930835 11.6406084717 250.129770992 -105.183206107 7.12977099237 END
START -0.100556469727 -13.9007348389 6.21534750977 250.129770992 -104.732824427 2.98473282443 END
START 0.076614453125 -10.6565915894 7.42202514648 250.129770992 -103.839694656 5.03053435115 END
START 1.05105452881 -8.10437261963 7.29034405518 250.129770992 -104.198473282 -2.69465648855 END
START 3.24414324951 -0.490811340332 6.68700523682 250.129770992 -104.282442748 6.7786259542 END
START 4.17788189697 -11.9279126709 8.2504189209 250.129770992 -104.34351145 5.68702290076 END
START 2.28885678711 -10.7308118408 7.4268135498 250.129770992 -105.167938931 -2.22900763359 END
START 6.95276162109 -3.98634576416 6.83544573975 250.129770992 -105.114503817 0.190839694656 END
START 0.337582434082 -9.94072529297 5.55454785156 250.129770992 -104.41221374 12.3893129771 END
START 6.80671531982 -10.2495773071 7.27597884521 250.129770992 -103.778625954 0.717557251908 END
START 7.24485422363 -9.19134017334 6.742071875 250.129770992 -104.557251908 2.06106870229 END
START -1.71424838867 -10.3884410034 10.2136642822 250.129770992 -105.007633588 3.87786259542 END
START -1.12288057861 -6.67503422852 6.57926616211 250.129770992 -99.5190839695 9.1679389313 END
START 1.45328040771 -10.0963484009 11.899182251 250.129770992 -105.20610687 5.40458015267 END
START 4.46039769287 -8.6167317749 4.38138903809 250.129770992 -82.2595419847 8.74045801527 END
START 8.09479581299 -4.92247861328 3.67031114502 250.129770992 -76.8473282443 10.4809160305 END
START 2.44208569336 -8.02296976318 8.57124194336 250.129770992 -69.5496183206 9.58778625954 END
START -2.77248552246 -12.5719529175 5.43244356689 250.129770992 -80.1832061069 10.534351145 END
START 3.47638081055 -7.35738170166 3.90973131104 250.129770992 -71.2442748092 8.87022900763 END
START 5.14035096436 -9.29668504639 7.48906279297 250.129770992 -70.6717557252 -3.15267175573 END
START -0.964863269043 -5.76523759766 7.83382783203 250.129770992 -63.0229007634 9.73282442748 END
START 5.48990440674 -8.47786807861 4.14915147705 250.129770992 -67.7709923664 5.88549618321 END
START 11.9614314941 -8.50420429687 11.279084021 250.129770992 -66.9770992366 -0.809160305344 END
START 0.229843359375 -14.202404248 12.1649386353 250.129770992 -66.3969465649 3.41221374046 END
START -2.70544787598 -8.29112034912 12.0476227539 250.129770992 -54.8702290076 15.2061068702 END
START 1.71185418701 -16.6947681763 8.93037219238 250.129770992 -56.1603053435 2.22900763359 END