START 0.543483776855 -8.05409438477 12.1745154419 250.129770992 -50.9312977099 11.7404580153 END
START -4.42448466797 -15.7610295288 9.7827079834 250.129770992 -54.3053435115 3.25954198473 END
START -1.75734401855 -7.48906279297 6.77319649658 250.129770992 -66.0229007634 5.06870229008 END
START -5.49708701172 -1.64721074219 6.81629212646 250.129770992 -72.8625954198 -2.0 END
START -4.78600911865 -10.1035310059 8.31985076904 250.129770992 -60.9541984733 11.1908396947 END
START 2.72699569092 -11.5137157837 6.25844313965 250.129770992 -71.6335877863 6.11450381679 END
START -2.03507141113 -9.70848773193 8.9112185791 250.129770992 -76.1679389313 -0.847328244275 END
START -1.06063133545 -3.42370837402 8.26717833252 250.129770992 -69.8015267176 1.19083969466 END
START -0.392649072266 -10.5775829346 8.10437261963 250.129770992 -67.427480916 6.90076335878 END
START -1.70227738037 -9.52174000244 5.10922634277 250.129770992 -67.2290076336 6.35114503817 END
START 7.46512077637 -14.1880390381 5.93522591553 250.129770992 -67.8091603053 -1.74809160305 END
START -1.66397015381 -10.7379944458 6.82347473145 250.129770992 -59.8244274809 -0.946564885496 END
START 1.79565124512 -15.0403748291 9.55286462402 250.129770992 -67.5496183206 1.69465648855 END
START -2.06380183105 -14.1856448364 5.84185205078 250.129770992 -68.9389312977 8.71755725191 END
START -3.83072265625 -10.1538092407 4.85783516846 250.129770992 -72.5496183206 13.6106870229 END
START 2.16196409912 -17.4034518677 4.87459458008 250.129770992 -64.6183206107 10.5877862595 END
START -9.65342109375 -3.42849677734 5.269637854 250.129770992 -62.4351145038 -2.57251908397 END
START -3.52665904541 -13.8121493774 4.73812508545 250.129770992 -67.8778625954 0.480916030534 END
START 0.979228479004 -4.48194550781 11.7675011597 250.129770992 -69.2519083969 2.90076335878 END
START -5.64073911133 -10.6948988159 7.11556733398 250.129770992 -79.3816793893 7.38167938931 END
START -2.34631762695 -8.48026228027 4.8674119751 250.129770992 -78.8473282443 2.18320610687 END
START -0.636857641602 -9.05487067871 6.63193859863 250.129770992 -83.8091603053 -1.49618320611 END
START 12.0212865356 -14.4035171875 3.61524450684 250.129770992 -78.1832061069 6.19083969466 END
START -3.22738383789 -13.2016279541 10.5512467163 250.129770992 -81.2748091603 -0.587786259542 END
START 3.24653745117 2.14281048584 4.9272670166 250.129770992 -71.3969465649 -0.412213740458 END
START 0.251391174316 -13.46977854 8.84418093262 250.129770992 -85.2519083969 11.1679389313 END
START 1.79325704346 -14.4968910522 8.5449057251 250.129770992 -91.6717557252 19.3740458015 END
START -0.136469494629 -11.0564232666 3.90733710937 250.129770992 -91.7938931298 18.5648854962 END
START -4.43884987793 -10.4794206665 5.10204373779 250.129770992 -91.5877862595 14.4122137405 END
START -2.08774384766 -4.59207878418 8.91600698242 250.129770992 -105.908396947 3.19847328244 END
START -3.29442148437 -1.92733233643 10.6565915894 250.129770992 -105.58778626 -0.824427480916 END
START 9.30147344971 -8.48744488525 8.23126530762 250.129770992 -106.778625954 6.80152671756 END
START -3.69185895996 -4.68784685059 7.46990917969 250.129770992 -100.236641221 4.04580152672 END
START 1.79565124512 -7.71172354736 9.32302126465 250.129770992 -107.450381679 3.87786259542 END
START 5.61440289307 -8.97825622559 6.77080229492 250.129770992 -102.419847328 -4.71755725191 END
START 1.60890351563 -11.5711766235 5.42286676025 250.129770992 -104.27480916 5.93893129771 END
START 1.88423670654 -0.92655604248 13.0029092163 250.129770992 -105.122137405 9.11450381679 END
START 4.11084425049 -15.4449949097 5.64552751465 250.129770992 -104.519083969 4.34351145038 END
START 3.08612593994 -5.14513936768 9.90960067139 250.129770992 -106.755725191 10.8320610687 END
START 6.46195028076 1.09654436035 11.0803652832 250.129770992 -98.5190839695 13.5496183206 END
START 7.78594379883 -6.52898792725 8.01339295654 250.129770992 -106.145038168 12.3053435115 END
START -3.54102425537 -10.405200415 9.88805285645 250.129770992 -95.2442748092 -2.75572519084 END
START -5.14513936768 -4.41969626465 6.32548078613 250.129770992 -95.3282442748 11.7022900763 END
START 1.25456166992 -4.46518609619 12.7946136719 250.129770992 -78.7480916031 5.42748091603 END
START 13.1082540894 -2.63122762451 17.4034518677 250.129770992 -71.8244274809 -2.37404580153 END
START 4.64953962402 -8.0397291748 4.75249029541 250.129770992 -65.7251908397 -5.24427480916 END
START -0.536301171875 -13.1345903076 16.3045133057 250.129770992 -63.4427480916 8.01526717557 END
START 8.334215979 -6.38533582764 11.1162783081 250.129770992 -44.7099236641 9.70229007634 END
START -2.87304199219 -5.31033928223 8.06367119141 250.129770992 -35.3511450382 -1.58778625954 END
START 0.533906970215 -9.50737479248 5.1379567627 250.129770992 -42.213740458 -3.49618320611 END
START 0.632069238281 -11.2168347778 8.40125362549 250.129770992 -34.9007633588 -0.977099236641 END
START 3.69425316162 -12.2607067017 7.72369455566 250.129770992 -43.9923664122 5.20610687023 END
START -2.40617266846 -4.76924970703 9.05726488037 250.129770992 -43.7022900763 0.221374045802 END
START -3.69904156494 -11.8489040161 7.84819304199 250.129770992 -34.572519084 0.320610687023 END
START -1.38624276123 -8.99262143555 3.36624753418 250.129770992 -32.0839694656 9.06870229008 END
START -1.98479317627 -5.5521536499 11.9614314941 250.129770992 -41.3435114504 1.68702290076 END
START -2.73178409424 -13.8097551758 10.1322614258 250.129770992 -34.7709923664 7.25190839695 END
START -3.96479794922 -8.59518395996 13.1082540894 250.129770992 -53.7022900763 5.64885496183 END
START -3.0406361084 -4.87459458008 8.66222160645 250.129770992 -49.7709923664 -3.62595419847 END
START 4.20900651855 -12.0284691406 7.71172354736 250.129770992 -49.0687022901 2.29007633588 END
START -0.91458503418 -11.3868230957 4.9152960083 250.129770992 -53.0076335878 5.46564885496 END
START -0.241814367676 -11.6501852783 11.4466781372 250.129770992 -49.1297709924 -3.07633587786 END
START 1.05823713379 -4.40054265137 6.66545742187 250.129770992 -44.9541984733 7.86259541985 END
START -0.775721337891 -14.9661545776 5.38216533203 250.129770992 -57.1908396947 10.7099236641 END
START 5.43004936523 -1.71185418701 9.26077202148 250.129770992 -54.9007633588 2.83969465649 END
START -0.981622680664 -13.9366478638 6.76122548828 250.129770992 -59.106870229 -2.06870229008 END
START 3.12682736816 -7.51539901123 5.07810172119 250.129770992 -60.2671755725 2.35114503817 END
START -2.93529123535 -12.3468979614 1.77649763184 250.129770992 -72.8778625954 0.770992366412 END
START -3.2992098877 -5.53300003662 10.8433393188 250.129770992 -69.3816793893 -2.72519083969 END
START -3.56736047363 -5.7748144043 8.9351605957 250.129770992 -66.8015267176 14.5954198473 END
START -2.22421334229 -12.3804167847 4.45800349121 250.129770992 -88.7022900763 4.6106870229 END
START 7.64468590088 -5.39892474365 6.64869801025 250.129770992 -80.4961832061 -1.82442748092 END
START -1.04147772217 -12.4594254395 8.67179841309 250.129770992 -74.9694656489 5.11450381679 END
START 3.22259543457 -8.48505068359 1.34314713135 250.129770992 -76.2671755725 -2.4427480916 END
START -2.41096107178 -12.1098719971 6.93121380615 250.129770992 -74.7099236641 3.03053435115 END
START 0.134075292969 -15.3276790283 4.34787021484 250.129770992 -85.8473282443 -0.106870229008 END
START 0.0215478149414 -8.78432589111 6.32548078613 250.129770992 -106.488549618 11.2900763359 END
START -0.447715710449 -10.4411134399 5.63116230469 250.129770992 -98.8778625954 -5.3893129771 END
START -1.14921679688 -8.30787976074 11.1809217529 250.129770992 -107.435114504 0.725190839695 END
START 4.03901820068 -7.87931766357 3.09809694824 250.129770992 -105.480916031 9.09923664122 END
START -2.9927520752 -5.84903465576 7.65426270752 250.129770992 -107.320610687 5.83969465649 END
START -3.71101257324 -9.193734375 7.29034405518 250.129770992 -101.916030534 -0.152671755725 END
START -2.82515795898 -7.39808312988 4.99669886475 250.129770992 -103.41221374 2.74045801527 END
START 2.65995804443 -5.93283171387 10.1083194092 250.129770992 -104.832061069 4.97709923664 END
START 2.36068283691 -7.34062229004 8.49223328857 250.129770992 -104.625954198 2.34351145038 END
START 2.98796367187 0.280121594238 11.3389390625 250.129770992 -104.770992366 2.96183206107 END
START -3.19865341797 -4.08211383057 5.91607230225 250.129770992 -104.045801527 6.08396946565 END
START 1.68072956543 -9.06923588867 7.19936439209 250.129770992 -104.007633588 5.26717557252 END
START -0.749385119629 -7.29273825684 8.53772312012 250.129770992 -104.832061069 7.06870229008 END
START 4.61123239746 -4.89374819336 9.63905588379 250.129770992 -103.236641221 2.91603053435 END
START 2.98556947021 -6.89530078125 9.85213983154 250.129770992 -93.6183206107 11.4809160305 END
START -2.4636335083 -12.9622077881 11.7435591431 250.129770992 -85.7480916031 1.68702290076 END
START 1.49877023926 -8.73404765625 15.1792385254 250.129770992 -81.893129771 1.42748091603 END
START 0.598550415039 -13.864821814 9.25119521484 250.129770992 -85.7557251908 -2.58778625954 END
START 3.19147081299 -7.46512077637 9.51934580078 250.129770992 -72.8396946565 13.0152671756 END
START 1.97042796631 -13.251906189 10.1346556274 250.129770992 -65.3893129771 1.09923664122 END
START 0.172382519531 -14.4897084473 8.64546219482 250.129770992 -65.0534351145 8.73282442748 END
START -2.88980140381 -9.73721815186 9.39963571777 250.129770992 -69.9694656489 3.04580152672 END
START -3.45243879395 -7.6973583374 10.3429511719 250.129770992 -53.1603053435 15.4580152672 END
START 2.61446821289 -5.39892474365 9.29429084473 250.129770992 -54.1603053435 -5.57251908397 END
START 1.03908352051 -10.4147772217 11.3940057007 250.129770992 -53.6870229008 17.6870229008 END