START -0.0287304199219 -10.6326495728 5.37977113037 250.129770992 -45.9083969466 11.0 END
START 0.77093293457 -6.01902297363 6.49307490234 250.129770992 -64.7709923664 2.71755725191 END
START 0.105344873047 -7.23767161865 5.70059415283 250.129770992 -55.3053435115 7.5572519084 END
START 1.17076461182 -14.2766244995 6.55292994385 250.129770992 -54.9541984733 6.68702290076 END
START 1.37187755127 -5.51384642334 7.90086547852 250.129770992 -49.4809160305 -3.70992366412 END
START -0.0885854614258 -10.3525279785 7.33583388672 250.129770992 -56.5419847328 11.5267175573 END
START -3.38779534912 -12.0356517456 2.76530291748 250.129770992 -56.9236641221 -2.29770992366 END
START -1.84832368164 -9.70369932861 7.8960770752 250.129770992 -59.893129771 2.90839694656 END
START -0.902614025879 -7.66862791748 7.9918451416 250.129770992 -61.4961832061 2.9465648855 END
START -4.21140072021 -7.17781657715 10.8936175537 250.129770992 -68.8015267176 -1.3893129771 END
START 1.91775552979 -8.42758984375 8.70771143799 250.129770992 -64.4427480916 5.87022900763 END
START -3.58651408691 -12.2176110718 13.7020161011 250.129770992 -60.9160305344 7.58778625954 END
START -3.37582434082 -8.97586202393 8.09719001465 250.129770992 -69.4351145038 3.50381679389 END
START 2.04225401611 -12.2822545166 4.65432802734 250.129770992 -75.1984732824 3.11450381679 END
START -1.00556469727 -10.9917798218 7.83622203369 250.129770992 -64.2671755725 3.23664122137 END
START -2.37744224854 -8.00621035156 6.00944616699 250.129770992 -76.0687022901 -3.12977099237 END
START -4.53461794434 -9.77552537842 7.0365586792 250.129770992 -73.1679389313 6.71755725191 END
START -3.46201560059 -9.89044705811 10.8289741089 250.129770992 -79.0229007634 0.664122137405 END
START 3.95282694092 -10.314220752 7.84340463867 250.129770992 -85.9923664122 3.69465648855 END
START -0.335188232422 -9.66060369873 10.3788641968 250.129770992 -82.5190839695 7.72519083969 END
START 9.77552537842 -10.0724063843 8.0277581665 250.129770992 -77.2748091603 2.40458015267 END
START -0.77093293457 -8.11873782959 7.71890615234 250.129770992 -95.7404580153 3.79389312977 END
START -0.624886633301 -4.41730206299 5.4683565918 250.129770992 -84.0381679389 -3.12213740458 END
START 7.10359632568 -11.5927244385 8.08282480469 250.129770992 -91.6335877863 4.19083969466 END
START -0.0885854614258 -11.7172229248 5.88015927734 250.129770992 -98.641221374 -0.0687022900763 END
START -0.61530982666 -9.42118353271 6.80671531982 250.129770992 -105.549618321 0.595419847328 END
START 9.16021555176 -9.46188496094 4.50349332275 250.129770992 -91.8702290076 11.5801526718 END
START -5.11401474609 -9.66060369873 9.39005891113 250.129770992 -91.0076335878 2.48854961832 END
START -0.440533105469 -10.0269165527 10.4937858765 250.129770992 -105.076335878 -3.72519083969 END
START -3.45722719727 -7.44357296143 8.74601866455 250.129770992 -102.053435115 9.65648854962 END
START -2.95683905029 -9.31344445801 12.4019645996 250.129770992 -104.816793893 9.42748091603 END
START -1.46525141602 -14.6573025635 7.79312640381 250.129770992 -103.969465649 0.69465648855 END
START -5.7508723877 -10.9151653687 7.18499918213 250.129770992 -102.41221374 0.549618320611 END
START -0.354341845703 -7.18739338379 7.14190355225 250.129770992 -105.351145038 2.74809160305 END
START -1.52510645752 -10.3429511719 10.6925046143 250.129770992 -104.740458015 2.3358778626 END
START 3.81396324463 -9.44751975098 8.15704505615 250.129770992 -104.450381679 6.37404580153 END
START 2.64080443115 -14.3125375244 11.0133276367 250.129770992 -102.396946565 1.61832061069 END
START 6.09084902344 -8.03254656982 9.05726488037 250.129770992 -104.236641221 2.72519083969 END
START 5.56173045654 -3.47159240723 9.21049378662 250.129770992 -103.824427481 7.39694656489 END
START 9.13627353516 -12.0955067871 7.38132371826 250.129770992 -104.679389313 -3.67175572519 END
START 8.25520732422 -13.0340338379 8.23365950928 250.129770992 -102.671755725 4.0534351145 END
START -1.02711251221 -4.00071097412 13.2566945923 250.129770992 -85.8167938931 0.274809160305 END
START -0.296881005859 -9.23922420654 6.94318481445 250.129770992 -78.4732824427 6.80916030534 END
START 2.27209737549 -6.46195028076 8.68616362305 250.129770992 -64.7022900763 -2.19083969466 END
START 0.497993945312 -6.86896456299 11.1402203247 250.129770992 -55.1145038168 7.46564885496 END
START 8.81066210937 -11.1474029297 6.7779848999 250.129770992 -58.3435114504 3.12213740458 END
START 0.744596716309 -9.88565865479 6.4236430542 250.129770992 -45.8167938931 -3.8320610687 END
START -0.407014282227 -10.4482960449 13.0843120728 250.129770992 -42.7709923664 0.503816793893 END
START -2.23857855225 -12.7156050171 12.3085907349 250.129770992 -39.2977099237 3.67938931298 END
START 4.94163222656 -16.1105829712 5.88734188232 250.129770992 -41.3282442748 5.52671755725 END
START -3.7493197998 -8.71968244629 5.79636221924 250.129770992 -45.7175572519 12.8167938931 END
START 5.96156213379 -13.3333090454 8.0038161499 250.129770992 -39.2900763359 7.12977099237 END
START 1.92972653809 -9.84016882324 6.95755002441 250.129770992 -38.2595419847 2.6106870229 END
START 0.143652099609 -14.709975 10.905588562 250.129770992 -33.8625954198 4.25954198473 END
START -3.09809694824 -6.4236430542 6.03099398193 250.129770992 -34.5572519084 -2.51145038168 END
START -4.537012146 -9.45949075928 12.1481792236 250.129770992 -31.6717557252 5.25190839695 END
START -0.191536132812 -3.56496627197 11.0229044434 250.129770992 -33.3511450382 13.427480916 END
START 0.385466467285 -12.1912748535 6.18182868652 250.129770992 -43.1755725191 -4.45038167939 END
START -1.72621939697 -6.86896456299 10.5440641113 250.129770992 -47.9083969466 6.70992366412 END
START 0.577002600098 -9.64623848877 8.2264769043 250.129770992 -46.1603053435 -5.54961832061 END
START -0.320823022461 -11.4873795654 7.95832631836 250.129770992 -50.3435114504 8.51908396947 END
START -0.428562097168 -12.6126543457 8.25760152588 250.129770992 -49.0305343511 -0.328244274809 END
START -7.72369455566 -10.3980178101 7.1203557373 250.129770992 -55.1832061069 1.57251908397 END
START 4.43884987793 -3.12682736816 6.00465776367 250.129770992 -61.5038167939 3.34351145038 END
START 6.18182868652 -7.65905111084 8.14986245117 250.129770992 -57.3129770992 0.93893129771 END
START 0.543483776855 -8.99740983887 11.1928927612 250.129770992 -60.9160305344 7.00763358779 END
START -2.57137258301 -10.2519715088 6.78516750488 250.129770992 -76.0839694656 7.70992366412 END
START -4.98233365479 -11.4562549438 7.84101043701 250.129770992 -65.534351145 4.60305343511 END
START -0.651222851562 -6.65827481689 13.2734540039 250.129770992 -76.4503816794 -3.54198473282 END
START 4.69502945557 -14.2718360962 9.06444748535 250.129770992 -84.9236641221 8.16030534351 END
START 6.77080229492 -8.49941589355 12.4642138428 250.129770992 -81.8320610687 11.4427480916 END
START 0.227449157715 -4.8314989502 2.20984813232 250.129770992 -85.2595419847 4.03053435115 END
START -0.270544787598 -11.1474029297 8.8154505127 250.129770992 -86.8091603053 4.74045801527 END
START -0.888248815918 -9.93833109131 6.55771834717 250.129770992 -96.3740458015 -0.725190839695 END
START -1.43412679443 -12.2750719116 8.30309135742 250.129770992 -97.6641221374 -4.73282442748 END
START 3.03584770508 -7.79312640381 9.31823286133 250.129770992 -104.496183206 -3.03816793893 END
START 0.75896192627 -3.39258375244 9.24401260986 250.129770992 -104.816793893 3.75572519084 END
START 4.64235701904 -11.9997387207 9.39724151611 250.129770992 -103.786259542 3.37404580153 END
START 1.01274730225 -14.1497318115 7.63271489258 250.129770992 -104.610687023 11.0305343511 END
START 5.46596239014 -7.37653531494 7.61595548096 250.129770992 -104.374045802 9.25190839695 END
START -0.883460412598 -10.2280294922 3.56736047363 250.129770992 -103.938931298 2.59541984733 END
START -1.23061965332 -15.4090818848 4.77403811035 250.129770992 -104.748091603 6.95419847328 END
START 2.38462485352 -11.5639940186 11.7746837646 250.129770992 -104.06870229 16.9465648855 END
START 6.42124885254 -8.214505896 12.2223994751 250.129770992 -105.061068702 8.95419847328 END
START -1.31202250977 -15.2821891968 9.94311949463 250.129770992 -104.549618321 11.1755725191 END
START 8.67419261475 -8.49223328857 8.24802471924 250.129770992 -103.961832061 3.17557251908 END
START -0.124498486328 -8.15943925781 4.87459458008 250.129770992 -104.076335878 11.8625954198 END
START 0.588973608398 -7.21612380371 10.5775829346 250.129770992 -103.946564885 6.52671755725 END
START 5.51863482666 -2.54982476807 11.4969563721 250.129770992 -103.885496183 8.06870229008 END
START 3.42610257568 -8.63349118652 12.2319762817 250.129770992 -106.160305344 -2.26717557252 END
START -2.5234885498 -5.2816088623 11.3413332642 250.129770992 -95.0152671756 2.87022900763 END
START 1.50355864258 -7.75721337891 3.76129080811 250.129770992 -104.847328244 11.4809160305 END
START 8.74123026123 -3.1004911499 4.93684382324 250.129770992 -102.366412214 9.24427480916 END
START 3.56257207031 -3.17949980469 8.96149681396 250.129770992 -83.3129770992 -1.70992366412 END
START -1.64481654053 -8.84896933594 4.44842668457 250.129770992 -75.0 -4.03816793893 END
START -0.399831677246 -4.81713374023 11.6837041016 250.129770992 -65.6183206107 3.3358778626 END
START 1.77410343018 -7.51779321289 11.779472168 250.129770992 -79.7480916031 11.4122137405 END
START 3.36145913086 -7.76439598389 10.2711251221 250.129770992 -69.8854961832 5.0534351145 END
START -0.246602770996 -6.53856473389 8.08521900635 250.129770992 -66.0458015267 2.0534351145 END
START 5.78199700928 -6.05493599854 9.37329949951 250.129770992 -51.7786259542 4.56488549618 END
START 3.05978972168 -7.26640203857 9.78510218506 250.129770992 -41.4809160305 16.2061068702 END
START 1.1659762085 -9.67975731201 5.15711037598 250.129770992 -37.2748091603 8.26717557252 END