START 1.86747729492 -5.66228692627 5.31273348389 250.129770992 -86.7938931298 11.679389313 END
START 0.689530078125 -12.3564747681 5.5880666748 250.129770992 -99.3129770992 -0.839694656489 END
START -1.00795889893 -11.4921679687 6.74925447998 250.129770992 -86.5648854962 -3.90839694656 END
START 3.57214887695 -11.2096521729 5.51863482666 250.129770992 -87.6488549618 15.0 END
START -1.08457335205 -9.37090529785 6.1171852417 250.129770992 -85.8854961832 6.85496183206 END
START 2.39659586182 -10.0939541992 9.8545340332 250.129770992 -75.2595419847 5.01526717557 END
START -0.936132849121 -4.77164390869 7.07007750244 250.129770992 -74.4503816794 3.92366412214 END
START 2.11168586426 -5.75805499268 7.96072052002 250.129770992 -85.9465648855 4.77099236641 END
START -0.847547387695 -11.1426145264 7.32625708008 250.129770992 -83.4427480916 4.8320610687 END
START -0.61052142334 -12.6006833374 11.7004635132 250.129770992 -83.9007633588 5.70992366412 END
START 0.749385119629 -8.54251152344 4.5968671875 250.129770992 -86.9465648855 8.52671755725 END
START 0.557848986816 -6.60799658203 6.30872137451 250.129770992 -80.0839694656 -3.46564885496 END
START -3.83790526123 -10.6374379761 10.0771947876 250.129770992 -100.709923664 5.19083969466 END
START 0.584185205078 -11.3628810791 8.75559547119 250.129770992 -90.2442748092 3.96946564885 END
START 2.5115175415 -10.4985742798 8.39167681885 250.129770992 -86.0076335878 -1.08396946565 END
START 2.21942493896 -8.51617530518 14.0419927368 250.129770992 -91.8625954198 -2.57251908397 END
START 10.1250788208 -5.59524927979 6.92403120117 250.129770992 -96.6717557252 5.31297709924 END
START 5.49469281006 -2.59770880127 5.93043751221 250.129770992 -104.236641221 3.02290076336 END
START 4.22337172852 -4.55855996094 8.34858118896 250.129770992 -103.93129771 2.72519083969 END
START -6.17943448486 -4.29759197998 9.11233151855 250.129770992 -105.595419847 5.12213740458 END
START 1.06541973877 -5.7508723877 8.13549724121 250.129770992 -104.13740458 5.72519083969 END
START 3.97676895752 -0.830787976074 6.33266339111 250.129770992 -104.351145038 1.29770992366 END
START 1.5442600708 -10.285490332 18.0522805176 250.129770992 -104.465648855 -1.52671755725 END
START -3.98155736084 -10.0221281494 9.5361052124 250.129770992 -105.022900763 0.610687022901 END
START -0.471657727051 -5.61440289307 6.26323154297 250.129770992 -104.34351145 4.41984732824 END
START 4.12760366211 -4.39096584473 3.41173736572 250.129770992 -105.007633588 3.18320610687 END
START 1.90099611816 -7.08923111572 8.71249984131 250.129770992 -101.885496183 3.93129770992 END
START -0.0933738647461 -2.43729729004 7.57764825439 250.129770992 -104.65648855 13.3664122137 END
START 1.47722242432 -11.9446720825 7.06768330078 250.129770992 -104.251908397 7.64885496183 END
START -2.16435830078 -8.12592043457 6.02620557861 250.129770992 -103.541984733 4.1679389313 END
START -1.32878192139 -11.1258551147 9.92875428467 250.129770992 -96.4885496183 1.84732824427 END
START -0.0574608398438 -5.70059415283 6.25844313965 250.129770992 -87.7175572519 2.6641221374 END
START 2.3918074585 -8.14986245117 8.92797799072 250.129770992 -103.770992366 4.29770992366 END
START -0.181959326172 -4.41730206299 7.82903942871 250.129770992 -90.7480916031 -5.53435114504 END
START 5.71017095947 -8.42519564209 10.7188408325 250.129770992 -75.106870229 6.63358778626 END
START 1.49877023926 -9.19134017334 9.66060369873 250.129770992 -78.9694656489 -1.32824427481 END
START 1.13245738525 -8.57603034668 10.9247421753 250.129770992 -66.6259541985 4.36641221374 END
START 3.87860668945 -8.6047607666 8.23365950928 250.129770992 -71.893129771 -2.3358778626 END
START -4.13957467041 -9.89762966309 9.25837781982 250.129770992 -74.3129770992 6.86259541985 END
START 1.70467158203 -7.9200190918 8.87051715088 250.129770992 -67.7328244275 11.4351145038 END
START -1.25456166992 -12.9598135864 7.37174691162 250.129770992 -66.6183206107 9.95419847328 END
START 1.5083470459 -10.0508585693 11.2695072144 250.129770992 -65.0076335878 -1.68702290076 END
START 7.62792648926 -8.26717833252 6.65827481689 250.129770992 -52.9923664122 10.2442748092 END
START 8.5329347168 -14.1904332397 11.8465098145 250.129770992 -45.4122137405 -3.25954198473 END
START 11.772289563 -12.5025210693 9.05726488037 250.129770992 -57.2977099237 1.24427480916 END
START 12.1601502319 -16.795324646 7.45554396973 250.129770992 -44.2595419847 3.40458015267 END
START 2.18590611572 -9.24640681152 3.68467635498 250.129770992 -36.8320610687 4.96946564885 END
START 0.689530078125 -4.46039769287 7.62074388428 250.129770992 -51.4503816794 -4.80152671756 END
START 6.78277330322 -3.75410820312 6.07169541016 250.129770992 -39.3893129771 0.427480916031 END
START 0.253785375977 -12.7778542603 8.29590875244 250.129770992 -38.3664122137 1.75572519084 END
START 0.634463439941 -4.28083256836 6.61278498535 250.129770992 -47.213740458 3.32061068702 END
START -1.2856862915 -9.32780966797 9.91917747803 250.129770992 -49.5038167939 2.01526717557 END
START 5.97592734375 -8.56405933838 6.73967767334 250.129770992 -45.1603053435 4.6106870229 END
START 0.972045874023 -13.1393787109 11.5089273804 250.129770992 -39.0763358779 7.45801526718 END
START 1.10851536865 -15.0954414673 7.08204851074 250.129770992 -49.0992366412 -2.28244274809 END
START 2.45405670166 -10.8768581421 4.12999786377 250.129770992 -59.8702290076 5.48854961832 END
START 0.268150585937 -5.90410129395 6.10042583008 250.129770992 -50.5496183206 -3.07633587786 END
START -1.81719906006 -9.65342109375 11.5903302368 250.129770992 -60.1755725191 2.25954198473 END
START 3.48835181885 -11.3963999023 3.54341845703 250.129770992 -57.4961832061 11.2366412214 END
START 4.57531937256 -3.10767375488 5.60961448975 250.129770992 -73.3664122137 14.0687022901 END
START -2.30322199707 -9.92157167969 4.67348164062 250.129770992 -82.7557251908 1.06106870229 END
START -3.99352836914 -9.8425630249 3.20583602295 250.129770992 -84.2061068702 4.15267175573 END
START 1.80043964844 -9.88565865479 4.64953962402 250.129770992 -95.0305343511 11.9847328244 END
START -2.65756384277 -15.8113077637 6.66066901855 250.129770992 -76.3969465649 2.3893129771 END
START 1.15161099854 -2.79163913574 0.612915625 250.129770992 -86.7175572519 -1.57251908397 END
START 2.33195241699 -5.92564910889 8.71968244629 250.129770992 -86.6488549618 -3.01526717557 END
START -2.67432325439 -6.85220515137 9.14345614014 250.129770992 -85.7557251908 8.03053435115 END
START 1.40539637451 -9.72045874023 14.8895401245 250.129770992 -99.9923664122 4.25190839695 END
START -1.88423670654 -12.3612631714 5.80115062256 250.129770992 -90.3129770992 2.17557251908 END
START -4.19464130859 -8.60715496826 11.4897737671 250.129770992 -85.0458015267 1.80916030534 END
START 5.81551583252 -15.8951048218 6.19140549316 250.129770992 -77.0076335878 13.427480916 END