START -1.02471831055 -12.4881558594 5.35104071045 250.129770992 -66.9770992366 2.01526717557 END
START 0.725443103027 -11.6573678833 10.9031943604 250.129770992 -74.7480916031 12.2900763359 END
START -0.112527478027 -9.21288798828 8.62391437988 250.129770992 -84.5801526718 15.7175572519 END
START 1.66636435547 -7.92720169678 9.09078370361 250.129770992 -85.9694656489 14.5954198473 END
START -2.58334359131 -14.5375924805 9.53371101074 250.129770992 -75.9465648855 9.03816793893 END
START 7.65665690918 -11.2359883911 10.42674823 250.129770992 -81.1221374046 15.679389313 END
START -1.11569797363 -9.37090529785 9.33259807129 250.129770992 -57.0381679389 -3.06870229008 END
START -4.22097752686 -10.6111017578 9.07163009033 250.129770992 -69.0076335878 16.8778625954 END
START 0.409408483887 -11.2335941895 9.97663831787 250.129770992 -65.9160305344 8.13740458015 END
START -1.61129771729 -14.5567460937 13.1058598877 250.129770992 -69.358778626 14.3511450382 END
START 7.24724842529 -10.4028062134 9.01416925049 250.129770992 -58.8015267176 8.70229007634 END
START -1.24259066162 -11.2958434326 9.13627353516 250.129770992 -66.893129771 9.24427480916 END
START 0.497993945312 -15.0858646606 4.29759197998 250.129770992 -66.5419847328 -2.65648854962 END
START 4.07014282227 -13.0005150146 5.91128389893 250.129770992 -66.7022900763 9.68702290076 END
START -0.849941589355 -10.5512467163 4.22097752686 250.129770992 -61.4045801527 11.0229007634 END
START -2.53067115479 -5.14753356934 4.19942971191 250.129770992 -79.7480916031 13.1679389313 END
START 7.13711514893 -11.765106958 4.73094248047 250.129770992 -67.213740458 19.4503816794 END
START 0.584185205078 -9.99100352783 6.0693012085 250.129770992 -63.0610687023 6.1679389313 END
START -1.99915838623 -7.36217010498 1.88902510986 250.129770992 -62.465648855 4.70229007634 END
START 2.12365687256 -8.96149681396 8.78193168945 250.129770992 -68.4580152672 9.14503816794 END
START 2.15956989746 -9.63187327881 8.21211169434 250.129770992 -68.1297709924 2.74809160305 END
START -1.18273562012 -0.45489831543 9.16500395508 250.129770992 -64.7251908397 4.0 END
START -0.440533105469 -2.82276375732 7.60877287598 250.129770992 -61.465648855 7.10687022901 END
START -0.421379492187 -7.42441934814 6.72291826172 250.129770992 -67.2900763359 8.64885496183 END
START 1.65439334717 -10.4674496582 6.12676204834 250.129770992 -80.106870229 -3.56488549618 END
START -2.8299463623 -13.6972276978 7.19936439209 250.129770992 -90.0 8.51908396947 END
START 4.02465299072 -8.32703337402 8.83220992432 250.129770992 -105.183206107 7.03816793893 END
START 2.31758720703 -11.6334258667 5.36540592041 250.129770992 -94.5267175573 -1.84732824427 END
START -0.837970581055 -10.6063133545 13.6517378662 250.129770992 -93.534351145 5.79389312977 END
START -3.03584770508 -5.27442625732 7.93438430176 250.129770992 -103.755725191 13.3664122137 END
START -0.229843359375 -11.2240173828 8.35097539062 250.129770992 -104.86259542 11.0534351145 END
START -0.854729992676 1.25216746826 4.49631071777 250.129770992 -104.358778626 8.23664122137 END
START 5.78199700928 -2.35828863525 6.95036741943 250.129770992 -100.061068702 8.28244274809 END
START 2.37744224854 -5.90649549561 9.2296473999 250.129770992 -104.038167939 5.10687022901 END
START -0.258573779297 -9.53131680908 4.58250197754 250.129770992 -104.816793893 3.24427480916 END
START -3.50511123047 -9.36372269287 4.74530769043 250.129770992 -104.152671756 8.36641221374 END
START -1.47003981934 -10.3166149536 19.0530568115 250.129770992 -96.8549618321 8.30534351145 END
START -0.790086547852 -10.3812583984 6.56011254883 250.129770992 -97.4427480916 5.20610687023 END
START 4.95360323486 -11.3533042725 4.60644399414 250.129770992 -104.435114504 2.98473282443 END
START -0.852335791016 -7.65186850586 16.7330754028 250.129770992 -103.809160305 9.36641221374 END
START 2.33434661865 -7.9918451416 10.4961800781 250.129770992 -104.86259542 14.4885496183 END
START 5.54975944824 -11.8800286377 9.35414588623 250.129770992 -103.86259542 13.3435114504 END
START 1.61848032227 -6.42603725586 8.10197841797 250.129770992 -95.0687022901 2.58015267176 END
START -1.66636435547 -7.6853873291 11.631031665 250.129770992 -90.0916030534 2.14503816794 END
START -0.500388146973 -7.76439598389 8.85375773926 250.129770992 -86.8167938931 -0.0458015267176 END
START 3.04781871338 -5.78199700928 9.4882211792 250.129770992 -72.2290076336 -1.68702290076 END
START 4.67108743896 -5.53539423828 9.48343277588 250.129770992 -62.4961832061 4.75572519084 END
START 6.94318481445 -8.08521900635 6.65588061523 250.129770992 -63.9770992366 1.64885496183 END
START 1.54904847412 -7.77157858887 4.45800349121 250.129770992 -53.0229007634 -3.85496183206 END
START -1.40300217285 -4.95839163818 7.48427438965 250.129770992 -54.8778625954 6.72519083969 END
START 5.62397969971 -8.19535228271 6.32069238281 250.129770992 -58.4351145038 0.0839694656489 END
START 3.67270534668 -6.18661708984 6.6822168335 250.129770992 -55.2977099237 7.9465648855 END
START 5.18823499756 -10.4411134399 11.6166664551 250.129770992 -55.7480916031 13.0381679389 END
START 5.69819995117 -8.14507404785 8.58321295166 250.129770992 -52.2213740458 13.2290076336 END
START -2.32476981201 -10.7092640259 7.18499918213 250.129770992 -49.9160305344 6.4427480916 END
START 7.01501086426 -12.9191121582 6.41646044922 250.129770992 -54.9160305344 5.10687022901 END
START 8.37731160889 -2.57376678467 10.7691190674 250.129770992 -50.6335877863 -1.30534351145 END
START 0.205901342773 -11.9877677124 9.40921252441 250.129770992 -47.5801526718 7.19847328244 END
START -0.0718260498047 -5.00866987305 7.60637867432 250.129770992 -55.5954198473 12.4198473282 END
START 0.00718260498047 -6.27999095459 7.58004245605 250.129770992 -56.9694656489 9.56488549618 END
START -0.713472094727 -12.1936690552 7.49863959961 250.129770992 -51.3664122137 1.39694656489 END
START 5.2576668457 -11.2359883911 6.03817658691 250.129770992 -54.3053435115 5.11450381679 END
START 6.14352145996 -15.2319109619 2.54024796143 250.129770992 -63.5801526718 8.54961832061 END
START 1.30723410645 -5.60003768311 8.2264769043 250.129770992 -61.4351145038 11.3816793893 END
START -2.16435830078 -11.2910550293 7.27358464355 250.129770992 -60.4732824427 4.48091603053 END
START 2.28646258545 -3.70861837158 8.89685336914 250.129770992 -60.6106870229 10.1145038168 END
START -3.77805021973 -9.64384428711 6.59841977539 250.129770992 -56.5954198473 3.24427480916 END
START 3.20823022461 -14.8799633179 2.62883342285 250.129770992 -69.0916030534 2.29007633588 END
START -2.28406838379 -11.5687824219 6.7899559082 250.129770992 -66.8702290076 9.96946564885 END
START 6.02859978027 -11.7698953613 5.61679709473 250.129770992 -89.8015267176 12.1145038168 END
START -4.12760366211 -8.56405933838 7.32625708008 250.129770992 -78.2977099237 -5.6641221374 END
START 1.41257897949 -7.79312640381 6.73728347168 250.129770992 -70.3282442748 2.58015267176 END
START 2.19787712402 -10.7236292358 7.98226833496 250.129770992 -67.4045801527 11.2290076336 END
START 0.780509741211 -12.9550251831 4.48912811279 250.129770992 -87.0381679389 7.50381679389 END
START -3.85227047119 -8.51856950684 8.95670841064 250.129770992 -83.2061068702 -1.14503816794 END
START 2.91853182373 -10.5009684814 7.40526573486 250.129770992 -76.5648854962 -3.8320610687 END
START 2.61686241455 -11.5137157837 10.6230727661 250.129770992 -92.7480916031 -1.37404580153 END
START 5.96395633545 -8.26478413086 5.8226984375 250.129770992 -79.4198473282 -0.274809160305 END
START 5.8107274292 -11.1114899048 9.96706151123 250.129770992 -92.2519083969 11.1908396947 END
START -1.30962830811 -3.39258375244 8.8393925293 250.129770992 -89.1221374046 8.46564885496 END
START -7.66862791748 -5.33428129883 13.5032973633 250.129770992 -75.4809160305 0.0610687022901 END
START -0.835576379395 -9.93833109131 7.73566556396 250.129770992 -75.5419847328 13.320610687 END
START -0.383072265625 -10.2735193237 5.96874473877 250.129770992 -82.7328244275 13.5954198473 END
START 5.38934793701 -5.06852491455 15.0355864258 250.129770992 -60.9007633588 13.3740458015 END