START 1.04147772217 -14.3484505493 8.17141026611 250.129770992 -90.0 3.56488549618 END
START 2.42532628174 -11.0588174683 8.30069715576 250.129770992 -90.2442748092 6.58015267176 END
START 4.67587584229 -13.7714479492 4.07014282227 250.129770992 -92.8549618321 14.5801526718 END
START 2.40138426514 -6.44040246582 5.149927771 250.129770992 -81.3740458015 3.49618320611 END
START -0.0622492431641 -10.0293107544 7.76439598389 250.129770992 -102.389312977 10.2213740458 END
START -4.04859500732 -9.05008227539 10.3932294067 250.129770992 -104.763358779 6.67938931298 END
START 1.14921679688 -10.6039191528 9.66778630371 250.129770992 -96.2977099237 5.86259541985 END
START 4.86501777344 -4.78600911865 1.97042796631 250.129770992 -95.786259542 2.30534351145 END
START -3.79959803467 -6.60560238037 5.97353314209 250.129770992 -100.541984733 1.87022900763 END
START -5.33188709717 -9.38048210449 4.44842668457 250.129770992 -106.320610687 -1.90076335878 END
START -1.64242233887 -5.73890137939 5.95916793213 250.129770992 -104.320610687 1.96183206107 END
START -0.287304199219 -5.79157381592 10.8648871338 250.129770992 -94.5038167939 6.03816793893 END
START 2.28167418213 -7.77397279053 15.5383687744 250.129770992 -97.0610687023 10.7022900763 END
START 2.44447989502 -0.878672009277 4.30716878662 250.129770992 -101.312977099 17.4122137405 END
START 2.29843359375 -10.6398321777 9.96706151123 250.129770992 -97.3435114504 5.29007633588 END
START 2.80361014404 -2.42532628174 6.57687196045 250.129770992 -101.0 -2.48091603053 END
START -2.29125098877 -5.82509263916 11.7244055298 250.129770992 -91.3893129771 11.572519084 END
START 0.531512768555 -7.66623371582 10.7140524292 250.129770992 -87.4961832061 7.47328244275 END
START -0.296881005859 -3.62482131348 9.21288798828 250.129770992 -85.534351145 10.8167938931 END
START 0.174776721191 -16.1536786011 7.90086547852 250.129770992 -80.3282442748 -1.16030534351 END
START -0.890643017578 -6.98628044434 11.9255184692 250.129770992 -87.3282442748 3.48091603053 END
START 1.8866309082 -7.41723674316 5.43723197021 250.129770992 -83.7709923664 2.85496183206 END
START 6.04535919189 -6.53138212891 13.2590887939 250.129770992 -78.7099236641 3.27480916031 END
START 2.2170307373 -10.4554786499 11.8082025879 250.129770992 -77.2519083969 11.0992366412 END
START 5.47314499512 -9.98142672119 5.14035096436 250.129770992 -79.1984732824 8.30534351145 END
START 7.41244833984 -11.1545855347 9.80665 250.129770992 -68.1984732824 -0.687022900763 END
START 3.91930811768 -4.99430466309 8.51617530518 250.129770992 -62.5496183206 9.83969465649 END
START 6.97909783936 -5.74608398437 5.42047255859 250.129770992 -64.1297709924 -3.89312977099 END
START 6.42603725586 -7.721300354 11.6693388916 250.129770992 -68.1832061069 2.5572519084 END
START 4.05338341064 -9.28950244141 6.80671531982 250.129770992 -64.4809160305 0.0763358778626 END
START 3.27287366943 -9.54328781738 12.7251818237 250.129770992 -68.9923664122 7.26717557252 END
START 0.330399829102 -7.40526573486 5.87537087402 250.129770992 -67.2061068702 0.916030534351 END
START 4.40054265137 -10.0700121826 10.0795889893 250.129770992 -54.7786259542 5.12977099237 END
START 4.17548769531 -10.6422263794 4.23294853516 250.129770992 -62.3282442748 1.22900763359 END
START -1.65918175049 -11.6860983032 7.30231506348 250.129770992 -60.2977099237 -4.67938931298 END
START 2.83234056396 -11.3149970459 10.6565915894 250.129770992 -52.8625954198 6.70229007634 END
START 0.440533105469 -12.3540805664 7.39568892822 250.129770992 -50.9618320611 8.51145038168 END
START -1.98239897461 -11.6214548584 4.00071097412 250.129770992 -55.5496183206 3.41984732824 END
START -0.656011254883 -7.24006582031 8.06606539307 250.129770992 -37.9618320611 7.03053435115 END
START 0.742202514648 -2.37025964355 7.02937607422 250.129770992 -43.3740458015 9.86259541985 END
START 4.87459458008 -9.64384428711 4.45560928955 250.129770992 -47.9312977099 -2.74809160305 END
START 4.8793829834 1.95606275635 7.84101043701 250.129770992 -43.1145038168 -2.03816793893 END
START -0.881066210937 -0.682347473145 8.00142194824 250.129770992 -45.4427480916 4.84732824427 END
START 0.471657727051 -12.2894371216 4.92966121826 250.129770992 -47.0610687023 -1.0 END
START 2.43250888672 -12.5504051025 7.85537564697 250.129770992 -41.1908396947 9.17557251908 END
START -4.19464130859 -8.0038161499 10.0293107544 250.129770992 -43.572519084 9.06106870229 END
START 3.87381828613 -11.6142722534 7.03416447754 250.129770992 -41.1374045802 6.03816793893 END
START 8.64785639648 -5.21696541748 12.6006833374 250.129770992 -57.5038167939 7.07633587786 END
START -0.586579406738 -10.1059252075 7.75242497559 250.129770992 -53.3282442748 10.9847328244 END
START -3.49314022217 -9.80425579834 5.13077415771 250.129770992 -61.8015267176 13.0381679389 END
START 1.63763393555 -5.74608398437 8.89206496582 250.129770992 -64.5419847328 19.7404580153 END
START -1.92972653809 -9.94072529297 7.18021077881 250.129770992 -79.1755725191 10.2366412214 END
START 2.96162745361 -7.51539901123 9.11233151855 250.129770992 -78.4580152672 -3.08396946565 END
START -2.19069451904 -9.68693991699 9.4642791626 250.129770992 -76.3893129771 15.4961832061 END
START -1.42215578613 -11.5663882202 10.2376062988 250.129770992 -81.6488549618 -3.31297709924 END
START -1.00795889893 -7.14429775391 6.52898792725 250.129770992 -82.0610687023 7.24427480916 END
START -1.30483990479 -4.290409375 9.01177504883 250.129770992 -84.9770992366 -1.29770992366 END
START -1.15161099854 -5.30076247559 8.66222160645 250.129770992 -81.9923664122 5.85496183206 END