START 5.12359155273 -12.7060282104 4.76924970703 250.129770992 -93.0534351145 10.2595419847 END
START -4.47955130615 -15.6508962524 5.55933625488 250.129770992 -98.1755725191 -1.96183206107 END
START -0.0933738647461 -12.9717845947 9.08120689697 250.129770992 -79.1832061069 -3.43511450382 END
START -0.203507141113 -9.44273134766 9.14824454346 250.129770992 -79.9694656489 -3.63358778626 END
START -3.16274039307 -10.2663367187 6.38054742432 250.129770992 -74.9770992366 2.0 END
START 3.26569106445 -9.64384428711 7.6375032959 250.129770992 -74.2061068702 5.96183206107 END
START 1.19470662842 -7.26640203857 7.80270321045 250.129770992 -70.5114503817 9.03816793893 END
START 0.936132849121 -9.05487067871 8.26717833252 250.129770992 -79.5877862595 7.6106870229 END
START 2.96641585693 -4.59207878418 10.3166149536 250.129770992 -82.5267175573 13.5648854962 END
START 8.13789144287 -12.3516863647 7.40526573486 250.129770992 -91.1908396947 5.69465648855 END
START 2.45645090332 -15.308525415 5.11640894775 250.129770992 -71.1984732824 9.54961832061 END
START -0.91697923584 -12.2319762817 8.74362446289 250.129770992 -76.7328244275 2.43511450382 END
START 1.00795889893 -8.73644185791 7.87452926025 250.129770992 -85.8473282443 6.21374045802 END
START -2.31279880371 -13.0436106445 6.80432111816 250.129770992 -87.3664122137 1.70229007634 END
START -0.110133276367 -11.750741748 4.80276853027 250.129770992 -87.213740458 -5.41984732824 END
START 2.91374342041 -3.23456644287 6.11239683838 250.129770992 -95.5267175573 3.50381679389 END
START 1.82917006836 -9.23204160156 6.12915625 250.129770992 -102.778625954 3.25954198473 END
START -7.46990917969 -5.33667550049 5.18105239258 250.129770992 -96.3282442748 10.1679389313 END
START -4.78361491699 -9.66539210205 6.43321986084 250.129770992 -104.610687023 -0.503816793893 END
START -2.68868846436 -7.64468590088 5.61200869141 250.129770992 -104.694656489 2.21374045802 END
START -0.92176763916 -5.88494768066 8.06845959473 250.129770992 -104.496183206 0.793893129771 END
START -0.15562310791 -10.1202904175 10.4315366333 250.129770992 -103.954198473 1.76335877863 END
START -1.05344873047 -11.4682259521 5.66228692627 250.129770992 -103.770992366 8.53435114504 END
START 2.7341782959 -9.64145008545 10.1921164673 250.129770992 -104.290076336 -0.862595419847 END
START -0.811634362793 -10.0436759644 5.77720860596 250.129770992 -104.65648855 -1.95419847328 END
START 3.88339509277 -4.88656558838 13.0819178711 250.129770992 -104.404580153 2.20610687023 END
START 5.40371314697 -9.55765302734 13.4578075317 250.129770992 -105.213740458 1.87786259542 END
START 1.24019645996 -11.3652752808 9.1219083252 250.129770992 -104.664122137 6.11450381679 END
START -2.28885678711 0.490811340332 8.04691177979 250.129770992 -104.045801527 11.5801526718 END
START 0.476446130371 -4.07253702393 4.40772525635 250.129770992 -104.511450382 5.95419847328 END
START 2.60489140625 -6.17943448486 12.6964514038 250.129770992 -105.0 9.78625954198 END
START 11.8656634277 -4.97275684814 2.73178409424 250.129770992 -104.305343511 5.3358778626 END
START -1.69030637207 -10.314220752 7.6973583374 250.129770992 -104.045801527 2.90839694656 END
START -1.35272393799 -14.2047984497 6.02620557861 250.129770992 -87.679389313 11.4122137405 END
START -8.62152017822 -12.1577560303 7.35259329834 250.129770992 -99.9694656489 7.21374045802 END
START -4.42209046631 -5.86579406738 7.54173522949 250.129770992 -106.183206107 6.70229007634 END
START 0.974440075684 4.53222374268 9.16739815674 250.129770992 -100.58778626 1.51145038168 END
START 1.12048637695 -6.41646044922 11.9781909058 250.129770992 -87.0610687023 11.3435114504 END
START -2.15238729248 -7.65665690918 7.90325968018 250.129770992 -89.7786259542 4.22900763359 END
START -1.75255561523 -4.04620080566 8.59757816162 250.129770992 -86.1145038168 9.7786259542 END
START -8.11634362793 -4.59207878418 10.299855542 250.129770992 -83.572519084 7.7786259542 END
START 4.02704719238 -3.34230551758 10.42674823 250.129770992 -72.4427480916 10.572519084 END
START 7.601590271 -8.16662186279 7.73087716064 250.129770992 -73.0 8.69465648855 END
START 5.91367810059 -6.63193859863 11.9518546875 250.129770992 -71.4122137405 8.41984732824 END
START 3.61524450684 -10.673351001 12.5312514893 250.129770992 -67.1297709924 7.7786259542 END
START -0.950498059082 -9.52174000244 6.03578238525 250.129770992 -57.5114503817 6.68702290076 END
START 0.998382092285 -13.2064163574 8.16901606445 250.129770992 -59.7175572519 -1.19847328244 END
START 1.75255561523 -14.2957781128 12.8999585449 250.129770992 -61.8549618321 5.34351145038 END
START 6.50983431396 -7.73566556396 5.82030423584 250.129770992 -47.893129771 3.08396946565 END
START -2.35828863525 -2.34871182861 10.6015249512 250.129770992 -54.8320610687 -2.98473282443 END
START 0.988805285645 -8.9351605957 7.30949766846 250.129770992 -46.3816793893 -1.7786259542 END
START 8.22887110596 -9.05247647705 11.9518546875 250.129770992 -51.7786259542 9.08396946565 END
START 2.14041628418 -10.2663367187 4.3622354248 250.129770992 -47.1145038168 -3.69465648855 END
START 0.399831677246 -5.29836827393 6.69897624512 250.129770992 -44.8167938931 14.2595419847 END
START 3.1004911499 -9.33499227295 8.74841286621 250.129770992 -50.3740458015 9.95419847328 END
START -2.17393510742 -10.9606552002 5.98789835205 250.129770992 -46.1755725191 0.534351145038 END
START 0.940921252441 -4.07493122559 6.1770402832 250.129770992 -47.2671755725 -0.198473282443 END
START -0.557848986816 -7.02698187256 7.02698187256 250.129770992 -35.320610687 3.96183206107 END
START -1.32159931641 -15.1529023071 5.18344659424 250.129770992 -43.3511450382 -1.53435114504 END
START 0.119710083008 -2.64080443115 7.99902774658 250.129770992 -58.0687022901 3.17557251908 END
START 1.22104284668 -14.216769458 8.8154505127 250.129770992 -53.0305343511 8.70992366412 END
START -6.94797321777 -7.93438430176 6.5074401123 250.129770992 -61.2061068702 3.06106870229 END
START 2.77966812744 -9.56244143066 8.48026228027 250.129770992 -60.6335877863 -0.954198473282 END
START -3.09091434326 -2.77966812744 1.00317049561 250.129770992 -56.7251908397 4.90839694656 END
START 5.99508095703 -10.3788641968 9.8665050415 250.129770992 -59.1832061069 4.68702290076 END
START 0.239420166016 -8.35097539062 11.1258551147 250.129770992 -73.8473282443 3.31297709924 END
START 2.85628258057 -6.2009822998 6.75643708496 250.129770992 -75.0610687023 5.39694656489 END
START -1.04147772217 -8.96149681396 11.1402203247 250.129770992 -87.1832061069 7.37404580153 END
START 3.92888492432 -9.42118353271 7.29992086182 250.129770992 -79.4122137405 9.48091603053 END