START -2.10210905762 -6.64151540527 6.78277330322 250.129770992 -81.2977099237 -1.2213740458 END
START 0.560243188477 -9.36372269287 8.10676682129 250.129770992 -70.4198473282 9.06106870229 END
START -1.37187755127 -11.9662198975 7.01501086426 250.129770992 -74.4809160305 7.45038167939 END
START 3.95043273926 -13.0819178711 6.3877300293 250.129770992 -62.679389313 -1.60305343511 END
START 6.01423457031 -8.64546219482 8.78672009277 250.129770992 -71.3053435115 6.84732824427 END
START 9.2416184082 -4.89853659668 8.01099875488 250.129770992 -59.8244274809 -1.67175572519 END
START 0.481234533691 -14.9757313843 11.5017447754 250.129770992 -61.7557251908 9.35877862595 END
START 11.4730143555 -8.21690009766 12.0236807373 250.129770992 -68.2213740458 -3.62595419847 END
START 1.26413847656 -11.2455651978 9.11472572021 250.129770992 -66.9465648855 14.7633587786 END
START 11.8560866211 -10.6087075562 7.82185682373 250.129770992 -58.7022900763 7.26717557252 END
START -0.275333190918 -7.42202514648 4.60644399414 250.129770992 -62.8625954198 2.40458015267 END
START -2.76530291748 -1.07020814209 6.02381137695 250.129770992 -53.1526717557 7.86259541985 END
START -3.22020123291 -7.20894119873 1.42215578613 250.129770992 -65.1984732824 0.404580152672 END
START -1.41257897949 -9.49300958252 8.10197841797 250.129770992 -60.6183206107 4.08396946565 END
START -1.85550628662 -7.84101043701 4.64235701904 250.129770992 -50.9007633588 0.549618320611 END
START -4.08211383057 -8.44195505371 12.0955067871 250.129770992 -69.8549618321 10.2213740458 END
START 0.244208569336 0.936132849121 16.0076322998 250.129770992 -73.427480916 11.0610687023 END
START -0.15562310791 -11.2838724243 9.26795462646 250.129770992 -65.572519084 -0.190839694656 END
START -2.20027132568 -11.4873795654 7.75721337891 250.129770992 -68.2977099237 13.4198473282 END
START 3.51947644043 -9.36372269287 10.2447889038 250.129770992 -74.5648854962 1.70229007634 END
START 2.10450325928 -4.42687886963 8.44434925537 250.129770992 -88.7099236641 14.3816793893 END
START -3.43328518066 -8.04451757812 7.75242497559 250.129770992 -80.2748091603 3.91603053435 END
START -0.780509741211 -10.7212350342 7.04134708252 250.129770992 -85.4809160305 9.06106870229 END
START -0.076614453125 -12.4163298096 9.71567033691 250.129770992 -98.4045801527 7.19083969466 END
START -1.67354696045 -10.060435376 7.33583388672 250.129770992 -90.1832061069 -0.534351145038 END
START 1.99197578125 -5.89691868896 7.67581052246 250.129770992 -96.1908396947 7.21374045802 END
START 2.10689746094 -10.5081510864 4.8314989502 250.129770992 -105.038167939 9.21374045802 END
START -2.74854350586 -15.6724440674 7.01740506592 250.129770992 -104.320610687 8.17557251908 END
START -2.37744224854 -8.10916102295 11.01811604 250.129770992 -105.435114504 2.76335877863 END
START -5.13316835937 -4.08929643555 11.8153851929 250.129770992 -104.458015267 -3.10687022901 END
START 0.0359130249023 -7.0006456543 14.202404248 250.129770992 -103.72519084 10.9694656489 END
START -2.55940157471 -8.52814631348 4.59207878418 250.129770992 -100.496183206 9.14503816794 END
START -1.8507178833 -9.68933411865 12.3253501465 250.129770992 -98.3664122137 3.72519083969 END
START 3.54341845703 -5.20738861084 12.9622077881 250.129770992 -98.213740458 7.37404580153 END
START 2.42293208008 -11.2144405762 10.5416699097 250.129770992 -92.8625954198 5.52671755725 END
START -5.41807835693 -8.57603034668 8.50181009521 250.129770992 -92.6564885496 5.25190839695 END
START 0.46208092041 -4.903325 7.21372960205 250.129770992 -96.8473282443 8.39694656489 END
START 5.00148726807 -11.413159314 7.65665690918 250.129770992 -83.7709923664 -0.0687022900763 END
START -4.92008441162 -5.37498272705 11.7531359497 250.129770992 -79.5496183206 10.5496183206 END
START 5.06613071289 -9.56483563232 2.20745393066 250.129770992 -77.2213740458 1.35877862595 END
START 9.49300958252 -13.6948334961 6.56011254883 250.129770992 -84.6946564885 6.07633587786 END
START 2.085349646 -8.03254656982 12.9143237549 250.129770992 -73.0229007634 11.5572519084 END
START -0.969651672363 -10.6709567993 8.75559547119 250.129770992 -74.8549618321 4.07633587786 END
START 0.167594116211 -9.8425630249 5.26245524902 250.129770992 -65.0992366412 -2.50381679389 END
START 3.79959803467 -10.5081510864 10.5727945312 250.129770992 -60.6641221374 3.9465648855 END
START 9.43554874268 -10.6877162109 8.37252320557 250.129770992 -66.3282442748 -3.76335877863 END
START 5.7748144043 -10.5919481445 8.64785639648 250.129770992 -59.1526717557 -0.198473282443 END
START 3.45004459229 -6.96712683105 8.50181009521 250.129770992 -69.8244274809 2.71755725191 END
START 7.97508572998 -8.54729992676 13.1417729126 250.129770992 -71.786259542 11.1374045802 END
START 3.53863005371 -3.064578125 7.9080480835 250.129770992 -67.8091603053 9.15267175573 END
START 5.93522591553 -9.56722983398 8.59039555664 250.129770992 -62.7175572519 5.89312977099 END
START -0.586579406738 -5.2097828125 7.66383951416 250.129770992 -62.3816793893 7.80916030534 END
START 0.61052142334 -12.5911065308 10.927136377 250.129770992 -48.0916030534 6.06870229008 END
START 9.93114848633 -11.0013566284 4.07253702393 250.129770992 -43.7175572519 0.717557251908 END
START 1.85550628662 -8.46110866699 6.30153876953 250.129770992 -32.8091603053 14.8396946565 END
START 0.0143652099609 -9.21049378662 4.44603248291 250.129770992 -43.0152671756 7.41984732824 END
START -1.23301385498 -3.86184727783 8.02536396484 250.129770992 -57.4427480916 7.62595419847 END
START 8.86094034424 -6.47870969238 5.28639726562 250.129770992 -65.0839694656 10.9847328244 END
START -0.30166940918 -15.3995050781 7.3430164917 250.129770992 -54.5954198473 18.9694656489 END
START 2.17632930908 -3.96958635254 10.1346556274 250.129770992 -56.4198473282 10.786259542 END
START -6.50025750732 -10.8409451172 4.75249029541 250.129770992 -63.9083969466 -0.93893129771 END
START -4.07493122559 -9.61271966553 5.60961448975 250.129770992 -64.7099236641 13.1679389313 END
START 3.60327349854 -4.9392380249 6.01184036865 250.129770992 -62.9236641221 9.26717557252 END
START 1.70467158203 -0.656011254883 7.11796153564 250.129770992 -66.0305343511 -0.190839694656 END
START 5.41328995361 -10.9247421753 7.41005413818 250.129770992 -67.5190839695 3.18320610687 END
START -2.75572611084 -8.58321295166 9.11711992188 250.129770992 -72.5572519084 9.82442748092 END
START -1.51552965088 -5.35582911377 7.05092388916 250.129770992 -73.0839694656 5.29007633588 END
START 0.136469494629 -9.83538041992 8.06367119141 250.129770992 -72.8244274809 10.3969465649 END
START -2.6862942627 -11.5855418335 7.53694682617 250.129770992 -84.8244274809 3.35114503817 END
START 2.92571442871 -7.12753834229 8.25999572754 250.129770992 -88.465648855 10.7709923664 END
START -1.13485158691 -2.31519300537 9.47146176758 250.129770992 -78.7099236641 -1.49618320611 END
START -1.04626612549 -13.7044103027 5.09725533447 250.129770992 -103.534351145 15.4198473282 END
START -0.471657727051 -5.97592734375 5.65510432129 250.129770992 -91.1297709924 -0.412213740458 END
START 3.9360675293 -5.15471617432 12.2846487183 250.129770992 -96.2213740458 5.86259541985 END
START 2.66235224609 -7.31428607178 8.18816967773 250.129770992 -79.2977099237 -4.51145038168 END