START -1.53468326416 -7.85298144531 -0.277727392578 250.129770992 -85.0839694656 2.35877862595 END
START -1.50116444092 -9.91917747803 9.32541546631 250.129770992 -76.4732824427 0.282442748092 END
START 0.407014282227 -3.07176072998 8.46829127197 250.129770992 -76.6183206107 4.80916030534 END
START -0.0215478149414 -6.34702860107 6.53138212891 250.129770992 -68.9236641221 19.9007633588 END
START -0.62009822998 -9.33499227295 7.54891783447 250.129770992 -74.0458015267 -0.618320610687 END
START 2.73178409424 -5.86339986572 9.87608184814 250.129770992 -82.6946564885 2.54198473282 END
START 3.26090266113 -3.68467635498 11.6860983032 250.129770992 -78.7633587786 8.17557251908 END
START -7.19218178711 -6.59841977539 7.47469758301 250.129770992 -76.6488549618 9.95419847328 END
START -6.95036741943 -9.70848773193 5.39174213867 250.129770992 -79.7404580153 9.42748091603 END
START 4.61602080078 -9.25837781982 5.63116230469 250.129770992 -76.4809160305 4.97709923664 END
START 3.18189400635 -10.9175595703 7.90325968018 250.129770992 -71.8015267176 -2.31297709924 END
START -1.43652099609 -9.41639512939 7.54652363281 250.129770992 -73.8778625954 10.3053435115 END
START 1.22822545166 -7.90086547852 7.87692346191 250.129770992 -93.3129770992 0.557251908397 END
START -1.67833536377 -11.5592056152 9.8665050415 250.129770992 -77.5190839695 4.61832061069 END
START -0.275333190918 -10.553640918 8.10437261963 250.129770992 -78.9160305344 -5.63358778626 END
START -1.01514150391 -7.18978758545 12.8975643433 250.129770992 -86.8320610687 -5.19847328244 END
START 4.46279189453 -10.8409451172 7.83382783203 250.129770992 -82.3511450382 15.6946564885 END
START 4.3023803833 -5.05894810791 7.79073220215 250.129770992 -87.8244274809 6.67175572519 END
START 5.37737692871 -10.5799771362 9.2655604248 250.129770992 -82.7022900763 11.3358778626 END
START 6.24407792969 -6.89051237793 9.30147344971 250.129770992 -96.7633587786 -0.129770992366 END
START -5.07331331787 -5.68144053955 9.94790789795 250.129770992 -101.694656489 11.3969465649 END
START 3.1244331665 -4.33111080322 7.97747993164 250.129770992 -102.687022901 8.24427480916 END
START -4.29519777832 -7.53455262451 5.73650717773 250.129770992 -106.572519084 0.618320610687 END
START 0.45489831543 -9.58398924561 8.92558378906 250.129770992 -104.282442748 6.83969465649 END
START -8.69574042969 -7.24724842529 2.24097275391 250.129770992 -104.320610687 6.82442748092 END
START -0.995987890625 -5.8586114624 12.4187240112 250.129770992 -103.717557252 9.98473282443 END
START -2.33195241699 -6.98149204102 10.785878479 250.129770992 -105.076335878 -0.770992366412 END
START 1.6041151123 -10.1250788208 6.58405456543 250.129770992 -104.305343511 0.503816793893 END
START -4.69981785889 -9.04529387207 12.7347586304 250.129770992 -103.671755725 9.36641221374 END
START 1.37427175293 -9.60553706055 3.47398660889 250.129770992 -103.633587786 4.07633587786 END
START -6.38533582764 -1.97761057129 10.2232410889 250.129770992 -101.893129771 9.64122137405 END
START -7.21133540039 -8.40843623047 6.03817658691 250.129770992 -102.152671756 9.00763358779 END
START -4.04141240234 -3.54341845703 4.22097752686 250.129770992 -104.27480916 3.93129770992 END
START -2.89458980713 -8.66701000977 9.68215151367 250.129770992 -103.908396947 10.7938931298 END
START -2.30082779541 -9.39963571777 9.52892260742 250.129770992 -104.389312977 2.08396946565 END
START -1.87226569824 -5.36780012207 8.28872614746 250.129770992 -104.458015267 3.90076335878 END
START -1.55144267578 -10.7140524292 13.4099234985 250.129770992 -93.9389312977 -3.24427480916 END
START 2.96881005859 -5.81791003418 7.08923111572 250.129770992 -104.160305344 17.9465648855 END
START 6.77080229492 0.746990917969 8.19295808105 250.129770992 -100.282442748 11.3969465649 END
START 7.11317313232 -16.0914293579 10.3908352051 250.129770992 -84.0229007634 5.27480916031 END
START 9.01177504883 -4.10605584717 5.95677373047 250.129770992 -83.9007633588 8.67175572519 END
START 2.44447989502 -5.29357987061 11.2551420044 250.129770992 -64.2366412214 -1.90076335878 END
START 7.56567724609 -3.94085593262 9.35175168457 250.129770992 -66.7786259542 4.4427480916 END
START 6.17464608154 -10.8840407471 7.47948598633 250.129770992 -64.0076335878 9.93893129771 END
START 10.0149455444 -2.08774384766 12.5504051025 250.129770992 -65.3435114504 9.63358778626 END
START -0.744596716309 -11.4011883057 12.3492921631 250.129770992 -57.320610687 0.30534351145 END
START 4.65193382568 -8.03494077148 9.37329949951 250.129770992 -66.3969465649 6.28244274809 END
START 2.65756384277 -12.3875993896 8.63588538818 250.129770992 -48.7099236641 2.04580152672 END
START 2.7940333374 -9.29189664307 4.29998618164 250.129770992 -48.6564885496 12.8244274809 END
START 8.81784471436 -7.99423934326 3.80438643799 250.129770992 -46.3511450382 9.03053435115 END
START -0.354341845703 -9.25119521484 2.15238729248 250.129770992 -46.8320610687 22.5114503817 END
START -1.46285721436 -10.6565915894 5.11162054443 250.129770992 -44.6183206107 5.35877862595 END
START 2.36547124023 -8.67658681641 9.32780966797 250.129770992 -39.5114503817 2.15267175573 END
START 5.00388146973 -15.0092502075 7.5896192627 250.129770992 -41.1603053435 6.37404580153 END
START 3.10288535156 -10.6494089844 6.33745179443 250.129770992 -29.9083969466 5.17557251908 END
START 2.33195241699 -6.78756170654 1.72143099365 250.129770992 -31.7786259542 7.67175572519 END
START 6.83783994141 -9.29189664307 5.59764348145 250.129770992 -24.8396946565 2.99236641221 END
START -0.869095202637 -9.48582697754 4.81234533691 250.129770992 -35.1374045802 4.00763358779 END
START -4.46518609619 -10.2088758789 6.05493599854 250.129770992 -40.8854961832 3.46564885496 END
START 0.177170922852 -16.5582986816 6.97430943604 250.129770992 -30.7938931298 10.8091603053 END
START 1.02711251221 -11.5711766235 7.7332713623 250.129770992 -44.358778626 5.67175572519 END
START -1.24259066162 -11.7962315796 6.31111557617 250.129770992 -48.7480916031 -1.46564885496 END
START -3.52905324707 -7.14190355225 4.78122071533 250.129770992 -49.0305343511 7.87786259542 END
START -1.25695587158 -8.87769975586 4.69263525391 250.129770992 -55.7404580153 9.63358778626 END
START 1.16118780518 -8.13310303955 11.5687824219 250.129770992 -60.2977099237 -1.03816793893 END
START -0.0694318481445 -12.9478425781 7.99423934326 250.129770992 -66.213740458 3.96946564885 END
START -3.44765039062 -13.3859814819 9.28710823975 250.129770992 -65.3053435115 3.42748091603 END
START -4.60644399414 -10.8457335205 5.96395633545 250.129770992 -83.4122137405 7.93129770992 END
START -1.04147772217 -11.0779710815 5.24809003906 250.129770992 -79.6641221374 -3.56488549618 END
START 0.792480749512 -15.069105249 5.37498272705 250.129770992 -79.7022900763 7.5572519084 END
START 4.63756861572 -6.11000263672 7.75721337891 250.129770992 -83.5496183206 3.85496183206 END
START -7.25443103027 -8.73644185791 8.19774648437 250.129770992 -80.358778626 4.64122137405 END
START 4.80037432861 -8.76517227783 7.79312640381 250.129770992 -97.0229007634 16.2824427481 END
START -3.9600095459 -10.4147772217 12.6772977905 250.129770992 -80.6946564885 5.57251908397 END
START 1.70227738037 -10.4099888184 7.23288321533 250.129770992 -95.1603053435 6.35877862595 END
START 3.03824190674 -14.2909897095 12.6677209839 250.129770992 -82.0839694656 -2.90076335878 END
START 3.86902988281 -3.50511123047 8.40604202881 250.129770992 -85.4351145038 1.28244274809 END
START -1.99197578125 -5.96635053711 6.57926616211 250.129770992 -83.8091603053 6.13740458015 END
START 5.64073911133 -9.74440075684 8.24084211426 250.129770992 -77.0992366412 12.1679389313 END