START 7.01740506592 -10.8385509155 11.7004635132 250.129770992 -80.3893129771 18.8549618321 END
START -0.289698400879 -9.47385596924 8.26478413086 250.129770992 -85.8778625954 12.4580152672 END
START 4.2544963501 -11.8560866211 1.75494981689 250.129770992 -76.3282442748 1.45038167939 END
START 5.67425793457 -4.11802685547 8.39646522217 250.129770992 -75.7786259542 15.0305343511 END
START 0.814028564453 -9.93833109131 3.0166940918 250.129770992 -78.2213740458 6.81679389313 END
START -2.40138426514 -8.55208833008 3.97916315918 250.129770992 -77.320610687 0.610687022901 END
START -9.33259807129 -10.7140524292 5.1379567627 250.129770992 -78.2442748092 -4.58015267176 END
START 2.3798364502 -7.31189187012 10.5632177246 250.129770992 -87.4961832061 6.63358778626 END
START 2.56418997803 -14.5232272705 8.96389101563 250.129770992 -84.7404580153 4.64122137405 END
START 5.19062919922 -12.7563064453 5.82030423584 250.129770992 -84.8244274809 5.65648854962 END
START -1.98000477295 -6.39012423096 11.5448404053 250.129770992 -78.7480916031 9.54198473282 END
START -4.76924970703 -2.32237561035 7.13950935059 250.129770992 -91.1526717557 6.90839694656 END
START 1.73819040527 -10.5153336914 9.44512554932 250.129770992 -81.5801526718 3.01526717557 END
START -0.876277807617 -7.80749161377 9.09078370361 250.129770992 -77.8091603053 16.9694656489 END
START -1.17555301514 -8.16422766113 7.03177027588 250.129770992 -80.679389313 8.21374045802 END
START 1.24259066162 -8.66701000977 6.92642540283 250.129770992 -92.3282442748 0.251908396947 END
START 3.48116921387 -12.5097036743 5.31273348389 250.129770992 -100.022900763 15.5648854962 END
START -6.66545742187 0.859518395996 10.9486841919 250.129770992 -96.7404580153 9.17557251908 END
START 2.00634099121 -7.53694682617 4.47715710449 250.129770992 -104.702290076 5.50381679389 END
START 2.71263048096 -11.0588174683 8.40843623047 250.129770992 -104.122137405 -0.786259541985 END
START -6.51462271729 -10.1681744507 9.62708487549 250.129770992 -103.603053435 9.95419847328 END
START -3.09809694824 -8.09240161133 9.81143840332 250.129770992 -104.65648855 4.03816793893 END
START -4.62320340576 -9.43794294434 10.5416699097 250.129770992 -104.839694656 1.27480916031 END
START -0.806845959473 -4.5489831543 8.39646522217 250.129770992 -104.740458015 3.32061068702 END
START -2.04943662109 -11.4969563721 13.4195003052 250.129770992 -105.503816794 2.67938931298 END
START -5.99508095703 -8.51138690186 8.39407102051 250.129770992 -104.549618321 18.9312977099 END
START -0.711077893066 -11.1138841064 7.76200178223 250.129770992 -104.251908397 4.0534351145 END
START 2.46123930664 -9.98621512451 10.5704003296 250.129770992 -104.992366412 19.0687022901 END
START -0.203507141113 -3.51468803711 10.3836526001 250.129770992 -104.183206107 8.56488549618 END
START -2.58334359131 -8.83220992432 12.7922194702 250.129770992 -105.366412214 12.0687022901 END
START 0.45729251709 -14.0491753418 13.5990654297 250.129770992 -104.450381679 4.03816793893 END
START -2.76530291748 -1.20667763672 6.99106884766 250.129770992 -98.6717557252 10.213740458 END
START 10.9295305786 -9.04529387207 14.3723925659 250.129770992 -82.7938931298 1.25190839695 END
START 4.01028778076 -3.71580097656 8.16422766113 250.129770992 -84.6717557252 15.8091603053 END
START 15.816096167 -5.12359155273 7.23048901367 250.129770992 -80.1832061069 -1.63358778626 END
START 11.8824228394 -5.71256516113 13.4458365234 250.129770992 -71.9618320611 7.20610687023 END
START 2.12365687256 -11.5137157837 3.78283862305 250.129770992 -73.6717557252 1.65648854962 END
START 4.98472785645 -8.63827958984 11.4586491455 250.129770992 -65.0610687023 0.488549618321 END
START -2.63601602783 -13.3141554321 6.76361968994 250.129770992 -64.893129771 6.2213740458 END
START 1.36708914795 -8.8154505127 7.4148425415 250.129770992 -60.4580152672 9.9465648855 END
START 5.38455953369 -6.93600220947 8.03733497314 250.129770992 -59.4351145038 12.7709923664 END
START 5.27682045898 -5.85621726074 7.93917270508 250.129770992 -50.8167938931 8.79389312977 END
START 0.524330163574 -13.5703350098 8.15225665283 250.129770992 -51.1145038168 1.41221374046 END
START -3.41413156738 -11.3197854492 9.34456907959 250.129770992 -54.2519083969 1.76335877863 END
START 6.71094725342 -11.3173912476 6.61039078369 250.129770992 -45.213740458 5.8320610687 END
START 5.24090743408 -13.8935522339 2.27688577881 250.129770992 -49.2671755725 11.2213740458 END
START 5.58088406982 -10.7499654541 8.43237824707 250.129770992 -54.6183206107 2.41984732824 END
START 2.03746561279 -11.5663882202 8.334215979 250.129770992 -51.2748091603 1.9465648855 END
START 5.5760956665 -7.28555565186 5.91846650391 250.129770992 -54.9847328244 3.52671755725 END
START -1.58735570068 -12.1218430054 5.44680877686 250.129770992 -48.4122137405 1.76335877863 END
START 2.33434661865 -7.77636699219 7.38132371826 250.129770992 -43.1603053435 4.09160305344 END
START -0.0215478149414 -11.0348754517 7.77636699219 250.129770992 -45.4045801527 6.80152671756 END
START -3.02627089844 -9.89044705811 4.38138903809 250.129770992 -48.3053435115 7.73282442748 END
START -7.15148035889 -10.8074262939 7.18499918213 250.129770992 -52.3435114504 2.8320610687 END
START -6.78037910156 -11.0037508301 2.64559283447 250.129770992 -61.0992366412 7.31297709924 END
START -4.93684382324 -15.555128186 5.09964953613 250.129770992 -72.3740458015 7.62595419847 END
START 6.86657036133 -14.8057430664 7.76439598389 250.129770992 -69.0152671756 2.03816793893 END
START -2.75572611084 -8.39407102051 7.0245876709 250.129770992 -66.572519084 6.31297709924 END
START -6.28717355957 -12.4067530029 14.6237837402 250.129770992 -72.9160305344 9.20610687023 END
START -1.50595284424 -9.40921252441 5.53060583496 250.129770992 -78.5954198473 4.28244274809 END
START -2.59052619629 -7.24964262695 10.6374379761 250.129770992 -85.8396946565 12.5190839695 END
START 3.6894647583 -5.94240852051 5.06373651123 250.129770992 -75.5190839695 -0.954198473282 END
START -6.04775339355 -8.92079538574 8.21690009766 250.129770992 -82.5648854962 10.9541984733 END
START 0.0646434448242 -12.1625444336 7.67820472412 250.129770992 -86.3358778626 6.50381679389 END
START -0.0837970581055 -10.8888291504 5.17147558594 250.129770992 -79.2213740458 5.64885496183 END
START -3.53863005371 -5.10443793945 11.6693388916 250.129770992 -99.0076335878 7.3893129771 END
START -0.0981622680664 -7.29273825684 4.80995113525 250.129770992 -69.2290076336 3.16030534351 END
START -3.42370837402 -11.1019130981 5.41807835693 250.129770992 -75.2213740458 3.52671755725 END