START 3.01429989014 -17.17600271 7.63510909424 250.129770992 -98.2061068702 2.96946564885 END
START 2.56418997803 -3.27526787109 12.4881558594 250.129770992 -103.992366412 10.3435114504 END
START -5.39892474365 -5.46596239014 8.58081875 250.129770992 -99.9083969466 8.5572519084 END
START 6.07648381348 -12.617442749 10.7978494873 250.129770992 -80.4427480916 -3.58778625954 END
START -3.45483299561 -1.56101948242 9.45470235596 250.129770992 -95.8167938931 -3.67175572519 END
START 5.75566079102 -13.5823060181 6.30632717285 250.129770992 -81.2900763359 -0.81679389313 END
START 5.56173045654 -7.18978758545 6.56011254883 250.129770992 -88.7251908397 4.83969465649 END
START 2.70544787598 -10.0652237793 7.57764825439 250.129770992 -99.4198473282 6.11450381679 END
START 0.46208092041 -10.6972930176 6.19619389648 250.129770992 -84.0458015267 0.923664122137 END
START 4.07253702393 -14.4753432373 4.89614239502 250.129770992 -85.3435114504 9.51908396947 END
START 5.26006104736 -6.86417615967 6.85938775635 250.129770992 -79.2061068702 -2.67938931298 END
START 0.976834277344 -10.771513269 8.54729992676 250.129770992 -73.4427480916 1.09923664122 END
START -0.229843359375 -17.879897998 8.05888278809 250.129770992 -68.8778625954 14.5496183206 END
START -0.181959326172 -9.90960067139 8.23605371094 250.129770992 -64.5877862595 -3.61832061069 END
START 2.24576115723 -19.4888015137 2.38462485352 250.129770992 -71.8244274809 0.847328244275 END
START 2.38701905518 -16.2015626343 5.06613071289 250.129770992 -70.6564885496 11.3358778626 END
START 1.18273562012 -9.83538041992 6.49068070068 250.129770992 -64.6870229008 3.45038167939 END
START 1.29526309814 -10.785878479 4.20182391357 250.129770992 -71.8320610687 5.35114503817 END
START 0.0550666381836 -13.9294652588 8.71728824463 250.129770992 -70.5038167939 6.77099236641 END
START 1.66875855713 -6.49307490234 9.44512554932 250.129770992 -71.572519084 3.96183206107 END
START 1.592144104 -6.26801994629 15.0260096191 250.129770992 -78.7938931298 5.45801526718 END
START -3.66791694336 -8.6167317749 3.45483299561 250.129770992 -69.1755725191 6.91603053435 END
START 0.952892260742 -15.5096383545 7.12753834229 250.129770992 -74.3435114504 18.2061068702 END
START 0.76614453125 -10.5727945312 5.64313331299 250.129770992 -75.8854961832 3.97709923664 END
START 3.54820686035 -10.405200415 5.35822331543 250.129770992 -88.5267175573 8.38167938931 END
START 1.39821376953 -5.21935961914 5.04458289795 250.129770992 -103.496183206 8.86259541985 END
START 2.5234885498 -5.25048424072 8.48505068359 250.129770992 -100.129770992 11.3435114504 END
START 0.110133276367 -9.78989058838 4.56334836426 250.129770992 -98.9618320611 -2.4427480916 END
START -2.97120426025 -12.8760165283 2.99514627686 250.129770992 -103.458015267 0.435114503817 END
START -1.87944830322 -8.9231895874 11.4179477173 250.129770992 -103.923664122 7.02290076336 END
START 1.78846864014 -3.73016618652 8.59039555664 250.129770992 -103.061068702 3.76335877863 END
START -3.22498963623 -8.43956085205 7.68299312744 250.129770992 -104.595419847 -0.0763358778626 END
START 1.55383687744 -10.7643306641 7.24006582031 250.129770992 -105.374045802 3.53435114504 END
START 0.045489831543 -5.06852491455 11.8896054443 250.129770992 -104.320610687 7.16030534351 END
START 0.0933738647461 -9.7348239502 6.02620557861 250.129770992 -104.816793893 2.96183206107 END
START -4.6686932373 -8.37731160889 10.1418382324 250.129770992 -104.526717557 3.77099236641 END
START 5.58088406982 -11.8129909912 8.5089927002 250.129770992 -103.992366412 10.534351145 END
START -0.509964953613 -10.5033626831 10.0891657959 250.129770992 -105.381679389 1.87022900763 END
START 0.943315454102 -1.33835872803 7.54173522949 250.129770992 -103.213740458 10.0839694656 END
START 1.97521636963 -6.03338818359 6.58884296875 250.129770992 -103.694656489 7.06870229008 END
START -5.12119735107 -9.52652840576 8.36294639893 250.129770992 -97.8015267176 9.29770992366 END
START -1.2976572998 -8.37012900391 5.66468112793 250.129770992 -97.4732824427 -2.03053435115 END
START -3.64636912842 -10.8672813354 6.99825145264 250.129770992 -89.5267175573 10.9541984733 END
START -3.77805021973 -11.4897737671 9.37090529785 250.129770992 -95.9770992366 3.1679389313 END
START -0.660799658203 0.256179577637 9.15303294678 250.129770992 -94.3435114504 11.4885496183 END
START -0.849941589355 -8.72447084961 5.91607230225 250.129770992 -86.0763358779 -0.251908396947 END
START -3.55778366699 -3.85945307617 7.88650026855 250.129770992 -85.5190839695 0.145038167939 END
START 3.79002122803 -16.4840784302 9.58638344727 250.129770992 -95.7022900763 10.1374045802 END
START -0.814028564453 -10.8936175537 6.25126053467 250.129770992 -92.786259542 13.8549618321 END
START 2.32476981201 -11.7962315796 8.6167317749 250.129770992 -84.1603053435 4.96946564885 END
START 6.64151540527 -9.61271966553 7.87931766357 250.129770992 -73.9923664122 3.06870229008 END
START 3.3710359375 -7.29752666016 10.7403886475 250.129770992 -75.7022900763 10.0152671756 END
START 1.02232410889 -9.97184991455 12.6294137573 250.129770992 -73.1679389313 7.21374045802 END
START 7.85537564697 -11.7698953613 6.61757338867 250.129770992 -67.6183206107 7.91603053435 END
START 4.28322677002 -3.68228215332 11.6286374634 250.129770992 -55.0076335878 2.51908396947 END
START 5.01585247803 -6.40209523926 10.7882726807 250.129770992 -55.358778626 13.3129770992 END
START -0.445321508789 -7.48666859131 6.99106884766 250.129770992 -51.5114503817 3.24427480916 END
START 1.8866309082 -8.77474908447 6.88572397461 250.129770992 -45.7633587786 -4.67938931298 END
START 7.02937607422 -9.29429084473 9.2535894165 250.129770992 -44.0534351145 8.35877862595 END
START 11.4969563721 -7.14429775391 6.96473262939 250.129770992 -45.4732824427 3.6641221374 END
START 3.6535517334 -8.24802471924 6.90248338623 250.129770992 -42.0763358779 -1.34351145038 END
START 0.14604630127 -7.94874951172 6.53856473389 250.129770992 -45.0610687023 -0.763358778626 END
START 0.76135612793 -9.94551369629 5.55694205322 250.129770992 -41.5801526718 4.34351145038 END
START 1.35511813965 -13.6541320679 7.09880792236 250.129770992 -36.3893129771 13.2442748092 END
START 4.76206710205 -13.4673843384 5.8466404541 250.129770992 -30.2442748092 -2.64885496183 END
START 1.22343704834 -3.35188232422 10.8888291504 250.129770992 -39.0610687023 0.954198473282 END
START 1.17076461182 -8.9351605957 9.18415756836 250.129770992 -44.0763358779 -1.92366412214 END
START 1.8746598999 -11.4083709106 7.9200190918 250.129770992 -38.8167938931 2.7786259542 END
START 1.67354696045 -8.92797799072 12.1098719971 250.129770992 -47.3282442748 2.50381679389 END
START -7.23767161865 -8.07803640137 6.4116720459 250.129770992 -49.9236641221 9.24427480916 END
START 2.87064779053 -7.71172354736 8.97107362061 250.129770992 -45.7251908397 5.73282442748 END
START -2.74854350586 -9.46188496094 3.70622416992 250.129770992 -62.5267175573 4.89312977099 END
START -3.16274039307 -8.23365950928 5.50905802002 250.129770992 -65.2213740458 2.00763358779 END
START -5.19062919922 -11.025298645 10.42674823 250.129770992 -62.5801526718 9.45038167939 END
START -1.00077629395 -8.60715496826 3.43807358398 250.129770992 -71.5648854962 -0.160305343511 END