START 5.67665213623 -7.12514414062 6.82586893311 250.129770992 -77.0076335878 15.2977099237 END
START 3.85945307617 -11.1976811646 9.76834277344 250.129770992 -76.7175572519 4.3358778626 END
START 1.26892687988 -10.9008001587 17.1927621216 250.129770992 -74.4351145038 2.19083969466 END
START -0.0143652099609 -5.86100566406 10.4291424316 250.129770992 -70.3969465649 -1.41221374046 END
START -3.1364041748 -7.02219346924 14.5950533203 250.129770992 -70.679389313 4.07633587786 END
START 2.31040460205 -10.800243689 4.88177718506 250.129770992 -58.6335877863 10.7786259542 END
START 4.10845004883 -1.67354696045 4.70700046387 250.129770992 -55.8854961832 3.43511450382 END
START 4.94163222656 -8.48026228027 6.62954439697 250.129770992 -62.5877862595 16.534351145 END
START 5.23133062744 -17.527950354 7.13232674561 250.129770992 -57.1450381679 1.8320610687 END
START 6.63193859863 -10.6182843628 4.79319172363 250.129770992 -67.9389312977 10.6564885496 END
START 4.06056601562 -7.38611212158 8.63588538818 250.129770992 -70.4351145038 2.06106870229 END
START 0.205901342773 -6.04775339355 7.40526573486 250.129770992 -65.2977099237 -1.43511450382 END
START -0.45489831543 -5.67904633789 8.23126530762 250.129770992 -67.5496183206 4.9465648855 END
START 2.47321031494 -10.4650554565 7.33583388672 250.129770992 -60.6641221374 7.62595419847 END
START 4.2425253418 -8.2983029541 4.47955130615 250.129770992 -73.0381679389 -0.389312977099 END
START -6.00226356201 -8.12113203125 12.1673328369 250.129770992 -72.7938931298 9.35877862595 END
START -0.361524450684 -9.16739815674 6.17464608154 250.129770992 -63.9694656489 9.19083969466 END
START -3.45722719727 -8.11634362793 3.33751711426 250.129770992 -79.0152671756 3.65648854962 END
START 5.4444145752 -12.638990564 6.742071875 250.129770992 -84.4427480916 13.1221374046 END
START -1.86987149658 -10.5967365479 11.779472168 250.129770992 -95.8549618321 9.70229007634 END
START -6.01902297363 -4.63756861572 4.11563265381 250.129770992 -104.541984733 11.2977099237 END
START -9.17697496338 -6.75164868164 9.87129344482 250.129770992 -106.885496183 9.23664122137 END
START -4.89614239502 -1.31441671143 3.00711728516 250.129770992 -103.816793893 0.679389312977 END
START 1.11809217529 -8.21690009766 6.89290657959 250.129770992 -104.961832061 9.21374045802 END
START -3.16034619141 1.01035310059 10.3549221802 250.129770992 -104.748091603 6.34351145038 END
START -6.86896456299 -4.98472785645 10.7643306641 250.129770992 -104.854961832 1.79389312977 END
START 2.79163913574 -13.3093670288 9.42118353271 250.129770992 -104.503816794 8.49618320611 END
START -0.715866296387 -9.89044705811 1.99436998291 250.129770992 -104.038167939 11.2748091603 END
START 0.811634362793 -6.93839641113 5.21457121582 250.129770992 -104.717557252 6.47328244275 END
START -0.636857641602 -6.54095893555 6.4356140625 250.129770992 -104.549618321 6.9465648855 END
START -1.35032973633 -9.81383260498 8.75798967285 250.129770992 -104.465648855 7.20610687023 END
START -2.74854350586 -4.70460626221 9.32780966797 250.129770992 -104.496183206 7.74045801527 END
START 6.44040246582 -8.00621035156 11.4299187256 250.129770992 -104.152671756 6.21374045802 END
START 0.804451757813 -3.22977803955 6.41646044922 250.129770992 -104.06870229 -1.12213740458 END
START 0.541089575195 -9.24401260986 11.5879360352 250.129770992 -107.038167939 14.5954198473 END
START 1.65918175049 -8.87769975586 3.22020123291 250.129770992 -96.6717557252 -1.42748091603 END
START 3.62721551514 -14.2550766846 11.1258551147 250.129770992 -98.4122137405 17.0305343511 END
START -4.82671054687 -7.3190744751 12.0691705688 250.129770992 -97.9541984733 6.82442748092 END
START -8.10197841797 -2.09013804932 8.5688477417 250.129770992 -87.7251908397 12.3282442748 END
START 1.1899182251 -12.0356517456 6.68461103516 250.129770992 -71.1679389313 15.465648855 END
START 1.75734401855 -7.87931766357 10.7810900757 250.129770992 -62.0229007634 2.67175572519 END
START 11.8536924194 -10.3956236084 8.8872765625 250.129770992 -71.8702290076 11.320610687 END
START 9.17936916504 -5.13556256104 5.87776507568 250.129770992 -63.1297709924 9.64122137405 END
START 5.53778843994 -5.82988104248 9.41639512939 250.129770992 -58.5877862595 18.2442748092 END
START -2.96641585693 -17.1903679199 4.8434699585 250.129770992 -58.9389312977 5.13740458015 END
START 6.46913288574 -8.77953748779 11.3078144409 250.129770992 -61.2213740458 8.90076335878 END
START 8.03015236816 -4.60165559082 8.95670841064 250.129770992 -68.9923664122 2.32824427481 END
START 7.11796153564 -9.1817633667 14.343662146 250.129770992 -71.5267175573 7.25954198473 END
START -3.61285030518 -8.0038161499 6.0573302002 250.129770992 -64.106870229 10.8244274809 END
START 3.14119257812 -4.20661231689 8.76517227783 250.129770992 -62.7099236641 18.9847328244 END
START 2.55221896973 -9.60074865723 8.12592043457 250.129770992 -54.0534351145 6.85496183206 END
START 7.45793817139 -9.5720182373 4.94881483154 250.129770992 -53.3816793893 7.98473282443 END
START 9.15063874512 -8.72207664795 9.8186210083 250.129770992 -45.3664122137 9.18320610687 END
START 6.04535919189 -9.64623848877 5.52581743164 250.129770992 -44.4732824427 8.88549618321 END
START 4.56574256592 -10.7739074707 6.97191523437 250.129770992 -38.6946564885 10.4122137405 END
START 3.32794030762 -8.8992475708 4.43645567627 250.129770992 -36.213740458 -0.480916030534 END
START 7.17781657715 -4.18506450195 6.80432111816 250.129770992 -45.3053435115 10.106870229 END
START 6.0693012085 -9.40921252441 10.9726262085 250.129770992 -45.9312977099 5.32061068702 END
START 5.4444145752 -9.91678327637 9.7587659668 250.129770992 -41.7251908397 2.6641221374 END
START 2.59292039795 -7.14908615723 8.51617530518 250.129770992 -42.6030534351 3.12977099237 END
START -1.1779472168 -9.44273134766 4.6088381958 250.129770992 -61.3435114504 18.1908396947 END
START 2.28406838379 -11.4466781372 5.1738697876 250.129770992 -40.7099236641 -2.38167938931 END
START -2.52588275146 -8.15225665283 3.66073433838 250.129770992 -46.7022900763 4.75572519084 END
START -0.521935961914 -10.9151653687 5.74129558105 250.129770992 -36.6488549618 2.45801526718 END
START -0.45729251709 -7.18021077881 4.13478626709 250.129770992 -45.1526717557 6.40458015267 END
START 1.12288057861 -14.9757313843 4.70460626221 250.129770992 -54.0916030534 4.24427480916 END
START -7.83143363037 -4.5729251709 5.82030423584 250.129770992 -63.1221374046 10.7938931298 END
START -1.35032973633 -6.90966599121 9.07163009033 250.129770992 -57.5114503817 3.15267175573 END
START 2.16675250244 -9.03092866211 5.68862314453 250.129770992 -66.1145038168 7.68702290076 END
START -0.873883605957 -2.99514627686 5.56173045654 250.129770992 -71.7022900763 11.2900763359 END
START -1.37666595459 -10.5967365479 6.1411272583 250.129770992 -81.3511450382 -2.4427480916 END
START 1.21864864502 -12.370839978 5.81791003418 250.129770992 -79.679389313 -2.21374045802 END
START -2.05901342773 -15.1505081055 3.064578125 250.129770992 -87.3664122137 4.69465648855 END
START -3.6894647583 -0.339976635742 7.87213505859 250.129770992 -94.4198473282 6.67175572519 END
START 1.1779472168 -10.5991307495 6.80910952148 250.129770992 -86.6183206107 -3.80916030534 END
START 4.43166727295 -16.3787335571 2.43250888672 250.129770992 -86.5801526718 9.9465648855 END
START -3.03105930176 -7.74284816895 4.58968458252 250.129770992 -90.8244274809 12.2595419847 END
START -4.6447512207 -7.84819304199 10.0293107544 250.129770992 -101.267175573 8.60305343511 END
START -1.84592947998 -7.53215842285 9.17697496338 250.129770992 -96.6870229008 2.14503816794 END
START 0.265756384277 -11.5951186401 7.76918438721 250.129770992 -77.5801526718 14.893129771 END
START 3.13400997314 -8.75559547119 9.440337146 250.129770992 -85.358778626 7.60305343511 END
START 1.60650931396 -4.81713374023 13.223175769 250.129770992 -80.1755725191 6.74045801527 END
START 0.656011254883 -12.8808049316 5.8346694458 250.129770992 -79.4961832061 -0.656488549618 END
START -1.95845695801 -7.78354959717 5.99508095703 250.129770992 -84.4809160305 14.0610687023 END
START 5.17147558594 -15.0643168457 6.72291826172 250.129770992 -84.8320610687 14.3664122137 END