START 4.290409375 -11.8465098145 12.497732666 250.129770992 -78.1908396947 7.12213740458 END
START 7.29992086182 -9.7946789917 7.71172354736 250.129770992 -79.2748091603 13.6259541985 END
START 3.28005627441 -10.6637741943 4.19942971191 250.129770992 -71.3816793893 7.98473282443 END
START 5.66468112793 -11.4418897339 6.18661708984 250.129770992 -48.9541984733 -7.35877862595 END
START -2.21224233398 -13.1513497192 2.54982476807 250.129770992 -68.6335877863 6.19847328244 END
START 2.30801040039 -9.09796630859 10.9247421753 250.129770992 -56.2595419847 -0.206106870229 END
START -6.57447775879 -5.21935961914 3.69904156494 250.129770992 -61.1984732824 9.35114503817 END
START -0.667982263184 -18.4233817749 10.5847655396 250.129770992 -59.4198473282 3.96183206107 END
START 0.61530982666 -10.9031943604 9.10036051025 250.129770992 -65.9007633588 -1.35877862595 END
START 0.407014282227 -9.42118353271 10.6446205811 250.129770992 -62.2442748092 1.28244274809 END
START -1.13006318359 -9.06205328369 5.05415970459 250.129770992 -66.6641221374 21.8778625954 END
START 8.56405933838 -11.2096521729 8.76517227783 250.129770992 -60.9465648855 9.59541984733 END
START 0.445321508789 -7.87692346191 6.28956776123 250.129770992 -62.7328244275 7.24427480916 END
START -3.3949779541 -12.5791355225 6.31111557617 250.129770992 -66.2213740458 14.0687022901 END
START -0.624886633301 -8.78672009277 7.56088884277 250.129770992 -65.2595419847 3.54198473282 END
START -4.01747038574 -11.384428894 5.47793339844 250.129770992 -76.641221374 -0.12213740458 END
START -3.27287366943 -4.97275684814 9.32302126465 250.129770992 -85.5648854962 11.9694656489 END
START -1.05823713379 -7.03416447754 4.12999786377 250.129770992 -82.6717557252 7.86259541985 END
START -3.61045610352 -9.65102689209 5.95916793213 250.129770992 -95.5496183206 5.72519083969 END
START 6.42124885254 -7.25682523193 10.7020814209 250.129770992 -101.564885496 7.60305343511 END
START -3.1364041748 -9.29668504639 6.8138979248 250.129770992 -104.534351145 9.51908396947 END
START 5.89931289062 -8.78432589111 13.1226192993 250.129770992 -104.435114504 18.6183206107 END
START 3.63679232178 -2.4157494751 11.6765214966 250.129770992 -104.465648855 16.0916030534 END
START -3.21780703125 -12.1194488037 6.73728347168 250.129770992 -104.503816794 4.9465648855 END
START -0.277727392578 -9.95030209961 5.50187541504 250.129770992 -104.022900763 17.7786259542 END
START 2.20266552734 -5.41807835693 9.19852277832 250.129770992 -104.076335878 5.21374045802 END
START 0.14604630127 -13.5535755981 8.99262143555 250.129770992 -104.526717557 5.73282442748 END
START -4.5609541626 -5.41568415527 4.21618912354 250.129770992 -105.022900763 4.51908396947 END
START -2.95923325195 -5.29357987061 5.63834490967 250.129770992 -104.328244275 4.93129770992 END
START 3.48356341553 -3.69185895996 10.7379944458 250.129770992 -104.312977099 7.67938931298 END
START -1.94648594971 -10.5584293213 4.28083256836 250.129770992 -102.86259542 1.35877862595 END
START 6.42843145752 -7.87692346191 10.1131078125 250.129770992 -102.091603053 4.5572519084 END
START 1.81001645508 -11.6549736816 12.2535240967 250.129770992 -97.7786259542 9.80152671756 END
START 5.99986936035 -10.0843773926 4.86501777344 250.129770992 -95.1603053435 4.75572519084 END
START 4.56813676758 -7.60637867432 7.601590271 250.129770992 -93.2595419847 -5.74809160305 END
START 3.97916315918 -9.10275471191 7.67820472412 250.129770992 -86.9236641221 3.3358778626 END
START 2.43729729004 -8.70771143799 14.4657664307 250.129770992 -81.8396946565 -2.87022900763 END
START 3.24414324951 -6.85220515137 5.11162054443 250.129770992 -84.1374045802 2.54961832061 END
START 12.871228125 -5.7867854126 5.1738697876 250.129770992 -71.8320610687 8.8320610687 END
START 9.17458076172 -4.33589920654 13.1393787109 250.129770992 -65.8549618321 5.3893129771 END
START 4.15633408203 -5.65989272461 10.0843773926 250.129770992 -60.4198473282 7.30534351145 END
START 2.86346518555 -6.87135876465 9.03332286377 250.129770992 -52.6259541985 5.54198473282 END
START 1.04387192383 -9.11233151855 8.68137521973 250.129770992 -49.641221374 3.03053435115 END
START -0.612915625 -14.1784622314 11.2575362061 250.129770992 -62.0 5.68702290076 END
START 3.78762702637 -9.75637176514 7.50103380127 250.129770992 -66.8702290076 10.1755725191 END
START 8.75320126953 -11.3149970459 4.68545264893 250.129770992 -68.1221374046 9.43511450382 END
START 6.15788666992 -7.92480749512 6.71334145508 250.129770992 -50.9389312977 13.2671755725 END
START 5.33667550049 -6.11000263672 6.16028087158 250.129770992 -49.9465648855 6.87786259542 END
START -1.25456166992 -9.64384428711 6.00705196533 250.129770992 -45.2671755725 0.664122137405 END
START 4.22816013184 -9.36132849121 5.22654222412 250.129770992 -48.0610687023 1.7786259542 END
START 8.02536396484 -7.49624539795 7.89368287354 250.129770992 -43.3511450382 0.549618320611 END
START 2.63362182617 -8.93276639404 7.20415279541 250.129770992 -40.4503816794 5.15267175573 END
START 10.5153336914 -11.8896054443 8.10437261963 250.129770992 -39.358778626 4.87022900763 END
START -1.05823713379 -12.8209498901 6.32787498779 250.129770992 -56.3511450382 7.6106870229 END
START -0.198718737793 -9.62947907715 7.45314976807 250.129770992 -49.6717557252 1.43511450382 END
START -3.03824190674 -13.0483990479 7.91044228516 250.129770992 -57.7480916031 5.12213740458 END
START 1.2856862915 -10.172962854 7.07726010742 250.129770992 -53.3129770992 -2.45801526718 END
START -3.05500131836 -10.6278611694 8.27914934082 250.129770992 -63.3435114504 3.90076335878 END
START -9.11472572021 -11.1210667114 9.60074865723 250.129770992 -62.0687022901 4.07633587786 END
START 2.18830031738 -15.6724440674 9.04768807373 250.129770992 -58.1221374046 3.50381679389 END
START -6.77319649658 -6.33026918945 8.52575211182 250.129770992 -57.534351145 -1.90839694656 END
START -1.13963999023 -6.91684859619 6.51462271729 250.129770992 -73.7786259542 6.10687022901 END
START 4.73094248047 -3.96240374756 7.43878455811 250.129770992 -80.3664122137 5.25190839695 END
START -0.488417138672 -7.15866296387 7.68778153076 250.129770992 -80.7328244275 9.62595419847 END
START -1.64960494385 -10.1753570557 9.38527050781 250.129770992 -77.6030534351 7.03053435115 END
START -1.19710083008 -9.04050546875 8.57124194336 250.129770992 -82.9389312977 5.03816793893 END
START -0.284909997559 -13.3452800537 6.3637880127 250.129770992 -79.7786259542 2.00763358779 END
START -7.92241329346 -5.21696541748 6.41406624756 250.129770992 -78.7786259542 7.29007633588 END
START -0.964863269043 -9.63426748047 7.82425102539 250.129770992 -77.0916030534 3.90839694656 END
START -4.14436307373 -19.6133 3.50989963379 250.129770992 -87.1603053435 5.69465648855 END
START 5.82509263916 -11.0875478882 8.2264769043 250.129770992 -78.8320610687 11.2061068702 END
START -0.76135612793 -11.7291939331 9.83538041992 250.129770992 -82.6030534351 3.77099236641 END
START -3.11725056152 -2.89937821045 8.6406737915 250.129770992 -75.5648854962 3.18320610687 END
START 2.50433493652 -14.5208330688 5.2576668457 250.129770992 -71.8396946565 9.00763358779 END