START 2.48278712158 -5.36301171875 7.00543405762 250.129770992 -81.1603053435 11.2213740458 END
START -0.181959326172 -8.07803640137 8.20971749268 250.129770992 -78.9007633588 12.1832061069 END
START 6.52898792725 -11.1904985596 7.57046564941 250.129770992 -75.3358778626 4.69465648855 END
START 5.08049592285 -9.83298621826 4.75009609375 250.129770992 -91.6870229008 13.1755725191 END
START -0.385466467285 -14.8847517212 7.57525405273 250.129770992 -75.1908396947 5.54198473282 END
START -0.0837970581055 -9.87129344482 6.07648381348 250.129770992 -86.1832061069 8.67175572519 END
START -1.21864864502 -13.4458365234 8.69095202637 250.129770992 -88.1297709924 2.96183206107 END
START 2.79882174072 -6.01902297363 7.59440766602 250.129770992 -101.190839695 11.4885496183 END
START -2.07098443604 -12.1074777954 5.76523759766 250.129770992 -97.5572519084 6.78625954198 END
START 1.2856862915 -4.45321508789 1.34554133301 250.129770992 -92.4351145038 3.60305343511 END
START 6.32787498779 -16.9533419556 11.8560866211 250.129770992 -101.633587786 2.12977099237 END
START -0.00957680664062 -11.8441156128 5.71735356445 250.129770992 -90.358778626 7.00763358779 END
START -7.48906279297 -0.706289489746 6.4475850708 250.129770992 -103.801526718 3.45038167939 END
START 5.04218869629 -12.7898252686 6.82826313477 250.129770992 -102.633587786 8.45801526718 END
START -2.4277204834 -7.39568892822 5.86100566406 250.129770992 -103.450381679 -2.73282442748 END
START -0.533906970215 -1.66875855713 6.52180532227 250.129770992 -105.007633588 15.0916030534 END
START -3.92170231934 -3.83311685791 9.1458503418 250.129770992 -105.503816794 -1.57251908397 END
START -1.09893856201 -3.68707055664 11.3940057007 250.129770992 -104.816793893 5.6641221374 END
START 0.15801730957 -8.6287027832 9.2057053833 250.129770992 -104.145038168 4.81679389313 END
START 2.85388837891 -11.7842605713 6.89051237793 250.129770992 -104.549618321 7.85496183206 END
START 2.13562788086 -9.44991395264 8.84418093262 250.129770992 -104.893129771 -0.12213740458 END
START -4.49152231445 -10.8337625122 13.2159931641 250.129770992 -104.496183206 6.24427480916 END
START -2.40856687012 -6.00465776367 8.3222449707 250.129770992 -104.541984733 6.27480916031 END
START -0.359130249023 -5.75566079102 5.08767852783 250.129770992 -103.969465649 17.1145038168 END
START -0.490811340332 -7.0365586792 7.29992086182 250.129770992 -102.755725191 3.70229007634 END
START 2.56897838135 -6.03338818359 8.5568767334 250.129770992 -104.106870229 14.9541984733 END
START -3.04781871338 -12.983755603 6.85220515137 250.129770992 -96.3969465649 6.80916030534 END
START 10.5344873047 -14.0611463501 12.7634890503 250.129770992 -86.4580152672 -1.95419847328 END
START 4.39575424805 -1.34314713135 9.28471403809 250.129770992 -84.4427480916 -3.58778625954 END
START 5.45877978516 -5.09964953613 10.7164466309 250.129770992 -91.2671755725 3.0 END
START 2.1332336792 -11.0420580566 9.25119521484 250.129770992 -97.9923664122 4.84732824427 END
START 3.33991131592 -11.8441156128 9.50498059082 250.129770992 -77.8320610687 7.45038167939 END
START 7.93677850342 -11.0899420898 6.69658204346 250.129770992 -78.5572519084 11.5954198473 END
START -0.828393774414 -11.532869397 4.12042105713 250.129770992 -74.5496183206 2.4427480916 END
START -1.54904847412 -7.78354959717 5.61919129639 250.129770992 -72.4580152672 7.99236641221 END
START 7.62074388428 -9.47385596924 7.0724717041 250.129770992 -67.4122137405 4.10687022901 END
START 10.1681744507 -7.56328304443 6.72770666504 250.129770992 -66.0839694656 10.641221374 END
START 3.80678063965 -11.7124345215 5.62637390137 250.129770992 -64.2366412214 9.59541984733 END
START -3.38061274414 -14.3340853394 7.74763657227 250.129770992 -50.7709923664 0.0687022900763 END
START 1.03429511719 -12.4091472046 6.1890112915 250.129770992 -41.1832061069 6.49618320611 END
START 0.416591088867 -12.3421095581 3.30160408936 250.129770992 -47.9465648855 11.2290076336 END
START 5.04458289795 -6.16985767822 5.87297667236 250.129770992 -47.8549618321 -2.38167938931 END
START 7.86734665527 -4.0078935791 5.72453616943 250.129770992 -47.9236641221 6.13740458015 END
START -0.562637390137 -11.2671130127 11.3724578857 250.129770992 -42.3282442748 11.893129771 END
START 7.31189187012 -8.39407102051 6.52659372559 250.129770992 -49.3969465649 6.54198473282 END
START 1.00556469727 -4.93684382324 5.84903465576 250.129770992 -42.106870229 5.09160305344 END
START -2.61925661621 -8.72207664795 9.54568201904 250.129770992 -40.7099236641 5.40458015267 END
START -1.52989486084 -2.13083947754 9.09557210693 250.129770992 -43.0305343511 2.38167938931 END
START 2.25054956055 -11.7914431763 11.8177793945 250.129770992 -48.7557251908 9.18320610687 END
START -3.14598098145 -12.1433908203 8.09000740967 250.129770992 -40.893129771 5.19847328244 END
START 7.37414111328 -9.45709655762 7.09162531738 250.129770992 -38.7786259542 2.76335877863 END
START 0.529118566895 -11.0947304932 9.38048210449 250.129770992 -37.5496183206 5.64885496183 END
START -0.203507141113 -6.7540428833 -0.335188232422 250.129770992 -47.0305343511 13.0610687023 END
START 8.49223328857 -10.8146088989 7.87213505859 250.129770992 -55.3511450382 -1.06870229008 END
START 0.368707055664 -14.7267344116 5.37498272705 250.129770992 -52.8167938931 17.9236641221 END
START 0.859518395996 -7.13472094727 5.81791003418 250.129770992 -64.4885496183 8.84732824427 END
START -0.275333190918 -6.20337650146 6.0812722168 250.129770992 -61.5190839695 1.81679389313 END
START -0.77093293457 -9.77791958008 7.6375032959 250.129770992 -73.9236641221 8.73282442748 END
START 3.17471140137 -9.65581529541 6.90966599121 250.129770992 -74.4351145038 4.50381679389 END
START -3.41652576904 -4.55616575928 9.15542714844 250.129770992 -64.9694656489 0.732824427481 END
START -2.58334359131 -3.85466467285 12.5599819092 250.129770992 -85.0534351145 4.58778625954 END
START -2.02549460449 -16.8240550659 12.5719529175 250.129770992 -87.1908396947 14.3129770992 END
START -4.13478626709 -7.47469758301 6.51462271729 250.129770992 -86.0992366412 12.2595419847 END
START -3.07415493164 -10.4674496582 8.57363614502 250.129770992 -79.427480916 11.1603053435 END
START -7.24246002197 -5.62637390137 10.6781394043 250.129770992 -84.6259541985 5.83969465649 END
START 0.948103857422 -6.22253011475 10.4411134399 250.129770992 -85.0916030534 -5.64885496183 END
START 7.35977590332 -5.09964953613 6.60320817871 250.129770992 -84.213740458 11.6641221374 END
START -2.68150585937 -10.9941740234 7.46990917969 250.129770992 -93.213740458 2.96183206107 END
START -3.4069489624 -9.10514891357 11.9015764526 250.129770992 -92.1755725191 14.4961832061 END
START -3.64636912842 -12.3588689697 8.84178673096 250.129770992 -98.6641221374 6.74809160305 END
START 6.78037910156 -1.32638771973 14.0707231567 250.129770992 -90.1297709924 9.50381679389 END