START 7.81946262207 -12.0452285522 6.73728347168 250.129770992 -87.6564885496 -2.84732824427 END
START -0.852335791016 -12.27267771 4.96557424316 250.129770992 -84.0305343511 5.87786259542 END
START -4.5848961792 -7.48427438965 3.49074602051 250.129770992 -80.3816793893 7.69465648855 END
START -4.01507618408 -13.8049667725 5.5282116333 250.129770992 -71.6870229008 -5.12213740458 END
START 3.24893165283 -8.6047607666 6.7540428833 250.129770992 -70.2671755725 0.770992366412 END
START 3.32794030762 -10.067617981 5.88973608398 250.129770992 -76.9694656489 15.534351145 END
START -0.45250411377 -13.9079174438 11.1354319214 250.129770992 -67.4427480916 4.65648854962 END
START 6.08845482178 -10.0915599976 6.82108052979 250.129770992 -84.5267175573 5.5572519084 END
START 2.50433493652 -9.87608184814 12.3325327515 250.129770992 -67.320610687 11.0534351145 END
START 0.943315454102 -15.0978356689 8.66222160645 250.129770992 -75.106870229 8.07633587786 END
START 4.87220037842 -10.9750204102 9.60314285889 250.129770992 -73.4427480916 3.63358778626 END
START 6.63433280029 -5.61440289307 12.6413847656 250.129770992 -64.213740458 10.2900763359 END
START 3.62721551514 -16.414646582 4.18985290527 250.129770992 -70.9083969466 10.572519084 END
START 1.26413847656 -14.0395985352 10.5368815063 250.129770992 -82.6870229008 2.71755725191 END
START 0.440533105469 -9.04289967041 3.75410820312 250.129770992 -67.2442748092 2.62595419847 END
START 6.40448944092 -4.84825836182 10.3668931885 250.129770992 -72.8549618321 7.99236641221 END
START -5.2337248291 -10.2112700806 5.61440289307 250.129770992 -72.6946564885 6.87022900763 END
START 4.92247861328 -10.7763016724 6.73967767334 250.129770992 -78.7175572519 3.70229007634 END
START -11.9422778809 -12.7994020752 7.46272657471 250.129770992 -77.4580152672 4.22900763359 END
START -1.62087452393 -9.193734375 7.49385119629 250.129770992 -88.213740458 3.3358778626 END
START -2.7102362793 -7.34780489502 5.61919129639 250.129770992 -98.9694656489 10.6641221374 END
START 8.24323631592 -11.6908867065 5.41568415527 250.129770992 -100.160305344 3.37404580153 END
START -1.64242233887 -6.84262834473 4.98472785645 250.129770992 -102.328244275 -0.0458015267176 END
START -2.4157494751 -9.58877764893 8.44195505371 250.129770992 -91.0610687023 11.5038167939 END
START -0.873883605957 -9.09078370361 10.7954552856 250.129770992 -104.854961832 4.30534351145 END
START 2.50912333984 -3.41413156738 6.0573302002 250.129770992 -104.175572519 12.3511450382 END
START -4.5489831543 -9.06205328369 9.18415756836 250.129770992 -104.809160305 3.70229007634 END
START -0.287304199219 -10.3908352051 5.80593902588 250.129770992 -103.58778626 0.259541984733 END
START -4.78361491699 -8.51856950684 4.65432802734 250.129770992 -104.679389313 -1.17557251908 END
START 0.76375032959 -6.23689532471 6.65827481689 250.129770992 -104.244274809 -2.4427480916 END
START 1.8028338501 -8.42998404541 2.96881005859 250.129770992 -104.244274809 5.6106870229 END
START 1.47961662598 -1.98239897461 8.16183345947 250.129770992 -103.916030534 -5.70229007634 END
START 2.20266552734 -7.22570061035 18.0618573242 250.129770992 -105.34351145 11.8702290076 END
START -2.67432325439 -6.34463439941 7.00303985596 250.129770992 -104.152671756 10.3740458015 END
START 5.46356818848 -10.2543657104 11.0492406616 250.129770992 -104.694656489 8.12213740458 END
START -0.46208092041 -9.72764134521 7.79552060547 250.129770992 -102.916030534 9.56488549618 END
START 4.70939466553 -9.74440075684 15.9621424683 250.129770992 -97.5648854962 0.167938931298 END
START 1.41257897949 -3.53623585205 6.99585725098 250.129770992 -94.9618320611 17.3511450382 END
START 0.378283862305 -6.76122548828 8.6167317749 250.129770992 -86.9236641221 -0.030534351145 END
START 0.450109912109 -11.765106958 6.71094725342 250.129770992 -85.7786259542 1.00763358779 END
START -3.82593425293 -8.57124194336 9.81143840332 250.129770992 -75.4580152672 12.8702290076 END
START 0.368707055664 -6.12436784668 4.27604416504 250.129770992 -82.0839694656 1.54198473282 END
START 3.72777198486 -12.1098719971 9.48343277588 250.129770992 -85.3511450382 -1.26717557252 END
START -4.49870491943 -7.57764825439 10.6948988159 250.129770992 -60.6717557252 2.47328244275 END
START 3.3830069458 -6.54814154053 4.72136567383 250.129770992 -68.2671755725 -2.37404580153 END
START 9.52174000244 -9.84974562988 11.3078144409 250.129770992 -73.2595419847 9.60305343511 END
START 6.68939943848 -2.50912333984 3.03584770508 250.129770992 -61.7709923664 12.5038167939 END
START 1.31441671143 -14.082694165 7.98226833496 250.129770992 -63.3969465649 11.1374045802 END
START -1.47482822266 -11.3293622559 8.77474908447 250.129770992 -61.3969465649 6.27480916031 END
START -1.78607443848 -10.4674496582 11.1785275513 250.129770992 -60.572519084 2.90839694656 END
START 7.95114371338 -10.927136377 8.8154505127 250.129770992 -57.9694656489 14.4732824427 END
START 7.05571229248 -10.2352120972 7.45314976807 250.129770992 -59.7557251908 2.80916030534 END
START 6.61039078369 -10.9319247803 6.69179364014 250.129770992 -51.3358778626 16.6106870229 END
START 2.50912333984 -5.61440289307 7.83382783203 250.129770992 -49.7633587786 13.8473282443 END
START 9.55765302734 -4.42209046631 7.37653531494 250.129770992 -52.4732824427 2.96183206107 END
START 2.10689746094 -11.5544172119 6.79474431152 250.129770992 -50.6030534351 -1.10687022901 END
START 0.138863696289 -3.79002122803 6.97191523437 250.129770992 -50.2061068702 2.60305343511 END
START 2.52827695312 -9.94551369629 1.4963760376 250.129770992 -43.8549618321 11.0916030534 END
START 0.105344873047 -9.64145008545 5.64313331299 250.129770992 -50.1450381679 6.8320610687 END
START -5.05176550293 -7.32625708008 7.82425102539 250.129770992 -52.3664122137 12.6106870229 END
START 5.87537087402 -11.7076461182 4.82192214355 250.129770992 -44.7709923664 7.90076335878 END
START -1.54186586914 -6.12197364502 6.54335313721 250.129770992 -59.9694656489 -3.72519083969 END
START -3.02627089844 -2.29364519043 8.19056387939 250.129770992 -69.7557251908 -1.2213740458 END
START 0.196324536133 -8.16422766113 3.7014357666 250.129770992 -71.9236641221 10.8778625954 END
START -2.35589443359 -9.75397756348 -2.1332336792 250.129770992 -74.5954198473 4.00763358779 END
START 8.5688477417 -9.00459244385 6.61517918701 250.129770992 -65.2671755725 1.20610687023 END
START -0.251391174316 -6.77559069824 5.26724365234 250.129770992 -81.6870229008 12.9847328244 END
START -8.56405933838 -11.7459533447 7.43639035645 250.129770992 -76.8091603053 10.5267175573 END
START -2.42293208008 -10.1131078125 7.34780489502 250.129770992 -83.6183206107 10.7175572519 END
START -1.47722242432 -8.15465085449 7.3310454834 250.129770992 -88.2213740458 1.7786259542 END
START 2.69347686768 -1.58256729736 6.94557901611 250.129770992 -93.3893129771 -3.41221374046 END
START -2.58813199463 -8.35336959229 13.3668278687 250.129770992 -92.9083969466 -0.992366412214 END
START -2.84431157227 -9.54568201904 6.81868632812 250.129770992 -89.9770992366 6.27480916031 END
START 4.34547601318 -10.8648871338 5.61440289307 250.129770992 -79.7709923664 -2.32061068702 END
START 0.634463439941 -6.75883128662 10.9869914185 250.129770992 -83.3893129771 3.54961832061 END
START -2.03746561279 -8.09479581299 9.23204160156 250.129770992 -85.5801526718 8.42748091603 END
START -4.36462962646 -2.94486804199 11.5208983887 250.129770992 -72.8549618321 2.76335877863 END