START -1.00077629395 -8.9351605957 7.0365586792 250.129770992 -87.9694656489 5.09160305344 END
START -1.7669208252 -15.6006180176 5.60243188477 250.129770992 -77.6030534351 -3.48091603053 END
START 2.61207401123 -2.77487972412 6.81868632812 250.129770992 -76.7786259542 9.6106870229 END
START -0.950498059082 -10.5871597412 3.82832845459 250.129770992 -78.5190839695 7.67938931298 END
START 8.44674345703 -7.83382783203 8.07564219971 250.129770992 -78.7099236641 7.11450381679 END
START 0.787692346191 -6.70376464844 8.06367119141 250.129770992 -77.3129770992 2.13740458015 END
START 7.43878455811 -4.70221206055 12.8257382935 250.129770992 -85.6564885496 -0.442748091603 END
START -0.0526724365234 -8.5089927002 9.07402429199 250.129770992 -96.0992366412 12.572519084 END
START 3.60327349854 -14.6980039917 7.62074388428 250.129770992 -84.5496183206 4.54198473282 END
START -2.22660754395 -6.77559069824 6.59123717041 250.129770992 -87.0763358779 -4.35114503817 END
START 7.12993254395 -4.75727869873 6.23450112305 250.129770992 -86.9770992366 5.72519083969 END
START 6.74925447998 -9.49300958252 4.25689055176 250.129770992 -100.458015267 9.90839694656 END
START 0.486022937012 -9.59596025391 11.3269680542 250.129770992 -95.1679389313 17.7404580153 END
START 3.85945307617 -12.1026893921 5.90888969727 250.129770992 -98.8778625954 3.80916030534 END
START -7.68778153076 -4.44363828125 10.2160584839 250.129770992 -95.9236641221 10.6564885496 END
START -0.366312854004 -13.0555816528 12.2056400635 250.129770992 -104.290076336 14.4732824427 END
START 1.26892687988 -6.56250675049 9.66539210205 250.129770992 -91.9389312977 7.47328244275 END
START -1.48201082764 -9.05487067871 4.62320340576 250.129770992 -90.0458015267 -0.0458015267176 END
START -3.86663568115 -11.0707884766 6.45476767578 250.129770992 -102.93129771 2.90076335878 END
START 10.5656119263 0.981622680664 5.31512768555 250.129770992 -91.7557251908 1.12977099237 END
START -4.64714542236 -10.6637741943 4.47236870117 250.129770992 -104.79389313 -3.22900763359 END
START 1.58974990234 -6.21774171143 2.97359846191 250.129770992 -104.099236641 4.49618320611 END
START -1.10851536865 -7.60637867432 4.40054265137 250.129770992 -104.106870229 4.14503816794 END
START 1.60172091064 -8.30787976074 7.55610043945 250.129770992 -103.893129771 11.3129770992 END
START -3.07894333496 -3.20823022461 6.67742843018 250.129770992 -97.3664122137 8.26717557252 END
START 1.95366855469 -5.08049592285 7.99902774658 250.129770992 -97.9694656489 5.08396946565 END
START 2.67432325439 -9.24880101318 10.314220752 250.129770992 -104.671755725 9.58778625954 END
START -2.96881005859 -6.82108052979 9.52892260742 250.129770992 -94.7633587786 -0.427480916031 END
START -1.95845695801 -12.2008516602 12.617442749 250.129770992 -97.6488549618 12.8549618321 END
START -0.203507141113 -3.50989963379 6.10042583008 250.129770992 -92.0839694656 14.1908396947 END
START -6.7061588501 -5.07570751953 8.59039555664 250.129770992 -78.6870229008 7.63358778626 END
START 4.89374819336 -9.60553706055 7.86255825195 250.129770992 -81.358778626 3.45801526718 END
START -3.30160408936 -11.1138841064 12.4570312378 250.129770992 -74.9236641221 3.41221374046 END
START 7.2951324585 -12.1074777954 7.57764825439 250.129770992 -83.5496183206 3.96946564885 END
START 5.08289012451 -12.8544687134 7.08923111572 250.129770992 -79.2213740458 8.13740458015 END
START 4.5489831543 -6.76361968994 9.55765302734 250.129770992 -79.5877862595 14.2442748092 END
START 3.85227047119 -11.4993505737 8.82502731934 250.129770992 -74.5419847328 6.41984732824 END
START 6.25365473633 -4.29519777832 8.69574042969 250.129770992 -70.6183206107 13.0381679389 END
START -0.165199914551 -12.1002951904 4.12999786377 250.129770992 -71.320610687 -0.526717557252 END
START 6.25126053467 -2.41335527344 13.0579758545 250.129770992 -67.2519083969 5.73282442748 END
START 7.63989749756 -10.680533606 12.6557499756 250.129770992 -68.893129771 5.3893129771 END
START -0.177170922852 -8.85375773926 11.7052519165 250.129770992 -50.2366412214 7.03816793893 END
START 7.73805976562 -10.6278611694 9.03811126709 250.129770992 -56.0152671756 10.5801526718 END
START 1.10612116699 -8.2025348877 7.83382783203 250.129770992 -59.6030534351 6.37404580153 END
START 1.19231242676 -11.0300870483 7.36217010498 250.129770992 -56.9770992366 -4.31297709924 END
START 0.045489831543 -11.01811604 10.053252771 250.129770992 -50.4198473282 16.2519083969 END
START -2.27209737549 -11.7435591431 7.68299312744 250.129770992 -46.213740458 10.9083969466 END
START 3.56017786865 -5.81551583252 3.58172568359 250.129770992 -51.0916030534 9.73282442748 END
START 3.54581265869 -2.71263048096 8.67898101807 250.129770992 -39.7786259542 6.45038167939 END
START -2.84431157227 -8.25999572754 5.97113894043 250.129770992 -39.7709923664 0.931297709924 END
START 0.61052142334 -9.97903251953 4.56813676758 250.129770992 -51.3816793893 3.06870229008 END
START 4.19703551025 -14.2790187012 4.61841500244 250.129770992 -48.0076335878 -0.801526717557 END
START 2.1811177124 -11.413159314 5.96156213379 250.129770992 -43.4122137405 1.96183206107 END
START -0.62009822998 -16.1632554077 8.57842454834 250.129770992 -37.6488549618 6.90839694656 END
START 3.00711728516 -10.6134959595 10.9869914185 250.129770992 -45.5877862595 2.23664122137 END
START -4.3382934082 -9.20091697998 6.50504591064 250.129770992 -43.5572519084 8.28244274809 END
START 0.541089575195 -11.1162783081 8.12113203125 250.129770992 -54.1297709924 3.41984732824 END
START -1.87944830322 -7.90325968018 6.43082565918 250.129770992 -72.534351145 -0.419847328244 END
START 3.86902988281 -12.3109849365 5.94001431885 250.129770992 -57.8625954198 11.0305343511 END
START -1.8746598999 -10.5512467163 7.25921943359 250.129770992 -81.0992366412 8.70992366412 END
START -10.0843773926 -12.9191121582 6.61039078369 250.129770992 -73.8549618321 4.51908396947 END
START -0.962469067383 -6.78516750488 8.99262143555 250.129770992 -78.1755725191 1.35877862595 END
START -2.22660754395 -7.31189187012 5.33667550049 250.129770992 -77.2366412214 9.59541984733 END
START -3.64636912842 -8.02057556152 3.35188232422 250.129770992 -76.0916030534 11.320610687 END
START -3.47398660889 -7.601590271 7.67820472412 250.129770992 -67.7786259542 5.43511450382 END
START 1.86508309326 -8.35336959229 7.42920775146 250.129770992 -80.4503816794 -2.03816793893 END
START 0.486022937012 -9.73242974854 7.9559321167 250.129770992 -80.7557251908 -5.29007633588 END
START 4.53940634766 -5.77242020264 10.038887561 250.129770992 -78.213740458 2.26717557252 END
START -3.79002122803 -8.57603034668 4.97036264648 250.129770992 -83.2290076336 7.56488549618 END
START 4.46039769287 -9.27274302979 10.7236292358 250.129770992 -79.1450381679 5.4427480916 END
START 4.86022937012 -8.2504189209 6.27520255127 250.129770992 -66.9160305344 8.54198473282 END
START 2.99754047852 -7.68778153076 8.95431420898 250.129770992 -77.0152671756 0.152671755725 END
START 4.55377155762 -6.60081397705 4.37181223145 250.129770992 -73.1145038168 -3.71755725191 END
START -4.08450803223 -11.3149970459 7.33583388672 250.129770992 -65.893129771 4.09923664122 END