START 1.37906015625 -14.6453315552 6.78037910156 250.129770992 -93.9312977099 8.23664122137 END
START -0.636857641602 -10.5704003296 3.95761534424 250.129770992 -81.8778625954 11.572519084 END
START -0.802057556152 -9.8425630249 6.25844313965 250.129770992 -76.7251908397 9.93893129771 END
START -0.447715710449 -8.08043060303 7.56088884277 250.129770992 -82.8320610687 14.7786259542 END
START 2.48996972656 -6.25604893799 7.56807144775 250.129770992 -73.7175572519 17.4427480916 END
START 3.11006795654 -12.5312514893 8.47307967529 250.129770992 -67.358778626 9.98473282443 END
START 7.21612380371 -4.42448466797 5.98550415039 250.129770992 -78.1755725191 7.68702290076 END
START -3.924096521 -9.7707369751 5.06613071289 250.129770992 -81.0916030534 -5.03816793893 END
START -0.229843359375 -13.7403233276 4.5848961792 250.129770992 -80.9160305344 6.5572519084 END
START -1.28329208984 -3.76847341309 11.877634436 250.129770992 -86.2442748092 -0.786259541985 END
START 1.03429511719 -10.4842090698 5.39174213867 250.129770992 -75.893129771 11.0076335878 END
START 1.472434021 -9.63905588379 5.65271011963 250.129770992 -83.7557251908 5.12977099237 END
START 0.62009822998 -8.62391437988 6.48828649902 250.129770992 -78.1908396947 -1.58015267176 END
START -3.3470939209 -1.24498486328 6.05014759521 250.129770992 -84.4580152672 11.0763358779 END
START -3.82593425293 -10.1298672241 5.93283171387 250.129770992 -91.5496183206 9.27480916031 END
START 2.47081611328 -13.1944453491 5.87537087402 250.129770992 -86.1755725191 1.49618320611 END
START 2.08774384766 -4.6686932373 7.97747993164 250.129770992 -86.2366412214 5.93129770992 END
START -7.34062229004 -1.92014973145 6.988674646 250.129770992 -103.908396947 5.61832061069 END
START 4.3143513916 -10.7523596558 7.81467421875 250.129770992 -104.641221374 4.87786259542 END
START -1.27850368652 -1.15639940186 8.12352623291 250.129770992 -103.641221374 11.3740458015 END
START -3.05739552002 -3.23935484619 6.12436784668 250.129770992 -104.687022901 7.35114503817 END
START -3.10288535156 -10.5368815063 7.12753834229 250.129770992 -104.450381679 7.38167938931 END
START -3.45004459229 -11.6549736816 6.03817658691 250.129770992 -103.641221374 5.15267175573 END
START -0.727837304687 -6.47870969238 7.04134708252 250.129770992 -103.969465649 9.5572519084 END
START 4.17788189697 -3.3590649292 1.68551796875 250.129770992 -102.435114504 3.43511450382 END
START -5.11162054443 -15.2343051636 5.92564910889 250.129770992 -102.671755725 7.53435114504 END
START 3.77805021973 -7.83143363037 14.6213895386 250.129770992 -105.816793893 4.03053435115 END
START 9.14345614014 -11.4011883057 12.512097876 250.129770992 -95.1145038168 5.54198473282 END
START 1.65439334717 -9.83538041992 12.2631009033 250.129770992 -84.1450381679 4.5572519084 END
START 1.62326872559 -8.70292303467 12.5743471191 250.129770992 -79.8778625954 4.48091603053 END
START 1.70945998535 -10.9534725952 4.75967290039 250.129770992 -73.0 -0.389312977099 END
START 2.86825358887 -5.81791003418 12.1697270386 250.129770992 -65.358778626 10.641221374 END
START 3.42849677734 -5.89213028564 9.07402429199 250.129770992 -77.8396946565 9.0 END
START 4.3502644165 -11.6406084717 7.86255825195 250.129770992 -79.106870229 4.6641221374 END
START 4.12760366211 -13.5272393799 7.96311472168 250.129770992 -82.0381679389 9.56488549618 END
START 3.51947644043 -8.07324799805 8.07803640137 250.129770992 -70.4122137405 -4.25954198473 END
START 2.04943662109 -11.152191333 10.5608235229 250.129770992 -63.572519084 8.68702290076 END
START 7.52976422119 -1.80522805176 7.28794985352 250.129770992 -68.5572519084 4.80152671756 END
START 4.75249029541 -7.86974085693 8.78432589111 250.129770992 -60.4503816794 14.2290076336 END
START 12.4713964478 -10.8409451172 7.25921943359 250.129770992 -60.1374045802 8.38167938931 END
START -3.84987626953 -3.18668240967 6.30632717285 250.129770992 -46.9083969466 -2.46564885496 END
START 4.33111080322 -11.7866547729 9.32062706299 250.129770992 -46.5496183206 13.1603053435 END
START 3.46919820557 -10.3118265503 15.8687686035 250.129770992 -45.1374045802 11.4580152672 END
START 0.732625708008 -5.91607230225 11.1474029297 250.129770992 -37.3664122137 6.09923664122 END
START 4.17788189697 -8.31506236572 6.22971271973 250.129770992 -48.3664122137 13.7709923664 END
START -2.08774384766 -9.30147344971 6.12197364502 250.129770992 -46.1832061069 -1.10687022901 END
START 3.25372005615 -8.86572874756 6.64390960693 250.129770992 -46.4885496183 9.68702290076 END
START -0.450109912109 -7.33583388672 6.99585725098 250.129770992 -54.3358778626 5.20610687023 END
START 2.29364519043 -9.44273134766 4.39814844971 250.129770992 -41.2213740458 9.22900763359 END
START 0.16041151123 -10.8960117554 6.16746347656 250.129770992 -47.9618320611 5.35114503817 END
START -1.33596452637 -10.9079827637 13.230358374 250.129770992 -51.0687022901 6.37404580153 END
START 0.646434448242 -3.87621248779 6.2009822998 250.129770992 -53.3740458015 -3.0534351145 END
START 5.51145222168 -8.37012900391 6.93600220947 250.129770992 -57.8702290076 -3.82442748092 END
START 2.96641585693 -12.6940572021 8.84418093262 250.129770992 -61.9618320611 9.83969465649 END
START 4.29280357666 -8.77235488281 9.26316622314 250.129770992 -67.1908396947 5.27480916031 END
START -6.06451280518 -15.0307980225 6.73967767334 250.129770992 -58.2061068702 5.00763358779 END
START -1.22822545166 -10.9151653687 8.53532891846 250.129770992 -72.1526717557 4.1679389313 END
START -1.82917006836 -5.68144053955 9.97903251953 250.129770992 -67.1297709924 5.47328244275 END
START 1.00556469727 -9.69412252197 5.60961448975 250.129770992 -73.7938931298 -1.31297709924 END
START -0.993593688965 -7.32625708008 12.6940572021 250.129770992 -79.534351145 17.358778626 END
START -3.02387669678 -9.23204160156 14.463372229 250.129770992 -70.5877862595 1.99236641221 END
START -3.4428619873 -7.55610043945 11.7435591431 250.129770992 -82.0687022901 -2.84732824427 END
START -2.19787712402 -16.9820723755 12.1338140137 250.129770992 -74.3282442748 11.3053435115 END
START 0.16041151123 -5.90888969727 12.976572998 250.129770992 -88.213740458 4.9465648855 END
START -0.347159240723 -4.06296021729 7.97508572998 250.129770992 -80.3816793893 -3.20610687023 END
START 0.778115539551 -13.6804682861 6.11479104004 250.129770992 -88.7251908397 0.839694656489 END
START -1.62566292725 -8.53054051514 5.4803276001 250.129770992 -73.1145038168 3.0534351145 END
START 8.92797799072 -9.82819781494 6.88572397461 250.129770992 -74.0916030534 14.5572519084 END
START 0.201112939453 -5.92804331055 9.76594857178 250.129770992 -71.5572519084 9.13740458015 END
START -1.26653267822 -10.8672813354 8.68616362305 250.129770992 -78.3664122137 15.7633587786 END