START 0.984016882324 -9.94072529297 9.35893428955 250.129770992 -94.1221374046 8.14503816794 END
START 11.3485158691 -8.03494077148 11.5568114136 250.129770992 -78.5572519084 12.0534351145 END
START -0.0143652099609 -8.01818135986 6.35421120605 250.129770992 -79.9770992366 0.374045801527 END
START 0.15801730957 -11.1474029297 7.32625708008 250.129770992 -82.2213740458 8.36641221374 END
START -3.26569106445 -1.71185418701 5.99747515869 250.129770992 -73.8244274809 11.4809160305 END
START -4.47476290283 -9.64384428711 8.25999572754 250.129770992 -80.5190839695 4.46564885496 END
START -3.88339509277 -10.4866032715 12.3468979614 250.129770992 -84.0076335878 5.25954198473 END
START -2.87064779053 -5.24090743408 8.17141026611 250.129770992 -65.1603053435 2.54961832061 END
START -3.45483299561 -6.90487758789 7.9200190918 250.129770992 -85.0458015267 5.45038167939 END
START 7.92241329346 -12.8879875366 3.89536610107 250.129770992 -95.6641221374 11.5419847328 END
START -6.44040246582 -7.45075556641 8.53772312012 250.129770992 -95.9465648855 7.61832061069 END
START -1.13724578857 -7.99423934326 9.64145008545 250.129770992 -95.9618320611 -1.29007633588 END
START -1.75494981689 -8.22408270264 4.9272670166 250.129770992 -98.5190839695 8.37404580153 END
START 3.72298358154 -18.8351844604 3.77805021973 250.129770992 -107.740458015 9.59541984733 END
START -1.65199914551 -2.11168586426 2.63601602783 250.129770992 -95.9847328244 9.14503816794 END
START 1.49877023926 -9.26795462646 6.89769498291 250.129770992 -105.381679389 9.51908396947 END
START -5.02064088135 -4.65432802734 10.1992990723 250.129770992 -104.152671756 10.5190839695 END
START -5.53778843994 -9.47385596924 3.12682736816 250.129770992 -104.79389313 8.61832061069 END
START 1.37906015625 -13.0268512329 7.6973583374 250.129770992 -104.496183206 2.6106870229 END
START -0.696712683105 -7.97029732666 10.8265799072 250.129770992 -104.854961832 12.9770992366 END
START -0.651222851562 -13.491326355 10.2280294922 250.129770992 -104.061068702 10.9236641221 END
START -0.191536132812 -14.3388737427 7.38611212158 250.129770992 -102.557251908 5.38167938931 END
START -5.61440289307 -10.1178962158 11.9183358643 250.129770992 -104.595419847 8.07633587786 END
START -4.05817181396 -8.40125362549 10.0484643677 250.129770992 -104.977099237 10.9541984733 END
START 1.66636435547 -1.2497732666 7.13711514893 250.129770992 -104.221374046 5.1679389313 END
START -5.14753356934 -7.64708010254 6.44519086914 250.129770992 -103.977099237 11.5572519084 END
START 0.991199487305 -4.94163222656 5.75566079102 250.129770992 -103.625954198 5.20610687023 END
START 6.08845482178 -6.17225187988 9.64384428711 250.129770992 -104.259541985 21.4351145038 END
START 6.37815322266 -11.7675011597 5.65510432129 250.129770992 -103.923664122 8.80152671756 END
START 4.69742365723 -7.78354959717 10.299855542 250.129770992 -104.122137405 4.96183206107 END
START -2.81079274902 -9.63187327881 8.17141026611 250.129770992 -102.427480916 6.99236641221 END
START -1.92014973145 -10.2112700806 5.98789835205 250.129770992 -105.473282443 4.32061068702 END
START 1.62805712891 -10.3644989868 8.48026228027 250.129770992 -104.984732824 5.23664122137 END
START -7.97747993164 -6.18661708984 6.84262834473 250.129770992 -91.5419847328 8.54961832061 END
START -4.21140072021 -7.84340463867 9.88805285645 250.129770992 -105.122137405 8.36641221374 END
START -1.98479317627 -12.4690022461 12.0931125854 250.129770992 -85.0839694656 5.84732824427 END
START 7.13232674561 -16.2374756592 10.2423947021 250.129770992 -78.2900763359 4.07633587786 END
START 9.11472572021 -7.6255322876 8.82981572266 250.129770992 -84.9847328244 7.84732824427 END
START 7.55610043945 -7.99663354492 10.0724063843 250.129770992 -68.9847328244 9.7786259542 END
START 0.550666381836 -6.92403120117 8.77714328613 250.129770992 -64.7404580153 10.5038167939 END
START 4.08450803223 -7.97269152832 4.85065256348 250.129770992 -67.6030534351 8.32061068702 END
START -3.84029946289 -3.62482131348 9.10275471191 250.129770992 -66.0992366412 8.99236641221 END
START -0.701501086426 -3.94564433594 5.38455953369 250.129770992 -61.5267175573 3.67938931298 END
START -0.100556469727 -1.03908352051 8.96389101563 250.129770992 -47.213740458 11.213740458 END
START 9.5241342041 -8.73165345459 3.95282694092 250.129770992 -46.465648855 9.3358778626 END
START 7.71172354736 -8.8872765625 3.87860668945 250.129770992 -51.6335877863 -1.42748091603 END
START 3.52905324707 -10.0652237793 3.6415807251 250.129770992 -46.1526717557 12.0381679389 END
START 2.79882174072 -12.1793038452 6.0932432251 250.129770992 -45.2213740458 7.48091603053 END
START 14.8943285278 -4.11802685547 11.3054202393 250.129770992 -40.0916030534 9.89312977099 END
START 10.0149455444 -12.5312514893 5.48990440674 250.129770992 -29.7251908397 5.93129770992 END
START -1.20907183838 -4.50109912109 9.84974562988 250.129770992 -37.5801526718 1.91603053435 END
START 6.37097061768 -10.1250788208 6.00944616699 250.129770992 -39.9312977099 -1.37404580153 END
START -1.84592947998 -11.532869397 5.97353314209 250.129770992 -32.8320610687 5.01526717557 END
START 1.72382519531 -9.13627353516 4.72375987549 250.129770992 -44.8320610687 -1.29770992366 END
START -3.71580097656 -14.4394302124 6.7540428833 250.129770992 -34.2061068702 13.1450381679 END
START 0.0143652099609 -16.7570174194 9.14345614014 250.129770992 -36.1984732824 2.46564885496 END
START -2.95205064697 -9.95987890625 7.57764825439 250.129770992 -60.5267175573 3.92366412214 END
START -0.603338818359 -10.1131078125 7.24006582031 250.129770992 -49.5267175573 -5.60305343511 END
START 6.78756170654 -15.2702181885 4.8314989502 250.129770992 -55.0916030534 9.95419847328 END
START 0.91458503418 -6.93839641113 2.19069451904 250.129770992 -66.0839694656 -3.32061068702 END