START -2.4396914917 -5.28639726562 5.57848986816 250.129770992 -69.7633587786 5.0 END
START -3.0286651001 -10.3046439453 6.29914456787 250.129770992 -79.2900763359 0.435114503817 END
START 2.78685073242 -10.3836526001 8.95192000732 250.129770992 -67.9923664122 7.59541984733 END
START 1.89381351318 -9.5121631958 5.69580574951 250.129770992 -65.2061068702 5.20610687023 END
START 11.039663855 -9.7467949585 6.85459935303 250.129770992 -68.8549618321 -5.79389312977 END
START 1.07978494873 -8.74841286621 7.11796153564 250.129770992 -66.9770992366 15.9541984733 END
START 7.65665690918 -10.6302553711 8.21211169434 250.129770992 -80.572519084 -0.213740458015 END
START -3.40934316406 -8.79629689941 8.33661018066 250.129770992 -67.9618320611 3.00763358779 END
START -0.727837304687 -5.10922634277 2.54264216309 250.129770992 -71.427480916 2.06106870229 END
START -3.05021291504 -6.31350977783 10.6063133545 250.129770992 -70.1679389313 -2.59541984733 END
START -6.89530078125 -13.8863696289 7.45554396973 250.129770992 -70.9847328244 -3.06106870229 END
START 5.48272180176 -9.66060369873 3.34230551758 250.129770992 -60.9923664122 2.96946564885 END
START -0.588973608398 -9.98621512451 6.52659372559 250.129770992 -59.4885496183 2.26717557252 END
START -4.42448466797 -10.1298672241 10.3429511719 250.129770992 -70.0687022901 1.97709923664 END
START -0.852335791016 -7.07007750244 5.00866987305 250.129770992 -79.6564885496 -2.43511450382 END
START -4.47236870117 -15.3611978516 5.34385810547 250.129770992 -66.3893129771 4.85496183206 END
START 2.52827695312 -7.1203557373 8.61912597656 250.129770992 -62.6488549618 13.4885496183 END
START 7.49385119629 -10.7020814209 5.43483776855 250.129770992 -80.5877862595 8.36641221374 END
START -4.12520946045 -8.48505068359 7.58722506104 250.129770992 -78.9541984733 10.9312977099 END
START -1.32159931641 -9.54328781738 5.76763179932 250.129770992 -99.3435114504 9.48854961832 END
START 2.04464821777 -9.4642791626 7.85298144531 250.129770992 -94.7480916031 1.16030534351 END
START -1.03190091553 -4.61123239746 5.74129558105 250.129770992 -103.832061069 16.4045801527 END
START 4.10366164551 -6.41406624756 8.46589707031 250.129770992 -97.1832061069 10.358778626 END
START 1.15639940186 -10.2016932739 7.48666859131 250.129770992 -94.1755725191 3.6106870229 END
START 4.63756861572 -8.5568767334 13.3093670288 250.129770992 -97.8091603053 11.0229007634 END
START 0.598550415039 -11.8345388062 11.2024695679 250.129770992 -100.473282443 7.36641221374 END
START 1.54665427246 -3.3710359375 4.98233365479 250.129770992 -104.267175573 7.76335877863 END
START -2.79642753906 -9.4283661377 5.55454785156 250.129770992 -106.435114504 19.2061068702 END
START -2.91134921875 -10.7164466309 4.0318355957 250.129770992 -104.099236641 17.0305343511 END
START 6.68939943848 -12.0452285522 6.00705196533 250.129770992 -98.213740458 5.97709923664 END
START 0.945709655762 -1.8866309082 8.73165345459 250.129770992 -104.526717557 9.98473282443 END
START 3.50989963379 -9.8425630249 8.22887110596 250.129770992 -104.145038168 1.03816793893 END
START 3.99113416748 -3.31836350098 6.07169541016 250.129770992 -104.091603053 -2.86259541985 END
START 5.40371314697 -10.0029745361 6.66785162354 250.129770992 -103.893129771 10.4351145038 END
START 4.98712205811 -9.30147344971 10.553640918 250.129770992 -97.5038167939 -0.030534351145 END
START 4.09887324219 -5.83227524414 13.0076976196 250.129770992 -94.6488549618 12.3969465649 END
START 7.07486590576 -6.94318481445 7.86495245361 250.129770992 -87.2977099237 10.7557251908 END
START 6.21055910645 -11.9949503174 9.66299790039 250.129770992 -86.5954198473 8.87786259542 END
START 4.16591088867 -18.1887500122 12.9334773682 250.129770992 -85.7099236641 4.45038167939 END
START -1.00795889893 -16.922217334 8.19535228271 250.129770992 -78.5114503817 6.63358778626 END
START 7.2951324585 -8.80826790771 7.69017573242 250.129770992 -68.6717557252 7.45801526718 END
START 2.35110603027 -14.1257897949 9.75158336182 250.129770992 -69.0610687023 4.68702290076 END
START 7.22091220703 -3.24174904785 13.6086422363 250.129770992 -78.2671755725 14.0458015267 END
START 5.27921466064 -12.7850368652 9.70609353027 250.129770992 -80.8396946565 8.48854961832 END
START 3.84987626953 -10.3692873901 8.97586202393 250.129770992 -62.0916030534 10.0381679389 END
START -3.42610257568 -8.88967076416 10.4961800781 250.129770992 -60.9465648855 4.09160305344 END
START 3.2992098877 -9.39484731445 11.4035825073 250.129770992 -59.6106870229 16.8320610687 END
START 4.86022937012 -6.07648381348 14.4992852539 250.129770992 -46.9083969466 9.6106870229 END
START 0.981622680664 -7.03177027588 10.7140524292 250.129770992 -43.1755725191 8.8320610687 END
START 3.76847341309 -14.3915461792 11.0660000732 250.129770992 -48.0076335878 2.82442748092 END
START -4.22097752686 -8.79390269775 5.70059415283 250.129770992 -46.534351145 4.40458015267 END
START -1.84832368164 -5.86818826904 5.87776507568 250.129770992 -60.1984732824 1.77099236641 END
START 4.75009609375 -9.63187327881 5.48511600342 250.129770992 -52.7175572519 7.71755725191 END
START 4.83628735352 -10.4818148682 3.34230551758 250.129770992 -39.8625954198 4.52671755725 END
START 0.416591088867 -14.223952063 9.19612857666 250.129770992 -43.4351145038 10.6183206107 END
START -0.15322890625 -11.2383825928 10.2400005005 250.129770992 -48.8854961832 19.3664122137 END
START 1.20907183838 -11.659762085 9.10036051025 250.129770992 -52.3282442748 15.7175572519 END
START -0.873883605957 -5.32949289551 8.59039555664 250.129770992 -49.0534351145 4.57251908397 END
START 1.2018892334 -12.0667763672 5.62158549805 250.129770992 -53.3969465649 7.51145038168 END
START 1.66397015381 -2.75572611084 6.97909783936 250.129770992 -50.0076335878 11.8625954198 END
START -4.96796844482 -0.76614453125 6.13633885498 250.129770992 -49.9618320611 -4.59541984733 END
START -8.08282480469 -14.5184388672 3.45243879395 250.129770992 -77.9694656489 6.03816793893 END
START 0.517147558594 -9.61511386719 11.2479593994 250.129770992 -72.0305343511 3.22900763359 END
START -4.94163222656 -10.9869914185 14.9829139893 250.129770992 -78.2442748092 0.916030534351 END
START -1.61848032227 -6.65348641357 2.03267720947 250.129770992 -72.2748091603 8.25954198473 END
START 1.58974990234 -14.2526824829 7.49385119629 250.129770992 -79.0687022901 8.00763358779 END
START -2.94007963867 -8.84178673096 6.74686027832 250.129770992 -89.786259542 7.62595419847 END
START 1.14203419189 -11.7459533447 5.65271011963 250.129770992 -84.0687022901 3.11450381679 END
START -4.44603248291 -14.5280156738 7.3669585083 250.129770992 -79.7633587786 4.83969465649 END
START -1.2378022583 -2.94486804199 12.0308633423 250.129770992 -87.9083969466 3.28244274809 END
START 0.110133276367 -10.046070166 7.97029732666 250.129770992 -82.0839694656 3.45038167939 END
START -3.924096521 -5.46356818848 16.3404263306 250.129770992 -83.3893129771 6.08396946565 END
START -0.76614453125 -10.4387192383 6.26323154297 250.129770992 -84.3053435115 0.297709923664 END
START 0.258573779297 -8.334215979 5.30315667725 250.129770992 -72.6946564885 6.21374045802 END
START -1.96803376465 -8.40364782715 6.44279666748 250.129770992 -79.427480916 4.87786259542 END