START 10.5847655396 -10.8193973022 4.77643231201 250.129770992 -104.244274809 8.37404580153 END
START 2.31519300537 -14.2000100464 5.95198532715 250.129770992 -101.358778626 15.5419847328 END
START 4.81713374023 -9.34456907959 7.54173522949 250.129770992 -103.984732824 4.28244274809 END
START -0.883460412598 -7.06768330078 4.8314989502 250.129770992 -98.7480916031 10.5572519084 END
START 8.77714328613 -5.7867854126 8.73644185791 250.129770992 -104.511450382 9.64122137405 END
START 0.622492431641 -7.53455262451 9.06444748535 250.129770992 -86.7175572519 4.0534351145 END
START 3.16513459473 -7.76200178223 6.42843145752 250.129770992 -104.709923664 5.97709923664 END
START 7.05092388916 -11.166556543 7.16584556885 250.129770992 -104.229007634 3.59541984733 END
START 6.12676204834 -7.76200178223 9.61511386719 250.129770992 -104.702290076 -3.60305343511 END
START 1.30005150146 -7.84579884033 9.59596025391 250.129770992 -105.503816794 10.4427480916 END
START 6.00465776367 -8.6406737915 8.55448253174 250.129770992 -105.480916031 3.81679389313 END
START 2.38941325684 -13.1345903076 11.6932809082 250.129770992 -104.053435115 4.13740458015 END
START -0.737414111328 -12.7156050171 11.9374894775 250.129770992 -104.404580153 5.90076335878 END
START 9.01177504883 -11.0348754517 12.8377093018 250.129770992 -104.86259542 -3.60305343511 END
START -1.89381351318 -13.0172744263 5.81791003418 250.129770992 -103.938931298 3.78625954198 END
START 2.35828863525 -9.97663831787 5.79396801758 250.129770992 -89.465648855 11.572519084 END
START 6.10760843506 -10.2878845337 8.49702169189 250.129770992 -79.2671755725 -1.90839694656 END
START 9.97903251953 -10.419565625 14.3316911377 250.129770992 -78.2290076336 6.77099236641 END
START 6.65588061523 -7.07726010742 10.2016932739 250.129770992 -81.320610687 12.0992366412 END
START -0.730231506348 -12.2295820801 6.12197364502 250.129770992 -66.0687022901 -0.0610687022901 END
START 6.30872137451 -3.60087929687 12.2104284668 250.129770992 -64.9236641221 8.9465648855 END
START 3.41173736572 -4.73094248047 14.5375924805 250.129770992 -50.8167938931 -2.0 END
START -0.943315454102 -8.11873782959 10.9438957886 250.129770992 -55.9236641221 10.358778626 END
START -2.22660754395 -9.94311949463 4.26407315674 250.129770992 -57.8015267176 10.3511450382 END
START -3.35427652588 -13.1681091309 5.09964953613 250.129770992 -52.9083969466 1.97709923664 END
START -3.08133753662 -10.9893856201 4.99430466309 250.129770992 -43.8015267176 -2.0 END
START 9.68454571533 -13.7834189575 7.22570061035 250.129770992 -42.3053435115 6.97709923664 END
START -3.93367332764 -10.6470147827 7.82185682373 250.129770992 -46.3129770992 6.54961832061 END
START -9.29189664307 -0.272938989258 2.94965644531 250.129770992 -37.641221374 -1.2213740458 END
START 2.96162745361 -19.606117395 11.9111532593 250.129770992 -33.1221374046 -2.07633587786 END
START -2.83234056396 -6.03817658691 5.77002600098 250.129770992 -42.5801526718 8.6106870229 END
START -2.20745393066 -15.4330239014 12.6078659424 250.129770992 -38.4809160305 0.137404580153 END
START 4.37660063477 -7.58483085937 4.64235701904 250.129770992 -45.0992366412 5.11450381679 END
START -0.507570751953 -6.01662877197 7.24964262695 250.129770992 -45.0458015267 9.12213740458 END
START -0.938527050781 -9.00938084717 4.64953962402 250.129770992 -37.9923664122 6.12213740458 END
START -2.66235224609 -9.13148513184 5.51145222168 250.129770992 -45.0 0.580152671756 END
START 6.11479104004 -9.19612857666 11.0995188965 250.129770992 -48.3740458015 5.58778625954 END
START -1.68312376709 -8.82263311768 8.07324799805 250.129770992 -51.9923664122 -3.99236641221 END
START -2.31519300537 -12.7395470337 12.0476227539 250.129770992 -48.0152671756 1.84732824427 END
START -7.34541069336 -9.29189664307 5.65271011963 250.129770992 -46.106870229 -2.18320610687 END
START 0.531512768555 -13.6948334961 4.42927307129 250.129770992 -66.2519083969 5.53435114504 END
START -1.06541973877 -8.07324799805 6.02859978027 250.129770992 -64.320610687 -1.21374045802 END
START -0.809240161133 -8.86572874756 5.48751020508 250.129770992 -77.2442748092 13.358778626 END
START 3.70861837158 -6.31111557617 7.52976422119 250.129770992 -80.1221374046 -0.954198473282 END
START 1.78128603516 -4.46279189453 5.95916793213 250.129770992 -84.4122137405 13.1984732824 END
START 0.29927520752 -10.8026378906 6.42843145752 250.129770992 -80.9770992366 8.85496183206 END
START -4.69742365723 -15.3635920532 1.73340200195 250.129770992 -97.1145038168 9.43511450382 END
START 3.87142408447 -4.48912811279 8.43716665039 250.129770992 -86.6641221374 11.641221374 END
START 3.68467635498 -6.4236430542 6.23689532471 250.129770992 -84.8854961832 -3.19083969466 END
START -1.78846864014 -11.8105967896 8.41322463379 250.129770992 -97.0076335878 4.40458015267 END
START -1.7908628418 -10.0317049561 6.14830986328 250.129770992 -103.34351145 11.7786259542 END
START 1.39342536621 -9.53131680908 5.71495936279 250.129770992 -103.93129771 7.07633587786 END
START 2.01352359619 -8.60954916992 8.61433757324 250.129770992 -97.6946564885 8.71755725191 END
START 1.25935007324 -4.52982954102 10.9223479736 250.129770992 -102.625954198 7.12213740458 END
START -2.02549460449 -12.3732341797 6.94079061279 250.129770992 -91.320610687 11.6717557252 END
START -1.472434021 -7.7093293457 9.13627353516 250.129770992 -100.221374046 3.90076335878 END
START -1.17076461182 -9.29907924805 3.35188232422 250.129770992 -96.8549618321 1.69465648855 END
START 1.66157595215 -11.7627127563 8.77474908447 250.129770992 -104.938931298 0.854961832061 END
START 1.44609780273 -11.0875478882 3.20344182129 250.129770992 -99.0305343511 8.49618320611 END
START 10.6757452026 -12.6150485474 13.48414375 250.129770992 -100.34351145 -2.64885496183 END
START -1.70706578369 -12.6413847656 6.84023414307 250.129770992 -87.8320610687 3.27480916031 END
START 9.81143840332 -9.03092866211 9.16260975342 250.129770992 -104.557251908 -3.90839694656 END
START 0.821211169434 -6.48110389404 6.90487758789 250.129770992 -90.465648855 6.71755725191 END
START 7.62313808594 -13.0603700562 4.30956298828 250.129770992 -90.0076335878 5.29770992366 END
START 7.07726010742 -15.3037370117 11.6501852783 250.129770992 -87.4885496183 14.358778626 END
START 4.82192214355 -7.6614453125 7.71651195068 250.129770992 -88.8473282443 8.90839694656 END
START 3.74453139648 -14.4274592041 9.73242974854 250.129770992 -75.8015267176 9.45801526718 END
START 3.51947644043 -9.2057053833 9.06205328369 250.129770992 -70.6870229008 6.67175572519 END
START 3.93367332764 -10.4315366333 1.00317049561 250.129770992 -63.2824427481 9.76335877863 END
START 6.91206019287 -7.26400783691 13.1561381226 250.129770992 -61.3282442748 9.99236641221 END
START 3.52426484375 -10.3118265503 7.39568892822 250.129770992 -68.0076335878 7.68702290076 END
START 3.48835181885 -6.94557901611 14.8344734863 250.129770992 -60.8549618321 15.3969465649 END
START 7.71172354736 -9.70848773193 5.26006104736 250.129770992 -58.4809160305 5.51908396947 END
START -3.56736047363 -1.65439334717 3.69904156494 250.129770992 -61.4885496183 5.80152671756 END
START 7.17781657715 -8.0038161499 8.49223328857 250.129770992 -75.1984732824 4.31297709924 END
START 4.6686932373 -6.64151540527 8.05888278809 250.129770992 -70.1374045802 7.18320610687 END
START 0.75896192627 -7.71172354736 7.3310454834 250.129770992 -70.4732824427 5.28244274809 END
START 0.3064578125 -8.28154354248 8.65743320312 250.129770992 -70.0839694656 10.2061068702 END
START -5.10443793945 -15.5718875977 13.5679408081 250.129770992 -66.8167938931 6.1679389313 END
START -0.203507141113 -9.56483563232 10.2256352905 250.129770992 -68.8778625954 10.2595419847 END
START 6.42843145752 -9.31823286133 9.63905588379 250.129770992 -65.3740458015 4.0 END
START -8.32463917236 -10.5751887329 6.99346304932 250.129770992 -63.1755725191 5.74045801527 END
START 3.55538946533 -10.0700121826 9.67018050537 250.129770992 -61.3893129771 10.8473282443 END
START -4.25928475342 -2.77727392578 8.85854614258 250.129770992 -55.1145038168 5.40458015267 END