START -0.0263362182617 -9.00459244385 7.40765993652 250.129770992 -87.4351145038 5.11450381679 END
START -2.7940333374 -8.99980404053 7.62313808594 250.129770992 -105.251908397 3.08396946565 END
START 8.51617530518 -2.60728560791 7.3190744751 250.129770992 -89.7175572519 10.3358778626 END
START -1.73100780029 -4.2664673584 7.92959589844 250.129770992 -105.992366412 8.93893129771 END
START -2.75572611084 -16.4409828003 7.13711514893 250.129770992 -93.1755725191 1.0534351145 END
START 0.634463439941 -6.20816490479 5.60961448975 250.129770992 -100.679389313 9.29007633588 END
START -0.409408483887 -12.5911065308 10.4626612549 250.129770992 -101.564885496 -0.312977099237 END
START -0.275333190918 -10.8529161255 11.9303068726 250.129770992 -103.946564885 14.5190839695 END
START 1.81959326172 -11.3892172974 6.22731851807 250.129770992 -96.2519083969 -5.22900763359 END
START -1.13245738525 -5.73411297607 5.98071574707 250.129770992 -93.4809160305 6.09160305344 END
START -1.95366855469 -4.26407315674 6.81150372314 250.129770992 -91.2442748092 -2.67938931298 END
START -1.33835872803 -10.5943423462 10.8098204956 250.129770992 -103.687022901 7.09160305344 END
START 6.4475850708 -3.4069489624 7.92720169678 250.129770992 -98.1908396947 11.3282442748 END
START 10.7978494873 -10.0700121826 7.53455262451 250.129770992 -90.320610687 9.03816793893 END
START 4.90811340332 -6.11239683838 4.54419475098 250.129770992 -88.4198473282 7.20610687023 END
START 0.15322890625 -9.12909093018 11.2455651978 250.129770992 -72.0229007634 13.1526717557 END
START 8.36773480225 -11.5065331787 8.51138690186 250.129770992 -65.786259542 14.4351145038 END
START -0.375889660645 -8.63827958984 7.69975253906 250.129770992 -62.5496183206 6.83969465649 END
START 2.63122762451 -11.398794104 10.1466266357 250.129770992 -71.0229007634 8.64885496183 END
START 4.5609541626 -0.572214196777 10.307038147 250.129770992 -66.8778625954 4.32824427481 END
START -3.0166940918 -9.85932243652 6.57926616211 250.129770992 -76.3893129771 11.465648855 END
START -1.2138602417 -7.58004245605 7.42202514648 250.129770992 -70.6641221374 -3.81679389313 END
START 1.74776721191 -7.77157858887 9.76355437012 250.129770992 -62.0305343511 3.89312977099 END
START -4.91050760498 -10.8648871338 6.76840809326 250.129770992 -58.5877862595 -2.39694656489 END
START -3.29681568604 -2.1212626709 6.60560238037 250.129770992 -60.9236641221 0.320610687023 END
START 3.96958635254 -11.3102086426 5.63834490967 250.129770992 -50.8396946565 11.5648854962 END
START -1.22104284668 -10.8720697388 9.72285294189 250.129770992 -48.0 12.534351145 END
START -2.7940333374 -10.2519715088 7.9319901001 250.129770992 -50.8244274809 -1.82442748092 END
START 8.40843623047 -2.81558115234 10.7140524292 250.129770992 -51.9160305344 -4.93129770992 END
START 4.28083256836 -6.59363137207 6.742071875 250.129770992 -57.9694656489 3.82442748092 END
START 0.407014282227 -17.1807911133 8.61194337158 250.129770992 -52.3358778626 -1.61832061069 END
START -2.80121594238 -8.26717833252 11.0612116699 250.129770992 -46.6870229008 5.3358778626 END
START 5.32949289551 -5.07570751953 10.1250788208 250.129770992 -47.8854961832 5.96946564885 END
START 4.10845004883 -11.384428894 3.16752879639 250.129770992 -53.4045801527 7.2213740458 END
START -4.79558592529 -9.47146176758 9.99818613281 250.129770992 -53.5190839695 0.129770992366 END
START 10.5991307495 -9.22485899658 7.34541069336 250.129770992 -55.6717557252 9.3893129771 END
START -0.423773693848 -14.3460563477 7.87931766357 250.129770992 -50.2595419847 4.12977099237 END
START -2.47081611328 -7.26879624023 7.9559321167 250.129770992 -68.1297709924 6.58778625954 END
START -0.373495458984 -10.0819831909 6.95755002441 250.129770992 -58.0534351145 5.90076335878 END
START 3.09091434326 -11.1785275513 10.3429511719 250.129770992 -62.8702290076 4.00763358779 END
START -4.07253702393 -4.18506450195 5.54497104492 250.129770992 -62.8702290076 10.2061068702 END
START -6.73967767334 -15.4713311279 7.38371791992 250.129770992 -77.0076335878 -1.25954198473 END
START -2.05183082275 -2.95444484863 10.4985742798 250.129770992 -75.1832061069 -1.68702290076 END
START -1.05823713379 -12.8209498901 10.0101571411 250.129770992 -84.9847328244 0.190839694656 END
START 7.21372960205 -5.85382305908 5.32231029053 250.129770992 -87.5038167939 4.68702290076 END
START 2.85867678223 -6.57687196045 4.3023803833 250.129770992 -82.4503816794 9.32061068702 END
START 7.49145699463 -11.5137157837 8.67898101807 250.129770992 -85.5496183206 -1.42748091603 END
START -3.12682736816 -13.1752917358 6.12436784668 250.129770992 -89.1984732824 -3.60305343511 END
START 2.57137258301 -9.60314285889 2.86825358887 250.129770992 -90.6183206107 13.1832061069 END
START -0.239420166016 -10.2902787354 7.35019909668 250.129770992 -106.847328244 10.7251908397 END
START 1.52510645752 -7.23767161865 3.94564433594 250.129770992 -98.1526717557 4.0534351145 END
START -3.10527955322 -9.99339772949 10.8864349487 250.129770992 -90.5954198473 6.6106870229 END
START 1.28329208984 -11.5831476318 2.4995465332 250.129770992 -101.786259542 1.93893129771 END
START -2.08295544434 -11.2695072144 3.63200391846 250.129770992 -104.961832061 5.39694656489 END
START -3.90733710937 -12.0811415771 8.67898101807 250.129770992 -92.4885496183 -3.57251908397 END
START -0.344765039063 -8.6167317749 7.3190744751 250.129770992 -91.3740458015 1.6641221374 END
START 1.63763393555 -6.39012423096 6.4834980957 250.129770992 -82.2290076336 0.0916030534351 END
START 3.22498963623 -15.5599165894 7.85776984863 250.129770992 -81.3893129771 -1.34351145038 END
START 2.91134921875 -12.6270195557 5.71974776611 250.129770992 -75.9236641221 0.145038167939 END
START 7.54652363281 -13.2973960205 7.44357296143 250.129770992 -76.1679389313 6.12977099237 END
START 7.99663354492 -8.04930598145 7.23527741699 250.129770992 -72.641221374 7.64122137405 END
START 4.94402642822 -12.6772977905 5.86339986572 250.129770992 -70.5954198473 10.5419847328 END
START -1.19710083008 -15.1026240723 6.8019269165 250.129770992 -66.572519084 -3.92366412214 END
START 0.981622680664 -11.3556984741 3.79002122803 250.129770992 -66.9541984733 -4.51145038168 END
START -0.588973608398 -11.8177793945 11.2431709961 250.129770992 -57.6641221374 11.6488549618 END
START -1.29526309814 -8.01339295654 4.81952794189 250.129770992 -64.1984732824 10.3435114504 END
START 11.1809217529 -11.9446720825 9.93114848633 250.129770992 -69.6564885496 2.25954198473 END
START 4.97275684814 -10.7116582275 11.152191333 250.129770992 -71.5572519084 11.7557251908 END
START 4.47236870117 -6.04535919189 6.31111557617 250.129770992 -68.2290076336 -1.77099236641 END
START -5.81551583252 -9.96706151123 5.74129558105 250.129770992 -61.0687022901 15.7709923664 END
START 0.260967980957 -7.23527741699 5.7867854126 250.129770992 -66.1221374046 3.09923664122 END
START 6.04535919189 -10.6613799927 11.2982376343 250.129770992 -76.2671755725 6.54961832061 END
START -3.26808526611 -4.68066424561 4.9751510498 250.129770992 -68.4580152672 8.32061068702 END
START 0.438138903809 -12.0643821655 9.00938084717 250.129770992 -65.6641221374 -2.39694656489 END
START 0.141257897949 -12.0428343506 11.9111532593 250.129770992 -68.2519083969 5.86259541985 END
START -1.58974990234 -9.69651672363 9.36132849121 250.129770992 -64.6259541985 2.13740458015 END
START -7.45554396973 -12.9550251831 8.25520732422 250.129770992 -67.6183206107 7.48091603053 END
START 0.375889660645 -8.9351605957 6.84981094971 250.129770992 -71.9465648855 0.0687022900763 END