START -3.31596929932 -3.17471140137 5.69101734619 250.129770992 -105.396946565 14.0687022901 END
START 5.02542928467 -7.59919606934 9.06444748535 250.129770992 -104.519083969 8.47328244275 END
START -2.64798703613 -11.5568114136 6.04057078857 250.129770992 -96.8091603053 10.5572519084 END
START -0.416591088867 -6.41406624756 11.3963999023 250.129770992 -89.0916030534 3.41221374046 END
START 0.469263525391 -15.195997937 8.58800135498 250.129770992 -97.6870229008 13.4885496183 END
START 2.62404501953 -13.1968395508 9.1578213501 250.129770992 -104.778625954 4.2213740458 END
START 3.02627089844 3.6176387085 14.9134821411 250.129770992 -104.374045802 7.36641221374 END
START -4.27604416504 -6.25844313965 8.71249984131 250.129770992 -102.41221374 22.1221374046 END
START -3.80678063965 -6.61039078369 9.17936916504 250.129770992 -104.297709924 7.13740458015 END
START 1.20907183838 -8.14028564453 11.6430026733 250.129770992 -97.427480916 -0.236641221374 END
START 7.53455262451 -6.92163699951 3.19625921631 250.129770992 -89.1603053435 -2.04580152672 END
START 0.861912597656 -14.5998417236 4.9631800415 250.129770992 -79.8473282443 7.90076335878 END
START 5.94719692383 -8.93276639404 7.26161363525 250.129770992 -74.6564885496 4.72519083969 END
START 2.24097275391 -6.77080229492 9.69172832031 250.129770992 -72.9465648855 -0.0458015267176 END
START 1.59693250732 -7.96311472168 14.0012913086 250.129770992 -70.2671755725 -0.580152671756 END
START 0.629675036621 -9.41639512939 15.7490585205 250.129770992 -57.1145038168 -3.08396946565 END
START 4.95839163818 -7.34062229004 10.1969048706 250.129770992 -56.0076335878 4.06106870229 END
START -2.27688577881 -9.99339772949 10.6039191528 250.129770992 -57.4122137405 3.9465648855 END
START -0.442927307129 -12.3205617432 10.4889974731 250.129770992 -46.0152671756 4.98473282443 END
START 3.6056677002 -18.4736600098 13.0507932495 250.129770992 -47.7938931298 7.19083969466 END
START 0.402225878906 -11.3724578857 11.5424462036 250.129770992 -47.9083969466 15.4198473282 END
START 2.79642753906 -8.91361278076 14.4059113892 250.129770992 -48.2061068702 3.22900763359 END
START -0.720654699707 -13.3141554321 12.0859299805 250.129770992 -41.8473282443 -3.6641221374 END
START -1.43652099609 -11.0755768799 8.59039555664 250.129770992 -43.2213740458 5.19847328244 END
START -3.90254870605 -10.8457335205 12.497732666 250.129770992 -42.2442748092 7.03816793893 END
START 3.82114584961 -12.6150485474 10.2878845337 250.129770992 -50.4427480916 9.16030534351 END
START 5.21935961914 -6.35660540771 9.68693991699 250.129770992 -37.3511450382 -2.47328244275 END
START -0.0957680664062 -9.04768807373 7.59201346436 250.129770992 -34.8396946565 10.7022900763 END
START -6.0812722168 -11.6334258667 4.44603248291 250.129770992 -31.0992366412 4.19847328244 END
START -3.52905324707 -8.35576379395 4.18506450195 250.129770992 -36.358778626 2.85496183206 END
START -1.41976158447 -9.29907924805 4.88177718506 250.129770992 -40.6946564885 10.4045801527 END
START -7.86495245361 -9.20091697998 7.89847127686 250.129770992 -38.2213740458 1.63358778626 END
START -1.25695587158 -4.69263525391 14.8081372681 250.129770992 -41.6183206107 5.09160305344 END
START -2.62883342285 -10.1011368042 5.02782348633 250.129770992 -55.8778625954 10.4503816794 END
START -5.2217538208 -7.22570061035 3.28723887939 250.129770992 -52.4732824427 -3.73282442748 END
START -2.45405670166 -8.81305631104 6.76361968994 250.129770992 -48.7786259542 0.259541984733 END
START -0.368707055664 -8.29351455078 7.16345136719 250.129770992 -58.0152671756 9.98473282443 END
START 1.89141931152 -13.5942770264 8.07324799805 250.129770992 -59.5572519084 8.34351145038 END
START -4.27364996338 -6.86896456299 8.65025059814 250.129770992 -60.7022900763 11.8549618321 END
START 2.51630594482 -12.0811415771 7.92480749512 250.129770992 -70.534351145 5.57251908397 END
START 2.22660754395 -9.22485899658 10.4722380615 250.129770992 -69.0687022901 8.04580152672 END
START 2.17872351074 -8.22408270264 8.73644185791 250.129770992 -77.3435114504 7.03053435115 END
START 2.46842191162 -11.159373938 6.22013591309 250.129770992 -79.213740458 5.57251908397 END
START -0.622492431641 -7.77876119385 7.60398447266 250.129770992 -82.106870229 9.50381679389 END
START -0.263362182617 -12.1769096436 6.56011254883 250.129770992 -83.427480916 0.801526717557 END
START -0.421379492187 -10.6254669678 7.40765993652 250.129770992 -83.7557251908 6.19847328244 END
START 2.51870014648 -10.5632177246 8.57124194336 250.129770992 -93.3664122137 -3.62595419847 END
START 0.0598550415039 -12.2750719116 7.91044228516 250.129770992 -91.213740458 -1.97709923664 END
START -1.61369191895 -11.4347071289 9.65581529541 250.129770992 -96.8702290076 2.47328244275 END
START -0.811634362793 -3.7253777832 7.35019909668 250.129770992 -89.0916030534 7.79389312977 END
START -1.05344873047 -16.3763393555 7.27358464355 250.129770992 -97.3969465649 -1.42748091603 END
START 10.7810900757 -11.9638256958 6.55532414551 250.129770992 -96.3740458015 1.17557251908 END
START 0.782903942871 -12.6533557739 13.8001783691 250.129770992 -93.2290076336 3.17557251908 END
START -0.45250411377 -10.8744639404 8.8872765625 250.129770992 -96.8702290076 4.7786259542 END
START 4.49152231445 -11.7770779663 6.27041414795 250.129770992 -100.641221374 8.12213740458 END
START 0.241814367676 -14.2478940796 6.13633885498 250.129770992 -94.6335877863 8.89312977099 END
START 5.59524927979 -7.80030900879 4.53940634766 250.129770992 -88.2290076336 2.19083969466 END
START -0.653617053223 -5.99986936035 6.7779848999 250.129770992 -96.2213740458 -3.64885496183 END
START 5.19541760254 -10.158597644 7.3071034668 250.129770992 -94.893129771 4.51908396947 END
START 6.50504591064 -5.60482608643 4.60165559082 250.129770992 -81.7251908397 0.412213740458 END
START -1.5322890625 -11.0037508301 8.45392606201 250.129770992 -100.519083969 3.96946564885 END
START 2.66953485107 -13.3189438354 8.43237824707 250.129770992 -88.0992366412 5.90839694656 END
START 9.4642791626 -3.92649072266 11.1162783081 250.129770992 -80.7786259542 -2.42748091603 END
START -0.632069238281 -10.8960117554 9.08120689697 250.129770992 -93.6335877863 -0.885496183206 END
START 1.69988317871 -8.94952580566 7.53455262451 250.129770992 -78.7709923664 2.41984732824 END
START 8.82981572266 -15.6293484375 5.36301171875 250.129770992 -76.9389312977 7.77099236641 END
START 1.95606275635 -10.158597644 9.58398924561 250.129770992 -73.8702290076 5.14503816794 END
START 5.90170709229 -14.5064678589 5.26245524902 250.129770992 -86.106870229 7.06106870229 END
START -2.93768543701 -12.2080342651 6.79235010986 250.129770992 -81.3358778626 20.6946564885 END
START 8.5089927002 -11.0875478882 5.29357987061 250.129770992 -72.8320610687 6.26717557252 END
START 3.25850845947 -13.1968395508 9.36132849121 250.129770992 -78.6717557252 -3.29007633588 END
START 1.27610948486 -12.5863181274 8.63109698486 250.129770992 -65.0839694656 -0.267175572519 END
START -4.04141240234 -6.98149204102 3.3470939209 250.129770992 -66.3816793893 9.64885496183 END
START 5.92086070557 -9.11711992188 7.88889447021 250.129770992 -70.3129770992 -2.93893129771 END
START -0.60573302002 -9.84735142822 13.0316396362 250.129770992 -70.0763358779 11.0763358779 END
START 3.13400997314 -5.26724365234 6.10282003174 250.129770992 -74.9007633588 9.60305343511 END
START -4.9751510498 -9.49779798584 7.67820472412 250.129770992 -68.7786259542 2.96183206107 END
START -7.98945093994 -11.9710083008 6.61039078369 250.129770992 -76.0381679389 11.5190839695 END
START 8.3222449707 -10.9845972168 8.60236656494 250.129770992 -78.5877862595 10.1679389313 END
START 1.85790048828 -8.74362446289 6.27041414795 250.129770992 -71.0152671756 4.96946564885 END
START -0.423773693848 -10.2950671387 6.16028087158 250.129770992 -72.8778625954 0.93893129771 END
START -2.02788880615 -11.0779710815 8.29590875244 250.129770992 -65.7404580153 5.15267175573 END
START -0.588973608398 -12.0212865356 2.8299463623 250.129770992 -62.2595419847 0.0763358778626 END