START 2.92571442871 -10.778695874 10.0125513428 250.129770992 -87.0229007634 4.03816793893 END
START 4.54658895264 -8.47068547363 5.882553479 250.129770992 -89.4198473282 8.01526717557 END
START 0.045489831543 -12.6940572021 6.07887801514 250.129770992 -88.0534351145 2.67938931298 END
START -4.59926138916 -11.7938373779 10.9008001587 250.129770992 -91.6030534351 -4.93129770992 END
START 0.474051928711 -8.34858118896 9.93833109131 250.129770992 -98.2061068702 5.59541984733 END
START 0.263362182617 -11.4993505737 7.12514414062 250.129770992 -99.4351145038 7.35114503817 END
START 0.612915625 -7.84101043701 6.6822168335 250.129770992 -92.4580152672 4.35114503817 END
START 7.42202514648 -12.7706716553 5.04697709961 250.129770992 -95.3893129771 7.3893129771 END
START 6.7660138916 -11.525686792 9.20091697998 250.129770992 -106.282442748 2.02290076336 END
START 8.2623899292 -12.1912748535 7.65186850586 250.129770992 -97.7404580153 2.56488549618 END
START 2.64798703613 -10.2519715088 5.43723197021 250.129770992 -104.572519084 1.74809160305 END
START 9.48103857422 -6.53856473389 0.778115539551 250.129770992 -98.8473282443 5.98473282443 END
START 5.23133062744 -10.2136642822 6.74925447998 250.129770992 -104.435114504 8.89312977099 END
START 3.52905324707 -13.6445552612 7.63271489258 250.129770992 -104.458015267 9.90839694656 END
START 5.21935961914 -3.64397492676 3.20823022461 250.129770992 -102.351145038 1.28244274809 END
START 4.48912811279 -14.0372043335 6.89051237793 250.129770992 -94.2900763359 3.96946564885 END
START -1.46525141602 -10.3764699951 8.20732329102 250.129770992 -97.9083969466 8.00763358779 END
START 2.53067115479 -10.0293107544 6.01902297363 250.129770992 -100.312977099 14.5877862595 END
START 1.60650931396 -11.4514665405 15.5096383545 250.129770992 -105.083969466 1.40458015267 END
START 7.6614453125 -16.0363627197 14.5088620605 250.129770992 -104.167938931 6.51145038168 END
START 8.59518395996 -10.5344873047 13.6469494629 250.129770992 -105.145038168 5.74045801527 END
START -0.584185205078 -8.23365950928 7.19457598877 250.129770992 -104.030534351 -3.54961832061 END
START 4.537012146 -13.5847002197 5.50666381836 250.129770992 -89.5267175573 5.99236641221 END
START 3.7373487915 -5.57370146484 9.34696328125 250.129770992 -78.4961832061 17.1221374046 END
START 1.19231242676 -10.4435076416 7.95832631836 250.129770992 -86.0458015267 16.2748091603 END
START 2.71502468262 -11.2431709961 10.7667248657 250.129770992 -71.9465648855 4.00763358779 END
START 5.04218869629 -8.93276639404 5.65989272461 250.129770992 -69.641221374 3.16030534351 END
START 2.21224233398 -9.98860932617 7.91762489014 250.129770992 -60.5496183206 2.03816793893 END
START 7.39568892822 -8.5927897583 8.81066210937 250.129770992 -70.0916030534 10.2061068702 END
START 4.95599743652 -3.86902988281 11.4682259521 250.129770992 -61.3511450382 5.76335877863 END
START -10.3597105835 -12.0548053589 10.546458313 250.129770992 -52.4961832061 14.7633587786 END
START 1.95366855469 -9.82101520996 10.9726262085 250.129770992 -65.465648855 13.9618320611 END
START 4.02465299072 -7.39568892822 6.31590397949 250.129770992 -48.0152671756 -2.22900763359 END
START -3.66791694336 -10.5847655396 11.5855418335 250.129770992 -54.0076335878 2.83969465649 END
START -4.75967290039 -13.9055232422 8.93994899902 250.129770992 -51.6106870229 0.351145038168 END
START 4.75967290039 -10.4099888184 11.1881043579 250.129770992 -42.9847328244 11.0381679389 END
START 4.68066424561 -10.307038147 1.80522805176 250.129770992 -46.9007633588 4.69465648855 END
START 0.450109912109 -5.44680877686 12.2343704834 250.129770992 -48.2213740458 10.4351145038 END
START 5.21457121582 -8.15225665283 6.44279666748 250.129770992 -41.4809160305 5.50381679389 END
START -4.9631800415 -13.8600334106 6.34463439941 250.129770992 -38.8854961832 0.412213740458 END
START 2.33674082031 -13.103465686 6.84023414307 250.129770992 -41.2671755725 8.92366412214 END
START 3.40216055908 -11.7770779663 10.5512467163 250.129770992 -53.2824427481 12.6335877863 END
START 1.64002813721 -9.23922420654 7.32625708008 250.129770992 -57.8320610687 -1.42748091603 END
START -3.20583602295 -11.5041389771 8.0397291748 250.129770992 -45.9236641221 13.0229007634 END
START 6.51701691895 -16.6373073364 8.05648858643 250.129770992 -52.0458015267 0.396946564885 END
START 0.0694318481445 -10.9079827637 7.60398447266 250.129770992 -56.786259542 12.4885496183 END
START -2.03985981445 -10.7379944458 6.87854136963 250.129770992 -56.2061068702 5.87786259542 END
START -1.11090957031 -7.91762489014 5.44680877686 250.129770992 -72.8015267176 1.74045801527 END
START 1.49158763428 -10.8840407471 6.34463439941 250.129770992 -73.9160305344 0.389312977099 END
START 4.68066424561 -14.1066361816 7.65186850586 250.129770992 -79.9007633588 4.85496183206 END
START -2.04704241943 -12.1984574585 6.54095893555 250.129770992 -73.5877862595 12.3969465649 END
START -2.16435830078 -10.8529161255 7.95114371338 250.129770992 -91.7786259542 13.5648854962 END
START -1.91296712646 -5.01106407471 10.4435076416 250.129770992 -85.6259541985 3.39694656489 END
START -2.67671745605 -15.9597482666 7.32865128174 250.129770992 -91.9465648855 7.25190839695 END
START 0.169988317871 -7.38850632324 6.80432111816 250.129770992 -92.9160305344 9.30534351145 END
START 1.08457335205 -7.81228001709 12.1601502319 250.129770992 -89.7404580153 -3.62595419847 END
START -1.52750065918 -2.62404501953 7.0485296875 250.129770992 -97.9541984733 19.4503816794 END
START 4.19942971191 -6.09803162842 2.71981308594 250.129770992 -86.7938931298 -0.87786259542 END
START 3.97676895752 -9.53849941406 4.50349332275 250.129770992 -97.0152671756 11.6030534351 END
START 1.2617442749 -10.038887561 7.52737001953 250.129770992 -85.7786259542 7.2213740458 END
START 6.52419952393 -16.0890351562 5.82509263916 250.129770992 -99.320610687 11.9465648855 END
START -0.347159240723 -10.5799771362 3.93846173096 250.129770992 -84.4351145038 15.8091603053 END
START 0.225054956055 -2.84191737061 6.1052142334 250.129770992 -86.6717557252 6.3893129771 END
START 7.3190744751 -7.26879624023 4.86980617676 250.129770992 -89.5496183206 8.60305343511 END
START 0.385466467285 -3.20823022461 14.5160446655 250.129770992 -81.1679389313 3.11450381679 END
START 8.0038161499 -8.97586202393 13.4099234985 250.129770992 -76.5114503817 8.97709923664 END
START -0.328005627441 -6.67264002686 3.79480963135 250.129770992 -93.9236641221 8.6106870229 END
START -0.735019909668 -6.84023414307 4.38617744141 250.129770992 -76.1603053435 11.9160305344 END
START 4.47955130615 -6.68700523682 9.22246479492 250.129770992 -79.3435114504 9.50381679389 END
START -1.62805712891 -7.15626876221 8.48026228027 250.129770992 -74.8167938931 4.16030534351 END
START 3.10288535156 -8.46829127197 6.73728347168 250.129770992 -78.9770992366 10.6106870229 END
START 1.58496149902 -7.10599052734 9.49540378418 250.129770992 -76.3816793893 7.70992366412 END
START 1.67115275879 -8.79629689941 10.5967365479 250.129770992 -74.2442748092 0.603053435115 END
START 7.28555565186 -10.9750204102 9.86171663818 250.129770992 -84.9465648855 12.3893129771 END
START -0.15801730957 -9.00938084717 6.14352145996 250.129770992 -77.8396946565 3.5572519084 END
START 2.45884510498 -11.7100403198 5.15471617432 250.129770992 -80.3816793893 4.03816793893 END
START 4.54180054932 -8.92079538574 8.947131604 250.129770992 -83.4351145038 1.3358778626 END
START 1.47003981934 -6.19858809814 11.8345388062 250.129770992 -81.7557251908 11.5038167939 END
START 3.05500131836 -6.27280834961 9.5121631958 250.129770992 -77.8320610687 -1.79389312977 END
START 6.49068070068 -12.2774661133 9.65820949707 250.129770992 -86.572519084 5.41221374046 END
START 1.39342536621 -10.1609918457 8.53532891846 250.129770992 -73.9541984733 4.13740458015 END