START 2.38462485352 -12.3540805664 6.79235010986 250.129770992 -75.9389312977 12.6335877863 END
START -0.179565124512 -3.80917484131 6.59123717041 250.129770992 -85.0076335878 -2.88549618321 END
START -2.37744224854 -0.979228479004 15.4880905396 250.129770992 -76.5419847328 11.4351145038 END
START 3.28484467773 -10.4794206665 5.12119735107 250.129770992 -77.0916030534 10.1297709924 END
START 1.90339031982 -10.0340991577 5.21457121582 250.129770992 -84.0534351145 3.74809160305 END
START -8.95670841064 -8.87051715088 7.37653531494 250.129770992 -92.9770992366 -0.114503816794 END
START -1.51552965088 -13.1824743408 9.49540378418 250.129770992 -99.3053435115 11.4732824427 END
START 4.33589920654 -6.66545742187 10.1035310059 250.129770992 -103.41221374 3.92366412214 END
START 5.17865819092 -8.2983029541 8.2983029541 250.129770992 -91.7022900763 7.20610687023 END
START 3.47638081055 -4.91290180664 8.48265648193 250.129770992 -103.702290076 7.52671755725 END
START -2.07098443604 -5.56891306152 5.75566079102 250.129770992 -104.717557252 0.00763358778626 END
START -0.536301171875 -11.7411649414 7.60398447266 250.129770992 -97.4885496183 2.64122137405 END
START 2.14281048584 -11.4945621704 5.01106407471 250.129770992 -95.8473282443 15.0229007634 END
START 1.12048637695 -9.07641849365 5.68383474121 250.129770992 -93.4885496183 4.1679389313 END
START 2.39899006348 -8.73883605957 12.1673328369 250.129770992 -92.1984732824 5.37404580153 END
START 2.05422502441 -9.33738647461 7.73566556396 250.129770992 -79.6259541985 -0.00763358778626 END
START -3.03345350342 -11.1019130981 5.54257684326 250.129770992 -92.1679389313 7.51145038168 END
START 2.98796367187 -9.85692823486 6.17943448486 250.129770992 -81.1297709924 4.64885496183 END
START -1.39821376953 -10.6134959595 11.8249619995 250.129770992 -77.3053435115 5.2213740458 END
START -2.24576115723 -6.80432111816 14.844050293 250.129770992 -64.8473282443 4.73282442748 END
START 5.20738861084 -12.7634890503 8.8753055542 250.129770992 -59.6564885496 3.18320610687 END
START -1.25935007324 -10.2471831055 10.9319247803 250.129770992 -59.320610687 -0.175572519084 END
START -4.57531937256 -8.43237824707 13.357251062 250.129770992 -64.6641221374 11.3664122137 END
START -0.517147558594 -12.2822545166 8.74123026123 250.129770992 -67.9312977099 0.00763358778626 END
START 4.53940634766 -13.8983406372 9.78749638672 250.129770992 -71.8854961832 11.6717557252 END
START 4.16591088867 -7.13950935059 10.3333743652 250.129770992 -69.6183206107 5.25954198473 END
START 4.11323845215 -4.93444962158 8.47307967529 250.129770992 -56.641221374 4.5572519084 END
START 2.76051451416 -2.98556947021 10.673351001 250.129770992 -63.6488549618 2.41221374046 END
START -0.972045874023 -10.5608235229 7.27597884521 250.129770992 -63.0839694656 4.41984732824 END
START -2.86585938721 -13.3045786255 12.1960632568 250.129770992 -56.4961832061 8.2213740458 END
START 4.3263223999 -5.72932457275 10.0915599976 250.129770992 -63.3129770992 1.90076335878 END
START 3.64876333008 -9.02374605713 9.7587659668 250.129770992 -66.8778625954 3.96946564885 END
START 3.20823022461 -9.04050546875 5.72214196777 250.129770992 -60.3129770992 6.99236641221 END
START -4.42927307129 -12.6461731689 12.3085907349 250.129770992 -62.9923664122 -0.213740458015 END
START 1.01992990723 -14.8009546631 6.4236430542 250.129770992 -61.4503816794 17.5419847328 END
START 4.3263223999 -3.2992098877 9.56722983398 250.129770992 -58.4122137405 7.04580152672 END
START 4.18985290527 -13.350068457 6.89290657959 250.129770992 -55.6717557252 5.23664122137 END
START 5.02782348633 -9.1219083252 6.47870969238 250.129770992 -56.8396946565 0.572519083969 END
START -0.847547387695 -4.96078583984 11.1641623413 250.129770992 -48.7328244275 13.893129771 END
START 4.52025273438 -5.22654222412 7.6135612793 250.129770992 -52.0458015267 -0.0763358778626 END
START -1.93930334473 -12.9095353516 13.3620394653 250.129770992 -52.7099236641 14.6717557252 END
START 4.21140072021 -3.68228215332 11.0229044434 250.129770992 -63.8396946565 2.9465648855 END
START 3.16992299805 -6.77080229492 5.92325490723 250.129770992 -57.7328244275 10.7938931298 END
START -4.19942971191 -14.6692735718 9.33020386963 250.129770992 -69.4122137405 5.30534351145 END
START -0.931344445801 -9.59117185059 9.27274302979 250.129770992 -49.2595419847 3.99236641221 END
START -1.31202250977 -16.9868607788 3.84269366455 250.129770992 -56.7633587786 8.03053435115 END
START 4.83628735352 -9.20331118164 6.49786330566 250.129770992 -71.679389313 0.106870229008 END
START -1.12527478027 -6.67982263184 8.70531723633 250.129770992 -66.8473282443 -1.63358778626 END
START -0.521935961914 -11.0971246948 4.65432802734 250.129770992 -62.5801526718 -1.90839694656 END
START 1.38863696289 -10.7356002441 3.6176387085 250.129770992 -74.8549618321 4.28244274809 END
START 1.77649763184 -14.9039053345 6.35660540771 250.129770992 -77.6488549618 -2.90839694656 END
START 1.06541973877 -10.7427828491 9.30386765137 250.129770992 -84.0763358779 -2.13740458015 END
START -4.95599743652 -12.8903817383 6.96233842773 250.129770992 -80.0229007634 1.34351145038 END
START 2.4277204834 -4.6686932373 2.66235224609 250.129770992 -81.893129771 6.82442748092 END
START -2.06619603271 -8.94473740234 5.76523759766 250.129770992 -85.786259542 0.36641221374 END
START 5.46117398682 -12.617442749 7.02937607422 250.129770992 -85.1297709924 11.0916030534 END
START 5.7987564209 -9.73242974854 8.47786807861 250.129770992 -98.5267175573 9.06106870229 END
START 8.67898101807 -6.60320817871 4.73333668213 250.129770992 -93.7938931298 9.26717557252 END
START 10.5847655396 -7.26161363525 4.59207878418 250.129770992 -91.5496183206 10.7786259542 END
START 0.91697923584 -5.27682045898 8.98783303223 250.129770992 -100.396946565 3.50381679389 END
START 0.131681091309 -7.66862791748 6.20816490479 250.129770992 -98.2519083969 -1.23664122137 END
START 3.22738383789 -10.9678378052 4.50349332275 250.129770992 -85.4351145038 6.21374045802 END
START -4.0198645874 -11.7124345215 7.6135612793 250.129770992 -80.0076335878 8.0 END
START 5.99747515869 -10.1418382324 8.38449421387 250.129770992 -85.2061068702 7.01526717557 END
START 3.17231719971 -10.5751887329 7.69017573242 250.129770992 -100.93129771 6.15267175573 END
START 9.05726488037 -12.2535240967 4.28083256836 250.129770992 -87.534351145 12.4961832061 END
START 10.6374379761 -9.64384428711 10.2615483154 250.129770992 -79.0916030534 10.679389313 END
START 10.2663367187 -2.99754047852 7.24964262695 250.129770992 -75.0076335878 -3.53435114504 END
START -1.88184250488 -11.5615998169 2.70784207764 250.129770992 -74.3511450382 8.35114503817 END
START 7.108384729 -15.3540152466 4.95599743652 250.129770992 -80.5419847328 3.81679389313 END
START -1.35990654297 -4.97993945312 7.59201346436 250.129770992 -70.534351145 4.64885496183 END
START 7.51539901123 -10.5153336914 5.53300003662 250.129770992 -63.2977099237 3.53435114504 END
START -1.2856862915 -8.35097539062 6.58644876709 250.129770992 -71.9770992366 7.68702290076 END
START -0.905008227539 -12.1673328369 12.5360398926 250.129770992 -71.3053435115 3.41984732824 END
START -4.29998618164 -7.96550892334 7.64229169922 250.129770992 -76.0152671756 9.03053435115 END
START 8.04930598145 -9.44751975098 9.33259807129 250.129770992 -69.8854961832 13.0610687023 END
START 2.36786544189 -10.5991307495 7.92241329346 250.129770992 -74.2366412214 5.71755725191 END
START 0.471657727051 -9.35654008789 12.0931125854 250.129770992 -79.641221374 -3.13740458015 END
START -6.08366641846 -5.06134230957 4.66151063232 250.129770992 -77.3282442748 11.3740458015 END
START 3.35188232422 -11.0875478882 7.90325968018 250.129770992 -70.7251908397 14.9312977099 END
START -6.25844313965 -8.42280144043 6.83544573975 250.129770992 -75.5038167939 5.75572519084 END
START 1.6041151123 -12.4690022461 11.0899420898 250.129770992 -79.8702290076 15.5877862595 END