START 8.16662186279 -5.36061751709 4.90571920166 250.129770992 -87.6641221374 6.47328244275 END
START -0.0263362182617 -10.3405569702 11.6190606567 250.129770992 -76.8015267176 -10.8015267176 END
START -2.65277543945 -5.44202037354 8.76277807617 250.129770992 -84.3129770992 1.39694656489 END
START -2.38941325684 -5.80833322754 4.92487281494 250.129770992 -80.4885496183 1.97709923664 END
START -0.00478840332031 -12.0835357788 5.88015927734 250.129770992 -106.916030534 -2.77099236641 END
START 2.30082779541 -11.3892172974 6.96952103271 250.129770992 -88.0305343511 6.3893129771 END
START 3.21062442627 -4.73094248047 9.47864437256 250.129770992 -97.0916030534 1.40458015267 END
START 4.29519777832 -8.46350286865 11.0109334351 250.129770992 -96.2290076336 3.40458015267 END
START 6.78037910156 -5.269637854 12.363657373 250.129770992 -104.244274809 7.68702290076 END
START -4.35505281982 -1.21864864502 7.57285985107 250.129770992 -103.610687023 15.8091603053 END
START 3.0047230835 -3.3590649292 7.69975253906 250.129770992 -91.2900763359 7.67175572519 END
START -3.82593425293 -10.9582609985 13.0531874512 250.129770992 -92.3053435115 4.68702290076 END
START 3.77326181641 -8.66701000977 9.89523546143 250.129770992 -104.595419847 9.32061068702 END
START 2.18830031738 -8.23365950928 12.0021329224 250.129770992 -97.1526717557 8.37404580153 END
START 2.41814367676 -9.91438907471 7.721300354 250.129770992 -91.5877862595 5.6106870229 END
START 0.806845959473 -16.1034003662 5.63116230469 250.129770992 -91.3969465649 5.93129770992 END
START 2.52827695312 -7.36217010498 8.35576379395 250.129770992 -98.4427480916 8.59541984733 END
START -0.778115539551 -4.98712205811 4.71418306885 250.129770992 -94.9618320611 8.56488549618 END
START 4.48673391113 -13.3835872803 6.91206019287 250.129770992 -75.6488549618 7.3893129771 END
START 0.390254870605 -7.19697019043 11.0348754517 250.129770992 -77.9465648855 12.1221374046 END
START 7.84579884033 -11.2455651978 7.6375032959 250.129770992 -77.7938931298 5.32824427481 END
START 4.93684382324 -10.4363250366 7.23288321533 250.129770992 -76.1755725191 5.90839694656 END
START -1.6041151123 -5.49708701172 5.63834490967 250.129770992 -73.2061068702 8.49618320611 END
START -0.0814028564453 -6.50025750732 9.96227310791 250.129770992 -69.4351145038 7.12213740458 END
START 4.15154567871 -9.22007059326 13.4027408936 250.129770992 -65.1603053435 7.26717557252 END
START 0.375889660645 -3.9480385376 5.16429298096 250.129770992 -62.5954198473 0.106870229008 END
START 6.20337650146 -14.1233955933 13.9198884521 250.129770992 -62.2213740458 9.53435114504 END
START -0.746990917969 -12.7850368652 7.26161363525 250.129770992 -54.2442748092 2.83969465649 END
START 3.17710560303 -11.8201735962 5.49708701172 250.129770992 -61.8549618321 -5.40458015267 END
START -1.12766898193 -4.21140072021 18.6771671509 250.129770992 -47.9160305344 4.67175572519 END
START 1.60890351563 -7.23048901367 9.29189664307 250.129770992 -47.9007633588 -2.15267175573 END
START -1.00795889893 -11.145008728 6.52419952393 250.129770992 -47.1526717557 4.00763358779 END
START 0.15562310791 -4.65193382568 4.18506450195 250.129770992 -52.2824427481 -2.28244274809 END
START 0.129286889648 -9.09078370361 11.3533042725 250.129770992 -46.0305343511 2.79389312977 END
START -1.77170922852 -7.53215842285 9.1817633667 250.129770992 -52.3893129771 -3.47328244275 END
START 2.67671745605 -5.1379567627 6.76122548828 250.129770992 -60.3053435115 4.09923664122 END
START -3.95522114258 -5.41807835693 5.59285507812 250.129770992 -49.6946564885 -0.129770992366 END
START -4.54180054932 -9.38766470947 13.4578075317 250.129770992 -56.0687022901 1.31297709924 END
START -2.56179577637 -11.2288057861 10.4985742798 250.129770992 -57.2824427481 6.03816793893 END
START 4.54180054932 -16.2159278442 8.38210001221 250.129770992 -58.0381679389 4.80916030534 END
START -1.26653267822 -7.67820472412 8.07085379639 250.129770992 -59.0305343511 1.70992366412 END
START -0.624886633301 -10.4985742798 6.34463439941 250.129770992 -59.6335877863 -2.29007633588 END
START -5.30076247559 -12.4953384644 8.59518395996 250.129770992 -70.8091603053 13.9694656489 END
START 0.902614025879 -13.0005150146 5.98550415039 250.129770992 -66.4198473282 3.35877862595 END
START -0.91458503418 -10.7427828491 8.16901606445 250.129770992 -68.3664122137 4.70229007634 END
START -1.9105729248 -6.59602557373 10.1322614258 250.129770992 -67.2061068702 -3.07633587786 END
START 1.62566292725 -1.60650931396 5.69580574951 250.129770992 -80.1221374046 16.8244274809 END
START -4.54419475098 -9.52892260742 5.40610734863 250.129770992 -71.9847328244 6.43511450382 END
START 5.44680877686 -10.3549221802 3.44046778564 250.129770992 -73.2671755725 2.40458015267 END
START -1.91775552979 -9.44512554932 5.81312163086 250.129770992 -76.786259542 6.53435114504 END
START -1.65199914551 -13.2614829956 4.70700046387 250.129770992 -95.534351145 12.7251908397 END
START -0.524330163574 -13.4051350952 8.74123026123 250.129770992 -84.3816793893 9.49618320611 END
START -4.47955130615 -13.6804682861 6.495469104 250.129770992 -86.1679389313 1.3893129771 END
START 4.78361491699 -4.2305543335 4.81234533691 250.129770992 -89.4885496183 -3.58778625954 END
START -0.76135612793 -12.27267771 6.72291826172 250.129770992 -87.786259542 6.87786259542 END
START 5.41807835693 -10.8624929321 6.77319649658 250.129770992 -83.1603053435 0.63358778626 END
START -1.47722242432 -7.0006456543 4.30956298828 250.129770992 -100.79389313 8.61832061069 END
START -3.3830069458 -5.04458289795 2.17154090576 250.129770992 -88.9007633588 -0.0381679389313 END
START 9.88805285645 -14.8895401245 5.41807835693 250.129770992 -95.8625954198 10.2366412214 END
START 2.4875755249 -8.03254656982 6.43800826416 250.129770992 -95.7709923664 1.11450381679 END
START 5.92086070557 -10.0053687378 4.77882651367 250.129770992 -90.6946564885 2.28244274809 END
START 1.75494981689 -13.0699468628 4.48673391113 250.129770992 -85.0687022901 10.9618320611 END
START 5.7748144043 -9.74200655518 5.21696541748 250.129770992 -97.8778625954 6.06870229008 END
START 4.537012146 -8.70771143799 11.6142722534 250.129770992 -82.3358778626 15.9465648855 END
START 6.70855305176 -9.67496890869 7.72369455566 250.129770992 -89.7251908397 9.80152671756 END
START 2.50194073486 -7.00303985596 6.84981094971 250.129770992 -85.0458015267 1.03053435115 END
START 9.14345614014 -12.8975643433 9.01656345215 250.129770992 -79.2061068702 5.12213740458 END
START 6.34463439941 -9.39724151611 6.99106884766 250.129770992 -84.8625954198 5.69465648855 END
START 2.39659586182 -6.7181298584 9.08360109863 250.129770992 -70.2671755725 9.73282442748 END
START 5.99029255371 -15.4186586914 5.53060583496 250.129770992 -82.6946564885 7.80916030534 END
START -4.55616575928 -11.6884925049 10.060435376 250.129770992 -73.2366412214 -0.213740458015 END
START 0.141257897949 -16.1321307861 12.1984574585 250.129770992 -74.2061068702 7.87786259542 END
START -5.57848986816 -4.58010777588 6.4715270874 250.129770992 -74.6183206107 8.7786259542 END
START -1.86747729492 -8.58321295166 11.1234609131 250.129770992 -69.8167938931 6.23664122137 END
START 1.58974990234 -10.4626612549 6.32308658447 250.129770992 -67.0 3.77099236641 END
START 1.81719906006 -11.0348754517 7.33822808838 250.129770992 -72.4503816794 -3.13740458015 END
START 3.20344182129 -6.32069238281 6.73967767334 250.129770992 -68.9160305344 16.679389313 END
START -4.03901820068 -5.53060583496 8.76517227783 250.129770992 -72.7099236641 6.09923664122 END
START -0.213083947754 -8.51378110352 8.59757816162 250.129770992 -65.6488549618 6.48854961832 END
START 2.66714064941 -5.94240852051 5.49708701172 250.129770992 -56.9618320611 5.49618320611 END
START 3.48356341553 1.62805712891 5.09486113281 250.129770992 -77.9312977099 4.03053435115 END
START 4.78122071533 -7.16584556885 8.99022723389 250.129770992 -65.7404580153 2.58778625954 END