START 6.81629212646 -9.8665050415 9.08599530029 250.129770992 -85.1297709924 11.6717557252 END
START 4.11084425049 -6.94318481445 11.9829793091 250.129770992 -95.3282442748 4.0534351145 END
START 2.39659586182 -10.6015249512 5.15711037598 250.129770992 -85.9465648855 13.2977099237 END
START -3.26090266113 -0.201112939453 9.32541546631 250.129770992 -94.0916030534 13.6259541985 END
START 6.03578238525 -11.0133276367 6.52659372559 250.129770992 -98.3893129771 14.1603053435 END
START -7.87692346191 -6.14591566162 11.4323129272 250.129770992 -98.0305343511 7.18320610687 END
START -3.12922156982 -10.5799771362 6.15788666992 250.129770992 -104.007633588 12.0076335878 END
START 5.93043751221 -10.2136642822 12.6126543457 250.129770992 -104.015267176 7.45038167939 END
START 2.00634099121 -6.98628044434 6.90248338623 250.129770992 -102.564885496 1.15267175573 END
START -3.14598098145 -13.3692220703 4.50349332275 250.129770992 -104.374045802 13.3129770992 END
START 0.0742202514648 -11.5089273804 6.70376464844 250.129770992 -95.9541984733 6.62595419847 END
START 1.88423670654 -1.62087452393 7.00782825928 250.129770992 -103.580152672 9.48854961832 END
START 1.14203419189 -6.06451280518 12.7395470337 250.129770992 -104.603053435 -0.748091603053 END
START 1.28089788818 -10.4794206665 15.576676001 250.129770992 -101.167938931 7.90839694656 END
START 11.3724578857 -6.58644876709 7.76679018555 250.129770992 -100.41221374 10.0305343511 END
START 2.88022459717 -9.06684168701 5.62876810303 250.129770992 -101.870229008 15.2671755725 END
START -0.591367810059 -3.22977803955 7.14669195557 250.129770992 -84.6564885496 7.82442748092 END
START 5.17147558594 -10.067617981 7.35019909668 250.129770992 -88.4122137405 2.86259541985 END
START 1.84114107666 -11.8967880493 11.7004635132 250.129770992 -89.7938931298 11.2519083969 END
START 9.20809958496 -4.67587584229 13.2710598022 250.129770992 -71.8244274809 11.0763358779 END
START 1.70706578369 -13.6661030762 11.0851536865 250.129770992 -66.9465648855 7.16030534351 END
START -2.88261879883 -10.8936175537 13.251906189 250.129770992 -83.641221374 9.19083969466 END
START 0.502782348633 -8.85615194092 12.9262947632 250.129770992 -78.7938931298 -1.70229007634 END
START 9.07163009033 -11.6669446899 8.53054051514 250.129770992 -79.0076335878 18.1755725191 END
START 7.41244833984 -8.03015236816 11.8369330078 250.129770992 -77.5419847328 -3.26717557252 END
START -0.397437475586 -7.02698187256 4.63756861572 250.129770992 -80.9770992366 7.12213740458 END
START 4.87220037842 -3.56736047363 10.046070166 250.129770992 -58.786259542 2.58778625954 END
START 12.751518042 -13.0771294678 10.7882726807 250.129770992 -73.7480916031 7.04580152672 END
START 3.41652576904 -4.89374819336 7.39329472656 250.129770992 -51.2213740458 0.282442748092 END
START -2.19787712402 -4.10845004883 7.9200190918 250.129770992 -60.9389312977 4.19083969466 END
START 5.24330163574 -14.0635405518 7.6494743042 250.129770992 -52.465648855 22.1908396947 END
START -0.60573302002 -12.6653267822 4.88177718506 250.129770992 -59.3282442748 1.9465648855 END
START 0.15801730957 -12.6365963623 12.490550061 250.129770992 -62.2442748092 15.3129770992 END
START 1.60890351563 -9.14106193848 8.65503900146 250.129770992 -61.8320610687 7.59541984733 END
START 4.02465299072 -9.28950244141 6.53856473389 250.129770992 -59.5877862595 6.60305343511 END
START 5.67904633789 -13.4602017334 8.43477244873 250.129770992 -51.0992366412 17.8625954198 END
START 5.87297667236 -3.7253777832 3.99113416748 250.129770992 -43.1526717557 13.8244274809 END
START -0.634463439941 -14.3628157593 10.3453453735 250.129770992 -36.2977099237 1.92366412214 END
START -0.474051928711 -8.88009395752 7.52497581787 250.129770992 -36.9083969466 10.7709923664 END
START 6.94318481445 -4.66629903564 7.37414111328 250.129770992 -57.3435114504 4.18320610687 END
START 9.18655177002 -9.60793126221 8.11394942627 250.129770992 -55.9312977099 13.2900763359 END
START 4.80276853027 -6.31350977783 9.83538041992 250.129770992 -58.5572519084 7.10687022901 END
START 3.62003291016 -13.5392103882 6.67264002686 250.129770992 -51.9923664122 7.30534351145 END
START -0.15801730957 -8.95431420898 2.64319863281 250.129770992 -73.5114503817 7.15267175573 END
START -8.00142194824 -14.2574708862 0.0407014282227 250.129770992 -61.5954198473 3.35877862595 END
START -0.809240161133 -8.57842454834 9.96945571289 250.129770992 -59.106870229 11.2519083969 END
START -1.09654436035 -13.2040221558 9.33499227295 250.129770992 -68.5267175573 6.12977099237 END
START -0.126892687988 -9.71327613525 8.35336959229 250.129770992 -66.0152671756 6.74809160305 END
START 0.778115539551 -2.02788880615 10.7379944458 250.129770992 -89.3816793893 4.6106870229 END
START 3.40216055908 -8.28154354248 10.7691190674 250.129770992 -88.4503816794 15.0 END
START 3.94085593262 -7.31668027344 5.10683214111 250.129770992 -91.3129770992 8.80152671756 END
START -4.07253702393 -10.6134959595 7.78594379883 250.129770992 -82.7175572519 2.79389312977 END
START 5.44920297852 -8.73644185791 5.2097828125 250.129770992 -85.4885496183 0.656488549618 END
START 6.375759021 -7.69975253906 7.45793817139 250.129770992 -87.1221374046 12.5954198473 END
START -2.59531459961 -8.87291135254 10.0269165527 250.129770992 -83.9847328244 6.83969465649 END
START 2.99993468018 -7.43878455811 8.04212337646 250.129770992 -77.9389312977 5.50381679389 END
START 5.68862314453 -13.4266829102 5.24090743408 250.129770992 -85.5267175573 2.21374045802 END
START -1.07739074707 -8.38449421387 9.24401260986 250.129770992 -91.9083969466 11.4732824427 END
START 0.229843359375 -10.3716815918 5.47553919678 250.129770992 -100.618320611 11.0229007634 END
START -1.94169754639 -10.8792523438 4.6447512207 250.129770992 -99.427480916 9.0534351145 END
START 2.1452046875 -10.9008001587 1.69270057373 250.129770992 -99.5267175573 8.64122137405 END
START 3.00711728516 -10.2663367187 10.3525279785 250.129770992 -97.427480916 14.1984732824 END
START 0.581791003418 -9.37090529785 9.45709655762 250.129770992 -95.1145038168 1.96946564885 END
START 2.07098443604 -12.2032458618 7.39808312988 250.129770992 -101.72519084 5.50381679389 END
START 6.44519086914 -8.55448253174 4.80516273193 250.129770992 -105.106870229 3.29770992366 END
START 2.33674082031 -15.7155396973 7.77636699219 250.129770992 -91.1603053435 -2.4427480916 END
START 8.40364782715 -12.3253501465 10.5680061279 250.129770992 -86.5114503817 12.0 END
START 1.68072956543 -5.21935961914 6.49068070068 250.129770992 -78.1679389313 7.1679389313 END
START 1.12048637695 -2.52827695312 4.13478626709 250.129770992 -72.8015267176 -1.72519083969 END
START 6.97909783936 -8.41561883545 10.2447889038 250.129770992 -73.9694656489 6.37404580153 END
START 1.72382519531 -6.57447775879 8.02057556152 250.129770992 -75.0152671756 7.14503816794 END
START -0.696712683105 -11.6094838501 8.11394942627 250.129770992 -76.3053435115 6.35114503817 END
START 0.667982263184 -5.26245524902 8.74841286621 250.129770992 -77.6183206107 13.1221374046 END
START -6.91445439453 -8.84178673096 10.4818148682 250.129770992 -64.6946564885 2.13740458015 END
START -1.7908628418 -12.1888806519 8.42758984375 250.129770992 -71.0381679389 5.49618320611 END
START -1.1540052002 -3.79720383301 7.46751497803 250.129770992 -69.893129771 8.41221374046 END
START -2.07098443604 -6.86657036133 9.02374605713 250.129770992 -74.4885496183 5.49618320611 END
START 0.418985290527 -11.884817041 15.1265660889 250.129770992 -78.1297709924 6.58015267176 END
START -0.794874951172 -14.0874825684 6.20337650146 250.129770992 -71.893129771 1.49618320611 END
START -1.35511813965 -12.8137672852 8.79869110107 250.129770992 -68.5877862595 -0.0534351145038 END
START -1.94409174805 -11.9805851074 6.71573565674 250.129770992 -60.7099236641 2.22900763359 END