START 2.85867678223 -10.9391073853 7.77876119385 250.129770992 -91.7633587786 -0.923664122137 END
START -2.67432325439 -10.4099888184 1.63284553223 250.129770992 -104.679389313 4.88549618321 END
START -3.74213719482 -8.63109698486 6.17464608154 250.129770992 -74.1832061069 14.6030534351 END
START 7.97747993164 -10.8313683105 4.20421811523 250.129770992 -77.7251908397 10.2366412214 END
START -2.63601602783 -5.82509263916 4.37899483643 250.129770992 -106.511450382 3.60305343511 END
START 2.82755216064 -10.3261917603 7.32865128174 250.129770992 -100.839694656 11.5190839695 END
START 1.35990654297 -11.8896054443 7.66623371582 250.129770992 -105.099236641 8.06106870229 END
START 0.830787976074 -13.5439987915 5.96874473877 250.129770992 -96.9007633588 4.90839694656 END
START 0.936132849121 -6.94797321777 9.5361052124 250.129770992 -96.1679389313 2.06870229008 END
START -1.22104284668 -13.5751234131 8.89685336914 250.129770992 -93.786259542 5.35877862595 END
START -6.90008918457 -4.45082088623 5.48511600342 250.129770992 -106.809160305 9.65648854962 END
START 3.11485635986 -4.98712205811 6.19619389648 250.129770992 -104.076335878 -0.893129770992 END
START 0.172382519531 -16.7402580078 6.3997010376 250.129770992 -103.335877863 3.61832061069 END
START -1.30005150146 -12.9191121582 6.22971271973 250.129770992 -104.65648855 -2.17557251908 END
START -4.49631071777 -12.0859299805 10.9726262085 250.129770992 -103.709923664 -2.89312977099 END
START -1.56580788574 -7.82903942871 7.6255322876 250.129770992 -95.3282442748 8.67938931298 END
START 3.11006795654 -8.70052883301 6.30872137451 250.129770992 -100.946564885 2.39694656489 END
START 5.69101734619 -13.7953899658 6.42124885254 250.129770992 -85.7099236641 3.93129770992 END
START -1.5442600708 -9.59596025391 10.1202904175 250.129770992 -95.1297709924 8.92366412214 END
START -1.23061965332 -8.8633345459 8.36294639893 250.129770992 -90.0992366412 11.1374045802 END
START -1.11090957031 -12.5097036743 7.92480749512 250.129770992 -103.870229008 -0.24427480916 END
START 5.97353314209 -11.8393272095 7.62313808594 250.129770992 -98.0381679389 0.473282442748 END
START 1.39342536621 -10.0029745361 6.3637880127 250.129770992 -92.1450381679 4.61832061069 END
START -1.01992990723 -5.51863482666 7.29273825684 250.129770992 -77.0992366412 7.1679389313 END
START 3.70382996826 -11.7100403198 14.231134668 250.129770992 -76.5954198473 8.24427480916 END
START 11.5041389771 -12.2463414917 6.93121380615 250.129770992 -66.9618320611 12.7480916031 END
START 3.24893165283 -8.57603034668 10.6015249512 250.129770992 -62.0305343511 7.83969465649 END
START 1.33835872803 -8.16183345947 7.19697019043 250.129770992 -50.7480916031 11.5954198473 END
START 4.96796844482 -10.6063133545 7.967903125 250.129770992 -49.641221374 5.45801526718 END
START 3.25132585449 -7.54412943115 6.08845482178 250.129770992 -46.9160305344 11.6183206107 END
START -1.06063133545 -9.90241806641 7.34062229004 250.129770992 -37.1526717557 0.0152671755725 END
START 5.58327827148 -10.6685625977 6.11479104004 250.129770992 -44.2290076336 5.25954198473 END
START -3.47877501221 -6.10760843506 5.8466404541 250.129770992 -57.2748091603 -0.900763358779 END
START -2.60010300293 -12.4761848511 13.716381311 250.129770992 -47.1603053435 7.00763358779 END
START -1.39821376953 -7.60637867432 3.57933148193 250.129770992 -61.1984732824 10.8854961832 END
START 0.840364782715 -9.22725319824 10.8936175537 250.129770992 -56.0076335878 6.74045801527 END
START -4.47476290283 -3.45243879395 13.0148802246 250.129770992 -60.2213740458 0.0839694656489 END
START -3.1124621582 -9.94551369629 6.65348641357 250.129770992 -60.4351145038 11.6870229008 END
START 4.12520946045 0.835576379395 8.93276639404 250.129770992 -61.9694656489 1.90076335878 END
START -3.30399829102 -11.1426145264 4.31195718994 250.129770992 -60.8702290076 7.49618320611 END
START -0.46686932373 -10.6470147827 7.67102211914 250.129770992 -57.8167938931 -2.5572519084 END
START -0.962469067383 -6.34702860107 5.51145222168 250.129770992 -67.6564885496 8.87786259542 END
START -2.30561619873 -13.8887638306 5.07570751953 250.129770992 -81.2290076336 9.83969465649 END
START -1.83395847168 -9.30865605469 8.10437261963 250.129770992 -79.320610687 4.08396946565 END
START -3.3351229126 -13.0076976196 10.9008001587 250.129770992 -80.6717557252 17.4885496183 END
START 0.577002600098 -10.1178962158 10.4674496582 250.129770992 -85.1221374046 4.68702290076 END
START -0.533906970215 -10.2639425171 8.87291135254 250.129770992 -84.1450381679 7.51145038168 END
START 0.213083947754 -12.2128226685 6.64869801025 250.129770992 -83.6641221374 -2.09160305344 END
START -0.837970581055 -7.52497581787 5.2097828125 250.129770992 -75.5877862595 3.19847328244 END
START 1.04387192383 -0.270544787598 2.09971485596 250.129770992 -91.1526717557 13.4045801527 END
START 4.46758029785 -8.07085379639 9.04050546875 250.129770992 -88.4503816794 8.98473282443 END
START 1.40779057617 -11.3389390625 5.59764348145 250.129770992 -103.694656489 1.12977099237 END
START 7.9559321167 -7.3071034668 4.37181223145 250.129770992 -97.8091603053 9.93893129771 END
START 8.33182177734 -3.66791694336 9.44991395264 250.129770992 -104.72519084 6.3358778626 END
START -8.24563051758 -2.4875755249 5.22414802246 250.129770992 -104.480916031 2.68702290076 END
START 6.87135876465 -7.12514414062 4.84107575684 250.129770992 -104.122137405 4.64122137405 END
START -3.72298358154 -12.1146604004 7.06528909912 250.129770992 -104.297709924 0.282442748092 END
START 9.76116016846 -11.1785275513 4.74051928711 250.129770992 -104.58778626 16.0534351145 END
START 1.09893856201 -8.15943925781 5.63595070801 250.129770992 -104.351145038 16.1450381679 END
START -5.11880314941 -13.6876508911 8.20732329102 250.129770992 -97.0992366412 8.59541984733 END
START 3.09570274658 -8.99980404053 5.90410129395 250.129770992 -100.473282443 11.5648854962 END
START 0.639251843262 -4.50588752441 8.09719001465 250.129770992 -78.5648854962 15.1145038168 END
START 2.27688577881 -15.6317426392 12.9789671997 250.129770992 -68.9007633588 4.27480916031 END
START 4.89853659668 -6.40927784424 6.55053574219 250.129770992 -82.4045801527 -3.5572519084 END
START 5.38216533203 -2.817975354 10.7643306641 250.129770992 -73.0458015267 17.0 END
START 9.32302126465 -2.32237561035 6.47392128906 250.129770992 -72.4961832061 5.99236641221 END
START 6.61757338867 -8.27196673584 5.85382305908 250.129770992 -65.6564885496 2.19847328244 END
START 5.21457121582 -9.01656345215 8.40125362549 250.129770992 -62.1679389313 4.46564885496 END
START -1.36230074463 -15.31570802 10.4794206665 250.129770992 -65.786259542 7.09160305344 END
START 5.54975944824 -10.5057568848 8.06127698975 250.129770992 -67.2671755725 8.00763358779 END
START 3.11006795654 -9.15303294678 11.2264115845 250.129770992 -78.213740458 13.213740458 END
START -2.48518132324 -13.5607582031 8.09240161133 250.129770992 -69.5038167939 5.0534351145 END
START 1.2138602417 -10.4770264648 6.60799658203 250.129770992 -71.9694656489 -1.18320610687 END
START 0.627280834961 -4.30477458496 7.41244833984 250.129770992 -80.9618320611 7.25190839695 END
START -1.76931502686 -4.61841500244 7.57285985107 250.129770992 -71.8167938931 -1.13740458015 END
START -0.699106884766 -5.97353314209 5.51384642334 250.129770992 -78.9541984733 4.00763358779 END
START -0.344765039063 -9.42118353271 9.97663831787 250.129770992 -82.427480916 10.2900763359 END
START -2.36068283691 -2.28167418213 6.41406624756 250.129770992 -78.0534351145 2.31297709924 END
START 1.07020814209 -9.47385596924 10.3453453735 250.129770992 -70.893129771 12.679389313 END
START 3.05739552002 -8.34139858398 10.1131078125 250.129770992 -73.6106870229 7.08396946565 END
START 4.32153399658 -3.45243879395 3.56975467529 250.129770992 -71.786259542 3.4427480916 END