START -2.35589443359 -6.50265170898 5.29836827393 250.129770992 -72.5190839695 9.29007633588 END
START -2.86107098389 -7.42441934814 3.66312854004 250.129770992 -63.3282442748 2.35114503817 END
START 0.222660754395 -8.46110866699 4.17309349365 250.129770992 -79.9007633588 20.7786259542 END
START -0.835576379395 -13.1417729126 4.79798012695 250.129770992 -106.702290076 3.98473282443 END
START -6.06690700684 -8.3102739624 4.08450803223 250.129770992 -90.4809160305 5.45038167939 END
START -0.909796630859 -10.7571480591 3.51229383545 250.129770992 -96.0687022901 10.534351145 END
START -2.33195241699 -9.92396588135 4.92966121826 250.129770992 -97.6488549618 6.68702290076 END
START -3.43807358398 -7.68778153076 10.8074262939 250.129770992 -99.0916030534 -0.396946564885 END
START -7.40765993652 -9.17936916504 9.25119521484 250.129770992 -96.7328244275 7.35114503817 END
START 7.72369455566 -4.98712205811 3.58172568359 250.129770992 -99.6641221374 11.6259541985 END
START -4.27604416504 -8.14746824951 5.82988104248 250.129770992 -99.9007633588 8.15267175573 END
START 0.30166940918 -15.6724440674 8.51856950684 250.129770992 -99.786259542 10.3664122137 END
START 5.92086070557 -8.42998404541 4.11563265381 250.129770992 -100.328244275 1.20610687023 END
START 4.98233365479 -7.86974085693 8.67898101807 250.129770992 -98.1450381679 3.22900763359 END
START -4.85304676514 -4.07253702393 8.53054051514 250.129770992 -107.320610687 10.9847328244 END
START 1.39103116455 -6.46673868408 7.40047733154 250.129770992 -95.641221374 0.175572519084 END
START 3.50271702881 -8.37970581055 7.55370623779 250.129770992 -106.671755725 9.74045801527 END
START -0.641646044922 -10.6134959595 3.98155736084 250.129770992 -85.9847328244 15.0610687023 END
START -2.72938989258 -9.12669672852 5.62397969971 250.129770992 -81.1526717557 14.7557251908 END
START 9.44273134766 -9.82819781494 5.69101734619 250.129770992 -79.427480916 9.65648854962 END
START 2.28167418213 -5.90649549561 10.3884410034 250.129770992 -67.0 3.88549618321 END
START 2.37025964355 -8.22408270264 11.5137157837 250.129770992 -57.9389312977 10.679389313 END
START -1.2378022583 -4.03662399902 7.3071034668 250.129770992 -48.6335877863 3.41221374046 END
START -3.92170231934 -8.8753055542 4.46518609619 250.129770992 -36.3053435115 5.04580152672 END
START -1.13006318359 -8.3461869873 7.45793817139 250.129770992 -54.2900763359 7.58778625954 END
START -1.71664259033 -14.8392618896 13.6589204712 250.129770992 -66.7099236641 13.786259542 END
START 2.59052619629 -6.88093557129 10.2902787354 250.129770992 -51.7786259542 14.8854961832 END
START 2.34871182861 -11.9518546875 7.92720169678 250.129770992 -47.8854961832 11.3053435115 END
START 0.809240161133 -10.6925046143 11.7148287231 250.129770992 -45.8091603053 12.1145038168 END
START 8.00621035156 -5.97832154541 10.0652237793 250.129770992 -67.2442748092 14.0229007634 END
START 5.24330163574 -11.4897737671 10.3166149536 250.129770992 -59.679389313 6.99236641221 END
START -0.562637390137 -9.20091697998 9.95030209961 250.129770992 -57.4351145038 8.02290076336 END
START -0.775721337891 -8.22168850098 1.97521636963 250.129770992 -57.320610687 8.61832061069 END
START -3.7014357666 -9.94551369629 7.67581052246 250.129770992 -49.9770992366 2.42748091603 END
START 5.22414802246 -2.47799871826 4.01747038574 250.129770992 -50.641221374 5.59541984733 END
START -7.46033237305 -13.4673843384 10.9893856201 250.129770992 -68.1679389313 3.43511450382 END
START -6.30872137451 -4.01507618408 11.1952869629 250.129770992 -56.8396946565 3.48854961832 END
START -3.57214887695 -9.39963571777 9.95269630127 250.129770992 -57.1297709924 15.0458015267 END
START -2.60967980957 -2.03267720947 8.61433757324 250.129770992 -57.9847328244 11.0610687023 END
START 0.816422766113 -9.22725319824 11.5639940186 250.129770992 -59.6183206107 8.15267175573 END
START -1.43652099609 -9.61511386719 6.20577070312 250.129770992 -61.3969465649 6.24427480916 END
START -0.323217224121 -4.65432802734 9.58398924561 250.129770992 -56.534351145 2.71755725191 END
START -4.55137735596 -13.603853833 6.53377633057 250.129770992 -68.0 12.2595419847 END
START -2.50672913818 -4.74291348877 7.01740506592 250.129770992 -55.6641221374 9.18320610687 END
START 3.79241542969 -1.78128603516 8.86572874756 250.129770992 -65.8167938931 -1.17557251908 END
START 0.0790086547852 -7.69975253906 5.5042696167 250.129770992 -58.786259542 3.12977099237 END
START 1.5322890625 -10.8313683105 7.52018741455 250.129770992 -71.320610687 6.64122137405 END
START -0.363918652344 -11.3149970459 9.8186210083 250.129770992 -71.8167938931 2.22900763359 END
START 0.328005627441 -7.32386287842 -0.272938989258 250.129770992 -68.1450381679 11.4427480916 END
START 3.52426484375 -12.0021329224 8.80826790771 250.129770992 -57.1908396947 2.59541984733 END
START -1.97761057129 1.76213242187 9.1458503418 250.129770992 -66.572519084 6.5572519084 END
START 0.493205541992 -1.59453830566 8.64785639648 250.129770992 -74.4351145038 10.106870229 END
START -1.79565124512 -9.38766470947 4.903325 250.129770992 -72.0839694656 11.6183206107 END
START 0.974440075684 -12.1816980469 10.42674823 250.129770992 -71.6564885496 5.26717557252 END
START -1.7669208252 -16.7857478394 8.87291135254 250.129770992 -77.4961832061 15.9541984733 END
START 5.56173045654 -3.07415493164 9.78749638672 250.129770992 -69.1450381679 2.58778625954 END
START -1.62087452393 -7.3909005249 7.14190355225 250.129770992 -83.0305343511 -2.7786259542 END
START 2.085349646 -4.82431634521 7.35738170166 250.129770992 -78.5954198473 8.60305343511 END
START 3.0526071167 -9.43315454102 14.0012913086 250.129770992 -76.8473282443 11.5038167939 END
START 6.4236430542 -8.30548555908 4.87698878174 250.129770992 -93.0305343511 -1.23664122137 END
START 5.14753356934 -9.99579193115 8.37491740723 250.129770992 -93.4809160305 6.51145038168 END
START 9.37090529785 -8.54969412842 2.60967980957 250.129770992 -92.6564885496 -2.95419847328 END
START 4.23294853516 -13.3333090454 4.87698878174 250.129770992 -101.122137405 -0.564885496183 END
START 7.24485422363 -9.7587659668 7.08204851074 250.129770992 -101.396946565 9.57251908397 END
START 2.35110603027 -13.0843120728 6.12676204834 250.129770992 -79.4885496183 13.7557251908 END
START -5.12837995605 -7.85058724365 1.8626888916 250.129770992 -84.3893129771 13.0229007634 END
START 10.3190091553 -8.23605371094 4.22576593018 250.129770992 -84.3511450382 -1.68702290076 END
START 0.344765039063 -7.27358464355 8.6406737915 250.129770992 -87.5572519084 8.17557251908 END
START 1.41018477783 -8.93755479736 8.5568767334 250.129770992 -86.8396946565 17.6946564885 END
START 5.79396801758 -7.09401951904 11.8177793945 250.129770992 -84.5877862595 14.9923664122 END
START 6.7061588501 -9.59596025391 6.82108052979 250.129770992 -87.3893129771 13.572519084 END
START 7.62313808594 -4.28801517334 10.9869914185 250.129770992 -81.4045801527 4.29770992366 END
START 4.5250411377 -9.76594857178 8.77953748779 250.129770992 -76.3664122137 4.52671755725 END
START -1.13245738525 -4.14196887207 6.08366641846 250.129770992 -76.2366412214 7.2213740458 END
START -3.41173736572 -13.7594769409 12.5839239258 250.129770992 -79.3893129771 13.9083969466 END
START -0.318428820801 -2.94486804199 6.09084902344 250.129770992 -79.2748091603 2.37404580153 END
START -1.67354696045 -9.2176763916 11.8129909912 250.129770992 -75.7404580153 9.90839694656 END
START -8.2623899292 -9.87368764648 7.33343968506 250.129770992 -80.7480916031 1.06870229008 END
START -2.36547124023 -11.3533042725 6.01662877197 250.129770992 -80.3129770992 6.41221374046 END
START 4.656722229 -14.7841952515 13.5703350098 250.129770992 -76.6870229008 15.3740458015 END
START -0.390254870605 -11.3173912476 10.2352120972 250.129770992 -82.2824427481 13.6259541985 END
START -5.49948121338 -11.3556984741 7.47948598633 250.129770992 -68.5114503817 2.60305343511 END
START -6.6702458252 -16.0124207031 7.70454094238 250.129770992 -72.106870229 10.4351145038 END