START -3.90494290771 -10.6254669678 7.60398447266 250.129770992 -73.7938931298 4.62595419847 END
START 7.04374128418 -6.55771834717 5.66946953125 250.129770992 -70.8778625954 10.0305343511 END
START 7.83622203369 -12.4043588013 5.7748144043 250.129770992 -66.786259542 7.46564885496 END
START 4.05338341064 -9.18415756836 8.46829127197 250.129770992 -61.8396946565 1.19083969466 END
START 1.68312376709 -5.41328995361 7.58004245605 250.129770992 -71.5648854962 5.68702290076 END
START 3.32794030762 -9.8545340332 6.85220515137 250.129770992 -84.0152671756 8.15267175573 END
START -3.50032282715 -14.2407114746 7.54652363281 250.129770992 -86.534351145 11.7786259542 END
START -0.974440075684 -11.65257948 6.44040246582 250.129770992 -101.809160305 3.0 END
START 0.61052142334 -5.07570751953 6.27520255127 250.129770992 -97.2061068702 -2.35877862595 END
START 3.21541282959 -5.1858407959 5.47075079346 250.129770992 -89.7404580153 5.09160305344 END
START 1.54665427246 -13.8672160156 5.86100566406 250.129770992 -104.641221374 5.34351145038 END
START 1.81719906006 -10.7547538574 10.9295305786 250.129770992 -100.832061069 10.9389312977 END
START 9.95987890625 -10.0556469727 9.78749638672 250.129770992 -86.8473282443 4.60305343511 END
START -2.88740720215 -12.7467296387 10.7403886475 250.129770992 -107.076335878 11.3435114504 END
START -0.684741674805 -9.33259807129 9.63187327881 250.129770992 -104.503816794 -3.39694656489 END
START 4.71657727051 -5.68862314453 3.01908829346 250.129770992 -104.541984733 -4.4427480916 END
START 2.73178409424 -11.3748520874 13.5847002197 250.129770992 -104.160305344 3.99236641221 END
START 4.45560928955 -6.98149204102 10.292672937 250.129770992 -105.526717557 5.78625954198 END
START 1.2138602417 -15.801730957 5.88015927734 250.129770992 -101.763358779 1.72519083969 END
START 6.22731851807 -9.46906756592 8.80347950439 250.129770992 -106.351145038 2.28244274809 END
START 1.37187755127 -6.28238515625 3.97676895752 250.129770992 -91.5419847328 6.15267175573 END
START -1.33117612305 -4.59207878418 11.5161099854 250.129770992 -99.9847328244 -3.50381679389 END
START -1.68312376709 -10.0317049561 9.32780966797 250.129770992 -91.0992366412 -2.6106870229 END
START 3.6056677002 -8.34379278564 12.3157733398 250.129770992 -104.610687023 10.8396946565 END
START -1.23540805664 -7.07007750244 4.20900651855 250.129770992 -96.3282442748 6.41984732824 END
START 8.76517227783 -14.2646534912 8.45153186035 250.129770992 -107.129770992 5.54198473282 END
START -1.61129771729 -9.64145008545 8.95670841064 250.129770992 -95.8091603053 4.8320610687 END
START 5.31752188721 -12.6461731689 10.1897222656 250.129770992 -98.358778626 6.93893129771 END
START 1.65678754883 -6.72770666504 7.28794985352 250.129770992 -82.0076335878 7.71755725191 END
START -3.03105930176 -5.90649549561 11.2311999878 250.129770992 -71.427480916 6.90839694656 END
START -1.42694418945 -7.2951324585 9.89523546143 250.129770992 -65.1221374046 13.5114503817 END
START 1.76213242187 -11.6932809082 11.8680576294 250.129770992 -68.7099236641 16.8015267176 END
START 1.8626888916 -8.63349118652 3.43328518066 250.129770992 -55.5114503817 3.84732824427 END
START 2.03028300781 -5.96395633545 12.8353151001 250.129770992 -53.1450381679 2.9465648855 END
START 7.80509741211 -4.44603248291 4.31195718994 250.129770992 -52.3511450382 8.74809160305 END
START -1.49158763428 -5.79157381592 11.6837041016 250.129770992 -52.2748091603 5.27480916031 END
START -2.39420166016 -11.2000753662 8.93037219238 250.129770992 -46.3893129771 3.67938931298 END
START 2.54982476807 -10.8672813354 10.2040874756 250.129770992 -54.0610687023 7.47328244275 END
START 3.68228215332 -11.7124345215 10.6901104126 250.129770992 -47.320610687 0.259541984733 END
START 1.45806881104 -5.67186373291 8.35576379395 250.129770992 -51.6641221374 0.251908396947 END
START 1.94409174805 -8.9231895874 12.378022583 250.129770992 -49.5954198473 4.03053435115 END
START -0.986411083984 -15.1624791138 6.38294162598 250.129770992 -54.1679389313 9.90839694656 END
START 0.557848986816 -3.21780703125 9.32780966797 250.129770992 -51.8167938931 1.68702290076 END
START -1.05823713379 -9.74440075684 13.6852566895 250.129770992 -45.3282442748 5.80152671756 END
START 1.01992990723 -17.2933185913 7.79552060547 250.129770992 -48.5419847328 -2.03053435115 END
START -0.708683691406 -9.33499227295 7.97269152832 250.129770992 -43.6717557252 12.641221374 END
START -2.50912333984 -10.539275708 11.5663882202 250.129770992 -41.9694656489 11.0381679389 END
START -0.169988317871 -14.343662146 6.04057078857 250.129770992 -43.3358778626 3.87022900763 END
START -0.442927307129 -9.08360109863 13.836091394 250.129770992 -46.5877862595 1.69465648855 END
START 0.14844050293 -10.1992990723 6.04057078857 250.129770992 -49.0 11.5190839695 END
START 1.46764561768 -10.5057568848 6.44519086914 250.129770992 -48.358778626 7.6641221374 END
START -2.46842191162 -7.20894119873 8.51138690186 250.129770992 -48.1679389313 -1.58778625954 END
START 0.531512768555 -12.2008516602 9.64863269043 250.129770992 -40.7709923664 15.106870229 END
START 0.385466467285 -10.9462899902 5.30555087891 250.129770992 -52.0992366412 3.48091603053 END
START -4.70221206055 -10.3477395752 7.41963094482 250.129770992 -45.5419847328 3.96183206107 END
START 0.495599743652 -9.7348239502 8.63349118652 250.129770992 -51.4122137405 2.30534351145 END
START 2.03746561279 -10.4698438599 7.37414111328 250.129770992 -65.4885496183 7.37404580153 END
START 1.592144104 -10.6134959595 7.52258161621 250.129770992 -66.8091603053 5.4427480916 END
START -2.45645090332 -9.4882211792 3.81875164795 250.129770992 -77.0152671756 1.47328244275 END
START 2.71981308594 -9.15303294678 6.87375296631 250.129770992 -70.3664122137 4.72519083969 END
START -3.11725056152 -7.6734163208 6.32069238281 250.129770992 -63.0305343511 2.49618320611 END
START 0.387860668945 -9.91917747803 5.75326658936 250.129770992 -73.3740458015 -4.68702290076 END
START 9.15063874512 -10.5057568848 8.25760152588 250.129770992 -75.0610687023 2.17557251908 END
START 3.45962139893 -11.2383825928 8.40125362549 250.129770992 -75.9083969466 4.67938931298 END
START -1.52989486084 -12.0141039307 7.43639035645 250.129770992 -96.4427480916 7.75572519084 END
START 3.30399829102 -12.2295820801 5.80354482422 250.129770992 -90.8702290076 9.53435114504 END
START 0.114921679688 -10.3333743652 5.75805499268 250.129770992 -92.0992366412 12.8244274809 END
START 4.27604416504 -12.976572998 12.2870429199 250.129770992 -91.2519083969 6.65648854962 END
START 7.54173522949 -6.16028087158 5.95916793213 250.129770992 -96.2290076336 5.58778625954 END
START 0.550666381836 -8.99262143555 9.26795462646 250.129770992 -94.6259541985 9.0534351145 END
START 9.97184991455 -9.91438907471 11.540052002 250.129770992 -93.465648855 6.86259541985 END
START 8.02296976318 -13.8983406372 6.6702458252 250.129770992 -98.1297709924 4.35877862595 END
START 2.07098443604 -7.90086547852 8.76038387451 250.129770992 -88.5114503817 12.3129770992 END
START 7.17542237549 -12.6725093872 8.9231895874 250.129770992 -102.312977099 16.0610687023 END
START 5.05415970459 -12.5480109009 7.13472094727 250.129770992 -100.65648855 14.0381679389 END
START 5.4444145752 -8.59757816162 1.93212073975 250.129770992 -85.4351145038 7.41984732824 END
START 2.85149417725 -10.1274730225 5.4683565918 250.129770992 -86.7328244275 2.60305343511 END
START 11.9015764526 -5.7748144043 6.45237347412 250.129770992 -79.320610687 5.85496183206 END
START 1.12527478027 -8.60715496826 8.13549724121 250.129770992 -84.0229007634 7.0 END
START 5.8586114624 -11.9398836792 8.80347950439 250.129770992 -80.4045801527 9.80916030534 END
START 5.23611903076 -6.21055910645 6.30632717285 250.129770992 -79.0610687023 9.10687022901 END
START 1.75734401855 -11.3173912476 5.93522591553 250.129770992 -75.8396946565 5.34351145038 END
START -2.28406838379 -3.65115753174 6.36618221436 250.129770992 -76.5038167939 6.23664122137 END
START 0.383072265625 -12.519280481 11.1976811646 250.129770992 -71.9083969466 -3.71755725191 END
START -2.69587106934 -11.0157218384 0.682347473145 250.129770992 -73.7480916031 5.51908396947 END
START -3.12922156982 -0.658405456543 8.97825622559 250.129770992 -80.1374045802 -0.114503816794 END
START -0.423773693848 -10.3692873901 4.33111080322 250.129770992 -74.465648855 2.34351145038 END
START -1.68551796875 -1.97042796631 8.31985076904 250.129770992 -71.3511450382 4.12213740458 END
START -4.06774862061 -6.49068070068 6.28238515625 250.129770992 -68.3969465649 -0.0992366412214 END
START 0.849941589355 -10.9175595703 6.56968935547 250.129770992 -62.8778625954 12.534351145 END
START -1.63763393555 -11.2527478027 5.48511600342 250.129770992 -63.8015267176 0.534351145038 END
START 3.24414324951 -6.44040246582 7.98226833496 250.129770992 -61.9847328244 6.98473282443 END
START -2.90656081543 -9.95509050293 6.3637880127 250.129770992 -60.1603053435 9.89312977099 END
START 8.07085379639 -12.2056400635 3.06218392334 250.129770992 -68.5954198473 11.9465648855 END
START 4.01268198242 -14.9158763428 4.48194550781 250.129770992 -55.4961832061 8.32061068702 END