START 3.78283862305 -12.7132108154 5.62637390137 250.129770992 -78.5572519084 -2.70229007634 END
START -1.6041151123 -9.14824454346 5.77720860596 250.129770992 -82.4427480916 9.75572519084 END
START -2.83234056396 -6.6822168335 7.79791480713 250.129770992 -85.2824427481 4.97709923664 END
START -0.718260498047 -8.20014068604 9.24880101318 250.129770992 -85.2977099237 2.02290076336 END
START 5.11162054443 -7.53694682617 10.3118265503 250.129770992 -76.6870229008 4.22900763359 END
START 2.59531459961 -9.28231983643 10.0700121826 250.129770992 -67.6030534351 7.49618320611 END
START 0.871489404297 -15.4210528931 9.71567033691 250.129770992 -84.0610687023 3.09160305344 END
START -3.24893165283 -7.44357296143 6.05972440186 250.129770992 -89.0610687023 7.46564885496 END
START -2.49236392822 -12.7898252686 12.4450602295 250.129770992 -104.328244275 11.5038167939 END
START 4.89374819336 -8.11394942627 7.12514414062 250.129770992 -99.7938931298 12.7251908397 END
START 3.59130249023 -9.68454571533 5.21935961914 250.129770992 -105.572519084 13.9694656489 END
START 1.02471831055 -5.71974776611 11.757924353 250.129770992 -104.79389313 10.0687022901 END
START 0.943315454102 -5.41089575195 6.02620557861 250.129770992 -105.328244275 3.67175572519 END
START -3.05500131836 -10.7379944458 7.76439598389 250.129770992 -104.167938931 4.19083969466 END
START 3.15076938477 -7.17542237549 6.17464608154 250.129770992 -104.27480916 6.97709923664 END
START -3.90733710937 -7.17302817383 7.72848295898 250.129770992 -104.893129771 7.32824427481 END
START -4.20182391357 -9.88565865479 5.78199700928 250.129770992 -104.320610687 -1.48854961832 END
START -0.560243188477 -11.4873795654 -0.237025964355 250.129770992 -104.34351145 2.62595419847 END
START 3.92170231934 -14.6142069336 4.70700046387 250.129770992 -104.229007634 10.7328244275 END
START -0.653617053223 -9.80665 8.13549724121 250.129770992 -103.969465649 8.19083969466 END
START -4.76446130371 -11.2383825928 6.10760843506 250.129770992 -116.595419847 9.92366412214 END
START -10.3022497437 -4.78840332031 8.43237824707 250.129770992 -113.175572519 9.84732824427 END
START 1.94169754639 -9.16739815674 4.9512090332 250.129770992 -104.465648855 1.31297709924 END
START 7.99902774658 -8.62630858154 11.9781909058 250.129770992 -104.27480916 7.79389312977 END
START 10.0269165527 -12.2367646851 7.721300354 250.129770992 -104.496183206 -2.17557251908 END
START 2.80361014404 -13.1513497192 12.7179992187 250.129770992 -79.9465648855 15.7557251908 END
START -0.536301171875 -6.05254179687 8.26717833252 250.129770992 -79.0687022901 13.5038167939 END
START 10.9989624268 -12.512097876 11.8704518311 250.129770992 -66.4351145038 11.0076335878 END
START 2.43729729004 -3.87621248779 5.49948121338 250.129770992 -50.0381679389 6.09160305344 END
START -4.64235701904 -11.4849853638 9.93354268799 250.129770992 -45.5801526718 3.51908396947 END
START 4.33589920654 -8.49702169189 5.4563855835 250.129770992 -46.3053435115 8.58778625954 END
START -1.63045133057 -8.73644185791 16.2015626343 250.129770992 -48.8320610687 16.8702290076 END
START 2.20984813232 -10.6853220093 4.75967290039 250.129770992 -41.1221374046 9.75572519084 END
START 10.0628295776 -14.209586853 8.83699832764 250.129770992 -54.4198473282 4.09923664122 END
START 0.715866296387 -6.4475850708 9.09078370361 250.129770992 -62.2290076336 8.4427480916 END
START 4.07014282227 -10.7954552856 10.7954552856 250.129770992 -51.0305343511 10.1679389313 END
START -4.36462962646 -2.62165081787 6.49068070068 250.129770992 -44.893129771 12.572519084 END
START -1.21864864502 -6.29196196289 11.271901416 250.129770992 -51.4198473282 9.0 END
START 5.37498272705 -9.2535894165 7.05331809082 250.129770992 -42.7404580153 14.7404580153 END
START 0.0981622680664 -9.36851109619 5.82748684082 250.129770992 -34.641221374 4.51908396947 END
START -1.50595284424 -5.82030423584 9.89044705811 250.129770992 -33.8778625954 -2.67175572519 END
START 4.22816013184 -6.82586893311 5.73171877441 250.129770992 -45.3969465649 6.45038167939 END
START -0.275333190918 -11.384428894 5.32231029053 250.129770992 -32.7328244275 2.01526717557 END
START 7.45314976807 -5.38455953369 5.2816088623 250.129770992 -34.8778625954 0.679389312977 END
START 0.0119710083008 -18.3419789185 11.0875478882 250.129770992 -36.2977099237 13.2977099237 END
START -0.873883605957 -12.2056400635 6.1650692749 250.129770992 -37.5114503817 1.90839694656 END
START 1.44130939941 -6.55292994385 3.9719805542 250.129770992 -35.0458015267 -0.580152671756 END
START -2.48039291992 -10.2591541138 7.29034405518 250.129770992 -40.5572519084 5.62595419847 END
START 0.368707055664 -13.5104799683 3.7253777832 250.129770992 -47.1526717557 7.29770992366 END
START 2.16675250244 -12.004527124 9.65102689209 250.129770992 -46.0305343511 8.01526717557 END
START -1.96563956299 -16.3715509521 7.88171186523 250.129770992 -56.1679389313 17.2824427481 END
START -1.13963999023 -4.18745870361 5.80115062256 250.129770992 -47.9694656489 -1.03816793893 END
START -5.27682045898 -4.95599743652 5.73650717773 250.129770992 -63.1755725191 11.6946564885 END
START 4.20900651855 -1.43173259277 6.22013591309 250.129770992 -53.2595419847 3.58015267176 END
START -0.328005627441 -7.67102211914 10.7739074707 250.129770992 -74.0152671756 7.43511450382 END
START -4.69502945557 -9.7827079834 11.0300870483 250.129770992 -67.534351145 7.85496183206 END
START 1.19231242676 -5.83706364746 4.38857164307 250.129770992 -77.4122137405 11.4885496183 END
START 9.57680664062 -12.018892334 4.61841500244 250.129770992 -82.641221374 11.4351145038 END
START 3.9600095459 -5.37258852539 -2.58334359131 250.129770992 -92.5114503817 2.03053435115 END
START 3.30639249268 -1.18512982178 7.02937607422 250.129770992 -86.8473282443 4.15267175573 END
START -6.57447775879 -13.4338655151 7.14669195557 250.129770992 -88.5038167939 13.4427480916 END
START -3.29681568604 -9.70369932861 8.8872765625 250.129770992 -88.2061068702 13.4961832061 END
START -0.232237561035 -8.2504189209 5.92804331055 250.129770992 -94.465648855 16.8396946565 END
START 8.51856950684 -12.0739589722 8.05888278809 250.129770992 -99.3435114504 15.3816793893 END
START -1.67833536377 -6.7301008667 5.8945244873 250.129770992 -87.8778625954 14.9923664122 END
START -0.430956298828 -12.5982891357 5.86339986572 250.129770992 -96.7404580153 8.11450381679 END
START -0.861912597656 -9.59356605225 11.2575362061 250.129770992 -95.0076335878 10.8244274809 END
START 9.43315454102 -13.4889321533 5.68862314453 250.129770992 -104.648854962 -4.90839694656 END
START -2.8060043457 -9.95987890625 7.94156690674 250.129770992 -98.679389313 9.59541984733 END
START -1.54186586914 -12.6461731689 7.44357296143 250.129770992 -104.442748092 -2.43511450382 END
START 9.78031378174 -8.8513635376 6.77559069824 250.129770992 -104.618320611 2.12213740458 END
START 10.6254669678 -15.6317426392 10.771513269 250.129770992 -92.9541984733 7.08396946565 END
START 6.45237347412 -9.07163009033 5.99986936035 250.129770992 -97.2519083969 9.91603053435 END
START 12.610260144 -11.645396875 13.3596452637 250.129770992 -61.6030534351 5.08396946565 END
START 10.0436759644 -10.8289741089 8.81066210937 250.129770992 -64.4122137405 0.167938931298 END
START 6.0693012085 -8.97107362061 5.78917961426 250.129770992 -55.6259541985 9.7786259542 END
START 2.40138426514 -14.2862013062 6.1411272583 250.129770992 -59.9389312977 12.9770992366 END
START 5.2576668457 -5.38934793701 6.08845482178 250.129770992 -59.9160305344 11.4809160305 END
START 3.18189400635 -6.79235010986 7.88889447021 250.129770992 -68.8702290076 15.1755725191 END
START -2.49475812988 -7.3071034668 8.99740983887 250.129770992 -68.3969465649 17.1908396947 END
START -7.56807144775 -13.1537439209 7.85537564697 250.129770992 -65.3129770992 5.12977099237 END
START 2.94486804199 -11.0420580566 9.28950244141 250.129770992 -68.1221374046 -1.42748091603 END
START -4.09887324219 -10.7212350342 6.28238515625 250.129770992 -69.4885496183 2.50381679389 END
START 3.54102425537 -8.68855782471 11.2288057861 250.129770992 -72.106870229 10.5496183206 END
START 7.28794985352 -6.33984599609 6.58166036377 250.129770992 -86.7557251908 5.89312977099 END
START -2.49236392822 -8.93994899902 8.89685336914 250.129770992 -75.1984732824 6.91603053435 END
START -0.177170922852 -9.99100352783 7.74284816895 250.129770992 -75.0610687023 4.52671755725 END
START -3.43807358398 -7.44117875977 8.32463917236 250.129770992 -79.8244274809 -1.3893129771 END
START -1.73340200195 -10.6877162109 16.2374756592 250.129770992 -82.8702290076 12.1908396947 END
START -7.01740506592 -4.3263223999 7.28076724854 250.129770992 -82.9389312977 0.496183206107 END
START -2.20027132568 -10.5656119263 9.63666168213 250.129770992 -77.7786259542 -2.24427480916 END
START 3.58890828857 -8.98543883057 8.35815799561 250.129770992 -71.5954198473 6.32824427481 END
START 0.905008227539 -1.07739074707 7.63271489258 250.129770992 -76.0076335878 12.8244274809 END
START -1.05344873047 -1.43652099609 6.94557901611 250.129770992 -71.3969465649 8.80152671756 END
START 4.43884987793 -9.1338793335 11.1904985596 250.129770992 -79.4961832061 18.534351145 END
START -5.70538255615 -12.4019645996 7.58722506104 250.129770992 -74.0687022901 4.19083969466 END
START 5.33667550049 -5.94240852051 9.55286462402 250.129770992 -72.7022900763 5.89312977099 END
START 7.47230338135 -10.6206785645 8.92079538574 250.129770992 -75.6717557252 13.9007633588 END