START 2.48039291992 -10.7475712524 1.26653267822 250.129770992 -89.5648854962 -2.78625954198 END
START -1.51313544922 -2.1092916626 11.3940057007 250.129770992 -98.1374045802 5.04580152672 END
START 5.18105239258 -10.4578728516 7.50342800293 250.129770992 -99.5954198473 10.9923664122 END
START 1.35032973633 -9.70609353027 9.47146176758 250.129770992 -105.503816794 10.8015267176 END
START 1.95127435303 -7.21851800537 9.97663831787 250.129770992 -99.7709923664 6.72519083969 END
START -6.25126053467 -8.03015236816 8.14028564453 250.129770992 -105.183206107 13.6564885496 END
START 0.402225878906 -3.88578929443 4.17788189697 250.129770992 -104.396946565 4.40458015267 END
START -4.50588752441 -10.3549221802 11.3126028442 250.129770992 -103.946564885 1.51145038168 END
START -3.39976635742 -13.2830308105 5.35582911377 250.129770992 -97.8320610687 -1.76335877863 END
START 3.99352836914 -12.4833674561 10.6996872192 250.129770992 -95.6106870229 8.23664122137 END
START 2.00155258789 -6.27280834961 5.69580574951 250.129770992 -98.8244274809 3.54961832061 END
START 1.78846864014 -10.6134959595 4.66390483398 250.129770992 -97.3740458015 -1.25190839695 END
START 3.05021291504 -8.52335791016 6.30632717285 250.129770992 -91.358778626 4.71755725191 END
START -2.88980140381 -2.94726224365 8.11394942627 250.129770992 -99.4961832061 -5.60305343511 END
START 8.91840118408 -6.87614716797 0.746990917969 250.129770992 -82.9160305344 1.57251908397 END
START 1.18034141846 -10.8409451172 12.4354834229 250.129770992 -81.2442748092 4.99236641221 END
START 1.29047469482 -11.7100403198 6.91445439453 250.129770992 -92.4809160305 13.5496183206 END
START 3.21541282959 -10.8385509155 17.7290632935 250.129770992 -99.0152671756 -0.320610687023 END
START 3.44525618896 -9.67018050537 7.22091220703 250.129770992 -77.3816793893 7.27480916031 END
START 1.68072956543 -11.137826123 7.56567724609 250.129770992 -98.7709923664 5.91603053435 END
START 1.76931502686 -6.32069238281 9.37569370117 250.129770992 -71.1679389313 8.30534351145 END
START 5.56173045654 -7.18978758545 9.01656345215 250.129770992 -69.3664122137 14.3893129771 END
START -0.976834277344 -10.7116582275 7.26640203857 250.129770992 -61.9007633588 -0.236641221374 END
START -7.12993254395 -1.28329208984 4.5609541626 250.129770992 -66.6564885496 -0.0610687022901 END
START -2.83952316895 -14.597447522 9.41400092773 250.129770992 -62.3435114504 0.0152671755725 END
START 1.23540805664 -9.98142672119 14.2215578613 250.129770992 -64.1374045802 8.87786259542 END
START 10.2902787354 -13.1800801392 6.86178195801 250.129770992 -67.7480916031 -0.793893129771 END
START 2.12844527588 -7.52258161621 11.0318826996 250.129770992 -74.2824427481 -3.67175572519 END
START -3.61285030518 -9.15063874512 5.77002600098 250.129770992 -58.9923664122 4.3358778626 END
START -10.1131078125 -10.6063133545 5.8107274292 250.129770992 -57.2519083969 12.2442748092 END
START 4.25689055176 -11.8752402344 7.30949766846 250.129770992 -47.8702290076 4.35877862595 END
START 10.1442324341 -1.33117612305 6.37336481934 250.129770992 -55.9083969466 8.97709923664 END
START 4.04859500732 -10.6972930176 6.16746347656 250.129770992 -45.2442748092 2.23664122137 END
START 3.97437475586 -9.27274302979 7.86495245361 250.129770992 -47.9847328244 2.74045801527 END
START 8.0397291748 -7.24964262695 7.94635531006 250.129770992 -38.427480916 -0.572519083969 END
START 3.0765491333 -10.2136642822 6.54574733887 250.129770992 -52.4885496183 0.862595419847 END
START -0.318428820801 -6.36139381104 7.18978758545 250.129770992 -51.8167938931 -4.1679389313 END
START 0.426167895508 -9.42597193604 10.6494089844 250.129770992 -50.6641221374 6.54198473282 END
START -2.52588275146 -3.61045610352 7.92241329346 250.129770992 -44.213740458 2.5572519084 END
START 2.06859023437 -7.72369455566 8.26957253418 250.129770992 -47.2900763359 6.90839694656 END
START 7.89847127686 -8.76756647949 4.82910474854 250.129770992 -41.7404580153 5.1679389313 END
START -3.51468803711 -4.39575424805 10.4315366333 250.129770992 -54.8396946565 11.9541984733 END
START 2.7581203125 -8.05888278809 7.24246002197 250.129770992 -50.0763358779 10.5419847328 END
START -0.320823022461 -4.10605584717 8.79150849609 250.129770992 -46.8854961832 -2.58015267176 END
START 6.57208355713 -9.68693991699 8.9231895874 250.129770992 -47.3053435115 4.87022900763 END
START -1.13963999023 -12.1745154419 5.37498272705 250.129770992 -57.2671755725 6.53435114504 END
START -4.79558592529 -11.2886608276 8.21929429932 250.129770992 -56.2671755725 4.29770992366 END
START -3.19625921631 -7.11077893066 5.94001431885 250.129770992 -58.2442748092 4.80152671756 END
START -1.11330377197 -9.45470235596 10.3764699951 250.129770992 -70.1984732824 2.10687022901 END
START -0.536301171875 -6.1411272583 5.5641246582 250.129770992 -77.4427480916 5.06106870229 END
START -1.10133276367 -11.0085392334 4.01268198242 250.129770992 -65.2748091603 14.1679389313 END
START -0.3064578125 -13.2950018188 6.27759675293 250.129770992 -70.9770992366 8.50381679389 END
START -6.0573302002 -9.74200655518 4.46518609619 250.129770992 -69.0687022901 -1.84732824427 END
START 2.29364519043 -8.42040723877 7.92959589844 250.129770992 -80.0992366412 2.03816793893 END
START -0.92416184082 -10.7523596558 2.78445653076 250.129770992 -75.3969465649 0.0610687022901 END
START -2.40617266846 -11.4778027588 5.26484945068 250.129770992 -91.9007633588 1.36641221374 END
START -2.78445653076 -4.23534273682 9.13866773682 250.129770992 -86.3969465649 5.29770992366 END
START 5.39892474365 -11.3341506592 5.14513936768 250.129770992 -93.8778625954 12.427480916 END
START 7.96072052002 -14.69560979 6.02620557861 250.129770992 -86.9236641221 11.3969465649 END
START 5.65510432129 -10.0197339478 5.92325490723 250.129770992 -91.4045801527 4.89312977099 END
START -1.17076461182 -8.48265648193 10.4219598267 250.129770992 -104.977099237 13.6183206107 END
START -1.00317049561 -15.6796266724 1.85790048828 250.129770992 -105.160305344 1.96183206107 END
START 8.08521900635 -9.06444748535 7.35738170166 250.129770992 -90.0534351145 6.09160305344 END
START 5.47314499512 -5.63355650635 8.14507404785 250.129770992 -100.015267176 3.68702290076 END
START 13.4338655151 -10.2040874756 9.13148513184 250.129770992 -95.7022900763 5.64885496183 END
START -3.32794030762 -10.0293107544 11.0683942749 250.129770992 -85.3893129771 -0.0763358778626 END
START 1.20907183838 -11.8728460327 8.96149681396 250.129770992 -81.9083969466 5.00763358779 END
START 5.65749852295 -11.6813098999 6.90008918457 250.129770992 -78.4809160305 5.6641221374 END
START 3.44765039062 -9.23443580322 5.882553479 250.129770992 -68.7557251908 4.31297709924 END
START 11.2288057861 -9.85932243652 7.53934102783 250.129770992 -89.320610687 10.7099236641 END
START 2.27449157715 -9.39484731445 4.92247861328 250.129770992 -76.8702290076 2.93893129771 END
START 1.55144267578 -13.8552450073 8.90164177246 250.129770992 -73.4427480916 -0.297709923664 END
START -0.241814367676 -8.5089927002 9.07402429199 250.129770992 -80.8778625954 3.06870229008 END
START -9.31344445801 -12.4450602295 4.49870491943 250.129770992 -73.786259542 10.5114503817 END
START 1.02232410889 -11.4418897339 6.95515582275 250.129770992 -75.6717557252 10.7633587786 END
START -0.92655604248 -14.1401550049 8.10197841797 250.129770992 -80.5190839695 5.00763358779 END
START -0.361524450684 -9.38287630615 5.23133062744 250.129770992 -66.3893129771 3.50381679389 END
START -2.57855518799 -4.09408483887 6.7301008667 250.129770992 -73.0534351145 4.00763358779 END
START -1.81719906006 -7.74284816895 6.99585725098 250.129770992 -78.9389312977 2.56488549618 END
START -4.24491954346 -8.15465085449 10.8624929321 250.129770992 -82.0992366412 11.8473282443 END
START -0.500388146973 -9.39005891113 10.1633860474 250.129770992 -74.358778626 6.99236641221 END
START -3.45243879395 -11.6837041016 9.8784760498 250.129770992 -68.8549618321 -5.74809160305 END
START -3.52905324707 -8.61912597656 8.97346782227 250.129770992 -69.6946564885 17.4809160305 END
START 7.73805976562 -10.038887561 11.5759650269 250.129770992 -65.572519084 11.0992366412 END
START 4.81473953857 -8.42040723877 8.66701000977 250.129770992 -62.0992366412 2.67938931298 END