START -5.29357987061 -12.0715647705 9.94551369629 250.129770992 -80.5801526718 6.83969465649 END
START -1.73579620361 -13.3883756836 8.44913765869 250.129770992 -68.8244274809 7.32061068702 END
START 3.76847341309 -8.70292303467 11.3652752808 250.129770992 -81.7022900763 6.63358778626 END
START -3.76129080811 -5.44920297852 6.11239683838 250.129770992 -85.5954198473 3.86259541985 END
START -0.754173522949 -6.71573565674 5.2097828125 250.129770992 -102.511450382 4.51908396947 END
START -0.735019909668 -13.4721727417 5.11640894775 250.129770992 -96.9312977099 3.24427480916 END
START -10.158597644 -9.71806453857 4.53222374268 250.129770992 -92.9770992366 3.17557251908 END
START 0.136469494629 -13.3859814819 7.79552060547 250.129770992 -93.8702290076 -1.74809160305 END
START 2.62643922119 -3.43807358398 7.86016405029 250.129770992 -100.335877863 6.35114503817 END
START -2.1930887207 -12.4091472046 7.108384729 250.129770992 -95.786259542 8.90076335878 END
START 1.64721074219 -5.762843396 9.99818613281 250.129770992 -94.3664122137 -3.83969465649 END
START 2.56179577637 -14.3604215576 7.91523068848 250.129770992 -99.1832061069 -5.54198473282 END
START -0.658405456543 -1.98000477295 7.9080480835 250.129770992 -103.259541985 0.419847328244 END
START 5.31512768555 -4.55855996094 8.39407102051 250.129770992 -82.2213740458 -3.58015267176 END
START -0.682347473145 -8.6047607666 9.44512554932 250.129770992 -81.6641221374 1.74809160305 END
START -0.735019909668 -11.2551420044 5.06134230957 250.129770992 -69.6564885496 -2.28244274809 END
START 2.60249720459 -8.34858118896 10.5727945312 250.129770992 -81.358778626 1.58778625954 END
START -3.45004459229 -5.01106407471 9.5361052124 250.129770992 -74.3053435115 -1.85496183206 END
START 6.56968935547 -6.70376464844 8.96628521729 250.129770992 -85.2595419847 1.96946564885 END
START 4.71178886719 -12.1026893921 11.1545855347 250.129770992 -89.3893129771 17.0305343511 END
START 0.991199487305 -10.3118265503 10.1274730225 250.129770992 -80.893129771 12.6564885496 END
START -2.05661922607 -12.0907183838 12.0931125854 250.129770992 -74.5419847328 8.70229007634 END
START 0.172382519531 -10.0173397461 12.5001268677 250.129770992 -87.5419847328 2.80916030534 END
START 2.84431157227 -9.52892260742 8.32703337402 250.129770992 -69.3893129771 13.6564885496 END
START 3.58411988525 -4.9631800415 12.0571995605 250.129770992 -70.5114503817 -3.3358778626 END
START 3.10288535156 -6.32787498779 12.8209498901 250.129770992 -70.6106870229 11.3740458015 END
START 0.881066210937 -11.3820346924 5.95437952881 250.129770992 -65.358778626 0.427480916031 END
START 1.70227738037 -10.6637741943 11.5208983887 250.129770992 -50.9847328244 12.5648854962 END
START 2.25533796387 -9.60793126221 13.2135989624 250.129770992 -48.7099236641 -0.167938931298 END
START -2.42532628174 -8.08043060303 12.9454483765 250.129770992 -54.2671755725 9.5572519084 END
START -1.41018477783 -2.36547124023 1.80762225342 250.129770992 -49.5801526718 10.7404580153 END
START 1.96563956299 -12.1697270386 5.92086070557 250.129770992 -54.0916030534 12.2213740458 END
START 3.87621248779 -13.1202250977 7.77157858887 250.129770992 -51.2213740458 11.1297709924 END
START 6.39491263428 -6.82347473145 7.38132371826 250.129770992 -57.7328244275 3.24427480916 END
START -2.92810863037 -9.43554874268 5.03500609131 250.129770992 -43.4045801527 -3.04580152672 END
START -3.78523282471 -2.85149417725 6.75164868164 250.129770992 -48.1297709924 8.4427480916 END
START -4.59447298584 -10.9175595703 8.55448253174 250.129770992 -46.2442748092 6.43511450382 END
START 0.816422766113 -9.03811126709 6.66066901855 250.129770992 -54.3358778626 3.10687022901 END
START 7.0126166626 -2.01831199951 7.70693514404 250.129770992 -55.3664122137 9.61832061069 END
START -7.65905111084 -13.4673843384 9.68215151367 250.129770992 -61.3969465649 -0.419847328244 END
START -1.31920511475 -11.9949503174 8.20732329102 250.129770992 -58.0076335878 6.5572519084 END
START -1.62805712891 -4.67587584229 5.99268675537 250.129770992 -60.8625954198 3.31297709924 END
START 7.01740506592 -9.76834277344 8.51378110352 250.129770992 -63.3816793893 0.419847328244 END
START 1.33117612305 -10.9175595703 6.17464608154 250.129770992 -66.5267175573 12.6717557252 END
START -1.06063133545 -15.7442701172 8.54729992676 250.129770992 -72.7557251908 9.93893129771 END
START 0.409408483887 -12.4019645996 7.36217010498 250.129770992 -84.4732824427 4.54961832061 END
START 4.12520946045 -8.56405933838 6.00226356201 250.129770992 -82.4351145038 13.6183206107 END
START 2.53785375977 -9.25837781982 9.193734375 250.129770992 -76.6564885496 8.72519083969 END
START -0.931344445801 -6.61996759033 6.7181298584 250.129770992 -81.6870229008 5.53435114504 END
START 5.68144053955 -18.3850745483 10.2064816772 250.129770992 -88.2061068702 2.48091603053 END
START -1.54186586914 -7.56088884277 5.80593902588 250.129770992 -79.8778625954 -2.32824427481 END
START 0.907402429199 -11.8584808228 7.56807144775 250.129770992 -77.0 7.77099236641 END
START 2.78685073242 -10.1681744507 5.74847818604 250.129770992 -86.3740458015 7.62595419847 END
START 5.78199700928 -8.82502731934 4.21379492187 250.129770992 -91.6870229008 3.35877862595 END
START -3.33751711426 -11.4897737671 5.37977113037 250.129770992 -83.7938931298 10.320610687 END
START 6.81868632812 -10.8864349487 9.37329949951 250.129770992 -95.8854961832 1.32824427481 END
START 0.751779321289 -10.8122146973 12.3445037598 250.129770992 -97.8320610687 9.6106870229 END
START 0.181959326172 -9.26316622314 9.45470235596 250.129770992 -97.5954198473 0.343511450382 END
START 2.94486804199 -10.919953772 4.52743533936 250.129770992 -88.7022900763 5.09923664122 END
START -1.51552965088 -16.4649248169 8.68855782471 250.129770992 -97.1832061069 9.25954198473 END
START 4.02225878906 -15.9717192749 13.6708914795 250.129770992 -90.6488549618 -3.85496183206 END
START -0.92416184082 -8.97825622559 7.57285985107 250.129770992 -86.3664122137 11.2900763359 END
START 3.1364041748 -4.043806604 7.12753834229 250.129770992 -80.3053435115 15.0992366412 END
START 0.375889660645 -17.5710459839 6.63433280029 250.129770992 -85.1526717557 6.78625954198 END
START 1.96324536133 -7.63032069092 2.89219560547 250.129770992 -77.8320610687 2.41984732824 END
START -3.88339509277 -12.8377093018 14.5375924805 250.129770992 -77.1908396947 5.06106870229 END
START -0.344765039063 -8.40843623047 4.53940634766 250.129770992 -77.1832061069 6.54961832061 END
START 7.89847127686 -8.86572874756 6.56968935547 250.129770992 -80.6870229008 0.900763358779 END
START -4.60404979248 -4.39814844971 11.271901416 250.129770992 -79.786259542 1.79389312977 END
START -5.76523759766 -13.9174942505 4.99669886475 250.129770992 -74.4885496183 3.67175572519 END
START -1.2378022583 -10.2974613403 6.06690700684 250.129770992 -71.3816793893 4.06870229008 END
START 1.86987149658 -7.71651195068 6.59602557373 250.129770992 -78.534351145 11.3816793893 END
START -0.562637390137 -11.01811604 7.26879624023 250.129770992 -79.7404580153 -1.82442748092 END
START -1.67115275879 -10.4602670532 7.77157858887 250.129770992 -82.3282442748 -0.625954198473 END
START 2.80361014404 -7.73566556396 11.645396875 250.129770992 -78.0076335878 16.7480916031 END
START 1.7788918335 -11.3389390625 6.86896456299 250.129770992 -72.9465648855 -0.389312977099 END
START -0.15562310791 -9.33259807129 9.57441243896 250.129770992 -69.9541984733 0.328244274809 END