START 3.52905324707 -14.9470009644 6.64869801025 250.129770992 -78.358778626 8.15267175573 END
START -1.65678754883 -10.7739074707 13.991714502 250.129770992 -76.4045801527 0.679389312977 END
START -4.72854827881 -7.73566556396 6.50265170898 250.129770992 -72.893129771 8.95419847328 END
START -0.0742202514648 -11.8824228394 3.26329686279 250.129770992 -75.9770992366 2.48854961832 END
START 3.27287366943 -15.6054064209 8.70771143799 250.129770992 -83.2290076336 5.64122137405 END
START -5.93043751221 -9.07881269531 12.4139356079 250.129770992 -81.3435114504 8.19083969466 END
START -2.68868846436 -15.4306296997 4.77643231201 250.129770992 -72.3816793893 6.29770992366 END
START 12.4211182129 -8.88967076416 1.63045133057 250.129770992 -77.3358778626 14.6259541985 END
START 4.77882651367 -7.48188018799 9.02135185547 250.129770992 -85.320610687 7.79389312977 END
START 1.78368023682 -5.16668718262 10.060435376 250.129770992 -87.8778625954 -0.870229007634 END
START 3.16513459473 -2.69347686768 10.7954552856 250.129770992 -99.9847328244 10.7938931298 END
START 1.87226569824 -5.36061751709 8.27196673584 250.129770992 -84.5267175573 5.03053435115 END
START 4.55137735596 -9.03092866211 1.93930334473 250.129770992 -88.4580152672 7.76335877863 END
START -3.80438643799 -11.6932809082 10.673351001 250.129770992 -86.9389312977 2.67175572519 END
START -0.677559069824 -15.1098066772 3.55778366699 250.129770992 -97.0076335878 6.80152671756 END
START -2.54264216309 -13.3524626587 5.87537087402 250.129770992 -89.679389313 11.5190839695 END
START 0.272938989258 -9.1697923584 7.601590271 250.129770992 -89.465648855 12.6183206107 END
START 5.74368978271 -7.0605006958 10.9822030151 250.129770992 -99.2366412214 2.67938931298 END
START 1.11569797363 -6.93360800781 1.28808049316 250.129770992 -101.236641221 3.93129770992 END
START 2.40138426514 -4.44363828125 4.87459458008 250.129770992 -84.9847328244 7.96183206107 END
START 3.77326181641 -8.16901606445 6.59123717041 250.129770992 -89.4961832061 2.56488549618 END
START 4.25689055176 -11.7172229248 10.2304236938 250.129770992 -100.145038168 9.43511450382 END
START -2.64319863281 -9.41160672607 5.06373651123 250.129770992 -92.9618320611 7.78625954198 END
START 6.18661708984 -9.50498059082 6.35899960937 250.129770992 -92.3435114504 14.0229007634 END
START -0.45489831543 -11.6980693115 3.63918652344 250.129770992 -83.2671755725 5.32061068702 END
START -2.85388837891 -8.94473740234 1.56341368408 250.129770992 -92.3129770992 26.3969465649 END
START 1.8866309082 -14.5615344971 11.0109334351 250.129770992 -70.5190839695 8.43511450382 END
START 4.46279189453 -10.9295305786 6.78277330322 250.129770992 -79.3435114504 6.64122137405 END
START 5.44680877686 -10.4171714233 10.1969048706 250.129770992 -64.9694656489 11.5190839695 END
START -0.0359130249023 -2.79882174072 10.9534725952 250.129770992 -82.5801526718 2.11450381679 END
START 6.05493599854 -14.8632039062 7.86734665527 250.129770992 -59.2366412214 11.0458015267 END
START 0.720654699707 -8.86812294922 8.35097539062 250.129770992 -52.1221374046 4.74045801527 END
START 7.37174691162 -9.76594857178 11.5065331787 250.129770992 -35.7938931298 -0.00763358778626 END
START 3.49792862549 -2.35828863525 6.97909783936 250.129770992 -33.7251908397 5.6106870229 END
START -4.51307012939 -2.27449157715 10.7140524292 250.129770992 -45.8854961832 0.541984732824 END
START 3.06218392334 -10.680533606 8.74123026123 250.129770992 -34.2519083969 4.79389312977 END
START 2.96641585693 -7.73087716064 5.36061751709 250.129770992 -46.641221374 3.37404580153 END
START -0.46447512207 -7.95832631836 3.71819517822 250.129770992 -32.1679389313 13.4809160305 END
START 3.91451971436 -11.8369330078 8.71968244629 250.129770992 -33.6259541985 2.40458015267 END
START 3.41173736572 -11.4227361206 5.10204373779 250.129770992 -33.1145038168 4.15267175573 END
START 0.797269152832 -12.1936690552 7.93677850342 250.129770992 -41.0 4.72519083969 END
START 5.56173045654 -12.1170546021 8.16183345947 250.129770992 -33.4122137405 -2.36641221374 END
START 6.68700523682 -3.02627089844 8.68616362305 250.129770992 -35.9770992366 10.6488549618 END
START 3.22498963623 -8.99262143555 9.42357773437 250.129770992 -35.0458015267 9.74045801527 END
START -2.97838686523 -4.70460626221 4.82671054687 250.129770992 -46.0076335878 10.7022900763 END
START -5.11880314941 -6.7181298584 7.58004245605 250.129770992 -45.0229007634 14.7251908397 END
START -5.27203205566 -6.61996759033 13.7139871094 250.129770992 -45.9770992366 11.3664122137 END
START 4.03901820068 -14.0348101318 6.10042583008 250.129770992 -63.5648854962 7.65648854962 END
START -3.45004459229 -8.50420429687 6.92163699951 250.129770992 -67.6717557252 -2.16030534351 END
START 0.107739074707 -11.2742956177 7.41244833984 250.129770992 -63.9083969466 1.26717557252 END
START 3.39737215576 -11.6430026733 8.51617530518 250.129770992 -75.6259541985 5.67938931298 END
START 3.05500131836 -10.9893856201 6.38533582764 250.129770992 -76.7633587786 1.93129770992 END
START -0.512359155273 -7.94156690674 6.46434448242 250.129770992 -80.4198473282 3.0534351145 END
START -2.63601602783 -9.80665 5.82030423584 250.129770992 -73.5648854962 6.51908396947 END
START 5.61440289307 -6.89769498291 13.0268512329 250.129770992 -78.5038167939 0.480916030534 END
START 4.36702382812 -7.4148425415 7.52976422119 250.129770992 -83.6641221374 7.88549618321 END
START 4.53222374268 -13.1489555176 8.10437261963 250.129770992 -80.8396946565 -0.549618320611 END
START 1.54186586914 -6.31111557617 5.92086070557 250.129770992 -91.465648855 7.82442748092 END
START 2.19787712402 -11.4418897339 6.66545742187 250.129770992 -75.1755725191 4.95419847328 END
START -4.19942971191 -10.1394440308 5.08528432617 250.129770992 -89.2595419847 3.32824427481 END
START 0.287304199219 -12.2966197266 11.2766898193 250.129770992 -89.5114503817 2.32061068702 END
START 0.447715710449 -9.20091697998 -0.00478840332031 250.129770992 -103.717557252 6.58015267176 END
START 2.85388837891 -10.2328178955 7.79073220215 250.129770992 -105.610687023 10.1908396947 END
START 4.97993945312 -13.7953899658 5.90170709229 250.129770992 -104.305343511 13.3816793893 END
START 0.696712683105 -10.2376062988 10.1202904175 250.129770992 -105.015267176 -2.46564885496 END
START 0.0742202514648 -3.57214887695 3.18189400635 250.129770992 -104.679389313 4.84732824427 END
START -0.275333190918 -5.81551583252 6.94797321777 250.129770992 -98.2748091603 -3.02290076336 END
START -0.14844050293 -9.58638344727 10.6829278076 250.129770992 -97.2061068702 9.57251908397 END
START 7.35977590332 -9.42357773437 5.31752188721 250.129770992 -66.5190839695 -3.32824427481 END
START 5.01106407471 -11.145008728 3.52665904541 250.129770992 -85.9236641221 7.98473282443 END
START 4.85304676514 -12.87841073 15.4833021362 250.129770992 -92.2824427481 7.63358778626 END
START -0.143652099609 -5.30555087891 7.64229169922 250.129770992 -76.5801526718 11.5877862595 END
START 2.15238729248 -14.3005665161 7.68299312744 250.129770992 -60.0992366412 12.679389313 END
START -0.361524450684 -12.8377093018 7.0126166626 250.129770992 -67.2824427481 15.3282442748 END
START 1.45328040771 -7.47230338135 10.6948988159 250.129770992 -63.3816793893 2.6106870229 END
START -6.05972440186 -7.91762489014 5.59524927979 250.129770992 -78.0992366412 10.8549618321 END
START 0.799663354492 -8.08761320801 11.7124345215 250.129770992 -84.3664122137 10.1374045802 END
START 5.06373651123 -13.3309148437 5.84424625244 250.129770992 -86.0610687023 -2.30534351145 END
START -0.878672009277 -2.085349646 8.2983029541 250.129770992 -78.8778625954 3.80916030534 END
START -0.0143652099609 -7.11796153564 1.54186586914 250.129770992 -90.6335877863 4.21374045802 END
START 1.09415015869 -10.4674496582 7.3549875 250.129770992 -86.2595419847 7.57251908397 END
START 1.07499654541 -17.1568490967 7.78594379883 250.129770992 -82.4809160305 -3.64122137405 END
START 1.05823713379 -7.69975253906 10.3190091553 250.129770992 -87.8091603053 9.8320610687 END
START -0.0215478149414 -11.4275245239 4.25689055176 250.129770992 -81.0458015267 9.91603053435 END
START -3.311180896 -10.0939541992 5.72214196777 250.129770992 -90.9236641221 4.04580152672 END
START 11.5568114136 -1.93212073975 7.32625708008 250.129770992 -85.1603053435 8.23664122137 END
START -3.67031114502 -6.99825145264 7.56088884277 250.129770992 -85.3740458015 12.9770992366 END
START -2.52827695312 -10.0293107544 6.17464608154 250.129770992 -76.4961832061 4.35114503817 END
START 8.10916102295 -11.8656634277 5.79636221924 250.129770992 -81.893129771 5.90076335878 END