START -2.79642753906 -4.08211383057 8.82023891602 250.129770992 -89.1679389313 -1.90076335878 END
START 2.36547124023 -8.86572874756 5.63595070801 250.129770992 -95.5267175573 6.85496183206 END
START -0.256179577637 -10.8912233521 5.43483776855 250.129770992 -86.7480916031 -2.38167938931 END
START 7.47230338135 -4.08929643555 10.7499654541 250.129770992 -98.3893129771 2.73282442748 END
START 4.48194550781 -8.42998404541 10.546458313 250.129770992 -92.7557251908 0.106870229008 END
START -2.79882174072 -11.6908867065 13.2806366089 250.129770992 -97.0534351145 2.6641221374 END
START -0.701501086426 -12.5551935059 6.08845482178 250.129770992 -104.519083969 7.62595419847 END
START -3.82114584961 -7.05331809082 10.7308118408 250.129770992 -105.167938931 -1.35877862595 END
START 0.344765039063 -7.45793817139 8.88009395752 250.129770992 -103.900763359 4.24427480916 END
START 3.6415807251 -10.9606552002 7.59440766602 250.129770992 -97.0229007634 1.84732824427 END
START 6.23928952637 -4.20661231689 8.67179841309 250.129770992 -106.152671756 9.34351145038 END
START -2.31758720703 -1.69988317871 7.54652363281 250.129770992 -101.786259542 2.49618320611 END
START 3.06697232666 -10.2878845337 5.5042696167 250.129770992 -104.961832061 6.61832061069 END
START 3.56017786865 -9.440337146 8.32703337402 250.129770992 -95.7786259542 9.46564885496 END
START 1.36230074463 -8.06127698975 6.89530078125 250.129770992 -100.076335878 11.8244274809 END
START 6.51222851562 -9.4642791626 4.903325 250.129770992 -107.465648855 12.1145038168 END
START 4.89374819336 -6.41406624756 5.25048424072 250.129770992 -104.427480916 9.14503816794 END
START 11.6142722534 -5.4803276001 14.5950533203 250.129770992 -104.290076336 -0.793893129771 END
START -1.01992990723 -14.2263462646 9.09557210693 250.129770992 -106.916030534 3.47328244275 END
START 10.6063133545 -6.60320817871 8.22887110596 250.129770992 -103.65648855 4.31297709924 END
START 5.21217701416 -3.82593425293 5.67904633789 250.129770992 -93.4580152672 8.9465648855 END
START -1.84114107666 -6.33266339111 3.16992299805 250.129770992 -107.610687023 14.7022900763 END
START -4.85065256348 -5.74129558105 8.69813463135 250.129770992 -103.900763359 -0.992366412214 END
START 8.5568767334 -7.51300480957 7.6255322876 250.129770992 -93.7404580153 -1.83969465649 END
START 5.42047255859 -7.06528909912 14.4657664307 250.129770992 -89.3893129771 10.1832061069 END
START 1.5083470459 -16.3835219604 7.06768330078 250.129770992 -78.5572519084 8.83969465649 END
START -1.07978494873 -9.39005891113 11.891999646 250.129770992 -68.9312977099 3.1679389313 END
START -3.0047230835 -11.5376578003 9.68693991699 250.129770992 -83.0916030534 7.57251908397 END
START -0.138863696289 -12.0452285522 6.13394465332 250.129770992 -71.0381679389 10.7328244275 END
START 4.92966121826 -8.03015236816 6.95515582275 250.129770992 -62.4580152672 0.778625954198 END
START 4.56813676758 -11.659762085 7.12274993896 250.129770992 -62.4885496183 4.76335877863 END
START 0.14844050293 -14.3101433228 7.721300354 250.129770992 -64.6106870229 7.25190839695 END
START -1.55144267578 -9.68215151367 8.54969412842 250.129770992 -51.0763358779 9.06106870229 END
START 4.62799180908 -9.98860932617 9.42357773437 250.129770992 -49.0992366412 2.14503816794 END
START 2.64080443115 -11.2288057861 8.06606539307 250.129770992 -48.6030534351 12.0916030534 END
START -2.23139594727 -9.02374605713 7.19457598877 250.129770992 -49.7786259542 2.01526717557 END
START 2.70065947266 -11.6358200684 7.07007750244 250.129770992 -50.2366412214 13.0534351145 END
START 0.445321508789 -9.37569370117 6.11479104004 250.129770992 -52.1908396947 6.98473282443 END
START 5.13556256104 -9.97663831787 7.62792648926 250.129770992 -33.5419847328 11.679389313 END
START 6.56968935547 -6.40688364258 5.19062919922 250.129770992 -57.1679389313 19.5954198473 END
START -4.18985290527 -7.02219346924 7.22570061035 250.129770992 -47.5038167939 8.83969465649 END
START -4.58729038086 -3.68228215332 11.3700636841 250.129770992 -39.8244274809 10.1603053435 END
START 7.13472094727 -7.6135612793 1.47003981934 250.129770992 -48.9389312977 5.32824427481 END
START -1.06063133545 -11.8896054443 6.4236430542 250.129770992 -62.0839694656 12.6564885496 END
START 1.45567460937 -10.6422263794 1.18512982178 250.129770992 -48.1526717557 10.1374045802 END
START -2.57855518799 -15.083470459 5.26484945068 250.129770992 -47.8702290076 3.90076335878 END
START 2.22181914063 -11.2671130127 4.28801517334 250.129770992 -47.3511450382 10.2213740458 END
START 3.04542451172 -2.10450325928 7.48906279297 250.129770992 -50.6717557252 11.6106870229 END
START -0.237025964355 -8.16422766113 6.61757338867 250.129770992 -49.106870229 5.36641221374 END
START 1.99436998291 -11.6334258667 9.29189664307 250.129770992 -51.6870229008 7.90839694656 END
START -5.99508095703 -10.539275708 3.62003291016 250.129770992 -70.427480916 2.35114503817 END
START -0.122104284668 -8.73644185791 6.0693012085 250.129770992 -60.0152671756 5.46564885496 END
START -0.624886633301 -7.3071034668 -0.107739074707 250.129770992 -68.1679389313 0.0839694656489 END
START -0.165199914551 -10.3405569702 7.99902774658 250.129770992 -68.213740458 -0.0534351145038 END
START 1.46525141602 -5.57130726318 8.17141026611 250.129770992 -69.7938931298 -0.702290076336 END
START -3.77086761475 -7.92241329346 4.24013114014 250.129770992 -78.9618320611 8.49618320611 END
START -0.270544787598 -7.47230338135 6.58884296875 250.129770992 -73.6335877863 7.90839694656 END
START -4.35505281982 -13.2806366089 5.62158549805 250.129770992 -67.0916030534 5.93129770992 END
START 7.14908615723 -11.405976709 1.71664259033 250.129770992 -79.534351145 7.64122137405 END
START -1.85311208496 -9.68215151367 6.24168372803 250.129770992 -81.8549618321 2.12213740458 END
START -0.102950671387 -6.44997927246 4.87698878174 250.129770992 -93.2671755725 5.06870229008 END
START -1.64481654053 -12.519280481 0.828393774414 250.129770992 -98.4351145038 13.0763358779 END
START -8.82502731934 -10.172962854 7.45554396973 250.129770992 -90.6030534351 3.27480916031 END
START 0.186747729492 -10.4794206665 8.63827958984 250.129770992 -89.2366412214 9.43511450382 END
START -8.78672009277 -6.40688364258 9.01895765381 250.129770992 -100.312977099 7.25190839695 END
START -2.32955821533 -8.02057556152 7.69496413574 250.129770992 -101.244274809 13.8473282443 END
START 4.75488449707 -12.8616513184 5.25527264404 250.129770992 -90.6183206107 13.7557251908 END
START 7.16105716553 -7.07486590576 9.33978067627 250.129770992 -102.366412214 2.63358778626 END
START -1.35032973633 -9.81622680664 8.26717833252 250.129770992 -106.671755725 8.25190839695 END
START 3.46440980225 -9.69651672363 3.61524450684 250.129770992 -100.824427481 4.61832061069 END
START 8.81784471436 -12.265495105 5.78439121094 250.129770992 -99.8549618321 -0.702290076336 END
START 5.21217701416 -8.51617530518 6.49307490234 250.129770992 -91.7480916031 4.80152671756 END
START 8.87291135254 -11.779472168 6.96233842773 250.129770992 -98.4885496183 0.145038167939 END
START 0.186747729492 -9.51455739746 7.23048901367 250.129770992 -99.8320610687 13.679389313 END
START 7.83143363037 -4.30716878662 9.27992563477 250.129770992 -96.7786259542 -0.557251908397 END
START 1.33835872803 -10.7571480591 2.78685073242 250.129770992 -91.3816793893 -1.45038167939 END
START -0.962469067383 -11.025298645 9.05726488037 250.129770992 -78.8702290076 13.0458015267 END
START 8.84178673096 -6.88811817627 10.1609918457 250.129770992 -76.9083969466 -3.07633587786 END
START 0.837970581055 -11.5065331787 5.4922986084 250.129770992 -77.5648854962 6.87022900763 END
START -1.46525141602 -6.84502254639 10.7260234375 250.129770992 -81.7175572519 11.2824427481 END
START -10.405200415 -7.19936439209 2.04704241943 250.129770992 -73.9923664122 5.34351145038 END
START -3.01429989014 -9.46188496094 14.4322476074 250.129770992 -79.7404580153 4.3358778626 END
START 2.81558115234 -6.79474431152 6.42124885254 250.129770992 -79.3282442748 3.6641221374 END
START -2.36786544189 -8.8872765625 16.7905362427 250.129770992 -74.8167938931 0.709923664122 END
START -0.213083947754 -13.7403233276 5.26724365234 250.129770992 -66.8702290076 0.717557251908 END
START -1.28808049316 -6.11000263672 7.39329472656 250.129770992 -63.6870229008 5.01526717557 END
START 1.5083470459 -9.7827079834 6.15788666992 250.129770992 -69.3816793893 7.85496183206 END
START 4.6088381958 -12.378022583 6.70855305176 250.129770992 -70.5648854962 6.72519083969 END
START 0.282515795898 -6.50025750732 13.4147119019 250.129770992 -79.5038167939 6.06870229008 END
START 3.96240374756 -8.76996068115 5.7748144043 250.129770992 -77.7480916031 1.00763358779 END
START 6.44997927246 -14.604630127 6.73249506836 250.129770992 -74.0763358779 5.03816793893 END
START 0.497993945312 -12.2080342651 10.6613799927 250.129770992 -72.6641221374 7.81679389313 END
START 5.36061751709 -6.24407792969 6.63433280029 250.129770992 -73.7480916031 6.82442748092 END
START -5.38455953369 -8.5568767334 15.308525415 250.129770992 -74.3816793893 8.09923664122 END
START 0.514753356934 -5.15711037598 9.31344445801 250.129770992 -68.9618320611 0.358778625954 END
START 6.32787498779 -7.14669195557 5.46117398682 250.129770992 -71.5114503817 9.24427480916 END
START -4.51785853271 -9.93833109131 9.4882211792 250.129770992 -59.6030534351 13.0152671756 END