START 12.4283008179 -11.3078144409 5.07091911621 250.129770992 -94.3740458015 9.9465648855 END
START 12.490550061 -9.55047042236 11.4634375488 250.129770992 -81.6488549618 8.20610687023 END
START 5.09486113281 -13.2040221558 8.75080706787 250.129770992 -78.1526717557 13.7099236641 END
START 4.77403811035 -8.9112185791 5.49469281006 250.129770992 -76.2290076336 4.96946564885 END
START -2.71981308594 -5.30555087891 7.86255825195 250.129770992 -67.358778626 4.14503816794 END
START -1.96803376465 -12.7323644287 4.39814844971 250.129770992 -79.1679389313 11.5648854962 END
START 2.00394678955 -10.1490208374 5.36540592041 250.129770992 -71.2671755725 14.5572519084 END
START -1.78607443848 -12.1960632568 6.79474431152 250.129770992 -86.1450381679 -2.01526717557 END
START 4.08211383057 -7.54652363281 6.28238515625 250.129770992 -80.4045801527 10.9389312977 END
START -1.72382519531 -11.6621562866 6.85220515137 250.129770992 -72.6488549618 5.92366412214 END
START -0.114921679688 -10.680533606 3.03584770508 250.129770992 -78.3969465649 10.7251908397 END
START 2.1092916626 -10.0867715942 5.7987564209 250.129770992 -97.2519083969 4.32824427481 END
START 9.7946789917 -7.56328304443 8.14986245117 250.129770992 -67.6106870229 6.8320610687 END
START -0.825999572754 -10.2304236938 5.94001431885 250.129770992 -60.5267175573 7.80152671756 END
START -2.07098443604 -13.7714479492 6.33745179443 250.129770992 -39.534351145 8.31297709924 END
START 13.9438304687 -4.78361491699 7.38611212158 250.129770992 -44.5419847328 -1.74809160305 END
START -3.1004911499 -12.3085907349 9.43315454102 250.129770992 -47.8625954198 -1.73282442748 END
START 0.751779321289 -11.6717330933 8.94473740234 250.129770992 -64.3740458015 15.1145038168 END
START 3.64397492676 -8.66701000977 0.0215478149414 250.129770992 -66.6488549618 -0.198473282443 END
START -0.902614025879 -10.0652237793 11.5927244385 250.129770992 -78.0076335878 9.03053435115 END
START 0.984016882324 -8.52335791016 9.02614025879 250.129770992 -68.6641221374 3.78625954198 END
START 0.907402429199 -10.3190091553 6.22731851807 250.129770992 -90.7251908397 15.8015267176 END
START -1.53947166748 -10.3214033569 8.41561883545 250.129770992 -92.5877862595 11.427480916 END
START 1.46285721436 -10.2184526855 7.81706842041 250.129770992 -86.0152671756 -1.10687022901 END
START -1.60650931396 -9.87608184814 6.34702860107 250.129770992 -91.427480916 2.60305343511 END
START 5.65510432129 -9.34696328125 7.71411774902 250.129770992 -93.3740458015 -1.15267175573 END
START -3.92649072266 -10.785878479 5.36061751709 250.129770992 -98.1145038168 3.11450381679 END
START -12.1912748535 -8.91361278076 11.1641623413 250.129770992 -104.290076336 9.18320610687 END
START 5.36061751709 -10.9175595703 9.4762501709 250.129770992 -104.541984733 7.22900763359 END
START -2.37265384521 -7.967903125 5.98310994873 250.129770992 -106.458015267 9.2213740458 END
START 11.3030260376 -3.10767375488 7.48188018799 250.129770992 -107.335877863 15.7633587786 END
START 7.45314976807 -9.91199487305 8.43716665039 250.129770992 -104.305343511 8.2213740458 END
START 3.53384165039 -9.59356605225 7.46033237305 250.129770992 -104.41221374 12.5496183206 END
START 4.93444962158 -6.18182868652 5.84185205078 250.129770992 -104.419847328 5.73282442748 END
START 6.0573302002 -10.6925046143 9.69172832031 250.129770992 -91.7480916031 5.7786259542 END
START 3.75171400146 -11.2982376343 11.8369330078 250.129770992 -99.8778625954 4.6641221374 END
START 1.41257897949 -7.84340463867 6.38533582764 250.129770992 -89.0152671756 11.0534351145 END
START 3.84987626953 -7.14908615723 9.05965908203 250.129770992 -94.1679389313 9.17557251908 END
START 7.80270321045 -2.46842191162 12.8616513184 250.129770992 -77.9541984733 0.69465648855 END
START 12.5432224976 -11.5065331787 6.54574733887 250.129770992 -69.2061068702 3.12213740458 END
START 8.6287027832 -13.8672160156 10.4961800781 250.129770992 -60.6259541985 2.54198473282 END
START 10.680533606 -7.27119044189 5.08289012451 250.129770992 -57.5877862595 10.2671755725 END
START 1.55383687744 -13.4530191284 9.14106193848 250.129770992 -63.1374045802 7.52671755725 END
START 8.14507404785 -7.19697019043 7.69975253906 250.129770992 -65.3816793893 2.26717557252 END
START -1.68312376709 -19.486407312 9.27753143311 250.129770992 -65.0458015267 4.64885496183 END
START 2.30801040039 -15.583858606 6.12676204834 250.129770992 -66.9312977099 14.0992366412 END
START -5.02542928467 -6.45476767578 10.4889974731 250.129770992 -70.1908396947 4.45038167939 END
START 5.39653054199 -6.82586893311 7.93917270508 250.129770992 -71.7099236641 10.893129771 END
START -3.46201560059 -9.46188496094 6.87375296631 250.129770992 -66.9312977099 -0.30534351145 END
START -0.0383072265625 -6.60799658203 8.10676682129 250.129770992 -65.0916030534 4.26717557252 END
START 7.65186850586 -8.62152017822 3.26569106445 250.129770992 -64.7251908397 9.40458015267 END
START 4.40772525635 -6.87854136963 6.31111557617 250.129770992 -71.7709923664 -2.71755725191 END
START 1.47961662598 -11.286266626 5.43962617188 250.129770992 -71.358778626 14.0 END
START -2.87783039551 -8.74841286621 3.67509954834 250.129770992 -61.6946564885 5.13740458015 END
START -2.27449157715 -12.5288572876 8.3222449707 250.129770992 -70.7480916031 2.19847328244 END
START 2.40617266846 -10.7379944458 5.51384642334 250.129770992 -69.5648854962 2.95419847328 END
START -4.18745870361 -13.0029092163 7.22330640869 250.129770992 -80.2671755725 4.77099236641 END
START -4.78600911865 -7.46751497803 3.20823022461 250.129770992 -92.9465648855 -4.50381679389 END
START 0.782903942871 -15.8472207886 6.54814154053 250.129770992 -82.2900763359 -2.22900763359 END
START -10.3597105835 -9.2296473999 5.95198532715 250.129770992 -78.679389313 11.1297709924 END
START -0.234631762695 -13.7666595459 10.8313683105 250.129770992 -73.8015267176 2.14503816794 END
START 3.04303031006 -8.21929429932 5.24809003906 250.129770992 -74.6564885496 7.32824427481 END
START -2.41814367676 -9.54089361572 5.30315667725 250.129770992 -66.0534351145 8.96183206107 END
START 1.23301385498 -11.9949503174 6.2009822998 250.129770992 -82.0076335878 7.86259541985 END
START 2.65516964111 -8.6526447998 7.53934102783 250.129770992 -95.5267175573 6.5572519084 END
START 13.8600334106 -13.0029092163 6.58644876709 250.129770992 -103.938931298 4.58015267176 END
START 2.34392342529 -7.08204851074 9.28710823975 250.129770992 -103.748091603 -0.541984732824 END
START 4.39336004639 -4.67108743896 6.50504591064 250.129770992 -104.72519084 -1.10687022901 END
START 2.15478149414 -9.57441243896 7.12753834229 250.129770992 -104.007633588 6.2213740458 END
START 7.21133540039 -10.4794206665 6.35660540771 250.129770992 -84.4122137405 7.41984732824 END
START 0.548272180176 -8.30787976074 6.42843145752 250.129770992 -66.4580152672 10.8473282443 END
START -1.81001645508 -9.8545340332 6.81629212646 250.129770992 -60.9465648855 10.1450381679 END
START 8.93994899902 -8.06606539307 7.74045396729 250.129770992 -59.9618320611 11.8702290076 END
START 0.809240161133 -7.89128867187 4.44842668457 250.129770992 -93.8244274809 5.36641221374 END
START 6.27280834961 -9.44512554932 9.05008227539 250.129770992 -119.79389313 1.67175572519 END
START 12.0069213257 -9.36132849121 8.94952580566 250.129770992 -108.213740458 7.4427480916 END
START 10.1370498291 -7.4268135498 9.51934580078 250.129770992 -54.5572519084 2.35877862595 END
START 10.3477395752 -8.41801303711 6.16267507324 250.129770992 -33.6641221374 5.7786259542 END
START 16.6085769165 -9.71567033691 7.83622203369 250.129770992 -57.6488549618 4.49618320611 END
START 6.14352145996 -7.46512077637 11.0899420898 250.129770992 -87.0992366412 8.48091603053 END
START 10.5721959808 -4.71178886719 10.9893856201 250.129770992 -76.0992366412 5.71755725191 END
START 14.223952063 -8.92079538574 7.42202514648 250.129770992 -53.465648855 0.671755725191 END
START 9.49779798584 -9.66778630371 8.83220992432 250.129770992 -46.320610687 9.48091603053 END
START 10.419565625 -9.44273134766 9.27274302979 250.129770992 -51.2595419847 5.45801526718 END
START 12.8329208984 -7.0365586792 9.40442412109 250.129770992 -53.2748091603 5.13740458015 END