START 2.88261879883 -10.8481277222 9.93114848633 250.129770992 -68.358778626 6.16030534351 END
START 0.495599743652 -3.55778366699 10.4482960449 250.129770992 -77.3816793893 7.77099236641 END
START 8.29351455078 -9.440337146 8.51856950684 250.129770992 -74.9465648855 5.89312977099 END
START -3.67749375 -9.56244143066 9.42118353271 250.129770992 -75.2748091603 6.06106870229 END
START 6.72531246338 -8.23365950928 5.88973608398 250.129770992 -68.2977099237 5.45801526718 END
START 0.0383072265625 -6.22492431641 6.04296499023 250.129770992 -80.8473282443 5.35114503817 END
START -3.26569106445 -15.4785137329 1.07499654541 250.129770992 -71.9923664122 6.64122137405 END
START -3.06936652832 -11.511321582 8.58560715332 250.129770992 -66.9770992366 6.04580152672 END
START -0.246602770996 -11.1641623413 7.15148035889 250.129770992 -67.7633587786 2.12213740458 END
START 1.39342536621 -9.29907924805 6.41406624756 250.129770992 -57.7633587786 7.87022900763 END
START 1.12288057861 -6.86178195801 12.5288572876 250.129770992 -66.5419847328 15.8244274809 END
START -1.47961662598 -9.29668504639 10.3621047852 250.129770992 -62.9160305344 4.16030534351 END
START -1.39821376953 -8.68616362305 9.7946789917 250.129770992 -74.0992366412 -0.450381679389 END
START 2.83712896729 -8.0157871582 6.44279666748 250.129770992 -71.9389312977 -2.46564885496 END
START 1.77649763184 -11.3221796509 5.61440289307 250.129770992 -68.572519084 13.0687022901 END
START 3.46919820557 -7.72369455566 4.63756861572 250.129770992 -68.5419847328 11.9847328244 END
START 3.54581265869 -12.5839239258 8.72925925293 250.129770992 -81.9465648855 13.4503816794 END
START -3.81635744629 -14.223952063 7.66862791748 250.129770992 -88.9694656489 3.69465648855 END
START 3.73256038818 -9.91917747803 5.30076247559 250.129770992 -81.8702290076 2.12977099237 END
START -6.65109221191 -14.2071926514 1.80762225342 250.129770992 -85.2671755725 13.6030534351 END
START 0.577002600098 -1.73819040527 7.76439598389 250.129770992 -83.9694656489 4.41984732824 END
START -3.34469971924 -13.7618711426 6.15788666992 250.129770992 -86.6183206107 14.465648855 END
START -1.01753570557 -7.58004245605 13.3452800537 250.129770992 -82.534351145 7.36641221374 END
START -1.95127435303 -11.0492406616 6.77319649658 250.129770992 -103.015267176 8.17557251908 END
START 2.04225401611 -9.06444748535 6.28477935791 250.129770992 -103.282442748 3.58015267176 END
START -0.646434448242 -11.7698953613 13.4218945068 250.129770992 -99.6030534351 1.24427480916 END
START 5.97832154541 -13.991714502 5.14513936768 250.129770992 -101.335877863 2.74809160305 END
START 5.34864650879 -3.76129080811 7.59440766602 250.129770992 -91.3740458015 1.58015267176 END
START -0.0718260498047 -10.8170031006 7.22570061035 250.129770992 -101.893129771 11.9465648855 END
START 0.993593688965 -17.2310693481 7.59440766602 250.129770992 -101.961832061 2.75572519084 END
START 0.289698400879 -7.6734163208 8.68376942139 250.129770992 -91.3129770992 2.51145038168 END
START 0.342370837402 -9.61271966553 6.81150372314 250.129770992 -105.625954198 2.6641221374 END
START -1.2976572998 -9.80425579834 6.98628044434 250.129770992 -87.9847328244 -0.473282442748 END
START 9.43315454102 -5.78917961426 12.5982891357 250.129770992 -78.3435114504 4.74045801527 END
START 4.67348164062 -6.52659372559 9.97663831787 250.129770992 -76.9083969466 1.45801526718 END
START 2.48278712158 -11.2742956177 9.94311949463 250.129770992 -75.4351145038 19.4045801527 END
START -0.797269152832 -9.44751975098 12.9358715698 250.129770992 -69.3129770992 3.86259541985 END
START -1.39821376953 -7.92241329346 9.5241342041 250.129770992 -56.8244274809 8.03053435115 END
START 6.41646044922 -8.30069715576 9.5001921875 250.129770992 -50.8549618321 2.93129770992 END
START 6.45716187744 -3.52426484375 12.4283008179 250.129770992 -38.4198473282 7.24427480916 END
START 1.42694418945 -10.6350437744 7.53694682617 250.129770992 -39.9236641221 8.02290076336 END
START 2.09253225098 -3.86663568115 4.97275684814 250.129770992 -45.7480916031 -0.206106870229 END
START 2.73657249756 -8.08761320801 5.37498272705 250.129770992 -40.0229007634 10.4809160305 END
START -0.347159240723 -10.7379944458 10.8529161255 250.129770992 -36.1145038168 17.1984732824 END
START -1.74297880859 -5.66228692627 9.21288798828 250.129770992 -37.572519084 5.93129770992 END
START 2.1811177124 -10.4530844482 9.92396588135 250.129770992 -40.4885496183 4.1679389313 END
START -3.54581265869 -2.02549460449 6.6702458252 250.129770992 -45.5801526718 6.9465648855 END
START 3.0166940918 -12.1098719971 6.91924279785 250.129770992 -45.9083969466 4.3358778626 END
START -0.31124621582 -7.85776984863 6.1650692749 250.129770992 -40.679389313 6.06870229008 END
START 7.43399615479 -17.1041766602 4.84825836182 250.129770992 -54.1679389313 -5.25954198473 END
START -4.55616575928 -12.3875993896 5.53539423828 250.129770992 -64.2366412214 3.64122137405 END
START -1.17076461182 -12.0883241821 3.3949779541 250.129770992 -65.4580152672 7.13740458015 END
START 5.11162054443 -11.5065331787 7.60398447266 250.129770992 -58.8244274809 9.74809160305 END
START -4.93444962158 -10.9247421753 5.78917961426 250.129770992 -70.5954198473 5.95419847328 END
START 1.34793553467 -5.99986936035 4.39096584473 250.129770992 -68.1679389313 15.3969465649 END
START 6.89530078125 -11.0085392334 7.06528909912 250.129770992 -69.2671755725 7.65648854962 END
START 0.213083947754 -17.2454345581 4.6447512207 250.129770992 -82.465648855 -4.49618320611 END
START -3.31836350098 -9.86411083984 8.44913765869 250.129770992 -81.8473282443 5.74045801527 END
START -2.17154090576 -13.5176625732 6.16985767822 250.129770992 -103.564885496 8.35877862595 END
START 7.20415279541 -10.8265799072 8.08761320801 250.129770992 -104.419847328 2.96183206107 END
START 1.4963760376 -13.9486188721 8.45153186035 250.129770992 -109.122137405 7.63358778626 END
START 0.246602770996 -9.65820949707 6.25844313965 250.129770992 -104.893129771 14.8320610687 END
START -2.01831199951 -9.88087025146 6.60560238037 250.129770992 -104.015267176 17.4351145038 END
START -7.49145699463 -12.124237207 7.04613548584 250.129770992 -104.938931298 -2.25954198473 END
START 1.61369191895 -8.2863319458 3.90494290771 250.129770992 -104.076335878 6.98473282443 END
START 5.57370146484 -8.63109698486 3.23217224121 250.129770992 -103.946564885 8.41221374046 END
START 2.34392342529 -9.34217487793 3.00232888184 250.129770992 -106.603053435 5.87022900763 END
START 0.0957680664062 -3.58172568359 9.67257470703 250.129770992 -104.664122137 15.2824427481 END
START 3.99352836914 -7.46990917969 11.3102086426 250.129770992 -102.442748092 3.79389312977 END
START 6.29196196289 -9.24640681152 12.6964514038 250.129770992 -102.549618321 13.2900763359 END
START 5.7987564209 -8.41801303711 5.74608398437 250.129770992 -104.938931298 7.9465648855 END
START 0.332794030762 -14.2263462646 12.9382657715 250.129770992 -97.0992366412 12.0229007634 END
START -4.98472785645 -11.6286374634 8.66222160645 250.129770992 -98.6641221374 9.72519083969 END
START -1.95606275635 -6.39012423096 8.75320126953 250.129770992 -79.2290076336 -1.90076335878 END
START 1.8746598999 -10.800243689 5.87776507568 250.129770992 -93.5877862595 4.46564885496 END
START 3.55778366699 -15.6245600342 7.83143363037 250.129770992 -87.0229007634 3.49618320611 END
START 1.08217915039 -8.11873782959 5.78917961426 250.129770992 -79.893129771 8.06870229008 END
START 1.32159931641 -11.1857101562 6.89290657959 250.129770992 -70.106870229 2.32061068702 END
START 3.89057769775 -5.1379567627 12.2918313232 250.129770992 -70.3129770992 3.64122137405 END
START 0.45729251709 -16.1201597778 5.04218869629 250.129770992 -73.1297709924 -0.145038167939 END
START 2.698265271 -14.2766244995 12.2822545166 250.129770992 -71.9083969466 1.43511450382 END
START -3.0047230835 -11.159373938 6.66306322021 250.129770992 -59.786259542 15.1679389313 END
START 6.59602557373 -8.61912597656 4.87698878174 250.129770992 -70.7404580153 2.92366412214 END
START -0.952892260742 -10.6326495728 8.2983029541 250.129770992 -53.3053435115 2.42748091603 END
START 7.88889447021 -10.3285859619 7.31189187012 250.129770992 -53.465648855 14.4580152672 END
START 10.8313683105 -2.37504804687 9.2176763916 250.129770992 -45.7786259542 7.14503816794 END
START 0.0742202514648 -4.85783516846 5.12359155273 250.129770992 -48.1221374046 1.68702290076 END
START -1.21625444336 -7.87931766357 5.55694205322 250.129770992 -43.0152671756 10.7022900763 END
START -5.44202037354 -8.65743320312 7.56328304443 250.129770992 -57.3816793893 -0.396946564885 END
START 0.421379492187 -16.5894233032 7.0844427124 250.129770992 -58.9465648855 -2.45801526718 END
START 5.00148726807 -12.9693903931 6.31590397949 250.129770992 -65.4580152672 -1.27480916031 END
START 0.591367810059 -10.9678378052 9.04050546875 250.129770992 -54.3893129771 7.64122137405 END
START 7.41963094482 -10.8936175537 8.52575211182 250.129770992 -59.3129770992 6.15267175573 END
START 3.84508786621 -3.10288535156 8.0157871582 250.129770992 -51.1374045802 8.49618320611 END
START 3.10288535156 -10.1897222656 4.15393988037 250.129770992 -58.3816793893 11.5114503817 END
START 1.74537301025 -8.88009395752 6.00465776367 250.129770992 -50.6030534351 5.21374045802 END
START 0.524330163574 -9.65342109375 9.440337146 250.129770992 -61.9847328244 9.97709923664 END
START -0.505176550293 -10.3549221802 6.1650692749 250.129770992 -58.1450381679 5.74809160305 END