START -2.05901342773 -7.29273825684 6.43800826416 250.129770992 -78.0763358779 5.3358778626 END
START -1.40060797119 -10.6853220093 7.62792648926 250.129770992 -83.8396946565 -0.465648854962 END
START 0.29927520752 -17.7697647217 9.37569370117 250.129770992 -82.2519083969 -0.114503816794 END
START -1.25456166992 -7.44357296143 7.72848295898 250.129770992 -77.7938931298 6.29007633588 END
START 7.25443103027 -9.94311949463 9.48103857422 250.129770992 -81.2595419847 4.5572519084 END
START 3.72298358154 -8.18577547607 6.75883128662 250.129770992 -78.7328244275 -1.22900763359 END
START 4.6208092041 -8.11634362793 7.85776984863 250.129770992 -70.3969465649 12.7175572519 END
START 4.47236870117 -9.80904420166 6.65588061523 250.129770992 -65.0 3.70229007634 END
START 1.56341368408 -15.3324674316 7.60877287598 250.129770992 -65.1679389313 13.2977099237 END
START 0.318428820801 -2.85149417725 6.68939943848 250.129770992 -77.7480916031 6.51908396947 END
START 5.80593902588 -9.47385596924 4.48912811279 250.129770992 -62.9312977099 11.5572519084 END
START 1.03429511719 -10.7164466309 9.23204160156 250.129770992 -65.4427480916 6.70229007634 END
START -3.35667072754 -11.4538607422 3.75171400146 250.129770992 -55.572519084 7.68702290076 END
START 5.66946953125 -9.55765302734 9.69651672363 250.129770992 -57.8473282443 5.74809160305 END
START 0.361524450684 -13.7331407227 2.22660754395 250.129770992 -76.9465648855 8.53435114504 END
START 3.02148249512 -7.22809481201 9.58877764893 250.129770992 -66.2366412214 4.93129770992 END
START 7.56328304443 -9.05965908203 14.5375924805 250.129770992 -66.8244274809 -0.984732824427 END
START -5.70777675781 -2.37265384521 11.6166664551 250.129770992 -68.2290076336 2.37404580153 END
START 2.90416661377 -12.5456166992 10.3644989868 250.129770992 -74.0458015267 3.99236641221 END
START -4.26167895508 -14.4226708008 6.13633885498 250.129770992 -76.6259541985 -4.29770992366 END
START 7.69975253906 -11.8536924194 5.8226984375 250.129770992 -83.2519083969 -0.534351145038 END
START -6.89051237793 -10.680533606 7.45554396973 250.129770992 -79.8854961832 -1.74045801527 END
START 0.356736047363 -9.23683000488 6.66306322021 250.129770992 -94.4045801527 5.09160305344 END
START 6.30153876953 -7.69017573242 8.27196673584 250.129770992 -86.3740458015 4.62595419847 END
START 0.342370837402 -9.02135185547 6.79713851318 250.129770992 -90.9083969466 -1.61832061069 END
START -0.754173522949 -10.2328178955 7.49863959961 250.129770992 -83.0305343511 8.17557251908 END
START -0.885854614258 -11.2910550293 5.21935961914 250.129770992 -77.8549618321 -0.351145038168 END
START -1.93212073975 -8.07803640137 11.9231242676 250.129770992 -73.3129770992 -2.29007633588 END
START 4.03901820068 -10.8026378906 6.375759021 250.129770992 -77.7251908397 6.79389312977 END
START 3.67031114502 -8.61433757324 5.26724365234 250.129770992 -67.0305343511 4.1679389313 END
START -8.09000740967 -10.0221281494 8.37491740723 250.129770992 -66.9312977099 7.4427480916 END
START -0.577002600098 -7.75721337891 7.75242497559 250.129770992 -72.1526717557 -0.832061068702 END
START 3.39258375244 -5.86818826904 6.52180532227 250.129770992 -67.9312977099 0.954198473282 END
START 2.7820623291 -5.15711037598 6.54814154053 250.129770992 -68.8549618321 3.10687022901 END
START -0.234631762695 -8.44434925537 6.20577070312 250.129770992 -59.4122137405 11.9541984733 END
START -2.71981308594 -11.6118780518 10.0221281494 250.129770992 -55.7709923664 4.89312977099 END
START 5.29357987061 -9.50498059082 11.1258551147 250.129770992 -56.6717557252 -0.267175572519 END
START -2.05422502441 -13.4673843384 11.6837041016 250.129770992 -58.7633587786 -0.885496183206 END
START -1.93451494141 -4.22816013184 6.34702860107 250.129770992 -54.9312977099 6.40458015267 END
START 0.00239420166016 -7.32625708008 7.80749161377 250.129770992 -55.3435114504 9.84732824427 END
START -1.69270057373 -10.2830961304 2.54264216309 250.129770992 -56.7480916031 -1.22900763359 END
START -1.47482822266 -11.6166664551 8.82981572266 250.129770992 -57.7709923664 6.48854961832 END
START 1.27850368652 -11.3724578857 7.16105716553 250.129770992 -64.358778626 9.68702290076 END
START 1.90817872314 -12.0380459473 6.51941112061 250.129770992 -61.9694656489 -3.89312977099 END
START -0.371101257324 -11.2551420044 8.78193168945 250.129770992 -73.3053435115 0.687022900763 END
START 2.15238729248 -10.1897222656 3.06936652832 250.129770992 -70.893129771 12.6488549618 END
START 0.509964953613 -9.03092866211 7.22330640869 250.129770992 -59.4198473282 0.36641221374 END
START -6.37336481934 -17.0586868286 6.37336481934 250.129770992 -74.6946564885 5.2213740458 END
START 0.629675036621 -11.0803652832 5.53300003662 250.129770992 -78.4198473282 12.7099236641 END
START -3.43328518066 -8.62630858154 5.29836827393 250.129770992 -79.4809160305 14.8244274809 END
START -1.03908352051 -11.8656634277 6.11239683838 250.129770992 -89.0687022901 -3.6106870229 END
START -1.39342536621 -7.36217010498 5.25527264404 250.129770992 -93.6106870229 9.30534351145 END
START 0.869095202637 -12.2774661133 5.98310994873 250.129770992 -101.351145038 8.2213740458 END
START 7.58722506104 -12.9526309814 4.66151063232 250.129770992 -104.419847328 -3.74809160305 END
START 4.68305844727 -9.01416925049 8.02536396484 250.129770992 -103.770992366 -2.28244274809 END
START -1.43652099609 -5.17147558594 0.0837970581055 250.129770992 -103.664122137 -2.61832061069 END
START -1.11330377197 -12.4785790527 6.7779848999 250.129770992 -111.519083969 8.96183206107 END
START 4.95599743652 -11.3772462891 6.67742843018 250.129770992 -109.381679389 8.67175572519 END
START 6.83305153809 -10.6374379761 5.27203205566 250.129770992 -103.847328244 2.19847328244 END
START 5.24330163574 -12.2080342651 5.67425793457 250.129770992 -109.213740458 5.22900763359 END
START 3.49553442383 -9.29907924805 8.35576379395 250.129770992 -109.557251908 4.06106870229 END
START 5.21217701416 -8.82023891602 10.4171714233 250.129770992 -104.58778626 6.27480916031 END
START 0.548272180176 -13.4649901367 9.23683000488 250.129770992 -104.015267176 10.0458015267 END
START 1.26653267822 -10.0867715942 8.07803640137 250.129770992 -103.954198473 5.25190839695 END
START 4.36941802979 -5.33906970215 11.9542488892 250.129770992 -103.938931298 -5.22900763359 END
START 4.73812508545 -14.702792395 10.9391073853 250.129770992 -105.175572519 10.8167938931 END
START -2.90177241211 -10.8553103271 8.39407102051 250.129770992 -94.572519084 1.96183206107 END
START 3.3710359375 -6.58166036377 10.1538092407 250.129770992 -87.2519083969 13.4351145038 END
START 9.39484731445 -8.5329347168 4.37660063477 250.129770992 -94.5954198473 7.70229007634 END
START -3.09091434326 -9.26077202148 6.35899960937 250.129770992 -88.9312977099 7.56488549618 END
START -1.52989486084 -6.54814154053 9.75397756348 250.129770992 -75.6641221374 4.85496183206 END
START 4.92008441162 -10.0484643677 8.74601866455 250.129770992 -72.9312977099 9.3358778626 END
START -1.98958157959 -8.08521900635 12.1218430054 250.129770992 -63.4122137405 4.70229007634 END
START 5.99747515869 -8.85615194092 6.19619389648 250.129770992 -60.8244274809 2.4427480916 END
START 5.35343491211 -10.2519715088 8.53054051514 250.129770992 -58.4732824427 2.35114503817 END
START -2.205059729 -8.60236656494 4.47236870117 250.129770992 -60.8625954198 -1.81679389313 END
START -2.55940157471 -10.0340991577 10.3932294067 250.129770992 -57.3816793893 -1.78625954198 END
START 2.03028300781 -6.01662877197 6.11479104004 250.129770992 -53.3893129771 11.4045801527 END
START -1.8507178833 -2.4157494751 8.86572874756 250.129770992 -49.0 -0.30534351145 END
START 3.29442148437 -12.7898252686 3.55060106201 250.129770992 -51.465648855 2.15267175573 END
START 3.49792862549 -5.26484945068 4.656722229 250.129770992 -40.9236641221 -2.49618320611 END