START 2.05661922607 -10.0269165527 5.84185205078 250.129770992 -72.1450381679 18.0305343511 END
START -1.38145435791 -12.4067530029 6.53377633057 250.129770992 -67.9847328244 3.62595419847 END
START -4.34547601318 -10.1298672241 6.7181298584 250.129770992 -70.213740458 2.6641221374 END
START 7.13711514893 -9.77313117676 5.76044919434 250.129770992 -69.3664122137 -2.70992366412 END
START 7.24006582031 -6.94079061279 10.0556469727 250.129770992 -72.4503816794 8.30534351145 END
START 5.01824667969 -12.5695587158 7.75003077393 250.129770992 -63.3740458015 -5.32061068702 END
START -1.00077629395 -2.59531459961 10.2016932739 250.129770992 -72.7175572519 11.5954198473 END
START 4.03901820068 -6.46434448242 6.86896456299 250.129770992 -63.4503816794 6.23664122137 END
START -1.50355864258 -7.80030900879 3.52905324707 250.129770992 -68.8244274809 3.02290076336 END
START -7.15148035889 -7.78833800049 6.83544573975 250.129770992 -79.1908396947 1.07633587786 END
START 2.59292039795 -8.0397291748 5.01824667969 250.129770992 -77.2290076336 7.45038167939 END
START 5.93283171387 -12.0141039307 9.2057053833 250.129770992 -72.9007633588 10.9923664122 END
START -3.40934316406 -9.52652840576 13.6445552612 250.129770992 -75.5572519084 -2.58778625954 END
START 5.5042696167 -7.41244833984 6.25844313965 250.129770992 -82.0076335878 4.58015267176 END
START 4.99430466309 -9.24640681152 3.82832845459 250.129770992 -87.786259542 -2.89312977099 END
START -6.33026918945 -7.68059892578 8.00621035156 250.129770992 -82.5267175573 1.60305343511 END
START -1.93212073975 -11.9183358643 7.29273825684 250.129770992 -95.1679389313 -1.97709923664 END
START 0.567425793457 -9.91199487305 6.43800826416 250.129770992 -84.2519083969 -1.21374045802 END
START 2.14041628418 -5.39174213867 5.42526096191 250.129770992 -87.3511450382 4.38167938931 END
START 0.474051928711 -13.0699468628 9.7827079834 250.129770992 -80.2290076336 4.52671755725 END
START 2.32237561035 -10.1202904175 7.05810649414 250.129770992 -85.2519083969 2.42748091603 END
START 1.58735570068 -11.4275245239 7.27597884521 250.129770992 -80.2061068702 11.572519084 END
START 2.00155258789 -10.3118265503 8.57124194336 250.129770992 -80.2824427481 11.9770992366 END
START -0.77332713623 -9.91917747803 7.93438430176 250.129770992 -77.5801526718 -1.65648854962 END
START 5.83227524414 -10.8361567139 11.2838724243 250.129770992 -82.9541984733 13.3129770992 END
START 4.80995113525 -5.94001431885 6.92163699951 250.129770992 -83.8625954198 3.69465648855 END
START 7.43878455811 -0.30406361084 8.22887110596 250.129770992 -90.427480916 1.70992366412 END
START 2.12844527588 -8.00860455322 5.94959112549 250.129770992 -83.0839694656 14.465648855 END
START 7.2951324585 -12.7563064453 8.36294639893 250.129770992 -85.6183206107 12.4732824427 END
START -2.4636335083 -10.0317049561 12.2798603149 250.129770992 -71.1984732824 5.31297709924 END
START 1.17555301514 -8.827421521 7.0006456543 250.129770992 -69.0992366412 8.77099236641 END
START 8.38449421387 -13.7594769409 7.11077893066 250.129770992 -52.9923664122 3.90076335878 END
START 6.09803162842 0.390254870605 9.12669672852 250.129770992 -54.0610687023 1.79389312977 END
START 3.55060106201 -10.8816465454 3.62721551514 250.129770992 -63.5801526718 6.00763358779 END
START 7.42920775146 -11.1809217529 5.15471617432 250.129770992 -49.8625954198 4.26717557252 END
START -1.8507178833 -4.05817181396 14.2191636597 250.129770992 -61.7328244275 -1.62595419847 END
START 1.24259066162 -10.0029745361 10.053252771 250.129770992 -40.3053435115 1.46564885496 END
START 6.93839641113 -11.6046954468 5.68144053955 250.129770992 -50.2442748092 2.4427480916 END
START -7.12993254395 -6.1650692749 10.7547538574 250.129770992 -50.1526717557 -2.2213740458 END
START 0.198718737793 -7.58722506104 4.25928475342 250.129770992 -36.9007633588 -0.809160305344 END
START 4.31913979492 -10.5704003296 7.98705673828 250.129770992 -49.8320610687 2.45801526718 END
START -0.29927520752 -7.9918451416 6.50983431396 250.129770992 -54.7786259542 -0.664122137405 END
START -3.63679232178 -10.5919481445 8.47307967529 250.129770992 -48.0687022901 5.14503816794 END
START -3.62482131348 -7.9319901001 3.34230551758 250.129770992 -56.0916030534 -3.67175572519 END
START -4.52025273438 -7.64468590088 4.47476290283 250.129770992 -64.9160305344 6.96183206107 END
START 4.44603248291 -11.0372696533 7.11556733398 250.129770992 -66.7709923664 6.85496183206 END
START -6.20337650146 -8.92558378906 5.44680877686 250.129770992 -71.6717557252 12.106870229 END
START 2.02549460449 -15.0858646606 5.882553479 250.129770992 -73.0534351145 5.96946564885 END
START -0.928950244141 -8.96149681396 7.69256993408 250.129770992 -77.9923664122 6.35877862595 END
START 5.38695373535 -11.03248125 14.0683289551 250.129770992 -89.9083969466 8.95419847328 END
START -1.73579620361 -9.80665 5.06373651123 250.129770992 -95.4351145038 7.82442748092 END
START 4.2305543335 -11.8153851929 5.04937130127 250.129770992 -89.1374045802 6.73282442748 END
START 6.73249506836 -7.35259329834 7.94874951172 250.129770992 -96.7480916031 3.12213740458 END
START -5.87537087402 -8.35336959229 10.4842090698 250.129770992 -104.458015267 11.5648854962 END
START -1.06302553711 -4.04859500732 4.07732542725 250.129770992 -99.6259541985 3.25954198473 END
START -3.27526787109 -8.67898101807 3.69185895996 250.129770992 -103.763358779 -3.42748091603 END
START 0.14604630127 -10.6613799927 2.11408006592 250.129770992 -103.595419847 7.00763358779 END
START 1.65678754883 -9.5001921875 7.73805976562 250.129770992 -103.900763359 2.71755725191 END
START -2.01352359619 -9.44512554932 6.32787498779 250.129770992 -104.702290076 16.7938931298 END
START 4.58010777588 -6.30632717285 4.92966121826 250.129770992 -104.045801527 2.38167938931 END
START 0.143652099609 -13.3668278687 7.86734665527 250.129770992 -103.923664122 7.03816793893 END
START 0.509964953613 -9.82580361328 7.17781657715 250.129770992 -104.603053435 1.30534351145 END
START -3.08373173828 -11.6645504883 5.98789835205 250.129770992 -104.030534351 3.59541984733 END
START -2.16196409912 -15.2271225586 12.9334773682 250.129770992 -104.27480916 2.22900763359 END
START 6.01184036865 -9.88087025146 6.1411272583 250.129770992 -96.1145038168 13.0534351145 END
START 1.96324536133 -3.63200391846 12.5504051025 250.129770992 -101.167938931 4.63358778626 END
START 7.5896192627 -9.71567033691 6.78277330322 250.129770992 -91.5801526718 8.62595419847 END
START 6.6702458252 -9.43554874268 8.21211169434 250.129770992 -103.335877863 7.51908396947 END
START 5.1738697876 -9.73242974854 11.8608750244 250.129770992 -77.9770992366 7.71755725191 END
START -0.411802685547 -9.16021555176 9.55286462402 250.129770992 -73.5038167939 6.24427480916 END
START 0.131681091309 -5.76523759766 10.1226846191 250.129770992 -73.9694656489 -2.10687022901 END
START 3.4189199707 -5.22654222412 8.947131604 250.129770992 -65.1984732824 3.03816793893 END
START -3.02387669678 -8.5089927002 7.13472094727 250.129770992 -55.3435114504 -2.35877862595 END
START 7.29992086182 -4.5609541626 7.56807144775 250.129770992 -56.9007633588 8.42748091603 END
START 5.88015927734 -10.666168396 8.51138690186 250.129770992 -50.572519084 -2.5572519084 END
START 1.838746875 -5.93522591553 9.22246479492 250.129770992 -47.4809160305 10.9083969466 END
START 4.81713374023 -9.70369932861 7.58004245605 250.129770992 -45.6488549618 12.7404580153 END
START -4.35984122314 -10.2328178955 10.9247421753 250.129770992 -51.1755725191 4.80916030534 END
START -3.36864173584 -12.9334773682 6.18182868652 250.129770992 -47.7633587786 3.51908396947 END