START 2.35589443359 -7.79312640381 6.56968935547 250.129770992 -58.6183206107 -1.93893129771 END
START 2.13083947754 -4.05817181396 5.57370146484 250.129770992 -61.5496183206 4.58778625954 END
START 0.653617053223 -7.42441934814 11.2024695679 250.129770992 -64.786259542 -0.916030534351 END
START 7.74284816895 -10.4818148682 10.3285859619 250.129770992 -71.6259541985 5.79389312977 END
START 3.22020123291 -4.84586416016 6.22013591309 250.129770992 -69.3129770992 2.3893129771 END
START -5.25287844238 -4.89614239502 7.0724717041 250.129770992 -64.1297709924 7.68702290076 END
START 0.533906970215 -5.46596239014 7.82664522705 250.129770992 -73.8702290076 3.6641221374 END
START 5.62876810303 -8.58800135498 8.3102739624 250.129770992 -81.0839694656 2.17557251908 END
START 4.90571920166 -8.93755479736 10.2016932739 250.129770992 -74.4198473282 0.496183206107 END
START 4.63756861572 -7.93438430176 7.98945093994 250.129770992 -74.465648855 4.96946564885 END
START 9.16739815674 -7.98705673828 2.7820623291 250.129770992 -79.0152671756 -3.78625954198 END
START -0.296881005859 -12.4618196411 6.04296499023 250.129770992 -68.7175572519 0.839694656489 END
START -2.50194073486 -9.66299790039 6.375759021 250.129770992 -83.1908396947 9.06870229008 END
START -1.14442839355 -7.55849464111 6.57208355713 250.129770992 -85.3053435115 6.7786259542 END
START 1.32638771973 -14.5088620605 6.44279666748 250.129770992 -78.4351145038 -0.687022900763 END
START 2.23618435059 -8.10437261963 4.88417138672 250.129770992 -76.3129770992 -0.236641221374 END
START 4.64953962402 -10.0149455444 8.13549724121 250.129770992 -88.9236641221 0.381679389313 END
START -2.89458980713 -10.5129394897 6.39730683594 250.129770992 -92.1679389313 12.7099236641 END
START -8.84418093262 -10.2016932739 7.92959589844 250.129770992 -100.832061069 4.20610687023 END
START -0.981622680664 -11.3700636841 12.0787473755 250.129770992 -104.282442748 0.488549618321 END
START 1.10133276367 -3.21780703125 12.1026893921 250.129770992 -104.664122137 5.06870229008 END
START 3.41413156738 -11.5783592285 8.42040723877 250.129770992 -105.190839695 7.90839694656 END
START 6.62715019531 -12.1505734253 9.92157167969 250.129770992 -104.198473282 -3.00763358779 END
START 5.68144053955 -10.172962854 13.7929957642 250.129770992 -104.687022901 -3.02290076336 END
START 9.70369932861 -10.5273046997 10.0125513428 250.129770992 -104.603053435 8.5572519084 END
START 2.61925661621 -10.4459018433 8.52575211182 250.129770992 -96.893129771 9.98473282443 END
START -0.320823022461 -13.357251062 7.108384729 250.129770992 -103.351145038 0.656488549618 END
START -2.01831199951 -10.3716815918 14.1449434082 250.129770992 -88.3053435115 3.65648854962 END
START 3.88818349609 -7.75481917725 8.69813463135 250.129770992 -90.8091603053 17.786259542 END
START 5.34864650879 -3.30639249268 12.6916630005 250.129770992 -82.4885496183 14.1221374046 END
START 4.31195718994 -3.9719805542 13.1154366943 250.129770992 -83.7022900763 10.1145038168 END
START 8.21690009766 -10.8098204956 7.54412943115 250.129770992 -79.3969465649 1.90076335878 END
START 5.92325490723 -4.67587584229 11.5161099854 250.129770992 -65.3969465649 -4.81679389313 END
START 1.73340200195 -9.27753143311 7.60637867432 250.129770992 -54.5267175573 7.92366412214 END
START -1.75973822021 -9.26316622314 6.44997927246 250.129770992 -43.6870229008 4.72519083969 END
START 0.253785375977 -11.8584808228 5.762843396 250.129770992 -46.0763358779 4.84732824427 END
START 0.366312854004 -6.03099398193 6.29675036621 250.129770992 -42.7328244275 8.80916030534 END
START -0.790086547852 -7.89368287354 14.9685487793 250.129770992 -52.7175572519 12.4580152672 END
START 1.8507178833 -12.1816980469 4.29759197998 250.129770992 -62.0229007634 -3.02290076336 END
START -4.07732542725 -5.20499440918 6.16985767822 250.129770992 -56.4045801527 13.4809160305 END
START 2.02549460449 -7.76200178223 5.29357987061 250.129770992 -54.106870229 5.90839694656 END
START -1.29526309814 -8.12352623291 6.82826313477 250.129770992 -54.4961832061 4.11450381679 END
START -3.12682736816 -6.91445439453 10.6398321777 250.129770992 -60.8473282443 -2.90839694656 END
START 4.30716878662 -17.9205994263 11.2407767944 250.129770992 -63.4045801527 6.87022900763 END
START -0.373495458984 -7.56567724609 3.0406361084 250.129770992 -63.0916030534 -1.04580152672 END
START -3.51708223877 -10.8960117554 6.56250675049 250.129770992 -73.6030534351 -2.10687022901 END
START -1.73340200195 -12.4378776245 5.79636221924 250.129770992 -66.9618320611 2.92366412214 END
START -3.44525618896 -9.91438907471 8.75080706787 250.129770992 -71.213740458 5.01526717557 END
START 0.287304199219 -14.0850883667 5.10922634277 250.129770992 -75.9083969466 5.71755725191 END
START -9.87368764648 -10.307038147 6.07648381348 250.129770992 -69.5801526718 -2.25190839695 END
START 2.07816704102 -9.61032546387 6.52898792725 250.129770992 -85.1526717557 2.97709923664 END
START 2.84670577393 -9.8665050415 10.3884410034 250.129770992 -83.2671755725 10.6106870229 END
START -7.86734665527 -9.98860932617 5.45399138184 250.129770992 -86.4809160305 4.96183206107 END
START 2.85628258057 -14.0683289551 -0.30406361084 250.129770992 -107.015267176 1.17557251908 END
START 6.53138212891 -15.8544033936 6.72770666504 250.129770992 -106.480916031 3.83969465649 END
START 0.799663354492 -9.1578213501 6.95755002441 250.129770992 -104.167938931 5.00763358779 END
START -4.50588752441 -8.63349118652 9.98621512451 250.129770992 -105.312977099 -2.02290076336 END
START -1.67594116211 -12.4713964478 8.20971749268 250.129770992 -104.923664122 6.3893129771 END
START 3.80199223633 -9.19852277832 9.05008227539 250.129770992 -104.496183206 4.93893129771 END
START 0.332794030762 -10.6302553711 10.6374379761 250.129770992 -102.389312977 15.3053435115 END
START 8.67179841309 -7.5896192627 8.89206496582 250.129770992 -104.251908397 0.603053435115 END
START 2.33195241699 -8.60236656494 6.40927784424 250.129770992 -100.832061069 3.01526717557 END
START -0.91697923584 -8.16422766113 12.251129895 250.129770992 -90.1221374046 -0.87786259542 END
START -1.61129771729 -6.25365473633 4.01747038574 250.129770992 -97.6335877863 6.26717557252 END
START 1.93451494141 -5.87297667236 4.72136567383 250.129770992 -99.0839694656 9.70992366412 END
START 0.62009822998 -3.43328518066 8.51856950684 250.129770992 -98.6259541985 5.19083969466 END
START 3.7373487915 -5.31991608887 8.98065042725 250.129770992 -90.1145038168 -2.51145038168 END
START 3.89536610107 -9.70369932861 7.37414111328 250.129770992 -85.0152671756 9.59541984733 END
START -1.68072956543 -6.19858809814 9.55047042236 250.129770992 -86.8320610687 -0.450381679389 END
START -1.84114107666 -11.4179477173 7.88889447021 250.129770992 -76.572519084 -3.72519083969 END
START -1.64481654053 -3.68467635498 8.10676682129 250.129770992 -81.0 4.54198473282 END
START 1.67115275879 -9.27753143311 9.26316622314 250.129770992 -81.4809160305 3.83969465649 END
START 7.98466253662 -1.63763393555 10.2519715088 250.129770992 -59.1908396947 -0.839694656489 END
START 0.181959326172 -3.71101257324 8.69574042969 250.129770992 -66.8167938931 -0.0458015267176 END
START 5.05894810791 -8.99501563721 8.00142194824 250.129770992 -69.5114503817 8.49618320611 END
START 6.17943448486 -13.476961145 12.011709729 250.129770992 -54.7251908397 9.3893129771 END
START 5.26484945068 -9.31823286133 13.4242887085 250.129770992 -49.679389313 0.0610687022901 END
START 5.2576668457 -10.1969048706 12.1194488037 250.129770992 -41.4198473282 7.30534351145 END
START 0.584185205078 -7.05092388916 12.6342021606 250.129770992 -44.8396946565 8.42748091603 END
START -5.41328995361 -12.5527993042 7.92480749512 250.129770992 -43.9007633588 -1.2213740458 END
START 1.99676418457 -6.91924279785 11.4227361206 250.129770992 -47.3129770992 1.70229007634 END
START -0.402225878906 -8.14986245117 11.01811604 250.129770992 -39.0 -1.35114503817 END
START 4.50349332275 -1.2976572998 12.5025210693 250.129770992 -44.4580152672 -2.96183206107 END
START -1.2138602417 -8.22887110596 13.9127058472 250.129770992 -51.7480916031 10.2595419847 END
START -0.854729992676 -7.26400783691 10.8409451172 250.129770992 -52.6717557252 4.19083969466 END
START -3.9480385376 -10.0819831909 9.35414588623 250.129770992 -44.3740458015 -3.51145038168 END
START -0.229843359375 -7.05810649414 11.5161099854 250.129770992 -66.320610687 9.52671755725 END
START 1.82438166504 -8.67419261475 10.919953772 250.129770992 -68.2748091603 8.12977099237 END
START 10.285490332 -4.15393988037 7.17302817383 250.129770992 -70.8244274809 15.0229007634 END
START -1.34314713135 -10.2208468872 8.2264769043 250.129770992 -60.5877862595 -0.740458015267 END
START 7.12993254395 -13.2016279541 0.75896192627 250.129770992 -49.3511450382 1.03053435115 END
START 1.42215578613 -7.00782825928 12.6677209839 250.129770992 -47.572519084 0.893129770992 END
START 9.1219083252 -8.46589707031 7.58004245605 250.129770992 -47.0763358779 1.90839694656 END
START -2.4875755249 -8.67179841309 6.31829818115 250.129770992 -46.7404580153 9.32824427481 END
START 2.25054956055 -7.84579884033 7.18260498047 250.129770992 -42.572519084 8.93893129771 END
START 3.59609089355 -12.4594254395 4.44363828125 250.129770992 -56.1145038168 15.5038167939 END
START 6.7779848999 -10.8433393188 4.71178886719 250.129770992 -56.4045801527 7.64122137405 END
START 6.44279666748 -14.3867577759 5.13077415771 250.129770992 -45.9389312977 -1.36641221374 END
START 7.72848295898 -12.6964514038 5.12119735107 250.129770992 -50.4732824427 7.28244274809 END
START 0.742202514648 -7.45554396973 4.05817181396 250.129770992 -55.8320610687 2.17557251908 END
START 1.15639940186 -7.97269152832 5.69101734619 250.129770992 -52.893129771 -3.49618320611 END
START 3.41173736572 -9.89762966309 8.10676682129 250.129770992 -59.0763358779 -3.53435114504 END
START 5.83227524414 -11.5208983887 8.05888278809 250.129770992 -58.3435114504 12.6717557252 END
START 6.85938775635 -2.48996972656 8.40125362549 250.129770992 -60.4427480916 6.1679389313 END
START 4.44603248291 -5.13556256104 4.16351668701 250.129770992 -68.0992366412 3.2213740458 END
START 1.67594116211 -4.93684382324 6.57687196045 250.129770992 -72.3435114504 9.37404580153 END
START -1.56101948242 -10.1250788208 10.0412817627 250.129770992 -83.6946564885 4.69465648855 END
START -2.28406838379 -4.89374819336 6.46434448242 250.129770992 -75.4122137405 12.8167938931 END
START 2.73657249756 -8.56166513672 3.3351229126 250.129770992 -68.1297709924 2.47328244275 END
START 0.512359155273 -7.89368287354 7.89847127686 250.129770992 -81.9465648855 -2.3893129771 END
START -2.16675250244 -4.99430466309 7.30470926514 250.129770992 -85.0687022901 7.17557251908 END
START 0.519541760254 -9.71567033691 8.8393925293 250.129770992 -78.5877862595 7.09160305344 END
START 4.69263525391 -6.97430943604 6.07648381348 250.129770992 -83.0458015267 5.09160305344 END
START 5.95916793213 -9.28231983643 5.06134230957 250.129770992 -78.3664122137 7.64122137405 END
START 3.72298358154 -4.8554409668 11.1928927612 250.129770992 -90.9160305344 15.0839694656 END
START -2.99993468018 -7.43878455811 7.29273825684 250.129770992 -70.9007633588 9.54961832061 END