START -3.7134067749 -7.02937607422 5.08289012451 250.129770992 -72.5190839695 9.08396946565 END
START -4.10366164551 -6.49068070068 6.4715270874 250.129770992 -71.1679389313 9.14503816794 END
START -1.72861359863 -14.7482822266 5.54975944824 250.129770992 -74.7175572519 -3.58778625954 END
START 3.79959803467 -9.8186210083 6.40688364258 250.129770992 -72.3282442748 11.5114503817 END
START -2.31040460205 -11.7914431763 12.1146604004 250.129770992 -60.5877862595 13.4198473282 END
START -1.78846864014 -9.07402429199 7.52976422119 250.129770992 -74.6259541985 8.08396946565 END
START -6.97191523437 -8.96149681396 10.4099888184 250.129770992 -63.679389313 17.3282442748 END
START 4.84825836182 -3.49074602051 9.57680664062 250.129770992 -74.9389312977 1.90076335878 END
START -3.72777198486 -7.00543405762 4.02704719238 250.129770992 -72.5267175573 -0.480916030534 END
START 1.52750065918 -11.7148287231 9.41400092773 250.129770992 -78.8396946565 15.3511450382 END
START -0.14844050293 -2.89698400879 4.42927307129 250.129770992 -76.8702290076 5.72519083969 END
START 2.40856687012 -13.6469494629 9.93593688965 250.129770992 -86.106870229 5.96183206107 END
START 1.76213242187 -4.290409375 10.9103769653 250.129770992 -81.7709923664 5.06870229008 END
START -5.19302340088 -8.48983908691 11.0133276367 250.129770992 -93.5496183206 4.45801526718 END
START 0.804451757813 -2.04225401611 5.04218869629 250.129770992 -104.20610687 8.37404580153 END
START 3.19386501465 -10.4770264648 9.7587659668 250.129770992 -96.5648854962 8.7786259542 END
START -2.54264216309 -8.00860455322 13.3285206421 250.129770992 -96.7099236641 -1.99236641221 END
START 4.95360323486 -7.54173522949 10.1609918457 250.129770992 -105.076335878 -1.19083969466 END
START 8.44674345703 -14.4801316406 10.3597105835 250.129770992 -90.7175572519 7.48854961832 END
START 2.71741888428 -7.28076724854 8.04451757812 250.129770992 -104.748091603 -1.58778625954 END
START 1.66875855713 -6.54095893555 8.01339295654 250.129770992 -93.7022900763 -0.0687022900763 END
START 7.75242497559 -16.0004496948 11.6430026733 250.129770992 -85.5190839695 -2.03053435115 END
START 0.390254870605 -6.83305153809 15.9405946533 250.129770992 -89.5114503817 17.7328244275 END
START 4.55616575928 -10.4698438599 10.1490208374 250.129770992 -80.465648855 5.67938931298 END
START 3.11964476318 -11.4634375488 11.1019130981 250.129770992 -75.0610687023 2.67175572519 END
START 4.59926138916 -5.93043751221 11.4825911621 250.129770992 -73.2519083969 2.95419847328 END
START 7.601590271 -7.29273825684 7.74284816895 250.129770992 -71.6870229008 1.63358778626 END
START 6.13633885498 -9.40681832275 5.78917961426 250.129770992 -68.2824427481 4.27480916031 END
START 7.51061060791 -5.24809003906 3.56257207031 250.129770992 -63.0076335878 7.09923664122 END
START 1.98000477295 -6.52659372559 6.90487758789 250.129770992 -64.0687022901 11.9236641221 END
START 8.24802471924 -15.7131454956 6.58644876709 250.129770992 -55.0152671756 7.67175572519 END
START 9.38287630615 -9.30386765137 11.9159416626 250.129770992 -57.9847328244 8.02290076336 END
START 5.1978118042 -8.60954916992 5.69341154785 250.129770992 -57.5572519084 8.26717557252 END
START -1.52750065918 -9.7707369751 8.35815799561 250.129770992 -49.0 7.3893129771 END
START -3.60087929687 -10.8337625122 5.57370146484 250.129770992 -46.6946564885 4.35877862595 END
START 2.49236392822 -18.0714341309 4.98951625977 250.129770992 -47.3893129771 2.74809160305 END
START -10.419565625 -8.66222160645 5.45399138184 250.129770992 -48.7480916031 6.1679389313 END
START 3.52905324707 -13.5583640015 11.1210667114 250.129770992 -47.7251908397 8.19083969466 END
START 2.33195241699 -9.5241342041 5.47553919678 250.129770992 -59.8549618321 7.11450381679 END
START -3.88818349609 -8.57603034668 5.90649549561 250.129770992 -55.8549618321 22.641221374 END
START 3.91451971436 -9.7587659668 3.97916315918 250.129770992 -61.5419847328 2.14503816794 END
START 1.63523973389 -10.9965682251 8.19774648437 250.129770992 -61.8015267176 12.1984732824 END
START 3.58172568359 -15.1265660889 2.53306535645 250.129770992 -65.106870229 15.106870229 END
START -0.524330163574 -10.4889974731 6.51222851562 250.129770992 -66.8778625954 13.7099236641 END
START 3.95522114258 -11.3293622559 6.65109221191 250.129770992 -77.4198473282 -1.68702290076 END
START 1.46285721436 -11.6837041016 6.66545742187 250.129770992 -86.8396946565 7.06870229008 END
START -0.445321508789 -12.2487356934 12.0500169556 250.129770992 -91.7633587786 -3.84732824427 END
START -0.507570751953 -8.37491740723 10.3668931885 250.129770992 -89.427480916 19.1145038168 END
START 1.88902510986 -12.9526309814 7.92959589844 250.129770992 -94.7328244275 -0.175572519084 END
START -0.205901342773 -6.31350977783 6.90487758789 250.129770992 -94.2671755725 2.3358778626 END
START -2.52827695312 -3.71819517822 9.07402429199 250.129770992 -103.648854962 9.02290076336 END
START -0.263362182617 -11.2766898193 6.33266339111 250.129770992 -96.0687022901 12.0992366412 END
START 5.60243188477 -6.76122548828 4.35744702148 250.129770992 -103.786259542 -1.64885496183 END
START 5.74608398437 -9.56244143066 12.86404552 250.129770992 -102.007633588 -2.86259541985 END
START 5.47793339844 -11.6908867065 12.6437789673 250.129770992 -104.534351145 12.7633587786 END
START 3.37821854248 -6.88332977295 4.3263223999 250.129770992 -104.320610687 5.45038167939 END
START 2.16675250244 -7.52258161621 6.59602557373 250.129770992 -110.427480916 4.37404580153 END
START 4.90571920166 -9.15303294678 4.43406147461 250.129770992 -102.648854962 3.42748091603 END
START -0.701501086426 -7.30231506348 6.12676204834 250.129770992 -103.832061069 9.99236641221 END
START 5.73171877441 -7.3549875 2.2170307373 250.129770992 -104.580152672 18.6641221374 END
START 1.31681091309 -5.95437952881 6.48589229736 250.129770992 -103.167938931 20.2519083969 END
START 3.23217224121 -6.55053574219 8.19056387939 250.129770992 -104.389312977 15.0992366412 END
START 13.7403233276 -3.89536610107 12.8496803101 250.129770992 -103.702290076 9.91603053435 END
START 5.82509263916 -9.44512554932 9.5001921875 250.129770992 -104.267175573 8.45038167939 END
START -1.40300217285 -3.79241542969 11.8082025879 250.129770992 -93.679389313 3.31297709924 END
START 2.70065947266 -9.64863269043 10.314220752 250.129770992 -102.480916031 9.25190839695 END
START 1.09654436035 -11.7339823364 13.5320277832 250.129770992 -81.3893129771 8.5572519084 END
START 3.19865341797 -15.1672675171 15.083470459 250.129770992 -74.3282442748 13.5267175573 END
START -1.18034141846 -9.21049378662 14.8081372681 250.129770992 -77.1297709924 6.28244274809 END
START 3.15555778809 -5.55933625488 7.61834968262 250.129770992 -73.6335877863 3.5572519084 END
START 1.30244570312 -8.71010563965 8.77953748779 250.129770992 -68.6946564885 -0.625954198473 END
START 1.59453830566 -13.2279641724 12.3564747681 250.129770992 -56.0381679389 -0.343511450382 END
START 11.5496288086 -10.771513269 7.44357296143 250.129770992 -47.0763358779 3.48854961832 END
START 1.95366855469 -9.25119521484 1.5801730957 250.129770992 -54.3053435115 13.5954198473 END
START -4.65911643066 -6.19379969482 7.6494743042 250.129770992 -54.534351145 7.8320610687 END
START 1.00556469727 -5.28400306396 3.31357509766 250.129770992 -60.0916030534 4.17557251908 END
START 1.61129771729 -10.8720697388 6.4356140625 250.129770992 -57.3740458015 2.16030534351 END
START 4.3023803833 -4.13957467041 9.89523546143 250.129770992 -56.7786259542 5.51145038168 END
START 0.538695373535 -7.77876119385 8.50659849854 250.129770992 -62.213740458 11.3358778626 END
START 5.85382305908 -3.27766207275 5.42765516357 250.129770992 -72.2900763359 1.19847328244 END
START 1.89381351318 -4.55616575928 6.93121380615 250.129770992 -75.9465648855 10.5496183206 END
START -0.634463439941 -4.64714542236 9.15542714844 250.129770992 -81.4427480916 -1.67938931298 END
START -4.44124407959 -10.4243540283 5.48751020508 250.129770992 -86.8244274809 6.70992366412 END
START -5.31033928223 -11.540052002 8.20492908936 250.129770992 -96.9770992366 5.22900763359 END
START 1.67354696045 -5.22654222412 8.05648858643 250.129770992 -91.0534351145 2.22900763359 END