START -2.14759888916 -6.80671531982 10.1825396606 250.129770992 -76.2824427481 2.74045801527 END
START 3.40455476074 -4.09169063721 8.95192000732 250.129770992 -84.6946564885 11.4809160305 END
START 2.12365687256 -10.7834842773 7.9080480835 250.129770992 -72.0076335878 3.32824427481 END
START 1.24019645996 -10.8840407471 5.84424625244 250.129770992 -75.8625954198 9.43511450382 END
START 5.64552751465 -7.13232674561 6.59841977539 250.129770992 -92.3816793893 10.7251908397 END
START 0.416591088867 -7.54652363281 6.33505759277 250.129770992 -93.572519084 15.3893129771 END
START -2.72699569092 -10.2160584839 7.74284816895 250.129770992 -89.4045801527 1.42748091603 END
START 3.41413156738 -9.95748470459 7.55131203613 250.129770992 -68.5114503817 7.4427480916 END
START -3.73256038818 -11.7267997314 3.88818349609 250.129770992 -67.3511450382 -2.95419847328 END
START 3.03824190674 -9.40442412109 6.42843145752 250.129770992 -78.5038167939 1.32824427481 END
START 0.505176550293 -10.9415015869 10.5704003296 250.129770992 -79.4198473282 6.81679389313 END
START -0.735019909668 -10.038887561 8.52575211182 250.129770992 -79.7099236641 3.41984732824 END
START -0.677559069824 -12.1816980469 6.64151540527 250.129770992 -64.7709923664 4.97709923664 END
START 5.97113894043 -9.23204160156 6.89051237793 250.129770992 -67.1603053435 0.030534351145 END
START 5.71017095947 -9.16260975342 7.9559321167 250.129770992 -80.7938931298 4.98473282443 END
START 6.06451280518 -12.3277443481 8.91840118408 250.129770992 -71.2671755725 6.92366412214 END
START 2.79882174072 -10.5704003296 5.28400306396 250.129770992 -66.1145038168 9.74045801527 END
START 0.076614453125 -8.83460412598 -0.268150585937 250.129770992 -78.6946564885 6.84732824427 END
START 1.93212073975 -9.7946789917 4.2544963501 250.129770992 -72.3664122137 9.02290076336 END
START -2.54982476807 -4.52025273438 6.59363137207 250.129770992 -78.4885496183 4.70229007634 END
START 5.19062919922 -11.5520230103 8.59039555664 250.129770992 -59.641221374 4.63358778626 END
START -0.237025964355 -12.1840922485 7.48427438965 250.129770992 -63.6564885496 6.29007633588 END
START 4.38857164307 -15.2678239868 8.38449421387 250.129770992 -45.106870229 3.86259541985 END
START -0.600944616699 -16.1560728027 6.64390960693 250.129770992 -52.320610687 2.36641221374 END
START 2.89937821045 -12.0595937622 6.56490095215 250.129770992 -58.7022900763 17.6106870229 END
START 4.14915147705 -10.6877162109 6.66306322021 250.129770992 -54.1755725191 9.86259541985 END
START 3.88578929443 -15.4904847412 14.2909897095 250.129770992 -52.1679389313 10.2213740458 END
START 2.10689746094 -8.59757816162 7.42441934814 250.129770992 -54.2442748092 7.49618320611 END
START 3.81156904297 -7.81228001709 11.9734025024 250.129770992 -58.2519083969 13.106870229 END
START 3.22738383789 -8.98065042725 11.4897737671 250.129770992 -45.5267175573 2.21374045802 END
START -0.296881005859 -10.7068698242 4.41730206299 250.129770992 -49.0534351145 5.06870229008 END
START 4.34787021484 -10.0939541992 5.269637854 250.129770992 -69.4961832061 4.14503816794 END
START -0.495599743652 -8.14028564453 5.7748144043 250.129770992 -53.6335877863 10.3511450382 END
START -0.426167895508 -12.5001268677 10.3214033569 250.129770992 -53.4809160305 7.37404580153 END
START 3.07176072998 -5.72214196777 6.51462271729 250.129770992 -68.3664122137 1.32061068702 END
START -2.17632930908 -2.99993468018 8.03015236816 250.129770992 -77.5190839695 -2.11450381679 END
START -1.70945998535 -9.62469067383 9.26316622314 250.129770992 -84.7175572519 6.40458015267 END
START 0.172382519531 -10.2615483154 8.32703337402 250.129770992 -81.4503816794 11.9770992366 END
START -1.4604630127 -8.55208833008 8.44434925537 250.129770992 -80.9389312977 6.87786259542 END
START -0.344765039063 -8.60236656494 4.78122071533 250.129770992 -75.5038167939 2.43511450382 END
START 11.1881043579 -12.145785022 4.24731374512 250.129770992 -80.8167938931 0.251908396947 END
START 4.01747038574 -4.50109912109 7.56807144775 250.129770992 -84.641221374 13.2595419847 END
START -1.35751234131 -14.6094185303 9.55047042236 250.129770992 -87.2061068702 6.32824427481 END
START -0.0670376464844 -8.06127698975 13.4051350952 250.129770992 -92.8854961832 5.60305343511 END
START 4.15633408203 -6.33026918945 7.88650026855 250.129770992 -90.1374045802 2.27480916031 END
START 3.58172568359 -5.05655390625 11.025298645 250.129770992 -98.0 -4.34351145038 END
START 8.69813463135 -11.6166664551 7.12514414062 250.129770992 -94.7175572519 3.8320610687 END
START 9.74440075684 -4.83389315186 5.59524927979 250.129770992 -95.2442748092 8.21374045802 END
START 3.25611425781 -1.13724578857 8.76996068115 250.129770992 -87.3511450382 1.21374045802 END
START 15.0140386108 -2.87064779053 9.30386765137 250.129770992 -75.8702290076 9.47328244275 END
START -3.46440980225 -3.2992098877 7.15387456055 250.129770992 -67.427480916 12.465648855 END
START 0.478840332031 -4.07971962891 7.75242497559 250.129770992 -59.1832061069 3.84732824427 END
START 2.16435830078 -6.74446607666 7.96311472168 250.129770992 -61.9312977099 7.72519083969 END
START 0.967257470703 -0.323217224121 6.11957944336 250.129770992 -51.3893129771 6.72519083969 END
START 1.81001645508 -6.03817658691 6.29675036621 250.129770992 -54.7099236641 10.9160305344 END
START 5.64073911133 -7.34062229004 3.75171400146 250.129770992 -60.4427480916 11.8702290076 END
START -0.775721337891 -8.96389101563 12.2271878784 250.129770992 -59.3664122137 7.6641221374 END
START 2.73178409424 -4.50828172607 6.00226356201 250.129770992 -62.679389313 16.6488549618 END
START 4.70939466553 -7.61595548096 6.78516750488 250.129770992 -64.2290076336 14.2595419847 END
START -3.0286651001 -8.96628521729 9.69651672363 250.129770992 -70.6717557252 19.4351145038 END
START 3.9959225708 -6.90248338623 13.5535755981 250.129770992 -53.4885496183 9.25954198473 END
START 0.390254870605 -10.6757452026 7.20415279541 250.129770992 -66.0992366412 0.587786259542 END
START 1.18752402344 -9.28231983643 9.32062706299 250.129770992 -64.3282442748 2.48091603053 END
START 4.68066424561 -10.0149455444 3.27526787109 250.129770992 -52.0305343511 -1.64122137405 END
START 5.44680877686 -12.5647703125 9.21288798828 250.129770992 -54.5190839695 4.6106870229 END
START 4.48673391113 -9.91199487305 6.8019269165 250.129770992 -65.9160305344 19.1526717557 END
START -2.67432325439 -10.7810900757 7.68778153076 250.129770992 -67.8015267176 9.57251908397 END
START 0.414196887207 -14.1377608032 5.2456958374 250.129770992 -58.0076335878 4.47328244275 END
START -2.01591779785 -11.6334258667 4.16351668701 250.129770992 -79.8320610687 4.62595419847 END
START -1.23301385498 -7.44596716309 4.61362659912 250.129770992 -84.679389313 9.56488549618 END
START 2.94965644531 -4.98233365479 4.09887324219 250.129770992 -87.5954198473 9.40458015267 END
START 3.57933148193 -11.6645504883 7.62792648926 250.129770992 -73.1603053435 9.86259541985 END
START -2.94965644531 -7.92480749512 0.687135876465 250.129770992 -97.5801526718 8.9465648855 END
START -0.567425793457 -1.99915838623 7.28555565186 250.129770992 -99.8473282443 5.70229007634 END
START 10.5368815063 -5.8466404541 5.17147558594 250.129770992 -86.5114503817 7.3893129771 END
START -3.08133753662 -10.9989624268 8.82263311768 250.129770992 -104.114503817 15.8167938931 END
START -3.72298358154 -12.6988456055 6.1171852417 250.129770992 -105.458015267 3.07633587786 END
START 2.91374342041 -2.99514627686 9.19612857666 250.129770992 -104.748091603 5.18320610687 END
START -1.22343704834 -10.1609918457 6.1171852417 250.129770992 -103.93129771 1.54198473282 END
START -6.34942280273 -4.22576593018 10.9151653687 250.129770992 -104.977099237 4.73282442748 END
START 5.48990440674 -8.84178673096 10.7284176392 250.129770992 -104.221374046 5.67175572519 END
START 0.588973608398 -8.06845959473 7.81706842041 250.129770992 -104.198473282 8.31297709924 END
START -2.43490308838 -6.83544573975 11.3149970459 250.129770992 -105.335877863 3.6641221374 END
START 10.0197339478 -3.38540114746 8.5449057251 250.129770992 -104.877862595 -2.98473282443 END
START -1.24019645996 -12.9717845947 7.40526573486 250.129770992 -104.72519084 2.99236641221 END
START 5.17626398926 -9.54089361572 8.55448253174 250.129770992 -104.267175573 5.06106870229 END
START 2.4277204834 -4.16351668701 8.0157871582 250.129770992 -97.9236641221 11.2977099237 END
START 2.59531459961 -5.67425793457 6.04057078857 250.129770992 -87.0916030534 7.76335877863 END
START -0.361524450684 -10.6829278076 6.58884296875 250.129770992 -88.5267175573 -0.984732824427 END
START 6.30632717285 -8.8393925293 4.00310517578 250.129770992 -80.2671755725 15.0610687023 END
START -3.43328518066 -9.54568201904 9.87608184814 250.129770992 -85.9083969466 9.03053435115 END
START 4.95360323486 -10.4482960449 9.72524714355 250.129770992 -76.7404580153 2.29770992366 END
START 4.17548769531 -14.8488386963 5.53060583496 250.129770992 -70.2519083969 -2.96183206107 END
START 2.05901342773 -9.24401260986 7.56807144775 250.129770992 -63.6564885496 2.88549618321 END
START 3.05500131836 -4.56334836426 9.89284125977 250.129770992 -57.7404580153 15.9770992366 END
START 6.72291826172 -4.65432802734 7.32865128174 250.129770992 -55.8091603053 1.04580152672 END
START 8.79390269775 -8.14986245117 11.0899420898 250.129770992 -53.641221374 -2.39694656489 END
START 0.0263362182617 -0.557848986816 8.61433757324 250.129770992 -52.0 -1.53435114504 END
START -0.701501086426 -11.1689507446 6.15549246826 250.129770992 -48.2061068702 7.73282442748 END
START 8.74601866455 -9.61271966553 6.84741674805 250.129770992 -49.6335877863 4.51908396947 END
START 0.928950244141 -11.2311999878 4.37899483643 250.129770992 -49.5877862595 5.34351145038 END