START 3.15076938477 -10.5632177246 7.35738170166 250.129770992 -82.0687022901 -1.24427480916 END
START 2.20266552734 -6.90727178955 5.52342322998 250.129770992 -77.6335877863 3.64122137405 END
START 0.134075292969 -11.884817041 7.20415279541 250.129770992 -72.2519083969 7.72519083969 END
START -6.25844313965 -9.2057053833 2.54024796143 250.129770992 -71.3969465649 0.541984732824 END
START 6.33266339111 -10.6972930176 7.65905111084 250.129770992 -67.9618320611 7.2213740458 END
START 3.24653745117 -6.29675036621 7.43639035645 250.129770992 -73.4503816794 1.1679389313 END
START -2.1092916626 -14.6477257568 7.45554396973 250.129770992 -63.0076335878 6.65648854962 END
START -0.521935961914 -3.89297189941 7.84340463867 250.129770992 -67.7099236641 2.07633587786 END
START 1.83635267334 -9.2416184082 5.39174213867 250.129770992 -61.0229007634 0.977099236641 END
START 2.32955821533 -4.85065256348 7.75003077393 250.129770992 -70.0458015267 8.14503816794 END
START 5.50187541504 -7.24246002197 8.09958421631 250.129770992 -65.9083969466 -4.17557251908 END
START 4.90093079834 -4.65432802734 7.75242497559 250.129770992 -72.5419847328 6.46564885496 END
START 0.756567724609 -9.98382092285 9.22246479492 250.129770992 -60.7557251908 5.20610687023 END
START 0.533906970215 -8.5209637085 6.0932432251 250.129770992 -62.9083969466 3.72519083969 END
START 3.0406361084 -11.3820346924 14.0467811401 250.129770992 -54.7099236641 5.90076335878 END
START 5.73650717773 -3.87860668945 3.46201560059 250.129770992 -62.9465648855 1.3893129771 END
START 7.21612380371 -11.0085392334 5.59524927979 250.129770992 -70.7251908397 8.40458015267 END
START 2.06140762939 -6.90966599121 7.77876119385 250.129770992 -64.8091603053 3.06870229008 END
START -0.955286462402 -9.23204160156 8.33182177734 250.129770992 -69.3053435115 5.29007633588 END
START -1.39103116455 -7.08204851074 8.90403597412 250.129770992 -86.9007633588 -4.73282442748 END
START 2.11408006592 -6.15070406494 7.49385119629 250.129770992 -73.9618320611 4.10687022901 END
START -1.51792385254 -12.251129895 9.15303294678 250.129770992 -75.7709923664 6.67175572519 END
START -6.47631549072 -8.9231895874 5.38934793701 250.129770992 -81.679389313 1.52671755725 END
START -3.25611425781 -16.8120840576 6.68461103516 250.129770992 -84.0687022901 4.63358778626 END
START 1.39581956787 -9.03332286377 4.68305844727 250.129770992 -90.1450381679 8.57251908397 END
START -3.45243879395 -10.3860468018 4.21618912354 250.129770992 -90.9236641221 -1.95419847328 END
START 2.4396914917 -9.40202991943 7.10599052734 250.129770992 -86.5038167939 13.2977099237 END
START -0.509964953613 -11.9374894775 8.5688477417 250.129770992 -94.4809160305 7.42748091603 END
START -3.73495458984 -16.2231104492 12.3205617432 250.129770992 -99.893129771 4.82442748092 END
START 2.89219560547 -11.3197854492 11.9159416626 250.129770992 -95.4198473282 5.24427480916 END
START 1.57299049072 -11.8369330078 7.79552060547 250.129770992 -96.8015267176 -0.0381679389313 END
START -5.33906970215 -13.6541320679 12.8041904785 250.129770992 -87.5954198473 5.3358778626 END
START 12.3540805664 -9.8425630249 13.3093670288 250.129770992 -83.320610687 5.7786259542 END
START 7.51300480957 -8.75080706787 9.58638344727 250.129770992 -80.1984732824 11.8702290076 END
START 0.172382519531 -1.35990654297 9.72764134521 250.129770992 -77.679389313 5.87786259542 END
START 9.62469067383 -12.3756283813 10.8361567139 250.129770992 -68.4045801527 3.1679389313 END
START 2.52827695312 -8.34858118896 13.0268512329 250.129770992 -65.1145038168 5.64122137405 END
START 6.96233842773 -10.7044756226 12.4378776245 250.129770992 -69.2442748092 -1.76335877863 END
START 0.957680664062 -2.36786544189 6.54335313721 250.129770992 -59.5267175573 -3.38167938931 END
START 3.09570274658 -8.47307967529 8.37491740723 250.129770992 -64.4503816794 7.47328244275 END
START -0.294486804199 -8.07564219971 14.3412679443 250.129770992 -55.8549618321 10.0229007634 END
START -0.804451757813 -1.72621939697 6.49307490234 250.129770992 -56.2595419847 4.64885496183 END
START 5.95437952881 -4.9272670166 6.86896456299 250.129770992 -49.7251908397 9.74045801527 END
START 7.35259329834 -9.28950244141 8.43237824707 250.129770992 -49.0229007634 2.6641221374 END
START 4.56574256592 -11.1210667114 9.67736311035 250.129770992 -51.8473282443 11.6946564885 END
START -0.799663354492 -13.0627642578 9.90002386475 250.129770992 -56.5267175573 14.4885496183 END
START 0.739808312988 -10.9702320068 5.28879146729 250.129770992 -55.7938931298 10.6030534351 END
START -0.658405456543 -5.33667550049 3.9839515625 250.129770992 -64.2900763359 -1.72519083969 END
START 3.08612593994 -9.4642791626 3.96719215088 250.129770992 -61.0763358779 2.99236641221 END
START 5.8586114624 -12.744335437 2.12365687256 250.129770992 -59.4885496183 5.34351145038 END
START 3.46440980225 -14.0659347534 7.601590271 250.129770992 -67.7709923664 5.65648854962 END
START 0.845153186035 -12.7395470337 1.8028338501 250.129770992 -68.0992366412 5.76335877863 END
START -6.0932432251 -9.83298621826 0.280121594238 250.129770992 -72.358778626 5.60305343511 END
START 1.71424838867 -11.2982376343 5.77242020264 250.129770992 -71.1832061069 -0.0992366412214 END
START 1.58256729736 -11.9350952759 6.04057078857 250.129770992 -83.8167938931 -3.53435114504 END
START 3.98873996582 -9.90481226807 4.38857164307 250.129770992 -97.0839694656 8.89312977099 END
START -0.181959326172 -12.9119295532 6.63672700195 250.129770992 -87.2519083969 5.8320610687 END
START -1.37906015625 -14.358027356 5.17626398926 250.129770992 -92.5801526718 -3.96183206107 END
START -0.574608398438 -2.72938989258 9.37329949951 250.129770992 -104.870229008 -0.0916030534351 END
START 0.478840332031 -11.6430026733 7.67820472412 250.129770992 -101.72519084 7.78625954198 END
START -0.344765039063 -14.6884271851 6.1530982666 250.129770992 -99.4045801527 7.10687022901 END
START 8.37491740723 -7.7332713623 7.81946262207 250.129770992 -103.770992366 0.0992366412214 END
START 1.24498486328 -6.30632717285 7.19457598877 250.129770992 -103.778625954 11.5496183206 END
START 4.33350500488 -11.7483475464 2.90656081543 250.129770992 -104.86259542 7.0534351145 END
START -4.84107575684 -5.59046087646 5.99747515869 250.129770992 -104.72519084 4.27480916031 END
START 5.37498272705 -1.83635267334 7.2831614502 250.129770992 -105.27480916 8.80152671756 END
START 2.52827695312 -10.7140524292 12.5599819092 250.129770992 -103.740458015 4.81679389313 END
START -1.07739074707 -9.81383260498 -0.0359130249023 250.129770992 -100.549618321 1.12213740458 END
START -1.75016141357 -8.31506236572 5.35822331543 250.129770992 -105.435114504 5.34351145038 END
START 0.77093293457 -11.1761333496 5.04218869629 250.129770992 -85.4885496183 3.54198473282 END
START 4.62799180908 -8.37012900391 11.7914431763 250.129770992 -106.72519084 3.5572519084 END
START -1.68791217041 -8.18577547607 6.1770402832 250.129770992 -104.511450382 5.48091603053 END
START 4.12520946045 -6.91684859619 12.370839978 250.129770992 -101.320610687 1.68702290076 END
START -3.29442148437 -9.51695159912 6.27280834961 250.129770992 -96.6030534351 1.67938931298 END
START 3.81635744629 -9.48103857422 8.77714328613 250.129770992 -106.832061069 5.06106870229 END
START -2.03028300781 -10.8098204956 9.19852277832 250.129770992 -75.2977099237 9.54198473282 END
START -2.14281048584 -11.2192289795 8.27196673584 250.129770992 -74.0 2.25954198473 END
START 5.37498272705 -5.90888969727 11.03248125 250.129770992 -66.6717557252 4.31297709924 END
START 0.639251843262 -5.79636221924 12.7108166138 250.129770992 -67.8778625954 2.01526717557 END
START 1.58496149902 -11.9734025024 10.5656119263 250.129770992 -59.1755725191 -0.69465648855 END
START 2.8060043457 -8.3461869873 1.78368023682 250.129770992 -65.3511450382 8.25190839695 END
START -0.46686932373 -8.01099875488 5.2456958374 250.129770992 -55.8396946565 2.60305343511 END
START 3.98873996582 -8.58321295166 5.18105239258 250.129770992 -48.8396946565 9.46564885496 END
START -1.22343704834 -8.47786807861 11.398794104 250.129770992 -44.3816793893 13.679389313 END
START 0.428562097168 -7.35259329834 2.11886846924 250.129770992 -47.2748091603 2.70992366412 END
START 6.52180532227 -12.638990564 11.384428894 250.129770992 -41.3969465649 -0.885496183206 END
START -2.51870014648 -11.6741272949 9.80186159668 250.129770992 -49.7251908397 2.63358778626 END
START 8.21690009766 -6.68939943848 7.56567724609 250.129770992 -48.4351145038 2.06870229008 END