START 1.35990654297 -3.17471140137 8.92797799072 250.129770992 -90.6870229008 8.28244274809 END
START 5.88734188232 -9.29668504639 7.23527741699 250.129770992 -95.213740458 11.3282442748 END
START -2.57376678467 -4.55855996094 4.8793829834 250.129770992 -74.9236641221 6.26717557252 END
START 3.73495458984 -9.69651672363 4.043806604 250.129770992 -77.0916030534 2.6106870229 END
START -4.656722229 -9.35175168457 5.32709869385 250.129770992 -83.5877862595 4.3893129771 END
START -0.229843359375 -7.55610043945 7.25443103027 250.129770992 -68.1526717557 5.63358778626 END
START -1.8028338501 -11.5687824219 6.42603725586 250.129770992 -75.0229007634 5.70229007634 END
START 6.71573565674 -13.8193319824 6.31350977783 250.129770992 -69.572519084 5.71755725191 END
START 6.56729515381 -11.1067015015 6.42843145752 250.129770992 -54.358778626 10.7251908397 END
START 0.172382519531 -14.9158763428 4.54419475098 250.129770992 -52.6946564885 -2.65648854962 END
START 2.90895501709 -11.9303068726 8.39167681885 250.129770992 -55.4198473282 1.88549618321 END
START 12.5815297241 -10.1609918457 6.73967767334 250.129770992 -56.1679389313 2.14503816794 END
START 5.55454785156 -13.4961147583 7.8960770752 250.129770992 -62.3740458015 11.4503816794 END
START 0.957680664062 -5.20499440918 6.77319649658 250.129770992 -54.6717557252 1.45801526718 END
START -3.52187064209 -10.3357685669 7.18499918213 250.129770992 -61.9312977099 8.83969465649 END
START 3.29442148437 -7.3430164917 7.48427438965 250.129770992 -59.6488549618 4.37404580153 END
START -0.222660754395 -8.89685336914 6.2009822998 250.129770992 -55.4045801527 3.8320610687 END
START 0.62009822998 -14.0180507202 7.52258161621 250.129770992 -48.8015267176 12.7709923664 END
START -0.289698400879 -12.5216746826 7.28555565186 250.129770992 -67.3893129771 6.52671755725 END
START 6.64151540527 -8.03494077148 5.03979449463 250.129770992 -61.786259542 -3.03053435115 END
START -1.37906015625 -18.4161991699 9.01416925049 250.129770992 -71.679389313 -0.496183206107 END
START -1.91296712646 -12.8903817383 8.96389101563 250.129770992 -77.1755725191 7.87786259542 END
START -2.01831199951 -7.0245876709 6.07648381348 250.129770992 -98.9847328244 2.22900763359 END
START 0.45250411377 -10.0340991577 5.85142885742 250.129770992 -104.305343511 8.80916030534 END
START 0.229843359375 -12.3660515747 15.1744501221 250.129770992 -103.290076336 3.89312977099 END
START -3.75171400146 -8.21211169434 10.8792523438 250.129770992 -102.885496183 2.16030534351 END
START 0.519541760254 -7.601590271 8.57124194336 250.129770992 -103.839694656 14.5801526718 END
START -0.277727392578 -8.38210001221 8.5688477417 250.129770992 -103.854961832 10.7328244275 END
START 1.27610948486 -5.54736524658 6.01423457031 250.129770992 -97.679389313 9.61832061069 END
START -1.38384855957 -10.9438957886 10.7403886475 250.129770992 -104.06870229 5.90076335878 END
START -3.26569106445 -10.3453453735 1.22104284668 250.129770992 -104.419847328 16.4732824427 END
START 4.75249029541 -7.4148425415 11.6621562866 250.129770992 -102.717557252 13.6641221374 END
START 4.80995113525 -6.94797321777 12.2631009033 250.129770992 -97.320610687 1.3358778626 END
START 3.57454307861 -7.61595548096 12.7922194702 250.129770992 -89.3053435115 9.46564885496 END
START 8.58081875 -14.231134668 14.0946651733 250.129770992 -71.4580152672 3.46564885496 END
START -4.2185833252 -9.86411083984 7.48427438965 250.129770992 -75.7099236641 -0.419847328244 END
START -2.62165081787 -9.62708487549 7.61595548096 250.129770992 -60.9770992366 -0.793893129771 END
START 4.42687886963 -8.76277807617 7.31668027344 250.129770992 -55.4198473282 -0.435114503817 END
START 0.277727392578 -10.2615483154 11.532869397 250.129770992 -51.572519084 4.6641221374 END
START 11.8393272095 -9.58877764893 8.84896933594 250.129770992 -61.5877862595 0.404580152672 END
START 1.92254393311 -8.93994899902 6.67503422852 250.129770992 -43.7709923664 6.7786259542 END
START 2.1930887207 -6.87854136963 9.26316622314 250.129770992 -49.8244274809 3.1679389313 END
START 7.33343968506 -14.2622592896 3.82593425293 250.129770992 -45.1526717557 12.5114503817 END
START -1.32878192139 -9.7587659668 11.3676694824 250.129770992 -47.7251908397 13.1297709924 END
START -1.63284553223 -9.5720182373 8.36773480225 250.129770992 -53.3358778626 5.79389312977 END
START -0.797269152832 -9.2296473999 7.30231506348 250.129770992 -46.9847328244 0.916030534351 END
START 0.746990917969 -16.8743333008 7.47469758301 250.129770992 -63.5038167939 1.19847328244 END
START -3.25611425781 -10.4028062134 2.64319863281 250.129770992 -54.9694656489 10.6564885496 END
START 2.26970317383 -12.8257382935 4.95839163818 250.129770992 -68.2213740458 13.8778625954 END
START 2.31998140869 -9.8665050415 6.61996759033 250.129770992 -56.9618320611 5.83969465649 END
START -6.79953271484 -10.8265799072 5.11162054443 250.129770992 -56.893129771 1.40458015267 END
START -2.18830031738 -4.5609541626 7.38850632324 250.129770992 -58.5267175573 2.18320610687 END
START 5.4922986084 -8.55927093506 2.48518132324 250.129770992 -67.1374045802 10.2519083969 END
START 0.979228479004 -9.7946789917 4.8674119751 250.129770992 -65.0 3.28244274809 END
START 2.50194073486 -7.12514414062 5.88494768066 250.129770992 -76.7557251908 5.11450381679 END
START 3.48835181885 -9.93833109131 6.34463439941 250.129770992 -78.1603053435 25.0839694656 END
START 2.67432325439 -15.808913562 3.46201560059 250.129770992 -86.2900763359 0.198473282443 END
START -1.26413847656 -12.2702835083 5.82030423584 250.129770992 -95.0076335878 2.58778625954 END
START -8.34858118896 -12.026074939 7.46272657471 250.129770992 -96.9389312977 9.8320610687 END
START -3.59369669189 -5.16908138428 5.62158549805 250.129770992 -105.038167939 0.0534351145038 END
START 6.41646044922 -5.11880314941 9.65581529541 250.129770992 -104.946564885 9.98473282443 END
START 2.07577283936 -5.76523759766 7.7332713623 250.129770992 -104.167938931 10.7022900763 END
START 5.70059415283 -8.47307967529 8.27914934082 250.129770992 -104.13740458 4.9465648855 END
START 0.952892260742 -4.72136567383 1.90339031982 250.129770992 -103.870229008 9.74045801527 END
START 2.13562788086 -4.75727869873 9.98142672119 250.129770992 -104.20610687 9.73282442748 END
START 0.847547387695 -8.77953748779 6.61039078369 250.129770992 -104.435114504 1.03053435115 END
START -2.7700913208 -3.26090266113 8.40843623047 250.129770992 -104.190839695 9.77099236641 END
START 4.23534273682 -5.24809003906 6.99106884766 250.129770992 -104.297709924 6.88549618321 END
START 2.77727392578 -7.26640203857 11.3006318359 250.129770992 -105.488549618 -3.6641221374 END
START -1.81959326172 -12.1098719971 11.5137157837 250.129770992 -104.076335878 9.15267175573 END
START 5.03740029297 -4.39336004639 11.6741272949 250.129770992 -104.312977099 5.53435114504 END
START 5.34625230713 -9.18415756836 8.90164177246 250.129770992 -104.229007634 2.16030534351 END
START 3.40934316406 -16.8575738892 8.65025059814 250.129770992 -90.3740458015 6.3893129771 END
START -5.14035096436 -7.81228001709 6.86896456299 250.129770992 -98.5572519084 3.02290076336 END
START 7.52976422119 -6.41646044922 7.93917270508 250.129770992 -90.8854961832 3.51145038168 END
START 3.58890828857 -2.03507141113 6.1411272583 250.129770992 -77.6488549618 5.0 END
START 3.05978972168 -4.39336004639 4.77164390869 250.129770992 -76.8549618321 5.79389312977 END
START 6.54095893555 -12.4283008179 8.14028564453 250.129770992 -71.5038167939 11.6259541985 END
START 0.486022937012 -7.25921943359 9.52652840576 250.129770992 -70.9847328244 4.02290076336 END
START -5.55694205322 -10.3477395752 7.22570061035 250.129770992 -70.572519084 -0.824427480916 END
START 2.57855518799 -10.3836526001 7.13950935059 250.129770992 -65.9694656489 8.90076335878 END
START -0.663193859863 -11.4921679687 11.5424462036 250.129770992 -61.7633587786 10.3053435115 END
START 1.20428343506 -10.3309801636 9.68693991699 250.129770992 -68.534351145 7.37404580153 END
START 10.3501337769 -1.71185418701 4.89853659668 250.129770992 -60.5877862595 8.10687022901 END
START 7.17302817383 -18.0091848877 5.4803276001 250.129770992 -76.9389312977 5.58778625954 END
START -2.51630594482 -10.8265799072 6.67264002686 250.129770992 -90.7480916031 3.09160305344 END
START 4.44603248291 -8.80347950439 9.63426748047 250.129770992 -94.6259541985 13.106870229 END
START 1.12288057861 -9.43076033936 8.5449057251 250.129770992 -104.992366412 17.4732824427 END
START 0.0239420166016 -3.39737215576 3.30639249268 250.129770992 -103.954198473 5.61832061069 END
START -1.03668931885 -2.88980140381 11.6789156982 250.129770992 -103.946564885 -0.916030534351 END