START 2.05661922607 -8.33661018066 5.23851323242 250.129770992 -72.1526717557 -3.36641221374 END
START 1.65199914551 -10.2136642822 9.86889924316 250.129770992 -75.0687022901 10.9160305344 END
START 2.1930887207 -11.0133276367 5.05176550293 250.129770992 -65.1221374046 -0.595419847328 END
START -3.68228215332 -15.6580788574 8.29112034912 250.129770992 -68.358778626 6.74809160305 END
START 1.72143099365 -4.90093079834 9.93114848633 250.129770992 -75.3053435115 12.893129771 END
START -0.430956298828 -8.10676682129 8.25281312256 250.129770992 -66.7786259542 -3.84732824427 END
START -2.59770880127 -13.6565262695 8.41561883545 250.129770992 -69.0152671756 5.96183206107 END
START -2.52588275146 -7.11796153564 9.45709655762 250.129770992 -71.4732824427 7.10687022901 END
START -2.55461317139 -11.3652752808 2.84191737061 250.129770992 -68.0916030534 13.4732824427 END
START 7.34780489502 -15.8544033936 7.89847127686 250.129770992 -80.2366412214 7.58778625954 END
START 2.63362182617 -2.46842191162 2.90416661377 250.129770992 -94.6641221374 4.95419847328 END
START 2.06619603271 -4.70700046387 10.532093103 250.129770992 -76.9847328244 0.351145038168 END
START 2.89698400879 -6.39012423096 10.0987426025 250.129770992 -78.8320610687 6.73282442748 END
START -2.41814367676 -11.8728460327 7.61116707764 250.129770992 -81.7404580153 6.3893129771 END
START 5.36061751709 -9.01416925049 8.69813463135 250.129770992 -93.1679389313 14.1526717557 END
START -3.38061274414 -11.3437274658 4.82671054687 250.129770992 -106.366412214 0.93893129771 END
START -3.47877501221 -15.9142584351 5.37258852539 250.129770992 -89.9465648855 6.57251908397 END
START -3.71819517822 -10.9774146118 5.22414802246 250.129770992 -100.79389313 7.02290076336 END
START -3.94085593262 -5.89931289062 6.35660540771 250.129770992 -101.236641221 4.8320610687 END
START -2.61686241455 -10.053252771 4.67108743896 250.129770992 -96.5496183206 6.67175572519 END
START -4.85304676514 -11.8896054443 8.02057556152 250.129770992 -105.435114504 10.8702290076 END
START 3.23935484619 -10.1155020142 11.9135474609 250.129770992 -100.27480916 5.10687022901 END
START -0.682347473145 -10.8840407471 5.92325490723 250.129770992 -98.9007633588 7.22900763359 END
START 2.55461317139 -12.9191121582 6.93839641113 250.129770992 -97.2519083969 2.09160305344 END
START 0.0861912597656 -12.765883252 8.27914934082 250.129770992 -86.786259542 9.6641221374 END
START 1.73340200195 -3.78523282471 7.58243665771 250.129770992 -88.8396946565 10.3435114504 END
START -4.07493122559 -5.83706364746 7.40047733154 250.129770992 -95.6183206107 10.5648854962 END
START -1.72382519531 -7.48188018799 11.3963999023 250.129770992 -89.4045801527 -4.83969465649 END
START 2.12365687256 -3.36145913086 5.20020600586 250.129770992 -76.9923664122 6.90076335878 END
START 7.04613548584 -13.962984082 6.73967767334 250.129770992 -73.5801526718 10.8473282443 END
START 7.18021077881 -8.9351605957 7.01979926758 250.129770992 -69.7099236641 7.84732824427 END
START -0.754173522949 -8.75320126953 7.19936439209 250.129770992 -58.9312977099 7.68702290076 END
START 0.418985290527 -15.076287854 7.45075556641 250.129770992 -63.8702290076 5.53435114504 END
START -0.526724365234 -10.4243540283 7.36217010498 250.129770992 -53.1145038168 5.36641221374 END
START -5.02064088135 -12.9789671997 5.20260020752 250.129770992 -53.2366412214 6.0 END
START 1.89141931152 -1.89141931152 3.84269366455 250.129770992 -47.6717557252 2.90076335878 END
START -0.0574608398438 -8.65982740479 10.8289741089 250.129770992 -47.9083969466 8.1679389313 END
START 1.38145435791 -7.66623371582 11.271901416 250.129770992 -50.5267175573 16.358778626 END
START -1.55862528076 -16.3907045654 5.48272180176 250.129770992 -53.641221374 -1.80152671756 END
START 1.63284553223 -6.88093557129 8.45153186035 250.129770992 -58.7786259542 -2.77099236641 END
START 0.339976635742 -11.3533042725 3.6535517334 250.129770992 -66.0839694656 12.9770992366 END
START 1.14442839355 -5.02064088135 9.99100352783 250.129770992 -58.8015267176 -3.57251908397 END
START 0.0550666381836 -8.5329347168 6.74925447998 250.129770992 -73.3282442748 13.4580152672 END
START 1.56580788574 -8.01818135986 2.85149417725 250.129770992 -67.3664122137 9.98473282443 END
START 1.70467158203 -6.2009822998 7.62313808594 250.129770992 -68.4809160305 12.7786259542 END
START 3.13400997314 -4.82192214355 10.1897222656 250.129770992 -84.8091603053 6.89312977099 END
START -4.99909306641 -13.1393787109 7.82425102539 250.129770992 -82.9160305344 11.0152671756 END
START -2.13562788086 -10.771513269 13.2590887939 250.129770992 -81.0152671756 4.0 END
START 4.06535441895 -10.8074262939 4.83868155518 250.129770992 -93.0305343511 1.47328244275 END
START 6.73967767334 -10.5368815063 8.69574042969 250.129770992 -102.13740458 0.847328244275 END
START 2.47321031494 -13.2183873657 8.60954916992 250.129770992 -94.3282442748 -1.74045801527 END
START 2.25054956055 -10.3621047852 7.58722506104 250.129770992 -107.106870229 -0.404580152672 END
START 6.95276162109 -11.9710083008 6.67264002686 250.129770992 -104.641221374 4.59541984733 END
START -0.854729992676 -9.50737479248 10.4004120117 250.129770992 -104.923664122 9.04580152672 END
START 3.28723887939 -8.25281312256 9.22007059326 250.129770992 -97.2061068702 14.7175572519 END
START -1.09654436035 -7.92720169678 8.88248815918 250.129770992 -104.297709924 3.34351145038 END
START 1.92254393311 -10.3214033569 5.13077415771 250.129770992 -104.244274809 10.6030534351 END
START -1.63763393555 -10.3333743652 9.04289967041 250.129770992 -104.442748092 16.1297709924 END
START -4.59926138916 -6.0812722168 3.98873996582 250.129770992 -104.229007634 15.4503816794 END
START 0.363918652344 -10.771513269 8.19774648437 250.129770992 -104.541984733 4.87786259542 END
START 0.905008227539 -9.34935748291 6.08366641846 250.129770992 -104.06870229 9.25954198473 END
START -3.37821854248 -15.1074124756 8.8154505127 250.129770992 -104.312977099 11.320610687 END
START 3.94085593262 0.778115539551 12.9406599731 250.129770992 -105.007633588 6.98473282443 END
START 2.11408006592 -11.7124345215 8.51378110352 250.129770992 -104.503816794 4.49618320611 END
START 1.10612116699 -9.73242974854 7.29752666016 250.129770992 -105.305343511 12.8320610687 END
START 10.9798088135 -10.8098204956 11.4682259521 250.129770992 -105.320610687 2.51145038168 END
START 7.69975253906 -10.2376062988 13.5823060181 250.129770992 -97.0458015267 2.13740458015 END
START 8.18577547607 -11.0947304932 13.9965029053 250.129770992 -93.0152671756 9.80152671756 END
START 1.06541973877 -7.63271489258 9.95748470459 250.129770992 -84.8625954198 15.4961832061 END
START 7.85298144531 -6.13155045166 6.4116720459 250.129770992 -77.465648855 8.3358778626 END
START 3.65834013672 -9.74918916016 6.82347473145 250.129770992 -71.1908396947 7.81679389313 END
START 7.80749161377 -13.1657149292 8.59518395996 250.129770992 -69.0076335878 6.78625954198 END
START 0.679953271484 -9.06684168701 12.4187240112 250.129770992 -56.8473282443 -0.946564885496 END
START 5.34385810547 -10.0987426025 6.58405456543 250.129770992 -52.7022900763 0.496183206107 END
START 1.35272393799 -4.0557776123 6.51462271729 250.129770992 -52.1297709924 2.58778625954 END
START 8.18577547607 -9.57441243896 5.51384642334 250.129770992 -43.3129770992 6.64122137405 END
START -5.55454785156 -15.6485020508 9.46906756592 250.129770992 -49.7251908397 -0.564885496183 END
START -2.54503636475 -6.56011254883 6.22013591309 250.129770992 -39.7633587786 11.320610687 END
START -2.62404501953 -3.54820686035 10.3525279785 250.129770992 -42.572519084 4.49618320611 END
START 5.29118566895 -8.0157871582 12.1290256104 250.129770992 -44.3511450382 -4.46564885496 END
START 2.98556947021 -10.9702320068 7.50103380127 250.129770992 -44.7633587786 4.00763358779 END
START -2.26491477051 -15.2151515503 6.91445439453 250.129770992 -49.7633587786 6.96183206107 END
START 0.15562310791 -11.2599304077 6.73249506836 250.129770992 -42.679389313 3.67175572519 END
START -1.77410343018 -10.6422263794 6.25844313965 250.129770992 -59.3511450382 2.47328244275 END
START 5.09725533447 -10.292672937 5.47314499512 250.129770992 -63.4045801527 3.25954198473 END
START 7.56088884277 -8.85375773926 8.12592043457 250.129770992 -69.8396946565 -0.343511450382 END
START 1.19949503174 -12.624625354 8.63827958984 250.129770992 -61.1450381679 13.6564885496 END
START 2.93050283203 -13.3907698853 0.991199487305 250.129770992 -59.0687022901 0.900763358779 END
START -1.57777889404 -10.919953772 6.03099398193 250.129770992 -66.0992366412 9.57251908397 END
START 4.45560928955 -16.4864726318 10.7260234375 250.129770992 -65.1755725191 4.87022900763 END
START 3.16992299805 -10.9606552002 7.92241329346 250.129770992 -66.2519083969 -4.52671755725 END
START 4.10366164551 -8.52575211182 6.80910952148 250.129770992 -60.1984732824 8.80916030534 END
START -0.538695373535 -10.9654436035 7.0964137207 250.129770992 -60.9541984733 5.54198473282 END
START 5.34625230713 -9.68933411865 5.32949289551 250.129770992 -63.8625954198 10.0229007634 END
START 8.03015236816 -11.7076461182 6.16028087158 250.129770992 -71.1221374046 5.1679389313 END