START -1.21146604004 -15.0379806274 4.34068760986 250.129770992 -8.90839694656 15.893129771 END
START -0.897825622559 -11.5639940186 10.5656119263 250.129770992 -20.2595419847 5.97709923664 END
START 2.7581203125 -8.88967076416 8.73404765625 250.129770992 -20.8625954198 4.0534351145 END
START 3.6176387085 -10.0652237793 8.39646522217 250.129770992 -36.9541984733 -0.24427480916 END
START 1.11090957031 -6.79953271484 3.63918652344 250.129770992 -29.4122137405 7.4427480916 END
START -1.62805712891 -5.05894810791 6.4475850708 250.129770992 -25.6946564885 6.46564885496 END
START 2.60489140625 -12.8448919067 8.38449421387 250.129770992 -28.9618320611 5.32824427481 END
START 2.38941325684 -14.3795751709 5.35822331543 250.129770992 -26.9312977099 -5.6641221374 END
START 9.76594857178 -1.77649763184 6.46434448242 250.129770992 -26.9770992366 3.53435114504 END
START 3.71819517822 -9.32780966797 7.71411774902 250.129770992 -41.7328244275 18.8854961832 END
START -3.72058937988 -11.518504187 6.81150372314 250.129770992 -33.8854961832 2.84732824427 END
START -0.689530078125 -6.07169541016 6.41646044922 250.129770992 -52.0076335878 14.4503816794 END
START -1.12048637695 -8.89445916748 13.8887638306 250.129770992 -66.9923664122 13.7709923664 END
START 0.665588061523 -13.8313029907 6.46195028076 250.129770992 -55.4122137405 3.14503816794 END
START -2.14281048584 -3.48356341553 16.069881543 250.129770992 -69.4809160305 4.23664122137 END
START 3.03105930176 -5.06373651123 2.7820623291 250.129770992 -64.8396946565 9.16030534351 END
START 3.56257207031 -12.5144920776 8.68137521973 250.129770992 -66.0229007634 8.13740458015 END
START 3.09330854492 -14.2885955078 3.42610257568 250.129770992 -74.1755725191 8.41221374046 END
START -0.782903942871 -8.32942757568 11.8369330078 250.129770992 -75.2595419847 -1.88549618321 END
START 0.186747729492 -5.56651885986 6.988674646 250.129770992 -75.4809160305 11.534351145 END
START 4.51067592773 -17.4992199341 13.5200567749 250.129770992 -85.0992366412 1.72519083969 END
START 1.75016141357 -11.3365448608 13.8456682007 250.129770992 -102.541984733 7.90076335878 END
START 4.22576593018 -16.048333728 6.7301008667 250.129770992 -99.2213740458 3.90839694656 END
START 1.38145435791 -14.2407114746 9.78031378174 250.129770992 -99.6946564885 3.17557251908 END
START 2.12844527588 -12.7539122437 13.0172744263 250.129770992 -78.8167938931 2.09160305344 END
START -1.44370360107 -10.658985791 10.4770264648 250.129770992 -72.6106870229 13.4427480916 END
START 5.10683214111 -7.27358464355 14.0922709717 250.129770992 -88.6641221374 8.70229007634 END
START 1.68072956543 -6.05014759521 15.2750065918 250.129770992 -103.335877863 3.92366412214 END
START 2.88022459717 -6.60081397705 5.64552751465 250.129770992 -100.190839695 12.0 END
START 6.94557901611 -7.94635531006 6.52419952393 250.129770992 -105.061068702 4.48091603053 END
START -1.57299049072 -3.32075770264 8.8992475708 250.129770992 -99.0610687023 3.10687022901 END
START 6.19379969482 -7.77876119385 12.0548053589 250.129770992 -97.1832061069 4.16030534351 END
START -3.50989963379 -11.8465098145 10.1514150391 250.129770992 -102.572519084 3.54198473282 END
START 3.36624753418 -11.9590372925 8.04930598145 250.129770992 -80.4809160305 15.0992366412 END
START 5.5641246582 -9.5480762207 3.60327349854 250.129770992 -77.7022900763 12.2366412214 END
START 3.31596929932 -8.3222449707 5.43483776855 250.129770992 -79.6030534351 3.46564885496 END
START 8.09000740967 -14.2263462646 11.8608750244 250.129770992 -69.4503816794 10.358778626 END
START 1.99197578125 -5.5521536499 7.4268135498 250.129770992 -60.3969465649 5.76335877863 END
START -0.0119710083008 -10.165780249 6.99585725098 250.129770992 -68.2900763359 12.5038167939 END
START 1.61129771729 -6.11957944336 5.12598575439 250.129770992 -54.0076335878 8.59541984733 END
START -0.529118566895 -11.2192289795 9.32541546631 250.129770992 -53.9694656489 6.70992366412 END
START 3.57933148193 -6.21295330811 8.25281312256 250.129770992 -63.0992366412 0.221374045802 END
START 5.5521536499 -6.83065733643 8.00621035156 250.129770992 -56.9694656489 0.534351145038 END
START 2.68390006104 -12.7395470337 5.7867854126 250.129770992 -62.9389312977 8.93893129771 END
START -0.545877978516 -6.35181700439 3.7253777832 250.129770992 -56.7022900763 -2.08396946565 END
START 1.14203419189 -9.15303294678 9.28471403809 250.129770992 -62.5038167939 -1.3893129771 END
START -3.08612593994 -12.2990139282 5.66228692627 250.129770992 -73.0610687023 5.0 END
START 5.25527264404 -16.7354696045 8.5089927002 250.129770992 -62.7099236641 -1.67938931298 END
START 1.43652099609 -12.0859299805 11.9374894775 250.129770992 -71.3511450382 6.93893129771 END
START 4.02944139404 -15.7155396973 6.20337650146 250.129770992 -78.427480916 8.35114503817 END
START -5.02303508301 -2.1930887207 6.54574733887 250.129770992 -81.4045801527 7.25954198473 END
START -1.97282216797 -6.52180532227 6.97909783936 250.129770992 -90.6717557252 11.6641221374 END
START 1.97521636963 -6.87854136963 7.78594379883 250.129770992 -92.9236641221 14.3282442748 END
START 2.29843359375 -10.7619364624 5.40610734863 250.129770992 -103.312977099 2.78625954198 END
START 4.12520946045 -5.01345827637 4.98951625977 250.129770992 -89.6259541985 4.88549618321 END
START -2.44687409668 -9.4523081543 7.11317313232 250.129770992 -93.6335877863 12.1450381679 END
START -2.92571442871 -8.04212337646 4.52264693604 250.129770992 -92.7633587786 5.17557251908 END
START -1.36469494629 -7.10120212402 5.53300003662 250.129770992 -105.145038168 4.38167938931 END
START 0.292092602539 -8.09240161133 3.0765491333 250.129770992 -105.358778626 5.63358778626 END
START 0.656011254883 0.529118566895 2.32476981201 250.129770992 -107.167938931 7.78625954198 END
START -3.06936652832 -15.7131454956 7.59440766602 250.129770992 -104.534351145 1.54198473282 END
START 1.13245738525 -14.9062995361 8.82981572266 250.129770992 -104.450381679 7.59541984733 END
START -0.316034619141 2.02549460449 7.12274993896 250.129770992 -92.4427480916 10.5114503817 END
START 6.50265170898 -19.2900827759 6.95994422607 250.129770992 -103.27480916 5.60305343511 END
START 10.1083194092 -9.14824454346 8.21211169434 250.129770992 -93.6488549618 12.1984732824 END
START -2.46123930664 -7.98945093994 7.44836136475 250.129770992 -91.8015267176 -2.4427480916 END
START 3.68467635498 -11.3676694824 6.84023414307 250.129770992 -84.213740458 4.58015267176 END
START 5.48272180176 -9.08599530029 5.74608398437 250.129770992 -91.9236641221 8.74809160305 END
START -0.495599743652 -4.50349332275 11.5927244385 250.129770992 -76.8702290076 2.20610687023 END
START 3.02627089844 -13.1728975342 7.91523068848 250.129770992 -70.1526717557 1.11450381679 END
START 6.1052142334 -6.67982263184 6.34942280273 250.129770992 -71.2671755725 4.48091603053 END
START 3.11964476318 -8.00621035156 6.86896456299 250.129770992 -61.8549618321 16.4351145038 END
START 6.52419952393 -7.59440766602 9.91917747803 250.129770992 -65.8473282443 7.26717557252 END
START -1.45328040771 -10.8840407471 6.07169541016 250.129770992 -55.1450381679 6.92366412214 END
START 4.15154567871 -3.49553442383 9.28471403809 250.129770992 -58.0839694656 0.343511450382 END
START -1.07260234375 -11.1809217529 9.56722983398 250.129770992 -60.1526717557 15.4122137405 END
START 4.74291348877 -5.65989272461 9.73721815186 250.129770992 -63.6106870229 0.0534351145038 END
START -0.495599743652 -15.7753947388 4.47236870117 250.129770992 -58.6488549618 6.00763358779 END
START -6.26323154297 -7.90565388184 5.94959112549 250.129770992 -61.4198473282 14.4122137405 END
START -5.25287844238 -10.3309801636 8.75559547119 250.129770992 -70.6717557252 6.23664122137 END
START 4.79558592529 -12.5575877075 5.69580574951 250.129770992 -76.0763358779 4.64885496183 END
START -1.85311208496 -6.48110389404 9.75397756348 250.129770992 -57.5267175573 8.80152671756 END
START 10.6613799927 -8.34379278564 1.99915838623 250.129770992 -53.5190839695 11.4351145038 END
START 0.0143652099609 -12.512097876 7.84819304199 250.129770992 -64.320610687 -2.30534351145 END
START 6.09803162842 -8.48026228027 1.65199914551 250.129770992 -66.2519083969 12.4961832061 END
START 0.45729251709 -8.49941589355 11.0492406616 250.129770992 -63.7557251908 7.0 END
START 4.90093079834 -12.9047469482 4.9272670166 250.129770992 -70.8473282443 10.6870229008 END
START 3.23456644287 -13.6900450928 7.47948598633 250.129770992 -64.5267175573 8.75572519084 END
START 6.3637880127 -15.8615859985 6.15070406494 250.129770992 -60.2213740458 -2.43511450382 END
START 2.55940157471 -8.38210001221 8.13549724121 250.129770992 -55.213740458 -5.35877862595 END
START 6.92642540283 -2.65995804443 6.85938775635 250.129770992 -54.6259541985 6.6106870229 END
START 5.29597407227 -7.54891783447 6.90487758789 250.129770992 -64.3358778626 8.61832061069 END
START 1.06541973877 -8.78911429443 4.79558592529 250.129770992 -63.1679389313 -2.45038167939 END
START -0.0478840332031 -8.17619866943 9.34935748291 250.129770992 -69.572519084 7.50381679389 END
START 1.47003981934 -7.58243665771 6.70855305176 250.129770992 -56.4427480916 -1.31297709924 END
START -1.92014973145 -13.6325842529 5.44920297852 250.129770992 -76.0 6.09923664122 END
START -1.51792385254 -7.11796153564 7.79552060547 250.129770992 -77.6488549618 -5.26717557252 END
START 5.91846650391 -5.00388146973 5.37737692871 250.129770992 -75.6641221374 2.87786259542 END