START 1.5801730957 -10.1107136108 7.04134708252 250.129770992 -81.9083969466 0.18320610687 END
START 0.229843359375 -10.5727945312 4.14196887207 250.129770992 -79.2213740458 9.70229007634 END
START 3.97916315918 -9.56722983398 5.46117398682 250.129770992 -75.4427480916 5.82442748092 END
START -0.476446130371 -14.7363112183 6.495469104 250.129770992 -76.2442748092 -0.526717557252 END
START -1.30005150146 -5.88734188232 6.51222851562 250.129770992 -72.7099236641 14.7099236641 END
START 5.29836827393 -7.2831614502 6.72291826172 250.129770992 -63.7786259542 10.4885496183 END
START -0.387860668945 -9.15063874512 1.06781394043 250.129770992 -67.7328244275 -5.80152671756 END
START -3.56975467529 -12.9622077881 5.63116230469 250.129770992 -78.7786259542 11.9541984733 END
START 5.8107274292 -7.88410606689 5.94480272217 250.129770992 -69.0076335878 8.36641221374 END
START 2.24815535889 -16.189591626 9.53371101074 250.129770992 -74.1145038168 5.22900763359 END
START -0.720654699707 -4.85065256348 5.60003768311 250.129770992 -63.3358778626 -4.70229007634 END
START -0.60812722168 -5.41089575195 8.59997236328 250.129770992 -64.0152671756 -3.64885496183 END
START -2.98078106689 -3.50750543213 9.02135185547 250.129770992 -70.0916030534 5.29007633588 END
START -2.75333190918 -14.9086937378 8.59039555664 250.129770992 -68.7557251908 4.71755725191 END
START 2.34392342529 -7.79312640381 8.62630858154 250.129770992 -81.1297709924 10.0763358779 END
START -5.57370146484 -8.0397291748 10.3812583984 250.129770992 -80.7709923664 10.3893129771 END
START -3.00232888184 -4.24970794678 4.81713374023 250.129770992 -79.2213740458 11.213740458 END
START -3.12682736816 -9.22725319824 9.16021555176 250.129770992 -89.8625954198 8.45801526718 END
START 0.189141931152 -10.5751887329 5.7508723877 250.129770992 -81.0916030534 -0.30534351145 END
START 2.40856687012 -12.4067530029 10.6637741943 250.129770992 -84.0305343511 8.45801526718 END
START -1.28089788818 -10.0724063843 4.62320340576 250.129770992 -81.1374045802 6.85496183206 END
START -0.399831677246 -12.9478425781 5.96874473877 250.129770992 -87.9541984733 13.6488549618 END
START 1.14682259521 -17.2382519531 9.63187327881 250.129770992 -90.534351145 2.06106870229 END
START -2.56418997803 -14.7434938232 9.62947907715 250.129770992 -93.5877862595 -2.91603053435 END
START -1.35511813965 -8.38449421387 14.6453315552 250.129770992 -84.5877862595 7.12977099237 END
START 8.74123026123 -11.518504187 9.57920084229 250.129770992 -94.0687022901 4.32061068702 END
START -1.37187755127 -11.1904985596 7.55370623779 250.129770992 -99.1755725191 22.1145038168 END
START 4.32153399658 -9.5121631958 6.4236430542 250.129770992 -91.465648855 17.2213740458 END
START 6.25126053467 -10.5727945312 6.93600220947 250.129770992 -86.6717557252 3.81679389313 END
START 4.12042105713 -13.1657149292 7.62792648926 250.129770992 -88.8015267176 6.27480916031 END
START 2.91613762207 -5.64552751465 15.3731688599 250.129770992 -80.9465648855 -2.06106870229 END
START 2.98317526855 -9.76355437012 9.19852277832 250.129770992 -59.358778626 7.06106870229 END
START -0.818816967773 -8.9351605957 6.75883128662 250.129770992 -66.4351145038 -2.89312977099 END
START 5.46356818848 -9.83298621826 6.12676204834 250.129770992 -60.4732824427 4.19847328244 END
START 11.9446720825 -6.89290657959 11.7124345215 250.129770992 -65.0229007634 9.84732824427 END
START -0.584185205078 -10.3046439453 12.6940572021 250.129770992 -52.1832061069 4.29007633588 END
START 7.20175859375 -0.92176763916 8.30787976074 250.129770992 -53.2213740458 4.11450381679 END
START 3.04542451172 -14.8919343262 6.70855305176 250.129770992 -49.6946564885 -3.0 END
START 1.97761057129 -7.65186850586 0.909796630859 250.129770992 -42.2290076336 -1.42748091603 END
START -1.34314713135 -12.2295820801 6.57926616211 250.129770992 -51.7557251908 12.6946564885 END
START 16.182409021 -2.205059729 6.51222851562 250.129770992 -63.1526717557 2.96183206107 END
START -4.49391651611 -11.9327010742 7.48188018799 250.129770992 -61.9389312977 7.28244274809 END
START -0.541089575195 -10.7810900757 9.26795462646 250.129770992 -58.9389312977 0.251908396947 END
START 5.73171877441 -7.12753834229 3.19625921631 250.129770992 -64.0076335878 10.4809160305 END
START -1.87944830322 -4.77403811035 4.84825836182 250.129770992 -64.4503816794 -1.11450381679 END
START -4.26886156006 -3.89057769775 6.42843145752 250.129770992 -71.2290076336 -3.16030534351 END
START 3.0286651001 -10.2256352905 1.97282216797 250.129770992 -76.4809160305 1.98473282443 END
START 6.14591566162 -9.91917747803 5.63116230469 250.129770992 -86.7328244275 19.8244274809 END
START 3.14119257812 -9.97903251953 7.66623371582 250.129770992 -86.8549618321 -1.56488549618 END
START 0.239420166016 -12.6030775391 4.78361491699 250.129770992 -90.2442748092 5.25954198473 END
START 0.60573302002 -9.40681832275 9.17458076172 250.129770992 -95.7251908397 5.92366412214 END
START 0.902614025879 -6.88572397461 6.11957944336 250.129770992 -103.938931298 -1.73282442748 END
START -2.42532628174 -10.9486841919 6.39491263428 250.129770992 -105.488549618 10.2366412214 END
START -4.6686932373 -5.94001431885 4.95599743652 250.129770992 -104.458015267 1.89312977099 END
START 5.20020600586 -2.67911165771 5.74368978271 250.129770992 -103.832061069 4.48854961832 END
START 2.84431157227 -14.1640970215 10.8193973022 250.129770992 -105.015267176 13.7709923664 END
START -1.5322890625 -11.5208983887 8.43477244873 250.129770992 -104.908396947 7.48091603053 END
START -1.5801730957 -9.48343277588 4.99909306641 250.129770992 -102.312977099 5.12213740458 END
START -0.00239420166016 -8.83699832764 7.84579884033 250.129770992 -94.3358778626 3.45038167939 END
START -0.198718737793 -4.09647904053 6.53138212891 250.129770992 -103.236641221 7.90839694656 END
START 2.9927520752 -5.80833322754 12.8472861084 250.129770992 -105.0 2.53435114504 END
START 0.821211169434 -6.74925447998 6.1530982666 250.129770992 -97.3053435115 -3.80916030534 END
START 4.65193382568 -10.3022497437 8.05648858643 250.129770992 -97.0534351145 -2.80152671756 END
START 6.13155045166 -7.32386287842 7.57046564941 250.129770992 -98.3511450382 5.35114503817 END
START 0.711077893066 -11.2455651978 8.35576379395 250.129770992 -92.1984732824 3.14503816794 END
START -1.49877023926 -10.2807019287 10.2280294922 250.129770992 -93.4427480916 3.58778625954 END
START 4.5489831543 -5.93283171387 6.72531246338 250.129770992 -90.0152671756 2.32061068702 END
START 0.198718737793 -13.2566945923 9.65820949707 250.129770992 -71.6183206107 10.9618320611 END
START 0.526724365234 -14.9733371826 7.76200178223 250.129770992 -70.572519084 12.1908396947 END
START 3.20583602295 -8.13070883789 10.8744639404 250.129770992 -56.786259542 -2.6106870229 END
START 3.13161577148 -10.5560351196 5.71017095947 250.129770992 -59.7022900763 7.68702290076 END
START 6.16746347656 -2.73178409424 8.60236656494 250.129770992 -51.8549618321 -1.93893129771 END
START 0.646434448242 -12.7730658569 7.52018741455 250.129770992 -60.0534351145 0.832061068702 END
START -0.92176763916 -11.5280809937 5.22893642578 250.129770992 -55.4351145038 7.86259541985 END
START -0.481234533691 -6.63193859863 3.35667072754 250.129770992 -49.7404580153 0.0610687022901 END
START 1.06302553711 -10.0556469727 9.22007059326 250.129770992 -56.7022900763 6.89312977099 END
START -0.45968671875 -5.43962617188 7.43160195312 250.129770992 -52.893129771 4.03053435115 END
START 2.75333190918 -8.2025348877 11.6884925049 250.129770992 -60.0534351145 0.900763358779 END