START 3.96958635254 -2.39659586182 7.85537564697 250.129770992 -95.1832061069 6.14503816794 END
START -3.02148249512 -10.1777512573 8.32703337402 250.129770992 -104.557251908 5.46564885496 END
START 8.37731160889 -6.63193859863 6.88572397461 250.129770992 -98.6259541985 10.6030534351 END
START -1.11330377197 -10.2208468872 4.56813676758 250.129770992 -94.0687022901 9.06106870229 END
START 9.01656345215 -7.08923111572 6.77319649658 250.129770992 -80.7557251908 3.84732824427 END
START -0.497993945312 -8.48505068359 9.7467949585 250.129770992 -99.2442748092 3.95419847328 END
START -0.715866296387 -12.1816980469 6.95755002441 250.129770992 -99.4198473282 21.7175572519 END
START 2.94007963867 -9.67975731201 4.22576593018 250.129770992 -100.580152672 10.2290076336 END
START 0.972045874023 -6.54574733887 9.42118353271 250.129770992 -86.4122137405 4.57251908397 END
START 10.3261917603 -5.5042696167 6.95755002441 250.129770992 -97.7938931298 -5.0534351145 END
START 3.9959225708 -17.9469356445 9.37569370117 250.129770992 -96.8702290076 10.0992366412 END
START -0.481234533691 -4.5968671875 11.4251303223 250.129770992 -103.946564885 -0.0687022900763 END
START 2.4516625 -10.1681744507 4.27604416504 250.129770992 -85.7404580153 10.8625954198 END
START 0.672770666504 -9.89762966309 11.5855418335 250.129770992 -80.6335877863 6.78625954198 END
START 1.79325704346 -10.3884410034 7.44596716309 250.129770992 -60.5496183206 -1.74045801527 END
START 3.28484467773 -17.1712143066 7.3430164917 250.129770992 -67.4809160305 0.221374045802 END
START 1.69030637207 -9.2655604248 7.18978758545 250.129770992 -70.0381679389 14.5954198473 END
START 3.73256038818 -15.8687686035 3.23696064453 250.129770992 -71.106870229 0.587786259542 END
START -5.24809003906 -5.10922634277 7.58243665771 250.129770992 -68.1984732824 3.35877862595 END
START -4.3023803833 -15.3659862549 9.26316622314 250.129770992 -74.786259542 13.8167938931 END
START -3.37582434082 -8.80826790771 4.12520946045 250.129770992 -68.4961832061 -4.69465648855 END
START -4.74770189209 -8.3102739624 5.8226984375 250.129770992 -60.7175572519 6.6106870229 END
START 2.9927520752 -11.2000753662 6.36139381104 250.129770992 -74.5419847328 15.2671755725 END
START -7.35977590332 -8.44674345703 7.58004245605 250.129770992 -80.0152671756 12.1450381679 END
START 4.40772525635 -9.19852277832 5.05655390625 250.129770992 -94.2900763359 4.30534351145 END
START -5.16668718262 -9.63187327881 5.32709869385 250.129770992 -100.595419847 1.58015267176 END
START -3.18907661133 -6.94557901611 8.71728824463 250.129770992 -90.4580152672 9.43511450382 END
START -3.98634576416 -11.1402203247 8.78672009277 250.129770992 -91.4045801527 12.7175572519 END
START -2.94247384033 -11.3245738525 17.5686517822 250.129770992 -103.480916031 6.45038167939 END
START -3.62721551514 -9.66778630371 10.3525279785 250.129770992 -104.480916031 -0.335877862595 END
START -4.97754525146 -6.18661708984 6.67982263184 250.129770992 -93.5419847328 0.458015267176 END
START -4.01268198242 -4.25210214844 10.285490332 250.129770992 -92.7022900763 17.8320610687 END
START 10.5823713379 -4.22337172852 9.52892260742 250.129770992 -78.7404580153 4.7786259542 END
START 8.07564219971 -4.67587584229 7.1203557373 250.129770992 -97.4961832061 7.16030534351 END
START 6.59602557373 -13.3404916504 12.4570312378 250.129770992 -97.7938931298 1.63358778626 END
START 6.14352145996 -10.0748005859 7.60637867432 250.129770992 -83.4122137405 5.80152671756 END
START -1.99915838623 -11.5065331787 6.97191523437 250.129770992 -80.5648854962 -1.61832061069 END
START 3.43807358398 -3.14598098145 8.2025348877 250.129770992 -78.6946564885 12.0839694656 END
START 6.70376464844 -4.656722229 6.14352145996 250.129770992 -66.2977099237 12.1908396947 END
START 3.39737215576 -8.73883605957 9.81622680664 250.129770992 -65.7404580153 12.7328244275 END
START 5.47314499512 -6.92403120117 5.1738697876 250.129770992 -63.6183206107 3.25954198473 END
START 7.49385119629 -6.36139381104 8.10916102295 250.129770992 -60.1374045802 8.36641221374 END
START 12.0787473755 -4.14915147705 8.99980404053 250.129770992 -59.7099236641 -2.00763358779 END
START -3.06936652832 -5.23851323242 7.20894119873 250.129770992 -54.0381679389 9.41221374046 END
START -0.469263525391 -9.31583865967 14.4968910522 250.129770992 -52.5190839695 7.4427480916 END
START 4.15872828369 -9.14824454346 4.59207878418 250.129770992 -42.0916030534 5.09923664122 END
START -3.79241542969 -8.99740983887 8.28154354248 250.129770992 -51.6870229008 5.21374045802 END
START -2.13083947754 -10.7667248657 6.62715019531 250.129770992 -46.0763358779 6.80916030534 END
START 4.03901820068 -3.57454307861 1.18034141846 250.129770992 -46.320610687 7.72519083969 END
START -1.09415015869 -8.24084211426 3.22498963623 250.129770992 -53.9770992366 9.93893129771 END
START -0.493205541992 -6.54574733887 0.378283862305 250.129770992 -61.3664122137 9.04580152672 END
START -0.993593688965 -7.91762489014 10.053252771 250.129770992 -63.6564885496 2.48091603053 END
START -0.0670376464844 -2.43490308838 6.82586893311 250.129770992 -70.572519084 10.358778626 END
START 9.83777462158 -7.967903125 3.11006795654 250.129770992 -67.2290076336 5.7786259542 END
START -1.63284553223 -11.5568114136 3.56975467529 250.129770992 -79.2977099237 3.01526717557 END
START -9.33738647461 -6.79474431152 7.33822808838 250.129770992 -81.9312977099 3.00763358779 END
START -8.15943925781 -10.673351001 3.60806190186 250.129770992 -74.4427480916 19.4580152672 END
START -0.497993945312 -15.8544033936 8.0157871582 250.129770992 -81.534351145 4.96946564885 END
START 2.85388837891 -15.4210528931 8.94234320068 250.129770992 -98.9160305344 1.60305343511 END
START 5.08528432617 -8.49702169189 4.25210214844 250.129770992 -102.648854962 5.19083969466 END
START 3.22020123291 -10.1107136108 7.76679018555 250.129770992 -105.549618321 6.91603053435 END
START -3.28963308105 -5.91607230225 9.28710823975 250.129770992 -104.58778626 7.02290076336 END
START -1.92254393311 -8.46589707031 6.40927784424 250.129770992 -104.992366412 12.7709923664 END
START -2.72938989258 -3.51947644043 9.37329949951 250.129770992 -104.610687023 12.3893129771 END
START 7.58243665771 -10.8170031006 0.521935961914 250.129770992 -105.450381679 7.24427480916 END
START -0.706289489746 -8.42519564209 9.440337146 250.129770992 -105.076335878 11.9007633588 END
START 8.21929429932 -10.4889974731 8.98304462891 250.129770992 -104.351145038 8.71755725191 END
START 5.516240625 -9.92396588135 6.79713851318 250.129770992 -104.847328244 3.37404580153 END
START -0.46686932373 -8.37012900391 13.0316396362 250.129770992 -102.732824427 1.50381679389 END
START 5.27921466064 -7.0365586792 13.596671228 250.129770992 -98.9160305344 3.62595419847 END
START 4.52264693604 -11.8584808228 11.8082025879 250.129770992 -87.679389313 16.6641221374 END
START -0.045489831543 -9.54328781738 8.84896933594 250.129770992 -85.1603053435 1.54198473282 END
START 2.51870014648 -5.41568415527 7.94156690674 250.129770992 -69.6183206107 4.26717557252 END
START 5.4803276001 -3.55060106201 12.3085907349 250.129770992 -72.106870229 3.92366412214 END
START -4.72375987549 -6.18182868652 11.0564232666 250.129770992 -71.3740458015 1.67175572519 END
START 2.17872351074 -12.6701151855 5.04937130127 250.129770992 -73.4732824427 -1.30534351145 END
START 2.95444484863 -8.48744488525 16.3930987671 250.129770992 -63.1755725191 -2.9465648855 END
START 5.76763179932 -12.0548053589 5.41807835693 250.129770992 -58.7557251908 5.67175572519 END
START 2.13562788086 -9.33499227295 7.18739338379 250.129770992 -57.7938931298 11.358778626 END
START -2.12844527588 -6.81868632812 8.75798967285 250.129770992 -58.4045801527 -0.564885496183 END