START 5.30315667725 -8.95670841064 6.1171852417 250.129770992 -88.7404580153 -1.13740458015 END
START 3.21541282959 -9.97903251953 8.2504189209 250.129770992 -79.2900763359 9.03053435115 END
START 2.46842191162 -16.4385885986 8.2025348877 250.129770992 -88.5419847328 6.97709923664 END
START -1.34314713135 -10.1969048706 9.90960067139 250.129770992 -92.5496183206 9.25954198473 END
START 5.66468112793 -11.5592056152 10.299855542 250.129770992 -106.832061069 12.2290076336 END
START 7.18021077881 -8.30069715576 7.6494743042 250.129770992 -88.3358778626 12.8473282443 END
START -2.37744224854 -13.110648291 6.82347473145 250.129770992 -81.1374045802 0.0763358778626 END
START -2.08295544434 -7.96550892334 5.65510432129 250.129770992 -80.0763358779 -0.274809160305 END
START 8.83699832764 -12.7730658569 12.5647703125 250.129770992 -74.8396946565 -0.198473282443 END
START -1.26653267822 -11.9159416626 12.3492921631 250.129770992 -77.9694656489 3.30534351145 END
START 7.73805976562 -8.6047607666 5.06852491455 250.129770992 -80.0610687023 9.51908396947 END
START -0.739808312988 -11.7363765381 1.37666595459 250.129770992 -83.2900763359 7.70992366412 END
START -1.20428343506 -13.3021844238 12.0452285522 250.129770992 -72.8854961832 0.557251908397 END
START 3.35667072754 -16.1656496094 7.25921943359 250.129770992 -77.9465648855 5.82442748092 END
START 1.91536132812 -10.42674823 8.95670841064 250.129770992 -61.213740458 -1.24427480916 END
START 2.42053787842 -10.7834842773 9.76116016846 250.129770992 -62.3816793893 2.09160305344 END
START -1.31681091309 -11.0755768799 4.29280357666 250.129770992 -62.2061068702 -3.54961832061 END
START 1.72143099365 -7.11556733398 3.79720383301 250.129770992 -66.2671755725 4.58778625954 END
START 2.46123930664 -12.5408282959 6.05014759521 250.129770992 -78.5038167939 14.6183206107 END
START -0.624886633301 -11.1881043579 11.1809217529 250.129770992 -61.7709923664 3.72519083969 END
START -3.1004911499 -13.5847002197 4.75488449707 250.129770992 -64.8396946565 1.3358778626 END
START 2.06380183105 -17.7242748901 7.43878455811 250.129770992 -63.9618320611 5.54198473282 END
START 11.5759650269 -16.0674873413 2.65995804443 250.129770992 -67.6641221374 10.8549618321 END
START -2.77487972412 -14.4035171875 4.72615407715 250.129770992 -71.2977099237 13.1297709924 END
START -0.30166940918 -7.79312640381 10.3884410034 250.129770992 -71.1679389313 14.5801526718 END
START 6.83065733643 -7.90565388184 8.97346782227 250.129770992 -73.1145038168 7.84732824427 END
START -5.21217701416 -10.4818148682 5.01824667969 250.129770992 -66.9312977099 2.89312977099 END
START 3.45722719727 -8.8393925293 5.85142885742 250.129770992 -76.7251908397 3.99236641221 END
START -1.33117612305 -8.66940421143 7.9918451416 250.129770992 -76.7633587786 6.27480916031 END
START 0.897825622559 -8.50181009521 7.6853873291 250.129770992 -85.465648855 8.06106870229 END
START 3.00232888184 -13.3189438354 2.32716401367 250.129770992 -82.2061068702 -0.0229007633588 END
START 1.23061965332 -6.77559069824 6.74925447998 250.129770992 -66.8167938931 7.51145038168 END
START 3.1364041748 -4.88656558838 1.8866309082 250.129770992 -71.9160305344 14.0687022901 END
START -1.59932670898 -16.7330754028 6.47392128906 250.129770992 -70.6564885496 6.98473282443 END
START 0.703895288086 -10.1011368042 6.68700523682 250.129770992 -72.2900763359 0.0687022900763 END
START 1.01992990723 -9.54568201904 6.52419952393 250.129770992 -83.6030534351 3.51908396947 END
START 2.48039291992 -9.01177504883 6.13633885498 250.129770992 -76.7404580153 5.29770992366 END
START 2.32237561035 -2.36307703857 4.55377155762 250.129770992 -90.1603053435 4.74045801527 END
START -3.21541282959 -3.84987626953 6.95276162109 250.129770992 -98.6106870229 5.36641221374 END
START -3.80917484131 -4.40533105469 6.33745179443 250.129770992 -96.8167938931 8.75572519084 END
START 1.40060797119 -10.1346556274 11.3126028442 250.129770992 -90.8396946565 12.8396946565 END
START 6.27520255127 -3.89776030273 9.19852277832 250.129770992 -102.480916031 -1.58778625954 END
START 0.76614453125 -6.82347473145 14.0467811401 250.129770992 -103.984732824 -0.343511450382 END
START -0.600944616699 -14.3843635742 7.40526573486 250.129770992 -103.938931298 6.54198473282 END
START 0.296881005859 -1.51074124756 6.26323154297 250.129770992 -105.061068702 7.54198473282 END
START 1.40060797119 -3.6415807251 2.27209737549 250.129770992 -104.259541985 -3.64885496183 END
START 0.385466467285 -10.5440641113 12.9478425781 250.129770992 -104.503816794 4.61832061069 END
START 4.24491954346 -9.91678327637 5.03979449463 250.129770992 -104.442748092 2.23664122137 END
START -1.5442600708 -13.9055232422 6.0693012085 250.129770992 -94.3664122137 -3.68702290076 END
START -1.02471831055 -12.3947819946 7.33583388672 250.129770992 -98.4045801527 0.0610687022901 END
START 2.94486804199 -6.62954439697 8.93037219238 250.129770992 -86.5496183206 -4.26717557252 END
START 2.43011468506 -12.8879875366 11.6118780518 250.129770992 -95.9694656489 9.06106870229 END
START 3.81396324463 -8.55208833008 10.8792523438 250.129770992 -89.2977099237 -3.42748091603 END
START 2.99993468018 -8.94473740234 10.5847655396 250.129770992 -78.6488549618 11.2442748092 END
START 3.17231719971 -6.09563742676 8.65503900146 250.129770992 -74.8015267176 2.32824427481 END
START 6.495469104 -4.72854827881 9.85213983154 250.129770992 -63.0229007634 6.91603053435 END
START 5.23611903076 -10.4889974731 10.680533606 250.129770992 -51.3129770992 11.679389313 END
START -4.41969626465 -7.18021077881 12.1888806519 250.129770992 -52.0534351145 -2.13740458015 END
START 1.5442600708 -4.86262357178 7.9439611084 250.129770992 -49.4503816794 11.3435114504 END
START 5.68622894287 -7.11317313232 6.21055910645 250.129770992 -50.4885496183 6.14503816794 END
START 1.77649763184 -5.80593902588 5.85142885742 250.129770992 -51.9847328244 10.5954198473 END
START -8.36055219727 -9.16021555176 9.27992563477 250.129770992 -38.0687022901 15.2442748092 END
START 8.89445916748 -6.22492431641 9.02853446045 250.129770992 -48.465648855 5.37404580153 END
START 0.708683691406 -10.2807019287 7.9559321167 250.129770992 -50.893129771 7.38167938931 END
START -1.84592947998 -10.3836526001 8.86812294922 250.129770992 -44.5190839695 1.45801526718 END
START -3.04781871338 -12.744335437 6.742071875 250.129770992 -45.679389313 9.4427480916 END
START 5.54736524658 -11.6023012451 4.91050760498 250.129770992 -47.7786259542 5.35114503817 END
START -0.330399829102 -10.3740757935 7.46751497803 250.129770992 -54.0305343511 7.5572519084 END
START 5.03261188965 -7.31428607178 6.0812722168 250.129770992 -57.3664122137 0.893129770992 END
START -5.18105239258 -8.78911429443 12.0979009888 250.129770992 -63.4503816794 6.45801526718 END
START 1.84353527832 -2.93768543701 2.78924493408 250.129770992 -60.6106870229 9.25190839695 END
START -0.723048901367 -15.9812960815 9.60314285889 250.129770992 -81.1374045802 -3.20610687023 END
START 1.44370360107 -12.2223994751 2.95444484863 250.129770992 -81.8015267176 10.0534351145 END
START 1.35751234131 2.13562788086 4.14436307373 250.129770992 -80.7786259542 3.88549618321 END
START -0.92655604248 -8.91840118408 6.56729515381 250.129770992 -99.7099236641 1.15267175573 END
START 2.67192905273 -5.57130726318 7.08204851074 250.129770992 -92.0076335878 11.358778626 END
START 0.871489404297 -12.1122661987 2.57855518799 250.129770992 -96.5954198473 17.9847328244 END
START -3.15076938477 -8.28393774414 5.60243188477 250.129770992 -104.167938931 5.67938931298 END
START -0.746990917969 -8.8513635376 6.27041414795 250.129770992 -103.702290076 -4.03816793893 END
START 2.1092916626 -5.48272180176 6.83544573975 250.129770992 -104.916030534 2.96946564885 END
START -1.06063133545 -8.32703337402 10.8122146973 250.129770992 -104.419847328 9.12213740458 END
START 1.92493813477 -9.15063874512 6.07408961182 250.129770992 -104.473282443 6.51908396947 END
START 2.4636335083 -4.81713374023 11.6406084717 250.129770992 -104.305343511 12.8854961832 END
START 1.95845695801 -7.6973583374 4.99909306641 250.129770992 -93.3435114504 7.39694656489 END
START -5.82030423584 -11.63821427 7.0126166626 250.129770992 -91.0839694656 -3.42748091603 END
START 7.92480749512 -7.33343968506 9.8425630249 250.129770992 -87.9923664122 1.96946564885 END
START 6.18182868652 -11.0683942749 11.9734025024 250.129770992 -96.3511450382 -0.961832061069 END
START 0.198718737793 -9.83538041992 8.18098707275 250.129770992 -86.6106870229 6.7786259542 END
START 1.34554133301 -10.2184526855 4.73333668213 250.129770992 -89.679389313 4.17557251908 END
START 4.65911643066 -8.64306799316 3.9600095459 250.129770992 -93.1297709924 1.76335877863 END
START -2.44687409668 -8.23605371094 6.85459935303 250.129770992 -84.2977099237 7.90076335878 END
START -1.00556469727 -14.4466128174 8.12592043457 250.129770992 -70.5801526718 6.3893129771 END
START -0.371101257324 -10.7308118408 9.73242974854 250.129770992 -86.786259542 2.70229007634 END
START 1.23061965332 -9.75637176514 6.03099398193 250.129770992 -79.2977099237 12.4732824427 END
START 5.33667550049 -10.8888291504 8.2504189209 250.129770992 -76.5954198473 10.8549618321 END
START 4.62559760742 -9.82819781494 10.6565915894 250.129770992 -65.7633587786 -3.16030534351 END
START 9.11951412354 -8.10916102295 8.02057556152 250.129770992 -66.5038167939 2.3893129771 END
START 2.12605107422 -4.73812508545 7.86016405029 250.129770992 -52.6564885496 3.79389312977 END
START 0.100556469727 -6.24407792969 6.92403120117 250.129770992 -48.1526717557 8.29770992366 END
START -7.31428607178 -4.90093079834 6.04057078857 250.129770992 -43.5801526718 4.12977099237 END
START 4.33111080322 -11.9710083008 7.48906279297 250.129770992 -46.4961832061 3.29007633588 END
START 1.45088620605 -17.6907560669 8.63109698486 250.129770992 -43.1297709924 6.54198473282 END
START 5.15232197266 -12.138602417 5.72453616943 250.129770992 -48.4580152672 9.85496183206 END
START -3.20583602295 -9.24880101318 5.17147558594 250.129770992 -55.9007633588 4.35114503817 END
START -1.70706578369 -7.67581052246 8.75798967285 250.129770992 -41.0458015267 4.51145038168 END
START 2.3918074585 -11.1761333496 7.55610043945 250.129770992 -48.3358778626 13.0381679389 END
START -2.51870014648 -9.7827079834 13.0460048462 250.129770992 -46.4351145038 5.10687022901 END
START -1.02232410889 -8.50420429687 9.69412252197 250.129770992 -49.1145038168 -1.03816793893 END
START -3.45962139893 -7.14429775391 6.34224019775 250.129770992 -50.4122137405 6.86259541985 END
START -0.840364782715 -10.9965682251 8.57603034668 250.129770992 -60.4045801527 19.3129770992 END
START -1.34075292969 -8.83220992432 12.8017962769 250.129770992 -61.7480916031 6.80152671756 END
START 5.01824667969 -7.37653531494 8.16422766113 250.129770992 -61.8320610687 7.0 END
START -1.50595284424 -8.94234320068 2.88022459717 250.129770992 -58.465648855 0.923664122137 END
START -7.79791480713 -9.04289967041 6.71334145508 250.129770992 -69.5496183206 3.43511450382 END
START 8.2025348877 -5.64552751465 6.61517918701 250.129770992 -52.6870229008 -0.610687022901 END
START 3.72298358154 -14.6573025635 9.85213983154 250.129770992 -68.5801526718 4.38167938931 END
START 8.64306799316 -12.7491238403 12.2271878784 250.129770992 -66.0610687023 -0.465648854962 END
START 0.325611425781 -4.49391651611 8.77953748779 250.129770992 -57.8244274809 16.8625954198 END
START -0.447715710449 -11.9686140991 8.49941589355 250.129770992 -63.7709923664 -0.885496183206 END
START 4.54180054932 -12.5144920776 7.99902774658 250.129770992 -66.9236641221 2.79389312977 END
START 1.41257897949 -17.1233302734 6.81629212646 250.129770992 -77.0458015267 8.89312977099 END