START -2.7940333374 -8.03494077148 5.77002600098 250.129770992 -74.6488549618 13.4122137405 END
START 1.30723410645 -8.37491740723 4.52982954102 250.129770992 -78.0839694656 -1.68702290076 END
START 2.13562788086 -10.8672813354 7.64468590088 250.129770992 -66.5114503817 8.35114503817 END
START 5.38695373535 -13.5703350098 8.04691177979 250.129770992 -67.1526717557 14.5190839695 END
START 2.18830031738 -12.4450602295 6.84023414307 250.129770992 -70.320610687 4.19847328244 END
START 3.09570274658 -10.0748005859 1.15161099854 250.129770992 -70.7633587786 11.6564885496 END
START 2.7341782959 -3.01190568848 7.3549875 250.129770992 -70.320610687 -3.72519083969 END
START -0.138863696289 -10.2232410889 6.39491263428 250.129770992 -65.9312977099 6.64885496183 END
START 5.2097828125 -11.8249619995 10.2400005005 250.129770992 -81.534351145 9.58778625954 END
START 1.07260234375 -6.69179364014 5.68144053955 250.129770992 -70.4961832061 3.32824427481 END
START -0.421379492187 -10.2423947021 6.90487758789 250.129770992 -73.3282442748 -1.6106870229 END
START -3.15795198975 -12.9789671997 5.09246693115 250.129770992 -72.9694656489 7.89312977099 END
START 4.55377155762 -11.2335941895 6.62954439697 250.129770992 -84.0763358779 8.3358778626 END
START -0.138863696289 -10.2184526855 7.86974085693 250.129770992 -75.3511450382 3.41221374046 END
START -2.03746561279 -6.7181298584 9.1697923584 250.129770992 -79.9236641221 4.69465648855 END
START 0.658405456543 -6.79953271484 3.9360675293 250.129770992 -86.9847328244 3.38167938931 END
START 2.2170307373 -8.10916102295 4.99191046143 250.129770992 -83.6106870229 15.0076335878 END
START -9.50737479248 -9.70848773193 5.51145222168 250.129770992 -107.229007634 -4.09923664122 END
START 3.39258375244 -7.9439611084 7.98226833496 250.129770992 -103.473282443 6.37404580153 END
START 0.225054956055 -10.5368815063 6.69897624512 250.129770992 -102.641221374 12.8549618321 END
START -5.99747515869 -8.35097539062 7.21372960205 250.129770992 -95.5496183206 -2.7786259542 END
START -1.22822545166 -4.8554409668 9.61032546387 250.129770992 -92.3053435115 3.63358778626 END
START -4.6327802124 -9.39484731445 12.4426660278 250.129770992 -101.900763359 11.3740458015 END
START 1.50595284424 -8.86812294922 11.2264115845 250.129770992 -94.4809160305 7.07633587786 END
START 0.943315454102 -9.38048210449 12.2128226685 250.129770992 -84.3129770992 4.43511450382 END
START -2.24576115723 -8.30787976074 5.79396801758 250.129770992 -98.0381679389 4.58778625954 END
START 0.430956298828 -5.35343491211 11.750741748 250.129770992 -93.679389313 2.18320610687 END
START 4.63756861572 -3.42849677734 11.6573678833 250.129770992 -102.259541985 15.3511450382 END
START 5.95677373047 -5.29597407227 6.92403120117 250.129770992 -78.4427480916 9.32824427481 END
START -2.70305367432 -13.6948334961 8.31266816406 250.129770992 -84.3511450382 5.92366412214 END
START 7.28076724854 -1.4963760376 9.40202991943 250.129770992 -77.1679389313 2.97709923664 END
START 4.17788189697 -12.5575877075 12.3875993896 250.129770992 -66.4198473282 6.63358778626 END
START 3.36624753418 -12.8041904785 7.15387456055 250.129770992 -73.0458015267 5.43511450382 END
START 4.57771357422 -10.2376062988 9.17458076172 250.129770992 -59.8473282443 6.41221374046 END
START 4.75249029541 -8.99980404053 5.34146390381 250.129770992 -58.0916030534 8.42748091603 END
START 4.77403811035 -10.1705686523 4.13957467041 250.129770992 -45.8778625954 6.92366412214 END
START 1.80762225342 -11.6190606567 3.01190568848 250.129770992 -50.8015267176 6.30534351145 END
START 8.65025059814 -5.34385810547 6.71094725342 250.129770992 -52.2290076336 -5.40458015267 END
START -3.87621248779 -3.70622416992 13.4673843384 250.129770992 -39.9923664122 2.2213740458 END
START 8.32463917236 -14.5854765137 4.19942971191 250.129770992 -55.2748091603 8.91603053435 END
START 8.25520732422 -15.076287854 5.02782348633 250.129770992 -51.0 4.34351145038 END
START 0.964863269043 -7.99423934326 4.00071097412 250.129770992 -53.2595419847 1.16030534351 END
START -3.12203896484 -6.21774171143 6.19140549316 250.129770992 -59.465648855 -5.01526717557 END
START -2.66714064941 -17.542315564 2.78924493408 250.129770992 -55.3740458015 7.10687022901 END
START -0.873883605957 -8.8753055542 5.02064088135 250.129770992 -65.5496183206 -2.76335877863 END
START -0.339976635742 -9.31344445801 10.4602670532 250.129770992 -55.7099236641 17.9847328244 END
START 9.62469067383 -13.1010714844 8.14267984619 250.129770992 -81.8244274809 3.91603053435 END
START 0.361524450684 -7.34062229004 6.92403120117 250.129770992 -82.0534351145 3.48854961832 END
START 0.646434448242 -10.5153336914 3.09570274658 250.129770992 -77.7251908397 5.72519083969 END
START 0.0478840332031 -9.16739815674 6.375759021 250.129770992 -93.679389313 13.9770992366 END
START -0.706289489746 -10.1466266357 9.00459244385 250.129770992 -99.8778625954 7.0 END
START -0.950498059082 -6.21055910645 4.8554409668 250.129770992 -105.511450382 -5.08396946565 END
START -0.723048901367 -9.83538041992 13.2997902222 250.129770992 -104.320610687 8.00763358779 END
START -0.656011254883 -11.3509100708 6.47631549072 250.129770992 -104.160305344 18.9694656489 END
START 6.03578238525 -4.30716878662 4.76924970703 250.129770992 -104.419847328 4.03053435115 END
START -0.560243188477 -9.34456907959 11.7387707397 250.129770992 -104.450381679 -3.32061068702 END
START 6.01184036865 -8.87769975586 5.34864650879 250.129770992 -104.282442748 8.45038167939 END
START 4.6088381958 -4.83628735352 9.82580361328 250.129770992 -104.374045802 14.4198473282 END
START -0.737414111328 -10.9941740234 6.95036741943 250.129770992 -105.389312977 -0.389312977099 END
START 3.22738383789 -11.4035825073 8.69095202637 250.129770992 -103.809160305 7.07633587786 END
START 0.505176550293 -7.09162531738 2.11408006592 250.129770992 -104.335877863 6.82442748092 END
START -4.24491954346 -2.93289703369 10.7523596558 250.129770992 -104.786259542 7.37404580153 END
START 0.967257470703 -9.40202991943 7.36456430664 250.129770992 -104.282442748 11.2290076336 END
START -1.75255561523 -8.53532891846 7.7332713623 250.129770992 -105.664122137 -0.106870229008 END
START -0.119710083008 -10.778695874 11.7675011597 250.129770992 -91.6335877863 4.41984732824 END
START 7.23288321533 -10.3740757935 12.8185556885 250.129770992 -86.9312977099 9.01526717557 END
START 3.61524450684 -5.41568415527 8.12592043457 250.129770992 -76.3511450382 -2.18320610687 END
START 11.2575362061 -7.0006456543 6.85699355469 250.129770992 -69.7022900763 -1.27480916031 END
START 0.969651672363 -5.79157381592 10.8457335205 250.129770992 -63.8396946565 7.36641221374 END
START 9.73721815186 -3.88339509277 10.785878479 250.129770992 -58.320610687 7.0 END
START 5.86579406738 -6.40927784424 10.9510783936 250.129770992 -52.3358778626 2.11450381679 END
START 2.78445653076 -9.23443580322 7.65665690918 250.129770992 -49.8625954198 10.8854961832 END
START -6.37097061768 1.10612116699 7.69017573242 250.129770992 -49.4427480916 5.7786259542 END
START 0.0694318481445 -9.93354268799 9.36851109619 250.129770992 -54.8778625954 -0.0610687022901 END
START -2.32716401367 -10.5704003296 5.91607230225 250.129770992 -55.0534351145 8.12977099237 END
START -6.62954439697 -7.25921943359 11.0109334351 250.129770992 -59.0763358779 2.70229007634 END
START 2.30322199707 -10.0053687378 11.9039706543 250.129770992 -54.1526717557 -0.679389312977 END
START -4.73573088379 -9.84495722656 6.40448944092 250.129770992 -53.2519083969 8.75572519084 END
START 7.34780489502 -10.9486841919 13.364433667 250.129770992 -63.6488549618 9.38167938931 END
START 0.00239420166016 -7.89847127686 4.49631071777 250.129770992 -66.2977099237 -3.28244274809 END
START 3.22977803955 -9.93593688965 7.50582220459 250.129770992 -59.8015267176 -2.84732824427 END
START 3.70382996826 -13.4649901367 4.24491954346 250.129770992 -72.5877862595 5.12977099237 END
START 3.08612593994 -14.0348101318 5.89931289062 250.129770992 -70.5267175573 7.65648854962 END
START -0.814028564453 -12.758700647 5.14513936768 250.129770992 -69.358778626 9.93893129771 END
START 8.98065042725 -2.4516625 8.04451757812 250.129770992 -64.5419847328 13.5801526718 END
START 1.11809217529 -4.41011945801 3.98155736084 250.129770992 -66.5267175573 1.1679389313 END
START 11.9829793091 -8.5329347168 7.49385119629 250.129770992 -55.2977099237 3.19083969466 END
START 9.25598361816 -8.9591026123 4.9152960083 250.129770992 -48.9923664122 12.2671755725 END
START 6.7301008667 -8.81305631104 5.09246693115 250.129770992 -43.1221374046 1.97709923664 END
START 6.97909783936 -9.85932243652 7.74524237061 250.129770992 -49.5114503817 5.2213740458 END
START 8.50659849854 -4.07253702393 7.63271489258 250.129770992 -56.3282442748 8.40458015267 END
START 4.42927307129 -12.7012398071 8.67179841309 250.129770992 -57.5114503817 8.53435114504 END