START 2.00394678955 -7.98945093994 8.71489404297 250.129770992 -81.7022900763 2.04580152672 END
START -1.79565124512 -2.16675250244 6.93360800781 250.129770992 -71.4961832061 -3.51908396947 END
START 11.3509100708 -16.6325189331 3.52905324707 250.129770992 -54.9236641221 4.57251908397 END
START 4.00310517578 -11.8393272095 6.52659372559 250.129770992 -60.9770992366 5.37404580153 END
START -0.282515795898 -11.9494604858 4.8793829834 250.129770992 -75.679389313 8.41984732824 END
START 5.4803276001 -14.7003981934 6.22253011475 250.129770992 -65.5114503817 -0.374045801527 END
START 3.1364041748 -11.166556543 4.79319172363 250.129770992 -74.0 11.5954198473 END
START 6.63433280029 -12.3588689697 4.02465299072 250.129770992 -66.8625954198 6.25954198473 END
START 2.78685073242 -17.3172606079 5.76763179932 250.129770992 -68.8015267176 17.2977099237 END
START -1.45088620605 -12.4259066162 5.80354482422 250.129770992 -62.893129771 3.37404580153 END
START 4.92487281494 -10.3357685669 7.28076724854 250.129770992 -74.465648855 8.53435114504 END
START -2.01591779785 -17.14727229 5.54975944824 250.129770992 -77.3969465649 11.6106870229 END
START 4.76206710205 -3.00232888184 8.18098707275 250.129770992 -68.8244274809 7.35877862595 END
START 2.26970317383 -11.0851536865 7.61834968262 250.129770992 -76.427480916 6.65648854962 END
START -3.75410820312 -12.2080342651 6.71334145508 250.129770992 -85.0916030534 9.80916030534 END
START -2.95444484863 -11.0779710815 8.43716665039 250.129770992 -79.5267175573 1.0534351145 END
START 1.88902510986 -8.17619866943 7.84340463867 250.129770992 -87.1526717557 8.63358778626 END
START 6.6941878418 -11.2144405762 13.0388222412 250.129770992 -93.358778626 4.90076335878 END
START 0.342370837402 -2.23379014893 10.0101571411 250.129770992 -87.4198473282 2.75572519084 END
START 6.06211860352 -10.9965682251 6.1530982666 250.129770992 -96.9923664122 14.534351145 END
START -2.95205064697 -8.56405933838 9.31105025635 250.129770992 -107.351145038 9.22900763359 END
START -2.23857855225 -9.07163009033 15.0403748291 250.129770992 -104.27480916 2.02290076336 END
START -2.7940333374 -10.912771167 7.01022246094 250.129770992 -101.251908397 4.54198473282 END
START 2.59531459961 -13.1609265259 8.67658681641 250.129770992 -97.7709923664 10.8091603053 END
START 0.584185205078 -10.6494089844 11.0875478882 250.129770992 -90.6259541985 6.74045801527 END
START 0.679953271484 -11.0420580566 7.18978758545 250.129770992 -104.198473282 7.14503816794 END
START 1.51552965088 -15.0355864258 9.13627353516 250.129770992 -101.160305344 10.2748091603 END
START -1.56341368408 -12.265495105 12.2080342651 250.129770992 -84.1832061069 8.91603053435 END
START 10.0795889893 -17.5566807739 11.0372696533 250.129770992 -84.2213740458 6.13740458015 END
START 7.14669195557 -4.15633408203 7.89847127686 250.129770992 -72.8396946565 0.564885496183 END
START -0.656011254883 -8.53532891846 6.83065733643 250.129770992 -66.2366412214 28.8778625954 END
START 8.17141026611 -10.3621047852 7.04613548584 250.129770992 -66.8549618321 7.87786259542 END
START 0.30885201416 -11.9015764526 8.89445916748 250.129770992 -64.4732824427 0.236641221374 END
START 5.75326658936 -7.9080480835 9.67257470703 250.129770992 -68.1374045802 5.30534351145 END
START 1.10612116699 -10.2735193237 7.66623371582 250.129770992 -62.5954198473 12.1374045802 END
START -3.1244331665 -10.8864349487 5.74368978271 250.129770992 -44.427480916 4.03053435115 END
START 3.69425316162 -17.168820105 6.20816490479 250.129770992 -52.4427480916 10.7175572519 END
START -1.88902510986 -6.75164868164 9.43076033936 250.129770992 -45.1603053435 8.19847328244 END
START 1.7788918335 -12.0571995605 6.98149204102 250.129770992 -50.9465648855 11.9770992366 END
START 6.87135876465 -14.0324159302 6.34702860107 250.129770992 -50.2061068702 5.19083969466 END
START -0.181959326172 -8.00860455322 5.1978118042 250.129770992 -53.8625954198 -2.82442748092 END
START -5.49948121338 -8.98065042725 8.72447084961 250.129770992 -56.9160305344 1.02290076336 END
START -0.380678063965 -7.36935270996 5.96635053711 250.129770992 -69.0229007634 5.95419847328 END
START -3.08612593994 -10.7810900757 10.4770264648 250.129770992 -59.465648855 -0.549618320611 END
START 2.96162745361 -4.74291348877 5.63355650635 250.129770992 -51.3358778626 7.6641221374 END
START 8.69574042969 -12.2487356934 8.37970581055 250.129770992 -65.1755725191 6.60305343511 END
START -3.25132585449 -10.4722380615 5.74129558105 250.129770992 -64.3511450382 -0.900763358779 END
START 1.07739074707 -15.4090818848 8.46829127197 250.129770992 -80.8320610687 9.57251908397 END
START 3.45722719727 -11.3078144409 8.06606539307 250.129770992 -82.0381679389 12.7709923664 END
START 4.34308181152 -9.17936916504 6.76122548828 250.129770992 -82.5572519084 -2.93129770992 END
START 0.816422766113 -9.33978067627 4.8434699585 250.129770992 -91.2977099237 3.80152671756 END
START 0.751779321289 -11.384428894 7.2831614502 250.129770992 -83.2977099237 4.7786259542 END
START 7.46751497803 -9.89044705811 5.54497104492 250.129770992 -105.0 7.57251908397 END
START -2.76530291748 -15.9022874268 6.22971271973 250.129770992 -104.816793893 9.6641221374 END
START 0.656011254883 -8.55208833008 6.74686027832 250.129770992 -104.755725191 8.06106870229 END
START -3.3351229126 -13.6996218994 5.89931289062 250.129770992 -104.076335878 14.9770992366 END
START 4.55137735596 -12.3756283813 4.11802685547 250.129770992 -104.27480916 0.541984732824 END
START 0.979228479004 -12.8520745117 7.95114371338 250.129770992 -104.458015267 9.37404580153 END
START 6.26323154297 -11.286266626 6.57926616211 250.129770992 -103.778625954 3.25954198473 END
START -0.936132849121 -10.8170031006 10.6087075562 250.129770992 -104.541984733 0.931297709924 END
START 2.88022459717 -5.10683214111 0.701501086426 250.129770992 -104.679389313 12.9694656489 END
START 0.112527478027 -12.2152168701 11.1641623413 250.129770992 -103.694656489 0.259541984733 END
START 4.51307012939 -5.86579406738 3.29681568604 250.129770992 -104.671755725 13.4580152672 END
START -0.596156213379 -11.2910550293 8.15465085449 250.129770992 -105.389312977 13.5114503817 END
START -2.20027132568 -6.24886633301 5.40850155029 250.129770992 -104.114503817 -1.87022900763 END
START -0.488417138672 -10.4794206665 6.30393297119 250.129770992 -104.717557252 9.81679389313 END
START 5.27921466064 -11.6645504883 8.59757816162 250.129770992 -93.3282442748 9.12977099237 END
START 7.15626876221 -11.0540290649 9.77313117676 250.129770992 -91.6259541985 5.45038167939 END
START -0.821211169434 -8.2863319458 7.83861623535 250.129770992 -91.5648854962 10.2977099237 END
START 4.67587584229 -10.5680061279 6.43800826416 250.129770992 -76.358778626 -3.85496183206 END
START 1.28089788818 -2.60967980957 6.9767036377 250.129770992 -81.8320610687 11.6183206107 END
START 2.73657249756 -9.79707319336 8.76277807617 250.129770992 -66.1832061069 4.59541984733 END
START 3.53384165039 -6.81629212646 16.6468841431 250.129770992 -65.5267175573 11.0458015267 END
START -1.06541973877 -11.0085392334 4.79319172363 250.129770992 -63.3129770992 16.2061068702 END
START 6.38533582764 -10.1538092407 8.26717833252 250.129770992 -59.106870229 4.22900763359 END
START 4.18267030029 -10.9175595703 13.4961147583 250.129770992 -59.1755725191 14.4045801527 END
START 7.79312640381 -9.16260975342 13.223175769 250.129770992 -53.9312977099 0.335877862595 END
START 5.37019432373 -2.62643922119 5.11162054443 250.129770992 -49.7786259542 10.8778625954 END
START 7.91762489014 -6.23210692139 5.98789835205 250.129770992 -38.4885496183 3.85496183206 END
START 7.36935270996 -5.80115062256 3.17949980469 250.129770992 -40.5038167939 11.2519083969 END
START 6.23928952637 -9.17458076172 11.7291939331 250.129770992 -56.5267175573 5.32824427481 END
START -3.86902988281 -7.43160195312 4.59926138916 250.129770992 -47.2061068702 5.45801526718 END
START 3.71819517822 -11.8656634277 8.41322463379 250.129770992 -48.2824427481 3.41221374046 END
START -3.77805021973 -8.48744488525 4.94402642822 250.129770992 -48.1679389313 3.93129770992 END
START -0.91697923584 -5.87776507568 8.23126530762 250.129770992 -53.358778626 8.65648854962 END
START -2.70305367432 -7.75481917725 10.6374379761 250.129770992 -56.9007633588 7.25954198473 END
START -2.88501300049 -5.94480272217 8.42998404541 250.129770992 -50.4961832061 17.2290076336 END
START -0.361524450684 -8.09479581299 5.99268675537 250.129770992 -59.8549618321 0.793893129771 END
START 10.8098204956 -8.53772312012 4.95599743652 250.129770992 -47.8015267176 8.99236641221 END
START 7.6135612793 -7.30949766846 6.85459935303 250.129770992 -50.7633587786 8.29770992366 END
START 2.74375510254 -12.3660515747 3.67270534668 250.129770992 -51.1832061069 -2.90839694656 END
START 1.98000477295 -4.78361491699 3.19865341797 250.129770992 -45.9541984733 -0.679389312977 END
START 0.517147558594 -9.00219824219 5.62397969971 250.129770992 -54.7938931298 4.41221374046 END