START -1.71185418701 -6.67503422852 5.1379567627 250.129770992 -62.1145038168 2.04580152672 END
START 5.60961448975 -14.4681606323 6.46913288574 250.129770992 -73.9083969466 -0.251908396947 END
START -0.246602770996 -11.2503536011 9.05487067871 250.129770992 -76.2748091603 8.0 END
START 4.14915147705 -9.26077202148 8.14507404785 250.129770992 -82.9083969466 8.54961832061 END
START 6.09084902344 -11.9494604858 5.82509263916 250.129770992 -77.4427480916 -0.167938931298 END
START -4.13239206543 -10.1442324341 5.32709869385 250.129770992 -80.0839694656 9.2213740458 END
START 4.12042105713 -8.58081875 7.03416447754 250.129770992 -70.1297709924 5.06106870229 END
START 0.15322890625 -9.49300958252 6.54095893555 250.129770992 -80.0305343511 0.87786259542 END
START -0.45968671875 -14.8632039062 6.89051237793 250.129770992 -73.5877862595 8.41221374046 END
START 0.167594116211 -12.3277443481 9.1338793335 250.129770992 -69.0610687023 -3.45801526718 END
START -3.33033450928 -9.92396588135 9.90481226807 250.129770992 -61.5648854962 -0.396946564885 END
START -3.62003291016 -16.5582986816 11.4155535156 250.129770992 -71.572519084 -0.69465648855 END
START 0.136469494629 -13.2734540039 6.16746347656 250.129770992 -70.8091603053 3.5572519084 END
START 4.30716878662 -13.9222826538 11.0899420898 250.129770992 -62.0763358779 3.65648854962 END
START 2.50912333984 -19.2757175659 6.23928952637 250.129770992 -57.0534351145 2.4427480916 END
START 1.51074124756 -14.6788503784 7.60637867432 250.129770992 -66.4122137405 10.0458015267 END
START 9.61750806885 -11.1234609131 6.73249506836 250.129770992 -62.4961832061 10.9694656489 END
START 5.63834490967 -10.7643306641 7.10359632568 250.129770992 -59.1374045802 9.20610687023 END
START 1.82917006836 -3.13161577148 12.765883252 250.129770992 -66.1908396947 12.1984732824 END
START 3.83072265625 -10.8936175537 0.569819995117 250.129770992 -62.5038167939 0.389312977099 END
START 4.01028778076 -9.10036051025 1.75016141357 250.129770992 -58.1679389313 -2.83969465649 END
START -8.37012900391 -16.4649248169 6.93600220947 250.129770992 -51.3740458015 -2.93893129771 END
START 1.37666595459 -9.46667336426 6.61039078369 250.129770992 -60.0229007634 -2.2213740458 END
START 2.09253225098 -11.4849853638 3.9480385376 250.129770992 -57.7175572519 11.6488549618 END
START 2.1691467041 -9.25119521484 9.89284125977 250.129770992 -59.6259541985 13.3969465649 END
START -1.2378022583 -1.81719906006 6.43800826416 250.129770992 -62.1832061069 5.57251908397 END
START -1.34314713135 -8.947131604 6.41885465088 250.129770992 -62.679389313 1.54961832061 END
START 3.74453139648 -7.967903125 5.40610734863 250.129770992 -67.8625954198 3.54961832061 END
START 1.31441671143 -9.2416184082 9.18415756836 250.129770992 -71.1374045802 17.0916030534 END
START -4.54419475098 -10.4554786499 5.12359155273 250.129770992 -66.9465648855 10.6106870229 END
START 5.13316835937 -9.95509050293 9.69891092529 250.129770992 -65.3053435115 1.70992366412 END
START -3.78523282471 -11.0109334351 6.73967767334 250.129770992 -66.213740458 9.88549618321 END
START 5.06852491455 -9.49779798584 7.82425102539 250.129770992 -79.2442748092 7.45038167939 END
START -1.8028338501 -12.3229559448 9.16021555176 250.129770992 -75.9160305344 -1.88549618321 END
START -3.85705887451 -6.68939943848 6.23689532471 250.129770992 -94.0458015267 5.08396946565 END
START 0.399831677246 -13.117830896 12.0571995605 250.129770992 -95.8549618321 -0.687022900763 END
START -3.93127912598 -8.99501563721 9.93114848633 250.129770992 -95.6183206107 -2.54198473282 END
START 1.88902510986 -9.83298621826 9.41639512939 250.129770992 -76.3816793893 13.465648855 END
START 4.80037432861 -13.7666595459 14.2646534912 250.129770992 -84.6183206107 -1.78625954198 END
START 5.79157381592 -12.1769096436 12.3828109863 250.129770992 -81.2824427481 -2.27480916031 END
START 7.84340463867 -9.08838950195 15.6293484375 250.129770992 -85.6335877863 12.9923664122 END
START 5.47553919678 -10.6111017578 12.0931125854 250.129770992 -77.4885496183 0.954198473282 END
START -3.89776030273 -8.85375773926 9.96945571289 250.129770992 -68.1297709924 3.39694656489 END
START 3.26090266113 -8.36055219727 13.5799118164 250.129770992 -58.8167938931 7.09160305344 END
START 5.90410129395 -11.279084021 8.26957253418 250.129770992 -51.9541984733 0.847328244275 END
START 1.40539637451 -11.4634375488 8.80587370605 250.129770992 -61.7022900763 14.4351145038 END
START 8.48983908691 -1.84592947998 7.05092388916 250.129770992 -58.4580152672 2.59541984733 END
START 7.39808312988 -3.6056677002 6.93121380615 250.129770992 -49.0839694656 5.37404580153 END
START 5.97832154541 -14.5471692871 6.35421120605 250.129770992 -54.9541984733 5.42748091603 END
START -0.751779321289 -7.13950935059 9.7467949585 250.129770992 -40.6564885496 5.36641221374 END
START 3.77086761475 -5.08528432617 5.26484945068 250.129770992 -56.4732824427 -0.18320610687 END
START 5.62876810303 -15.9525656616 10.038887561 250.129770992 -45.3435114504 10.7251908397 END
START 4.53222374268 -7.02219346924 5.45399138184 250.129770992 -44.2595419847 5.18320610687 END
START -1.03429511719 -8.77474908447 3.89297189941 250.129770992 -66.1450381679 1.51908396947 END
START 3.24893165283 -9.49300958252 5.83945784912 250.129770992 -48.893129771 5.3893129771 END
START 10.0891657959 -9.97184991455 7.88410606689 250.129770992 -55.0305343511 9.74045801527 END
START -6.73249506836 -9.53371101074 5.06373651123 250.129770992 -44.0229007634 9.20610687023 END
START -3.95761534424 -4.96796844482 5.24330163574 250.129770992 -62.8549618321 20.3129770992 END
START -0.696712683105 1.30244570312 5.11640894775 250.129770992 -55.3664122137 5.93893129771 END
START 2.02310040283 -14.7339170166 7.24724842529 250.129770992 -53.0763358779 6.36641221374 END
START 3.66073433838 -5.10922634277 11.4466781372 250.129770992 -60.4503816794 7.70229007634 END
START -0.179565124512 -14.1569144165 5.1738697876 250.129770992 -54.0 4.43511450382 END
START 0.529118566895 -14.2574708862 5.4563855835 250.129770992 -64.4809160305 4.38167938931 END
START -0.411802685547 -7.86495245361 6.19619389648 250.129770992 -71.3893129771 12.358778626 END
START -0.955286462402 -11.2048637695 5.57370146484 250.129770992 -47.8015267176 3.87786259542 END
START 1.7908628418 -6.12197364502 5.882553479 250.129770992 -56.1908396947 5.5572519084 END
START -0.591367810059 -10.6996872192 9.06684168701 250.129770992 -67.4580152672 -0.81679389313 END
START 2.28885678711 -11.9518546875 8.17619866943 250.129770992 -61.3740458015 12.7175572519 END
START 5.58567247314 -11.4323129272 7.33583388672 250.129770992 -78.4580152672 11.786259542 END
START -1.85790048828 -18.0403095093 7.73805976562 250.129770992 -75.8625954198 0.770992366412 END
START 2.02788880615 -13.1824743408 6.86657036133 250.129770992 -83.8244274809 4.00763358779 END
START -2.00155258789 -7.31428607178 7.23048901367 250.129770992 -79.3664122137 0.00763358778626 END
START 2.75093770752 -6.59363137207 8.10197841797 250.129770992 -81.6488549618 7.92366412214 END
START 3.53863005371 -3.19865341797 5.08049592285 250.129770992 -99.7480916031 10.6641221374 END
START 2.51391174316 -10.9008001587 5.24809003906 250.129770992 -85.6259541985 11.679389313 END
START -1.45806881104 -10.6230727661 5.1978118042 250.129770992 -90.0458015267 11.8167938931 END
START -0.201112939453 -11.6262432617 11.3796404907 250.129770992 -100.312977099 -1.30534351145 END
START -4.65432802734 -8.36294639893 9.51695159912 250.129770992 -104.610687023 6.10687022901 END
START 0.821211169434 -10.5799771362 10.673351001 250.129770992 -100.251908397 3.10687022901 END
START 6.08366641846 -10.7667248657 5.67904633789 250.129770992 -91.1755725191 2.90076335878 END
START 1.33117612305 -9.34935748291 7.85058724365 250.129770992 -101.305343511 5.77099236641 END
START -1.5682020874 -11.2024695679 4.55137735596 250.129770992 -95.6564885496 14.1679389313 END
START 12.2463414917 -15.6915976807 11.1857101562 250.129770992 -100.145038168 9.61832061069 END
START 1.00077629395 -6.31590397949 10.8337625122 250.129770992 -97.465648855 2.77099236641 END
START 2.05901342773 -11.01811604 11.3700636841 250.129770992 -100.679389313 11.6183206107 END
START 3.21062442627 -8.2264769043 6.09084902344 250.129770992 -99.9236641221 13.0534351145 END
START 9.11711992188 -7.07726010742 10.1681744507 250.129770992 -99.2213740458 13.6488549618 END
START 12.5695587158 -4.16351668701 9.66299790039 250.129770992 -94.0916030534 5.18320610687 END
START 6.39012423096 -8.827421521 9.87129344482 250.129770992 -74.5190839695 4.64885496183 END
START 2.61446821289 -8.0157871582 6.01902297363 250.129770992 -94.9770992366 -2.68702290076 END
START 5.61440289307 -10.2016932739 7.38611212158 250.129770992 -83.7633587786 -2.70229007634 END
START 8.8633345459 -16.8503912842 14.8416560913 250.129770992 -78.6717557252 7.3358778626 END
START 2.18830031738 -14.9517893677 12.2631009033 250.129770992 -81.2366412214 0.664122137405 END
START 8.3222449707 -8.99740983887 8.08043060303 250.129770992 -69.3816793893 1.3358778626 END
START 4.5729251709 -8.334215979 6.68461103516 250.129770992 -79.7328244275 15.8625954198 END
START 2.58094938965 -10.8529161255 7.24724842529 250.129770992 -74.7175572519 9.76335877863 END
START 3.27766207275 -8.04212337646 10.0724063843 250.129770992 -73.9083969466 14.6030534351 END
START 0.857124194336 -13.8241203857 5.35582911377 250.129770992 -76.8625954198 4.76335877863 END
START 3.35427652588 -8.99501563721 9.14106193848 250.129770992 -72.5419847328 10.8015267176 END
START 3.24893165283 -13.7020161011 11.9805851074 250.129770992 -70.9007633588 2.90076335878 END
START -0.948103857422 -12.5935007324 4.95599743652 250.129770992 -64.4503816794 8.98473282443 END
START 3.64636912842 -5.91846650391 8.66940421143 250.129770992 -57.3740458015 -1.7786259542 END
START 1.42215578613 -10.0173397461 11.6238490601 250.129770992 -59.2595419847 5.93893129771 END
START 5.61440289307 -11.1881043579 14.822502478 250.129770992 -58.2900763359 12.3664122137 END
START -0.117315881348 -11.8872112427 3.77326181641 250.129770992 -61.0458015267 4.37404580153 END
START 11.4610433472 -11.3413332642 5.57370146484 250.129770992 -64.3511450382 5.99236641221 END