START 0.0574608398438 -19.5630217651 10.2519715088 250.129770992 -71.5954198473 11.0381679389 END
START 9.63666168213 -11.4993505737 4.49870491943 250.129770992 -73.9618320611 6.98473282443 END
START 6.59363137207 -5.18344659424 7.49863959961 250.129770992 -79.5190839695 9.87786259542 END
START 6.60799658203 -15.1002298706 11.6789156982 250.129770992 -59.5877862595 15.0305343511 END
START 7.27837304687 -12.2319762817 10.9175595703 250.129770992 -47.6030534351 2.89312977099 END
START -0.416591088867 -18.0618573242 7.0605006958 250.129770992 -56.4122137405 8.75572519084 END
START 1.32159931641 -9.32780966797 4.14915147705 250.129770992 -47.9007633588 14.5572519084 END
START 6.22013591309 -12.3205617432 3.22977803955 250.129770992 -50.8396946565 8.47328244275 END
START 9.92396588135 -19.2805059692 11.0612116699 250.129770992 -54.0229007634 14.8320610687 END
START -1.59693250732 -16.1345249878 8.99262143555 250.129770992 -52.4045801527 4.9465648855 END
START 3.17710560303 -6.53138212891 9.63666168213 250.129770992 -56.4427480916 2.35877862595 END
START 5.68622894287 -17.1520606934 7.41244833984 250.129770992 -52.320610687 7.80916030534 END
START 4.44603248291 -4.67587584229 5.89691868896 250.129770992 -45.1679389313 10.0839694656 END
START -1.09893856201 -4.043806604 9.28231983643 250.129770992 -44.1679389313 4.19847328244 END
START 2.87543619385 -5.24090743408 5.90170709229 250.129770992 -54.7404580153 3.1679389313 END
START -3.59609089355 -12.758700647 3.27526787109 250.129770992 -49.2061068702 6.48091603053 END
START 4.38617744141 -10.0795889893 2.88261879883 250.129770992 -42.7099236641 8.64885496183 END
START -0.598550415039 -12.8017962769 7.24485422363 250.129770992 -45.4732824427 4.85496183206 END
START -2.39659586182 -7.94874951172 11.1090957031 250.129770992 -52.3358778626 5.41221374046 END
START -3.22020123291 -6.44279666748 6.31350977783 250.129770992 -53.1145038168 2.47328244275 END
START 3.81635744629 -9.88087025146 4.52025273438 250.129770992 -63.8091603053 6.54198473282 END
START 2.43729729004 -8.2504189209 6.4236430542 250.129770992 -67.9465648855 6.92366412214 END
START -4.02944139404 -11.6238490601 13.0388222412 250.129770992 -78.893129771 0.595419847328 END
START -1.2617442749 -9.64623848877 13.6541320679 250.129770992 -69.1374045802 2.47328244275 END
START 4.03422979736 -8.65503900146 6.1890112915 250.129770992 -83.1603053435 4.77099236641 END
START 4.07014282227 -14.0994535767 2.1930887207 250.129770992 -82.2519083969 11.2290076336 END
START 3.03584770508 -5.49948121338 10.1466266357 250.129770992 -75.106870229 5.29007633588 END
START 0.902614025879 -12.8017962769 2.89698400879 250.129770992 -73.5419847328 11.0152671756 END
START -1.39103116455 -8.08521900635 3.38540114746 250.129770992 -81.786259542 -0.473282442748 END
START -1.59932670898 -10.6446205811 4.79558592529 250.129770992 -68.4580152672 18.2061068702 END
START -4.51067592773 -14.0324159302 8.95670841064 250.129770992 -77.8244274809 13.8167938931 END
START 3.6894647583 -6.36857641602 0.687135876465 250.129770992 -76.3893129771 16.7175572519 END
START -4.63038601074 -9.48582697754 10.7092640259 250.129770992 -79.5648854962 5.36641221374 END
START 3.26808526611 -6.99346304932 11.877634436 250.129770992 -87.7557251908 7.26717557252 END
START -2.2170307373 -6.19140549316 10.4889974731 250.129770992 -73.2977099237 5.06870229008 END
START 0.682347473145 -8.51856950684 4.94402642822 250.129770992 -69.2290076336 11.4580152672 END
START -1.57777889404 -10.4842090698 9.62708487549 250.129770992 -59.0076335878 14.6717557252 END
START 5.69101734619 -9.28231983643 0.287304199219 250.129770992 -65.9083969466 3.6641221374 END
START 12.5695587158 -10.7356002441 10.1969048706 250.129770992 -62.5267175573 12.2442748092 END
START -3.05739552002 -9.47864437256 12.1936690552 250.129770992 -71.5419847328 4.67938931298 END
START 2.1571756958 -9.78989058838 8.39885942383 250.129770992 -61.3435114504 2.08396946565 END
START -3.64397492676 -13.2926076172 5.37258852539 250.129770992 -63.8167938931 9.04580152672 END
START 3.23217224121 -14.4418244141 15.6006180176 250.129770992 -52.8396946565 13.4198473282 END
START 6.62236179199 -8.54969412842 9.29907924805 250.129770992 -47.6564885496 10.9618320611 END
START 3.67749375 -10.1155020142 6.66066901855 250.129770992 -45.3893129771 12.7175572519 END
START 0.735019909668 -8.55448253174 6.988674646 250.129770992 -40.3435114504 14.8167938931 END
START 1.91775552979 -11.4945621704 8.79869110107 250.129770992 -40.5648854962 0.320610687023 END
START 3.00951148682 -6.75164868164 7.13472094727 250.129770992 -41.8244274809 9.37404580153 END
START 9.57441243896 -4.21140072021 6.30393297119 250.129770992 -28.3129770992 21.0916030534 END
START 0.213083947754 -9.13866773682 11.4969563721 250.129770992 -33.8091603053 9.63358778626 END
START 6.57447775879 -4.55377155762 12.2870429199 250.129770992 -27.9541984733 5.25954198473 END
START 2.61925661621 -7.83143363037 10.6925046143 250.129770992 -27.7099236641 10.679389313 END
START 1.69509477539 -15.6030122192 2.63601602783 250.129770992 -30.679389313 11.572519084 END
START 2.74375510254 -7.48188018799 11.4155535156 250.129770992 -31.213740458 -0.969465648855 END
START 3.6535517334 -8.85854614258 10.2016932739 250.129770992 -32.8778625954 4.13740458015 END
START 7.94874951172 -13.723563916 7.70214674072 250.129770992 -33.9236641221 8.7786259542 END
START -2.58813199463 -6.45716187744 8.08282480469 250.129770992 -40.3893129771 5.87786259542 END
START 5.18105239258 -6.69897624512 7.49385119629 250.129770992 -33.0687022901 7.84732824427 END
START 6.46195028076 -9.15303294678 9.16021555176 250.129770992 -34.5496183206 1.88549618321 END
START -3.46919820557 -12.4498486328 10.5967365479 250.129770992 -30.1374045802 0.717557251908 END
START 1.39821376953 -15.3396500366 11.540052002 250.129770992 -22.6030534351 4.25954198473 END
START 3.00711728516 -14.5351982788 5.63355650635 250.129770992 -37.8549618321 1.89312977099 END
START -0.77332713623 -15.92144104 2.1811177124 250.129770992 -34.5572519084 3.04580152672 END
START 2.76051451416 -7.87931766357 3.84029946289 250.129770992 -39.7709923664 2.56488549618 END
START 8.6167317749 -6.97191523437 7.86974085693 250.129770992 -33.8167938931 17.5801526718 END
START 3.38540114746 -17.1568490967 7.80509741211 250.129770992 -43.2824427481 3.31297709924 END
START 2.40856687012 -9.8545340332 9.27513723145 250.129770992 -53.1679389313 7.38167938931 END
START 5.02064088135 -11.6765214966 7.3190744751 250.129770992 -55.6030534351 9.83969465649 END
START -2.85388837891 -10.7739074707 0.248996972656 250.129770992 -48.6717557252 -1.93893129771 END
START -2.11168586426 -12.5743471191 8.51138690186 250.129770992 -41.6030534351 11.2213740458 END
START -4.3263223999 -15.3707746582 6.07408961182 250.129770992 -47.3358778626 15.9465648855 END
START -1.61608612061 -7.39329472656 7.98945093994 250.129770992 -45.8778625954 7.6641221374 END
START -2.66474644775 -10.4147772217 7.32625708008 250.129770992 -55.9007633588 12.9618320611 END
START 2.10210905762 -6.87135876465 5.09007272949 250.129770992 -49.5038167939 11.9312977099 END
START 5.67425793457 -10.1681744507 5.44202037354 250.129770992 -63.0 -1.09923664122 END
START 2.22900174561 -11.0516348633 3.23217224121 250.129770992 -72.2595419847 10.1679389313 END
START 0.186747729492 -3.76368500977 6.65588061523 250.129770992 -63.2671755725 6.07633587786 END
START 0.275333190918 -8.947131604 1.68312376709 250.129770992 -64.5419847328 18.6030534351 END
START -6.4715270874 -9.5480762207 6.61039078369 250.129770992 -75.465648855 6.73282442748 END
START 5.63355650635 -2.87783039551 10.3860468018 250.129770992 -76.7022900763 15.1221374046 END
START 3.21301862793 -9.21528218994 5.8107274292 250.129770992 -85.5954198473 8.78625954198 END
START -0.809240161133 -12.0380459473 2.22421334229 250.129770992 -82.6641221374 2.45038167939 END
START 1.1899182251 -3.52905324707 8.97825622559 250.129770992 -85.6030534351 12.2290076336 END
START 3.07176072998 -4.09887324219 6.83783994141 250.129770992 -76.7557251908 7.53435114504 END
START 5.25048424072 -9.76355437012 2.12605107422 250.129770992 -75.0839694656 13.7480916031 END
START 2.04943662109 -6.0932432251 3.86424147949 250.129770992 -81.1755725191 12.0992366412 END
START -1.99197578125 -6.82586893311 6.46434448242 250.129770992 -82.7404580153 24.2748091603 END
START 3.55060106201 -4.16830509033 6.67742843018 250.129770992 -91.1297709924 12.7786259542 END
START 6.56250675049 -7.33822808838 4.03901820068 250.129770992 -92.7328244275 3.68702290076 END
START 0.545877978516 -6.29435616455 12.1050835937 250.129770992 -91.1832061069 12.9007633588 END
START -3.12922156982 -6.26562574463 7.38371791992 250.129770992 -98.5114503817 7.03816793893 END
START -0.749385119629 -8.74841286621 5.33428129883 250.129770992 -99.2824427481 6.80916030534 END
START -2.64559283447 -4.35505281982 5.37498272705 250.129770992 -104.702290076 3.09160305344 END
START 3.44046778564 -15.0475574341 8.73644185791 250.129770992 -104.786259542 8.6106870229 END
START 0.418985290527 -1.99436998291 10.8241857056 250.129770992 -104.129770992 7.6106870229 END
START -6.83783994141 -4.11563265381 8.68855782471 250.129770992 -107.167938931 12.320610687 END
START 1.20667763672 -11.0803652832 5.69819995117 250.129770992 -102.106870229 5.6106870229 END
START 7.84819304199 -12.0428343506 2.13562788086 250.129770992 -104.297709924 8.71755725191 END
START 8.00860455322 -6.65109221191 8.99022723389 250.129770992 -105.083969466 6.84732824427 END
START 2.83473476562 -8.09719001465 7.22091220703 250.129770992 -104.282442748 19.0839694656 END
START 3.11725056152 -7.25921943359 6.59602557373 250.129770992 -104.595419847 9.38167938931 END
START 10.0149455444 -12.2128226685 9.88565865479 250.129770992 -90.7175572519 5.61832061069 END
START 11.0779710815 -8.72207664795 5.03500609131 250.129770992 -90.0763358779 0.87786259542 END
START 9.51455739746 -3.38061274414 11.0971246948 250.129770992 -70.4732824427 13.6106870229 END
START 6.93121380615 -11.1043072998 9.91917747803 250.129770992 -76.3893129771 13.0152671756 END
START 1.38145435791 -5.88015927734 13.6828624878 250.129770992 -77.7786259542 5.6106870229 END
START -1.34793553467 -6.02620557861 3.11964476318 250.129770992 -77.5648854962 8.67938931298 END
START 1.47003981934 -6.46195028076 9.90960067139 250.129770992 -67.9160305344 13.7175572519 END
START 2.12605107422 -7.51539901123 8.59518395996 250.129770992 -69.5038167939 -2.73282442748 END
START 1.72621939697 -8.87051715088 10.5009684814 250.129770992 -65.8473282443 16.5877862595 END
START -2.21942493896 -10.6901104126 7.16823977051 250.129770992 -60.1221374046 6.48854961832 END
START 3.49074602051 -7.53215842285 6.93121380615 250.129770992 -58.0 10.7786259542 END
START -6.60799658203 -4.24491954346 7.36456430664 250.129770992 -61.2900763359 2.30534351145 END