START -3.41413156738 -11.0085392334 5.70777675781 250.129770992 -75.5572519084 3.43511450382 END
START 4.31913979492 -13.9174942505 8.73165345459 250.129770992 -67.320610687 6.24427480916 END
START 7.08683691406 -7.56328304443 3.61045610352 250.129770992 -69.5496183206 9.54961832061 END
START 3.39976635742 -10.2950671387 12.8305266968 250.129770992 -67.1297709924 11.6335877863 END
START -4.22576593018 -9.5720182373 10.4674496582 250.129770992 -78.8396946565 4.65648854962 END
START 0.550666381836 -8.0397291748 5.95198532715 250.129770992 -73.5419847328 13.6870229008 END
START 1.36708914795 -10.2040874756 4.98472785645 250.129770992 -75.6259541985 5.19083969466 END
START -1.80522805176 -11.1090957031 5.62637390137 250.129770992 -68.465648855 6.98473282443 END
START -0.61770402832 -8.81066210937 9.33738647461 250.129770992 -70.427480916 13.572519084 END
START 3.28484467773 -4.42927307129 8.40364782715 250.129770992 -75.9618320611 5.25954198473 END
START 0.596156213379 -10.5344873047 8.85615194092 250.129770992 -72.2061068702 9.57251908397 END
START -2.50672913818 -8.53772312012 3.59369669189 250.129770992 -84.6641221374 7.4427480916 END
START 0.677559069824 -16.429011792 11.286266626 250.129770992 -81.8473282443 5.9465648855 END
START -1.04866032715 -13.7115929077 12.0380459473 250.129770992 -84.3511450382 15.9847328244 END
START 4.90811340332 -11.4203419189 7.10120212402 250.129770992 -85.0229007634 -2.50381679389 END
START 0.505176550293 -3.29681568604 4.79079752197 250.129770992 -73.5190839695 11.7099236641 END
START -1.13963999023 -7.76679018555 4.56574256592 250.129770992 -82.4503816794 5.80916030534 END
START 0.648828649902 -11.3676694824 6.43800826416 250.129770992 -83.5419847328 2.87022900763 END
START -8.08282480469 -11.8441156128 8.47786807861 250.129770992 -78.2900763359 5.11450381679 END
START 1.59693250732 -6.43082565918 7.85537564697 250.129770992 -79.9541984733 16.3664122137 END
START -3.14358677979 -6.22971271973 13.9486188721 250.129770992 -97.1603053435 12.2290076336 END
START 6.79953271484 -9.87368764648 7.81228001709 250.129770992 -99.3282442748 14.4732824427 END
START 3.70382996826 -6.65827481689 6.68461103516 250.129770992 -89.320610687 -1.06106870229 END
START -2.45884510498 -14.5615344971 4.49870491943 250.129770992 -101.503816794 0.427480916031 END
START -3.78523282471 -7.25921943359 5.91607230225 250.129770992 -77.1603053435 0.893129770992 END
START -0.0215478149414 -5.40371314697 7.65426270752 250.129770992 -89.4885496183 7.08396946565 END
START 2.38223065186 -13.2973960205 7.35259329834 250.129770992 -87.0992366412 2.61832061069 END
START 11.4849853638 -4.54658895264 12.27267771 250.129770992 -80.213740458 6.6641221374 END
START 2.97838686523 -6.56968935547 11.4801969604 250.129770992 -83.4351145038 7.06870229008 END
START -2.73178409424 -11.0229044434 13.8743986206 250.129770992 -79.1984732824 6.21374045802 END
START 3.43567938232 -12.9358715698 6.78516750488 250.129770992 -62.5572519084 4.74045801527 END
START 5.72453616943 -8.53054051514 7.12993254395 250.129770992 -63.1145038168 1.78625954198 END
START 1.82438166504 -15.6700498657 8.6287027832 250.129770992 -58.9694656489 7.70229007634 END
START 1.64481654053 -11.3485158691 9.81622680664 250.129770992 -73.0992366412 14.8549618321 END
START 1.75255561523 -4.15633408203 1.84353527832 250.129770992 -70.4732824427 11.0152671756 END
START -0.390254870605 -6.48828649902 8.13549724121 250.129770992 -62.0839694656 4.20610687023 END
START 3.97676895752 -2.84670577393 8.27914934082 250.129770992 -61.0229007634 17.0534351145 END
START 7.63271489258 -7.3190744751 4.15872828369 250.129770992 -69.0229007634 6.29007633588 END
START 0.217872351074 -12.2128226685 8.32942757568 250.129770992 -61.2061068702 12.2824427481 END
START 0.735019909668 -10.8720697388 6.71573565674 250.129770992 -61.6259541985 12.8625954198 END
START -2.01831199951 -9.98142672119 8.14028564453 250.129770992 -75.9694656489 5.69465648855 END
START 2.03985981445 -17.3914808594 7.12753834229 250.129770992 -68.4961832061 3.80916030534 END
START 4.86980617676 -2.58573779297 7.52018741455 250.129770992 -82.0458015267 2.35114503817 END
START 3.66791694336 -12.3229559448 10.0364933594 250.129770992 -79.679389313 8.06106870229 END
START 2.54503636475 -9.82101520996 8.33182177734 250.129770992 -83.6259541985 7.39694656489 END
START 3.16513459473 -5.44202037354 12.6844803955 250.129770992 -95.8244274809 1.56488549618 END
START -6.13155045166 -3.11725056152 2.18830031738 250.129770992 -107.832061069 9.68702290076 END
START 2.98078106689 -10.8122146973 4.5968671875 250.129770992 -92.2824427481 6.13740458015 END
START 3.23456644287 -8.59757816162 11.7866547729 250.129770992 -103.045801527 12.2977099237 END
START -1.52750065918 -15.1696617187 11.3413332642 250.129770992 -97.5419847328 13.4809160305 END
START -6.53138212891 -6.05254179687 9.20331118164 250.129770992 -104.770992366 13.8702290076 END
START -0.30885201416 -6.85699355469 8.04212337646 250.129770992 -104.770992366 -5.73282442748 END
START -0.562637390137 -6.1411272583 16.8551796875 250.129770992 -104.526717557 8.12213740458 END
START 2.76530291748 -3.32554610596 3.96719215088 250.129770992 -104.496183206 7.38167938931 END
START 1.18752402344 -8.13070883789 8.70771143799 250.129770992 -104.045801527 10.106870229 END
START -1.62087452393 -1.38384855957 8.00621035156 250.129770992 -105.366412214 5.45038167939 END
START 0.821211169434 -5.03021768799 6.66545742187 250.129770992 -104.442748092 8.68702290076 END
START 3.88578929443 -5.07810172119 13.3428858521 250.129770992 -105.022900763 8.93129770992 END
START 4.72615407715 -9.74440075684 7.42441934814 250.129770992 -104.824427481 -5.25190839695 END
START 0.950498059082 -5.37258852539 9.7467949585 250.129770992 -97.8396946565 0.610687022901 END
START -1.18034141846 -12.9095353516 14.4154881958 250.129770992 -98.7175572519 10.0687022901 END
START -0.339976635742 -10.6134959595 10.5799771362 250.129770992 -92.1297709924 5.74045801527 END
START -1.5083470459 -4.24970794678 6.34463439941 250.129770992 -85.8320610687 5.57251908397 END
START 0.969651672363 -11.9015764526 8.68137521973 250.129770992 -84.0839694656 7.98473282443 END
START -1.03668931885 -7.44836136475 8.51856950684 250.129770992 -83.4122137405 12.4885496183 END
START -0.0933738647461 -2.53545955811 6.76361968994 250.129770992 -86.5419847328 9.53435114504 END
START 1.09654436035 -11.9231242676 9.43076033936 250.129770992 -83.8854961832 8.02290076336 END
START -4.07014282227 -9.33978067627 14.7291286133 250.129770992 -78.2748091603 9.0 END
START 5.32949289551 -13.4386539185 10.0412817627 250.129770992 -69.6106870229 10.7557251908 END
START -2.04704241943 -13.0938888794 7.51539901123 250.129770992 -58.2824427481 11.1374045802 END
START 7.54173522949 -2.4277204834 5.07331331787 250.129770992 -58.4351145038 2.93129770992 END