START 3.96719215088 -9.54328781738 9.57441243896 250.129770992 -76.7938931298 -2.23664122137 END
START -0.732625708008 -8.61433757324 1.66157595215 250.129770992 -71.9770992366 16.786259542 END
START -2.7102362793 -15.9142584351 5.76044919434 250.129770992 -81.8702290076 8.09160305344 END
START 0.957680664062 -9.27513723145 7.09162531738 250.129770992 -84.3893129771 11.7175572519 END
START -0.447715710449 -14.4729490356 11.5711766235 250.129770992 -76.2824427481 9.35114503817 END
START 0.622492431641 -12.5480109009 7.46033237305 250.129770992 -72.2748091603 8.31297709924 END
START -7.48427438965 -13.8911580322 6.45476767578 250.129770992 -75.2824427481 5.38167938931 END
START -3.75171400146 -12.7922194702 4.94163222656 250.129770992 -80.786259542 0.0839694656489 END
START -4.66151063232 -15.8184903687 5.91607230225 250.129770992 -72.5877862595 -1.01526717557 END
START -3.89057769775 -5.12359155273 10.8457335205 250.129770992 -70.786259542 5.99236641221 END
START 1.05823713379 -4.79558592529 10.6470147827 250.129770992 -72.9007633588 18.641221374 END
START -2.31758720703 -18.2079036255 14.0515695435 250.129770992 -94.0152671756 3.7786259542 END
START -4.32153399658 -5.95677373047 6.1530982666 250.129770992 -78.8320610687 19.2824427481 END
START 5.26245524902 -7.52976422119 10.1633860474 250.129770992 -83.8778625954 5.03053435115 END
START -4.71178886719 -6.23450112305 1.72861359863 250.129770992 -86.5267175573 5.27480916031 END
START 1.93930334473 -10.3046439453 10.6015249512 250.129770992 -90.5038167939 8.9465648855 END
START -1.32638771973 -11.3724578857 0.778115539551 250.129770992 -85.4427480916 2.57251908397 END
START 0.421379492187 -10.307038147 9.38527050781 250.129770992 -89.641221374 4.85496183206 END
START 5.1858407959 -11.6980693115 7.13950935059 250.129770992 -99.3969465649 -0.748091603053 END
START -10.9223479736 -10.1155020142 8.96149681396 250.129770992 -97.8320610687 9.46564885496 END
START 1.28329208984 -12.7994020752 9.7827079834 250.129770992 -83.3893129771 15.7022900763 END
START 4.96078583984 -5.44202037354 9.1578213501 250.129770992 -82.7709923664 8.34351145038 END
START 4.48194550781 -9.56722983398 7.48666859131 250.129770992 -72.6106870229 7.41984732824 END
START 4.07014282227 -9.72764134521 8.86812294922 250.129770992 -94.8320610687 9.54961832061 END
START 2.62883342285 -8.9231895874 5.66228692627 250.129770992 -83.0839694656 -1.31297709924 END
START 3.72058937988 -11.4179477173 10.8217915039 250.129770992 -86.106870229 12.2290076336 END
START -0.0430956298828 -6.42603725586 6.13873305664 250.129770992 -82.4427480916 2.4427480916 END
START 2.17872351074 -1.97761057129 7.56807144775 250.129770992 -73.1832061069 -3.37404580153 END
START -0.689530078125 -10.1490208374 5.24330163574 250.129770992 -67.5954198473 2.08396946565 END
START 5.01585247803 -10.1538092407 12.2798603149 250.129770992 -71.0305343511 -3.1679389313 END
START 4.66629903564 -9.17697496338 2.05661922607 250.129770992 -65.2442748092 9.53435114504 END
START -6.50983431396 -9.33499227295 8.26478413086 250.129770992 -76.6259541985 0.374045801527 END
START 1.70467158203 -12.737152832 8.49462749023 250.129770992 -68.5190839695 3.06870229008 END
START 4.37660063477 -8.71728824463 10.41238302 250.129770992 -70.7938931298 6.07633587786 END
START 7.66623371582 -15.0714994507 8.00860455322 250.129770992 -78.2061068702 -4.56488549618 END
START 4.29998618164 -10.9941740234 8.69334622803 250.129770992 -78.0610687023 6.41221374046 END
START -1.2378022583 -9.61990227051 7.44357296143 250.129770992 -63.0687022901 4.6106870229 END
START 3.06936652832 -10.9654436035 4.82431634521 250.129770992 -68.1221374046 5.38167938931 END
START 7.07486590576 -13.737929126 7.0844427124 250.129770992 -54.106870229 8.53435114504 END
START -2.94965644531 -11.3126028442 8.41322463379 250.129770992 -65.8396946565 13.3358778626 END
START 1.76931502686 -10.8936175537 7.03895288086 250.129770992 -64.7022900763 2.11450381679 END
START -1.25935007324 -10.8385509155 10.6972930176 250.129770992 -61.8778625954 -1.00763358779 END
START 1.65918175049 -16.6708261597 7.22570061035 250.129770992 -48.213740458 -1.35114503817 END
START 3.83790526123 -5.47553919678 9.41160672607 250.129770992 -49.1984732824 1.32061068702 END
START -0.272938989258 -10.1777512573 5.72932457275 250.129770992 -47.358778626 -0.709923664122 END
START 7.71172354736 -3.57214887695 7.45314976807 250.129770992 -47.6946564885 -1.24427480916 END
START 1.69509477539 -9.21049378662 1.76931502686 250.129770992 -57.641221374 15.9618320611 END
START 0.974440075684 -14.4849200439 6.11957944336 250.129770992 -58.9236641221 4.13740458015 END
START 2.10210905762 -13.1441671143 5.60482608643 250.129770992 -67.8549618321 -0.167938931298 END
START -0.234631762695 -12.2559182983 7.22570061035 250.129770992 -73.6335877863 14.213740458 END
START -9.02853446045 -11.0516348633 7.90086547852 250.129770992 -74.8244274809 5.70229007634 END
START 2.7940333374 -7.83382783203 6.07169541016 250.129770992 -70.6717557252 7.82442748092 END
START -3.47398660889 -10.6685625977 8.69813463135 250.129770992 -80.3740458015 5.32824427481 END
START -2.66474644775 -8.93037219238 9.78989058838 250.129770992 -76.4885496183 3.31297709924 END
START -5.90888969727 -11.8441156128 9.19852277832 250.129770992 -83.7480916031 -5.68702290076 END
START -1.04387192383 -11.9015764526 7.34541069336 250.129770992 -81.9312977099 1.38167938931 END
START -8.8513635376 -9.52174000244 4.02704719238 250.129770992 -85.6564885496 -2.90076335878 END
START 2.72460148926 -9.5001921875 4.73812508545 250.129770992 -91.9923664122 16.5419847328 END
START -1.7788918335 -15.0451632324 5.67904633789 250.129770992 -78.9236641221 7.43511450382 END
START 0.423773693848 -7.78594379883 8.11155522461 250.129770992 -89.0305343511 3.0534351145 END
START -1.2976572998 -7.108384729 10.1969048706 250.129770992 -106.717557252 19.0152671756 END
START -5.90170709229 -10.1945106689 9.29668504639 250.129770992 -105.305343511 8.96183206107 END
START -3.3470939209 -6.26562574463 8.86812294922 250.129770992 -79.4045801527 0.572519083969 END
START 5.05415970459 -10.6996872192 9.08360109863 250.129770992 -97.2366412214 13.6030534351 END
START 2.89219560547 -2.4995465332 5.36061751709 250.129770992 -87.8854961832 0.374045801527 END
START 0.385466467285 -6.68700523682 9.98621512451 250.129770992 -87.9236641221 5.67938931298 END
START 7.78594379883 -9.8425630249 6.24168372803 250.129770992 -85.6106870229 13.5496183206 END
START 4.65432802734 -11.8201735962 7.41723674316 250.129770992 -82.786259542 6.78625954198 END
START 3.62242711182 -7.9080480835 9.47385596924 250.129770992 -79.5648854962 6.23664122137 END
START -6.08845482178 -9.66539210205 15.5575223877 250.129770992 -75.3740458015 6.80152671756 END
START 2.92571442871 -13.0268512329 6.3877300293 250.129770992 -78.6183206107 7.06106870229 END
START 5.30315667725 -8.33900438232 8.18098707275 250.129770992 -78.9312977099 -5.47328244275 END
START -1.18512982178 -8.70292303467 10.7499654541 250.129770992 -72.9465648855 -2.80916030534 END
START 1.49877023926 -8.11873782959 11.5544172119 250.129770992 -89.641221374 2.54961832061 END
START 6.30872137451 -5.55933625488 12.9550251831 250.129770992 -76.9083969466 8.21374045802 END
START 2.30322199707 -9.82819781494 7.80988581543 250.129770992 -75.0305343511 6.17557251908 END
START -2.83712896729 -12.9191121582 10.9367131836 250.129770992 -77.3129770992 5.73282442748 END
START 2.12844527588 -13.5128741699 3.72298358154 250.129770992 -60.6259541985 8.01526717557 END
START 1.46525141602 -13.5463929932 5.2097828125 250.129770992 -71.0152671756 -1.63358778626 END
START 1.76931502686 -9.81383260498 12.0835357788 250.129770992 -61.8702290076 8.10687022901 END
START -1.12288057861 -10.7308118408 9.30626185303 250.129770992 -72.358778626 4.69465648855 END
START 1.41257897949 -9.91438907471 7.93438430176 250.129770992 -75.9312977099 -2.96183206107 END
START 5.88973608398 -10.3860468018 7.33343968506 250.129770992 -74.5954198473 -3.63358778626 END
START -0.931344445801 -9.7946789917 8.95192000732 250.129770992 -70.893129771 3.78625954198 END
START 0.0981622680664 -15.1792385254 5.54257684326 250.129770992 -67.7251908397 0.412213740458 END
START 1.36948334961 -15.2558529785 3.67509954834 250.129770992 -68.0 1.61832061069 END
START 2.18590611572 -12.6581441772 7.65186850586 250.129770992 -75.1984732824 -2.19847328244 END
START 0.938527050781 -9.10036051025 6.79713851318 250.129770992 -77.3740458015 -3.62595419847 END
START 5.86100566406 -7.87213505859 9.62229647217 250.129770992 -82.1984732824 7.59541984733 END
START 2.47799871826 -11.899182251 9.92636008301 250.129770992 -79.7633587786 16.7480916031 END
START -2.22421334229 -10.8074262939 1.9105729248 250.129770992 -88.786259542 6.09923664122 END
START -4.15154567871 -4.92966121826 15.0116444092 250.129770992 -78.6564885496 4.8320610687 END
START -2.20027132568 -10.8600987305 3.55299526367 250.129770992 -75.6717557252 14.7099236641 END
START 2.86107098389 -9.56962403564 2.67192905273 250.129770992 -78.0229007634 10.427480916 END
START -3.3590649292 -12.5623761108 7.52258161621 250.129770992 -75.3129770992 7.0534351145 END
START -6.6822168335 -7.75481917725 4.68305844727 250.129770992 -85.9007633588 0.549618320611 END
START 4.06774862061 -13.7882073608 1.78846864014 250.129770992 -92.0687022901 -3.72519083969 END
START 1.06302553711 -8.92558378906 10.3309801636 250.129770992 -92.6183206107 9.48091603053 END
START -3.63439812012 -15.4785137329 4.8674119751 250.129770992 -76.5419847328 -1.38167938931 END
START 2.58094938965 -11.0779710815 7.10359632568 250.129770992 -88.8854961832 7.4427480916 END
START 0.325611425781 -10.6972930176 5.46356818848 250.129770992 -95.9465648855 -2.46564885496 END
START -2.94486804199 -7.0605006958 4.57053096924 250.129770992 -90.0458015267 7.32061068702 END
START 0.739808312988 -11.5831476318 9.33499227295 250.129770992 -89.2748091603 5.35114503817 END
START 2.41096107178 -11.2072579712 9.7467949585 250.129770992 -90.4122137405 7.64122137405 END
START -5.55933625488 -12.0476227539 8.08282480469 250.129770992 -95.534351145 5.45801526718 END
START 1.79565124512 -14.5447750854 4.63756861572 250.129770992 -85.6488549618 9.77099236641 END
START 2.89458980713 -8.67179841309 9.95509050293 250.129770992 -86.1755725191 15.3816793893 END
START -0.165199914551 -6.40688364258 6.33745179443 250.129770992 -96.6335877863 4.48091603053 END
START 1.88184250488 -7.09880792236 11.2383825928 250.129770992 -98.3129770992 3.37404580153 END
START -1.14203419189 -6.52898792725 10.1753570557 250.129770992 -88.0381679389 6.79389312977 END
START -1.76931502686 -5.39892474365 9.76355437012 250.129770992 -94.5572519084 7.58015267176 END
START -0.14604630127 -8.67419261475 6.3877300293 250.129770992 -97.5954198473 -4.11450381679 END
START 6.17943448486 -8.67898101807 6.64869801025 250.129770992 -104.129770992 15.8396946565 END
START -3.77326181641 -6.69179364014 13.1345903076 250.129770992 -93.2977099237 -3.98473282443 END
START 4.95360323486 -7.15866296387 6.80671531982 250.129770992 -90.8473282443 -1.72519083969 END
START 1.18512982178 -8.78193168945 7.50582220459 250.129770992 -91.1374045802 0.312977099237 END
START 0.404620080566 -5.1618987793 8.15225665283 250.129770992 -83.0839694656 2.74045801527 END
START -2.23139594727 -11.7986257812 11.1354319214 250.129770992 -89.1450381679 9.20610687023 END
START -0.818816967773 -17.8200429565 7.59680186768 250.129770992 -92.2900763359 1.73282442748 END
START 0.409408483887 -11.1426145264 12.2391588867 250.129770992 -80.8396946565 4.74045801527 END
START 0.572214196777 -10.5033626831 5.50187541504 250.129770992 -68.7480916031 8.45038167939 END