START 6.89290657959 -4.56813676758 5.72932457275 250.129770992 -88.3740458015 9.99236641221 END
START 5.25048424072 -10.9917798218 8.34379278564 250.129770992 -81.0458015267 11.2671755725 END
START -3.23696064453 -4.3382934082 5.68383474121 250.129770992 -88.8167938931 6.78625954198 END
START 2.95683905029 -4.49391651611 6.79953271484 250.129770992 -92.3129770992 4.3893129771 END
START 1.29526309814 -10.1753570557 6.75164868164 250.129770992 -86.8320610687 0.0763358778626 END
START -3.01190568848 -11.025298645 9.53131680908 250.129770992 -97.4198473282 8.49618320611 END
START 1.43891519775 -2.76051451416 13.237540979 250.129770992 -104.748091603 11.1221374046 END
START 0.77093293457 -10.4937858765 8.62152017822 250.129770992 -82.9312977099 14.6564885496 END
START -1.91775552979 -7.73805976562 5.2217538208 250.129770992 -84.4045801527 -1.02290076336 END
START 1.34554133301 -12.0500169556 2.82515795898 250.129770992 -78.0152671756 4.89312977099 END
START -1.01753570557 -9.90241806641 4.41251365967 250.129770992 -82.5954198473 -2.3893129771 END
START 0.641646044922 -7.59919606934 8.2504189209 250.129770992 -80.679389313 -3.27480916031 END
START 5.70298835449 -3.17231719971 8.17141026611 250.129770992 -81.8015267176 3.29770992366 END
START -6.92163699951 -8.64306799316 14.1593086182 250.129770992 -77.8778625954 10.2061068702 END
START -0.320823022461 -6.96712683105 7.42920775146 250.129770992 -84.7175572519 1.87022900763 END
START 3.05500131836 -12.7060282104 7.89368287354 250.129770992 -99.2366412214 6.20610687023 END
START 3.03105930176 -10.4985742798 7.16823977051 250.129770992 -77.7404580153 5.61832061069 END
START -0.15562310791 -6.50983431396 2.7940333374 250.129770992 -81.7404580153 -1.85496183206 END
START -0.217872351074 -5.09725533447 9.89284125977 250.129770992 -65.8778625954 0.572519083969 END
START -0.251391174316 -5.89691868896 12.0212865356 250.129770992 -68.7251908397 8.29007633588 END
START -2.76530291748 -2.31758720703 12.8137672852 250.129770992 -70.8778625954 7.34351145038 END
START 8.02296976318 -11.8896054443 11.1186725098 250.129770992 -67.2213740458 2.70992366412 END
START -2.59770880127 -6.61278498535 6.22731851807 250.129770992 -56.7404580153 10.4885496183 END
START 1.27850368652 -1.18273562012 6.42124885254 250.129770992 -56.0687022901 5.46564885496 END
START 0.141257897949 -15.2414877686 8.36055219727 250.129770992 -55.7251908397 8.90076335878 END
START 4.5968671875 -12.3181675415 12.0404401489 250.129770992 -59.0229007634 0.427480916031 END
START 1.8267758667 -6.39491263428 9.96706151123 250.129770992 -69.0458015267 -1.29007633588 END
START 1.32159931641 -8.79629689941 12.2942255249 250.129770992 -68.8320610687 15.3053435115 END
START 4.41969626465 -3.46201560059 5.1738697876 250.129770992 -63.4503816794 10.4885496183 END
START 9.73003554687 -10.4363250366 8.28872614746 250.129770992 -65.5496183206 4.65648854962 END
START 5.35343491211 -7.43639035645 7.78115539551 250.129770992 -68.3129770992 1.53435114504 END
START 6.32548078613 -9.84735142822 5.7987564209 250.129770992 -50.9007633588 -1.81679389313 END
START 0.277727392578 -12.7970078735 11.9398836792 250.129770992 -58.4809160305 5.80916030534 END
START 4.20661231689 -4.21379492187 10.4482960449 250.129770992 -58.2442748092 0.0992366412214 END
START 1.55144267578 -4.37420643311 0.110133276367 250.129770992 -43.5267175573 7.9465648855 END
START 1.61848032227 -7.60877287598 2.37744224854 250.129770992 -52.9541984733 2.52671755725 END
START -3.73256038818 -11.3030260376 5.52581743164 250.129770992 -61.4732824427 7.45038167939 END
START 3.54102425537 -9.79228479004 5.46117398682 250.129770992 -45.6564885496 8.09160305344 END
START 0.648828649902 -12.7946136719 3.25611425781 250.129770992 -51.3816793893 4.74809160305 END
START 5.29357987061 -7.81946262207 12.0524111572 250.129770992 -44.9847328244 5.30534351145 END
START 4.39814844971 -6.03578238525 5.35582911377 250.129770992 -47.641221374 -2.29007633588 END
START -4.23294853516 -3.67509954834 6.38294162598 250.129770992 -38.7557251908 0.778625954198 END
START 6.50504591064 -5.18344659424 10.8217915039 250.129770992 -53.4961832061 1.5572519084 END
START -0.526724365234 -10.1969048706 9.04289967041 250.129770992 -55.2748091603 0.572519083969 END
START -1.64960494385 -10.2759135254 0.735019909668 250.129770992 -59.2977099237 8.03816793893 END
START 3.20823022461 -5.77002600098 6.82347473145 250.129770992 -63.4885496183 -0.671755725191 END
START 0.0837970581055 -7.03177027588 5.94480272217 250.129770992 -69.8549618321 4.35877862595 END
START -7.47709178467 -7.90565388184 12.1936690552 250.129770992 -80.3435114504 10.8396946565 END
START -6.65827481689 -9.95987890625 7.25443103027 250.129770992 -77.0992366412 6.70229007634 END
START -1.87944830322 -8.22408270264 13.1130424927 250.129770992 -84.6335877863 6.82442748092 END
START -3.59369669189 -7.25443103027 4.39575424805 250.129770992 -75.1984732824 6.51145038168 END
START -4.14915147705 -7.81706842041 7.92959589844 250.129770992 -91.0839694656 -2.27480916031 END
START -5.74368978271 -4.62799180908 2.10210905762 250.129770992 -105.022900763 -1.40458015267 END
START -7.98945093994 -11.405976709 9.82580361328 250.129770992 -101.511450382 5.12977099237 END
START -3.63439812012 -7.96311472168 9.08838950195 250.129770992 -103.061068702 1.04580152672 END
START -1.69509477539 -7.86016405029 10.9247421753 250.129770992 -92.2519083969 2.89312977099 END
START -1.92733233643 -6.79474431152 9.94311949463 250.129770992 -99.6106870229 7.7786259542 END
START 5.12837995605 -10.3094323486 9.79707319336 250.129770992 -103.977099237 5.4427480916 END
START 4.3023803833 -3.77326181641 11.1354319214 250.129770992 -100.480916031 -2.15267175573 END
START 0.426167895508 -9.5241342041 5.1858407959 250.129770992 -104.946564885 4.93129770992 END
START 6.60320817871 -3.76129080811 6.22971271973 250.129770992 -98.6870229008 13.3740458015 END
START 1.73819040527 -10.1442324341 9.97424411621 250.129770992 -104.435114504 6.02290076336 END
START 0.754173522949 -7.61116707764 7.82185682373 250.129770992 -99.3358778626 15.3511450382 END
START -3.17949980469 -12.0500169556 4.6088381958 250.129770992 -90.0305343511 2.70229007634 END
START -1.07978494873 -8.00621035156 6.19619389648 250.129770992 -79.9770992366 12.5267175573 END
START -2.22181914063 -4.92487281494 8.5449057251 250.129770992 -72.5190839695 11.2366412214 END
START 0.227449157715 0.514753356934 6.33984599609 250.129770992 -72.4427480916 14.0610687023 END
START 7.86495245361 -8.96389101563 11.4730143555 250.129770992 -77.5648854962 -2.10687022901 END
START 3.34230551758 -8.6406737915 8.78432589111 250.129770992 -72.5267175573 0.725190839695 END
START 7.15148035889 -11.2048637695 13.4362597168 250.129770992 -72.0992366412 1.63358778626 END
START -0.821211169434 2.51630594482 7.29752666016 250.129770992 -68.8854961832 5.48854961832 END
START 1.71424838867 -11.5831476318 9.46188496094 250.129770992 -79.4427480916 14.0305343511 END
START 3.91930811768 -9.13627353516 12.2750719116 250.129770992 -70.2595419847 6.70992366412 END
START 9.62947907715 -15.6245600342 4.25928475342 250.129770992 -61.9847328244 0.320610687023 END
START 8.77235488281 -8.48265648193 6.7660138916 250.129770992 -59.6106870229 9.0534351145 END
START 7.04613548584 -10.2543657104 6.5074401123 250.129770992 -66.572519084 -1.90839694656 END
START -3.89057769775 -11.0827594849 5.94001431885 250.129770992 -59.1832061069 3.09923664122 END
START 0.253785375977 -12.4019645996 8.36773480225 250.129770992 -70.2213740458 9.67938931298 END
START -0.387860668945 -10.8170031006 13.7403233276 250.129770992 -54.2595419847 13.4198473282 END
START -1.79325704346 -7.13711514893 5.14753356934 250.129770992 -58.9465648855 6.78625954198 END
START 0.124498486328 -9.01895765381 8.3461869873 250.129770992 -60.2900763359 9.79389312977 END
START -1.8028338501 -0.0646434448242 6.71573565674 250.129770992 -64.1450381679 9.8320610687 END
START 3.55778366699 -8.93037219238 6.41646044922 250.129770992 -50.5954198473 8.76335877863 END
START -2.05422502441 -11.7698953613 6.76361968994 250.129770992 -71.6564885496 14.4122137405 END
START -5.43483776855 -11.0851536865 6.52898792725 250.129770992 -57.6183206107 2.07633587786 END
START -2.35589443359 -9.00698664551 5.25048424072 250.129770992 -74.2595419847 12.7022900763 END
START 0.256179577637 -11.5304751953 5.94240852051 250.129770992 -81.0687022901 -2.74045801527 END
START -1.35032973633 -4.2544963501 6.82347473145 250.129770992 -75.7175572519 6.86259541985 END
START -12.363657373 -10.8361567139 4.6686932373 250.129770992 -89.9770992366 -0.824427480916 END
START -3.6535517334 -11.1737391479 3.48595761719 250.129770992 -106.58778626 6.29007633588 END
START -1.20667763672 -12.9741787964 5.49469281006 250.129770992 -96.8167938931 -0.961832061069 END
START -4.57053096924 -9.1817633667 8.2264769043 250.129770992 -96.1221374046 6.2213740458 END
START -2.52827695312 -15.2774007935 7.41005413818 250.129770992 -104.618320611 10.9694656489 END
START 5.45399138184 -8.74841286621 7.90086547852 250.129770992 -102.366412214 4.06870229008 END
START 3.17710560303 -7.81706842041 9.09796630859 250.129770992 -103.908396947 6.91603053435 END
START -6.77080229492 -9.60314285889 5.85621726074 250.129770992 -104.198473282 14.2442748092 END
START -4.47236870117 -14.6884271851 8.43477244873 250.129770992 -103.916030534 6.56488549618 END
START -0.29927520752 -10.5608235229 10.8624929321 250.129770992 -103.839694656 7.87786259542 END
START 3.39258375244 -3.67270534668 7.82664522705 250.129770992 -104.847328244 8.57251908397 END
START 3.37343013916 -1.77170922852 7.81228001709 250.129770992 -103.885496183 11.7480916031 END
START -6.30872137451 -9.41639512939 9.85932243652 250.129770992 -101.778625954 4.75572519084 END
START -3.47877501221 -11.03248125 6.81868632812 250.129770992 -104.083969466 15.2061068702 END
START 2.28406838379 -11.4394955322 9.04289967041 250.129770992 -104.79389313 13.6259541985 END
START -2.45884510498 -5.29836827393 6.84502254639 250.129770992 -104.27480916 0.595419847328 END
START 1.4844050293 -6.30872137451 9.01177504883 250.129770992 -101.954198473 0.160305343511 END
START -3.70861837158 -13.4458365234 8.2384479126 250.129770992 -97.1450381679 10.465648855 END
START -2.83712896729 -8.07803640137 7.7093293457 250.129770992 -103.297709924 11.9770992366 END
START 0.172382519531 -10.405200415 6.17464608154 250.129770992 -101.061068702 13.213740458 END
START -2.20745393066 -15.0284038208 10.433930835 250.129770992 -90.6106870229 6.14503816794 END
START 2.61207401123 -7.42202514648 8.11634362793 250.129770992 -102.480916031 10.1374045802 END
START 1.78607443848 3.7493197998 10.1753570557 250.129770992 -93.7328244275 7.85496183206 END
START 3.16992299805 -8.51856950684 8.82263311768 250.129770992 -90.4427480916 5.45801526718 END
START 6.85699355469 -6.95276162109 6.21774171143 250.129770992 -87.9389312977 -0.320610687023 END
START 10.9726262085 -2.89219560547 8.11155522461 250.129770992 -76.3816793893 10.0152671756 END
START 0.639251843262 -7.01501086426 13.3931640869 250.129770992 -69.893129771 11.8473282443 END
START 5.09007272949 -5.58567247314 13.984531897 250.129770992 -64.1603053435 15.0839694656 END
START 2.17154090576 -8.24084211426 10.0819831909 250.129770992 -66.7938931298 -1.0534351145 END