START 6.72770666504 -9.58398924561 10.067617981 250.129770992 -80.7557251908 3.13740458015 END
START -0.318428820801 -8.86094034424 3.96719215088 250.129770992 -91.213740458 10.3358778626 END
START 3.84987626953 -8.5329347168 12.5001268677 250.129770992 -93.3053435115 8.81679389313 END
START -1.62087452393 -9.74918916016 10.7044756226 250.129770992 -98.6183206107 8.80152671756 END
START -1.19949503174 -7.1203557373 8.61194337158 250.129770992 -104.442748092 12.4122137405 END
START 5.12119735107 -8.29351455078 7.92720169678 250.129770992 -104.114503817 6.16030534351 END
START 1.472434021 -1.9105729248 8.65503900146 250.129770992 -107.251908397 11.0763358779 END
START -0.385466467285 -9.59356605225 5.7867854126 250.129770992 -89.9465648855 8.67938931298 END
START 0.414196887207 -10.9798088135 5.37737692871 250.129770992 -83.8015267176 -3.19083969466 END
START 1.31202250977 -6.61996759033 5.16429298096 250.129770992 -98.5801526718 3.5572519084 END
START 9.88087025146 -5.73411297607 9.98142672119 250.129770992 -86.1450381679 3.25190839695 END
START -0.30166940918 -6.92403120117 7.78833800049 250.129770992 -104.65648855 9.60305343511 END
START 3.57214887695 -13.4865379517 6.45237347412 250.129770992 -91.1832061069 -2.41984732824 END
START 0.988805285645 -4.61602080078 6.18661708984 250.129770992 -86.3511450382 19.9160305344 END
START 1.1779472168 0.174776721191 6.56490095215 250.129770992 -81.0916030534 1.8320610687 END
START 6.54335313721 -8.2983029541 7.41005413818 250.129770992 -73.427480916 8.84732824427 END
START 7.70693514404 -6.74446607666 10.4913916748 250.129770992 -72.106870229 8.3358778626 END
START 11.3197854492 -6.23689532471 8.05170018311 250.129770992 -64.6641221374 0.236641221374 END
START 9.31583865967 -9.67736311035 7.85776984863 250.129770992 -60.641221374 3.96946564885 END
START 6.35181700439 -8.2384479126 7.3549875 250.129770992 -53.9770992366 2.87786259542 END
START 8.01339295654 -9.82819781494 5.71495936279 250.129770992 -40.9923664122 2.39694656489 END
START -0.684741674805 -6.76122548828 7.53934102783 250.129770992 -40.5648854962 4.64122137405 END
START 4.81952794189 -3.16752879639 8.92797799072 250.129770992 -26.0687022901 7.48854961832 END
START 4.10126744385 -6.68700523682 6.95515582275 250.129770992 -24.5572519084 -1.82442748092 END
START 3.50511123047 -7.18021077881 7.13472094727 250.129770992 -34.534351145 11.2748091603 END
START 5.47793339844 -11.2288057861 9.52174000244 250.129770992 -36.8320610687 6.07633587786 END
START 6.77559069824 -4.74770189209 10.8553103271 250.129770992 -43.8778625954 4.89312977099 END
START 2.66474644775 -16.3332437256 6.56490095215 250.129770992 -42.3664122137 -1.29007633588 END
START 5.32949289551 -12.0164981323 5.91367810059 250.129770992 -41.4809160305 -0.351145038168 END
START 3.22020123291 -10.5057568848 7.66623371582 250.129770992 -42.9236641221 1.16030534351 END
START 7.41244833984 -10.651803186 -0.318428820801 250.129770992 -37.2748091603 3.42748091603 END
START -0.30885201416 -6.45716187744 5.1738697876 250.129770992 -36.358778626 10.0534351145 END
START 4.45321508789 -11.7052519165 6.73488927002 250.129770992 -34.7175572519 7.93893129771 END
START 1.64721074219 -10.905588562 7.44357296143 250.129770992 -39.1603053435 -2.74809160305 END
START -1.94169754639 -5.92564910889 8.70052883301 250.129770992 -33.6106870229 -3.07633587786 END
START 2.48518132324 -10.3884410034 9.70609353027 250.129770992 -46.2061068702 1.96183206107 END
START 1.58256729736 -5.69580574951 7.13950935059 250.129770992 -34.572519084 7.39694656489 END
START -2.95923325195 -11.1090957031 9.78749638672 250.129770992 -40.572519084 8.93129770992 END
START 2.48518132324 -7.3789295166 7.45314976807 250.129770992 -40.3358778626 5.19847328244 END
START -1.49398183594 -11.3293622559 10.6015249512 250.129770992 -31.8015267176 11.6335877863 END
START 0.737414111328 -8.07324799805 8.08761320801 250.129770992 -43.7022900763 2.22900763359 END
START 0.957680664062 -16.5175972534 6.10042583008 250.129770992 -53.9007633588 12.0839694656 END
START -11.4634375488 -7.66862791748 6.49786330566 250.129770992 -62.9541984733 -2.16030534351 END
START -5.38695373535 -7.18260498047 7.26400783691 250.129770992 -61.427480916 19.5267175573 END
START 5.52342322998 -8.04691177979 6.86657036133 250.129770992 -74.5572519084 12.3129770992 END
START 3.6415807251 -12.2415530884 7.27358464355 250.129770992 -76.6030534351 10.8320610687 END
START 1.42215578613 -12.27267771 11.6669446899 250.129770992 -90.6335877863 11.2290076336 END
START 1.99197578125 -2.48039291992 7.23288321533 250.129770992 -93.6564885496 9.84732824427 END
START 1.18752402344 -12.2032458618 7.57764825439 250.129770992 -94.3511450382 11.9083969466 END
START 0.30406361084 -11.0636058716 11.4873795654 250.129770992 -85.893129771 0.0687022900763 END
START -0.778115539551 -7.02698187256 12.3325327515 250.129770992 -89.679389313 -2.68702290076 END
START 0.450109912109 -6.45716187744 6.73728347168 250.129770992 -90.9236641221 10.7175572519 END
START -1.80043964844 -9.86889924316 8.8753055542 250.129770992 -97.6030534351 4.96183206107 END
START -0.507570751953 -6.44997927246 8.58081875 250.129770992 -88.3053435115 5.29007633588 END
START 0.383072265625 -6.21774171143 15.3611978516 250.129770992 -104.251908397 -0.328244274809 END
START 2.58813199463 -10.0221281494 7.35738170166 250.129770992 -107.007633588 16.1984732824 END
START -7.07726010742 -6.58644876709 13.1058598877 250.129770992 -100.053435115 15.9236641221 END
START 4.78361491699 -15.3755630615 13.1058598877 250.129770992 -94.7938931298 -3.8320610687 END
START -0.519541760254 -12.1553618286 10.5895539429 250.129770992 -83.3816793893 9.03053435115 END
START 3.33751711426 -7.26400783691 7.19218178711 250.129770992 -68.4045801527 8.10687022901 END
START -4.45560928955 -5.51863482666 15.2965544067 250.129770992 -75.7404580153 13.1526717557 END
START -2.39420166016 -9.56962403564 7.35977590332 250.129770992 -72.7633587786 0.511450381679 END
START 2.66714064941 -11.6070896484 7.51779321289 250.129770992 -71.9847328244 10.0763358779 END
START 7.16823977051 -9.06923588867 6.08606062012 250.129770992 -80.6564885496 14.6946564885 END
START 0.725443103027 -10.1609918457 11.5424462036 250.129770992 -79.8625954198 -0.343511450382 END
START 0.31124621582 -10.6541973877 7.69017573242 250.129770992 -67.5572519084 6.09160305344 END
START -0.91697923584 -10.405200415 9.57920084229 250.129770992 -67.3358778626 2.37404580153 END
START -0.964863269043 -4.69502945557 7.88171186523 250.129770992 -60.7099236641 8.59541984733 END
START -2.12844527588 -6.50983431396 7.58243665771 250.129770992 -54.6335877863 8.73282442748 END
START 7.1203557373 -5.68144053955 4.56574256592 250.129770992 -66.1450381679 10.9312977099 END
START 1.80522805176 -6.65827481689 8.43716665039 250.129770992 -51.4809160305 9.12977099237 END
START 7.18978758545 -3.07415493164 10.2615483154 250.129770992 -60.8244274809 10.3435114504 END
START 4.93684382324 -5.11401474609 2.7222072876 250.129770992 -54.0763358779 12.4732824427 END
START 1.66636435547 -16.6181537231 4.53940634766 250.129770992 -59.2900763359 4.19847328244 END
START 6.07169541016 -15.5431571777 5.13077415771 250.129770992 -66.6717557252 12.9160305344 END
START 1.45088620605 -9.44273134766 5.92804331055 250.129770992 -67.0610687023 15.9160305344 END
START 2.00873519287 -15.6915976807 9.09078370361 250.129770992 -67.8549618321 13.106870229 END
START 5.89213028564 -9.56962403564 6.1650692749 250.129770992 -75.8778625954 5.10687022901 END
START -0.524330163574 -17.7577937134 7.55370623779 250.129770992 -68.6488549618 1.91603053435 END