START 3.88339509277 -13.6254016479 9.88087025146 250.129770992 -68.7175572519 10.6183206107 END
START 9.1458503418 -6.53856473389 6.99825145264 250.129770992 -66.9770992366 7.51145038168 END
START -2.39659586182 -8.50659849854 5.97353314209 250.129770992 -80.0229007634 -3.11450381679 END
START 1.58974990234 -9.58159504395 7.36935270996 250.129770992 -69.6488549618 12.6183206107 END
START -0.665588061523 -8.03254656982 15.5000615479 250.129770992 -87.0534351145 7.88549618321 END
START 0.359130249023 -13.5200567749 7.93917270508 250.129770992 -100.946564885 2.53435114504 END
START -4.29280357666 -10.7571480591 10.41238302 250.129770992 -91.5419847328 12.4809160305 END
START 4.67827004395 -11.2096521729 7.61834968262 250.129770992 -83.2824427481 4.96183206107 END
START -3.83072265625 -5.882553479 6.63433280029 250.129770992 -84.3740458015 1.06106870229 END
START 6.56729515381 -6.91684859619 7.17302817383 250.129770992 -76.7633587786 2.41984732824 END
START -0.383072265625 -8.65503900146 10.1083194092 250.129770992 -98.2671755725 5.8320610687 END
START -2.85867678223 -3.79720383301 4.8554409668 250.129770992 -76.7404580153 2.2213740458 END
START 0.495599743652 -13.1130424927 9.08120689697 250.129770992 -86.9465648855 7.97709923664 END
START -1.88902510986 -11.4969563721 6.75643708496 250.129770992 -83.8396946565 1.87786259542 END
START 6.90727178955 -9.1578213501 5.66228692627 250.129770992 -73.8625954198 1.88549618321 END
START -0.14604630127 -5.08528432617 6.60560238037 250.129770992 -69.9160305344 9.92366412214 END
START -0.447715710449 -1.8986019165 11.891999646 250.129770992 -68.7175572519 6.36641221374 END
START -1.41976158447 -5.95677373047 9.99579193115 250.129770992 -57.6488549618 4.1679389313 END
START 9.89523546143 -10.0053687378 5.16908138428 250.129770992 -56.4198473282 10.6641221374 END
START 3.02387669678 -3.74213719482 14.6453315552 250.129770992 -57.9236641221 5.52671755725 END
START 1.72621939697 -3.67509954834 4.22337172852 250.129770992 -68.4045801527 4.47328244275 END
START 7.26640203857 -10.180145459 8.71968244629 250.129770992 -57.2442748092 9.68702290076 END
START 3.49553442383 -11.8584808228 8.37012900391 250.129770992 -58.5648854962 2.57251908397 END
START 4.45800349121 -8.66701000977 9.46667336426 250.129770992 -49.2519083969 4.52671755725 END
START 10.2160584839 -9.59596025391 8.17619866943 250.129770992 -50.6870229008 4.58778625954 END
START 3.11006795654 -10.8864349487 10.927136377 250.129770992 -45.0687022901 2.30534351145 END
START 7.58243665771 -11.0875478882 7.46751497803 250.129770992 -39.7480916031 16.9770992366 END
START 5.51863482666 -8.85854614258 5.22654222412 250.129770992 -37.7938931298 5.47328244275 END
START 1.43412679443 -11.2288057861 6.92403120117 250.129770992 -43.8167938931 -3.12977099237 END
START 3.34230551758 -12.7610948486 3.56017786865 250.129770992 -39.3435114504 5.61832061069 END
START -0.201112939453 -12.2200052734 7.0365586792 250.129770992 -46.8854961832 11.5496183206 END
START 1.05105452881 -10.3094323486 6.84981094971 250.129770992 -31.7633587786 2.32061068702 END
START 4.86262357178 -4.6208092041 11.4083709106 250.129770992 -46.6335877863 11.1832061069 END
START 4.00549937744 -12.1433908203 10.9726262085 250.129770992 -49.6488549618 12.6335877863 END
START -1.56341368408 -12.1122661987 6.65109221191 250.129770992 -49.7938931298 10.7480916031 END
START -2.1332336792 -11.6741272949 6.47870969238 250.129770992 -53.9312977099 11.8091603053 END
START 3.15795198975 -11.8896054443 8.03494077148 250.129770992 -63.6030534351 10.3435114504 END
START 5.90410129395 -9.35893428955 8.61194337158 250.129770992 -64.0839694656 12.2366412214 END
START 0.284909997559 -13.110648291 9.560047229 250.129770992 -68.5190839695 18.3969465649 END
START 2.5115175415 -10.8888291504 9.83777462158 250.129770992 -67.7938931298 8.62595419847 END
START 6.37336481934 -5.26484945068 13.0196686279 250.129770992 -73.4732824427 8.02290076336 END
START -3.9719805542 -8.84896933594 3.53623585205 250.129770992 -77.4885496183 9.03816793893 END
START -1.10372696533 -8.87051715088 12.1505734253 250.129770992 -91.1221374046 11.465648855 END
START 0.521935961914 -12.0428343506 3.9360675293 250.129770992 -93.0687022901 7.36641221374 END
START -0.277727392578 -5.69101734619 5.46596239014 250.129770992 -99.8625954198 0.931297709924 END
START -2.73178409424 -9.41160672607 8.33661018066 250.129770992 -104.717557252 6.89312977099 END
START -1.01753570557 -12.3875993896 5.14274516602 250.129770992 -92.6564885496 5.90839694656 END
START -4.99669886475 -11.2024695679 10.8624929321 250.129770992 -96.9236641221 9.0534351145 END
START 0.294486804199 -7.9918451416 6.41406624756 250.129770992 -94.0152671756 11.0381679389 END
START 2.06140762939 -12.2247936768 11.8225677979 250.129770992 -96.7099236641 6.3358778626 END
START 0.100556469727 -5.75326658936 8.05888278809 250.129770992 -104.213740458 -3.18320610687 END
START 1.8626888916 -8.80347950439 9.54568201904 250.129770992 -96.6641221374 12.641221374 END
START 2.61686241455 -11.4897737671 8.03254656982 250.129770992 -104.13740458 -0.229007633588 END
START 6.98149204102 -8.14028564453 9.98621512451 250.129770992 -95.1832061069 7.11450381679 END
START 1.22104284668 -9.30147344971 3.84748206787 250.129770992 -98.1908396947 3.46564885496 END
START -1.32159931641 -13.8384855957 9.46906756592 250.129770992 -103.549618321 5.86259541985 END
START 2.4875755249 -12.0380459473 13.6876508911 250.129770992 -91.534351145 3.91603053435 END
START -3.34948812256 -8.25281312256 9.95030209961 250.129770992 -86.7099236641 10.5877862595 END
START 3.84269366455 -8.99262143555 8.75080706787 250.129770992 -87.4045801527 11.9694656489 END
START 0.509964953613 -8.45871446533 8.09719001465 250.129770992 -83.0763358779 1.0 END
START -0.857124194336 -4.56334836426 15.8184903687 250.129770992 -75.7251908397 4.80916030534 END
START 0.962469067383 -8.78432589111 5.64552751465 250.129770992 -78.4732824427 4.71755725191 END
START 3.63918652344 -6.91445439453 8.73883605957 250.129770992 -76.3053435115 -2.73282442748 END
START 3.78283862305 -10.9295305786 11.3509100708 250.129770992 -72.106870229 1.77099236641 END
START 1.15161099854 -11.3173912476 9.90241806641 250.129770992 -77.7022900763 17.679389313 END
START 4.87459458008 -17.4657011108 4.8793829834 250.129770992 -73.7251908397 0.221374045802 END
START -0.349553442383 -6.90487758789 7.70454094238 250.129770992 -74.8702290076 -1.9465648855 END
START -1.7788918335 -7.93677850342 14.5495634888 250.129770992 -75.8473282443 5.09160305344 END
START 2.71981308594 -7.12753834229 10.6087075562 250.129770992 -74.3435114504 8.41221374046 END
START 7.76679018555 -8.49941589355 8.25760152588 250.129770992 -79.2977099237 4.48091603053 END
START 5.57848986816 -8.3102739624 6.53617053223 250.129770992 -68.5572519084 12.3282442748 END
START 8.20971749268 -13.3620394653 7.17781657715 250.129770992 -63.0916030534 9.82442748092 END
START 1.1899182251 -11.3676694824 7.02219346924 250.129770992 -65.2977099237 0.595419847328 END
START 1.76452662354 -8.14267984619 9.27753143311 250.129770992 -62.1297709924 -1.45038167939 END
START 13.2638771973 -10.1370498291 12.6006833374 250.129770992 -61.9694656489 -1.15267175573 END
START 4.74051928711 -9.16260975342 9.66060369873 250.129770992 -60.1145038168 5.15267175573 END
START 3.01908829346 -11.9805851074 9.08599530029 250.129770992 -61.7328244275 0.0916030534351 END
START -1.88902510986 -9.34217487793 12.6365963623 250.129770992 -48.4198473282 -2.76335877863 END
START 7.85537564697 -9.65820949707 7.59201346436 250.129770992 -54.0076335878 0.778625954198 END
START 2.20984813232 -9.26795462646 5.762843396 250.129770992 -52.0 6.12977099237 END
START 5.75326658936 -10.5153336914 10.6087075562 250.129770992 -63.3435114504 -0.679389312977 END
START 0.0742202514648 -10.7356002441 12.2607067017 250.129770992 -58.9160305344 -1.3358778626 END
START 0.373495458984 -11.0540290649 7.18260498047 250.129770992 -55.0229007634 11.3893129771 END
START 3.01429989014 -11.8536924194 4.75727869873 250.129770992 -54.8625954198 7.64885496183 END
START 5.90170709229 -4.88656558838 3.46440980225 250.129770992 -58.4427480916 4.6641221374 END
START 0.354341845703 -10.5440641113 5.39174213867 250.129770992 -60.7633587786 1.99236641221 END
START 4.68784685059 -7.27837304687 6.03578238525 250.129770992 -59.2290076336 11.9389312977 END
START 8.10676682129 -9.19134017334 7.22091220703 250.129770992 -62.8549618321 10.4503816794 END
START 3.88339509277 -8.61194337158 6.55053574219 250.129770992 -69.8702290076 -1.6641221374 END
START 4.01268198242 -12.1481792236 4.22816013184 250.129770992 -64.6488549618 4.9465648855 END
START -0.445321508789 -11.391611499 10.8720697388 250.129770992 -63.9083969466 6.35877862595 END
START 0.560243188477 -10.0436759644 11.1210667114 250.129770992 -79.7709923664 0.679389312977 END
START 4.19224710693 -11.4371013306 4.95360323486 250.129770992 -87.8015267176 5.0534351145 END
START 0.208295544434 -7.58004245605 11.7986257812 250.129770992 -83.465648855 7.87786259542 END
START 0.847547387695 -9.82580361328 11.0803652832 250.129770992 -92.8015267176 5.58778625954 END
START 2.15478149414 -7.66862791748 4.92008441162 250.129770992 -104.389312977 5.30534351145 END
START -2.66474644775 -7.31428607178 14.1760680298 250.129770992 -101.816793893 1.68702290076 END
START 4.06535441895 -13.3596452637 12.2176110718 250.129770992 -96.465648855 1.18320610687 END
START -1.2976572998 -3.76129080811 8.8154505127 250.129770992 -104.358778626 12.7786259542 END
START -1.41018477783 -7.05092388916 6.03099398193 250.129770992 -104.06870229 -2.76335877863 END
START -5.03261188965 -6.89051237793 8.28154354248 250.129770992 -107.244274809 15.0534351145 END
START -2.26252056885 -7.0126166626 9.70369932861 250.129770992 -104.229007634 13.4961832061 END
START 1.2378022583 -9.52892260742 6.05493599854 250.129770992 -103.877862595 0.0458015267176 END
START 7.81706842041 -2.92092602539 9.97903251953 250.129770992 -104.824427481 0.290076335878 END
START 4.39814844971 -13.7546885376 13.1848685425 250.129770992 -103.015267176 8.82442748092 END
START 2.34392342529 -11.384428894 7.13232674561 250.129770992 -104.961832061 8.90076335878 END
START 6.15549246826 -10.5895539429 4.5250411377 250.129770992 -104.58778626 4.82442748092 END
START -1.02711251221 -7.05810649414 7.601590271 250.129770992 -103.877862595 11.0076335878 END
START -2.20984813232 -10.8696755371 7.15387456055 250.129770992 -104.572519084 4.84732824427 END
START 5.34146390381 -4.98233365479 6.57208355713 250.129770992 -103.641221374 15.4351145038 END
START 1.64481654053 -9.01177504883 10.2950671387 250.129770992 -104.671755725 -2.75572519084 END
START -5.77002600098 -13.0699468628 7.21133540039 250.129770992 -104.083969466 5.43511450382 END
START -0.110133276367 -10.2783077271 5.05176550293 250.129770992 -105.160305344 5.70229007634 END
START -1.8028338501 -9.8784760498 14.8679923096 250.129770992 -105.450381679 9.41221374046 END
START 4.903325 -7.17063397217 8.28393774414 250.129770992 -86.786259542 6.51908396947 END
START 3.56736047363 -14.0419927368 5.70298835449 250.129770992 -73.1832061069 15.1526717557 END