START 4.80995113525 -9.05008227539 10.060435376 250.129770992 -80.9007633588 6.41984732824 END
START -3.42849677734 -7.54412943115 5.86579406738 250.129770992 -76.4580152672 4.70992366412 END
START 3.26569106445 -5.39413634033 6.27280834961 250.129770992 -79.213740458 -3.09923664122 END
START 6.66306322021 -8.40125362549 9.33499227295 250.129770992 -81.2748091603 3.52671755725 END
START -1.61369191895 -10.2280294922 5.69341154785 250.129770992 -77.8854961832 17.3282442748 END
START -1.40539637451 -3.14358677979 4.44363828125 250.129770992 -80.465648855 13.1679389313 END
START -4.18506450195 -14.0012913086 7.3310454834 250.129770992 -97.9847328244 -3.41984732824 END
START 0.222660754395 -1.90578452148 5.62637390137 250.129770992 -84.4198473282 13.358778626 END
START 1.03190091553 -9.55525882568 8.2983029541 250.129770992 -85.8320610687 5.82442748092 END
START 1.33596452637 -8.82023891602 7.76439598389 250.129770992 -73.4045801527 17.572519084 END
START -4.42687886963 -3.62003291016 6.92642540283 250.129770992 -79.1832061069 4.78625954198 END
START 0.790086547852 -6.92642540283 11.6262432617 250.129770992 -80.8625954198 0.152671755725 END
START 2.25533796387 -18.4521121948 9.44273134766 250.129770992 -82.8320610687 0.580152671756 END
START 0.347159240723 -10.067617981 8.77714328613 250.129770992 -92.9847328244 12.5954198473 END
START 1.36708914795 -7.04613548584 10.3884410034 250.129770992 -81.4122137405 -3.04580152672 END
START 5.62876810303 -12.0380459473 9.90960067139 250.129770992 -84.8702290076 -3.39694656489 END
START -2.03507141113 -7.41723674316 10.9582609985 250.129770992 -84.1374045802 11.6335877863 END
START 6.87135876465 0.404620080566 6.41885465088 250.129770992 -71.4045801527 -2.51145038168 END
START 1.18752402344 -5.7508723877 14.5495634888 250.129770992 -61.5114503817 5.77099236641 END
START -1.34793553467 -1.59453830566 7.9559321167 250.129770992 -68.7938931298 8.56488549618 END
START 5.03021768799 -9.45949075928 6.33266339111 250.129770992 -55.9389312977 6.75572519084 END
START 9.50498059082 -10.2400005005 4.79558592529 250.129770992 -57.1679389313 5.0534351145 END
START 8.39167681885 -5.39653054199 12.0284691406 250.129770992 -49.4732824427 13.2671755725 END
START 6.69897624512 -15.0020676025 7.53934102783 250.129770992 -54.9160305344 10.4732824427 END
START 0.469263525391 -10.7164466309 10.0364933594 250.129770992 -58.2671755725 -3.20610687023 END
START 3.03105930176 -12.5456166992 2.79642753906 250.129770992 -50.9389312977 3.23664122137 END
START 9.64384428711 -8.84178673096 5.70538255615 250.129770992 -35.8549618321 5.38167938931 END
START 1.56101948242 -2.61925661621 6.92163699951 250.129770992 -39.427480916 7.03053435115 END
START 12.5743471191 -7.66862791748 8.18338127441 250.129770992 -29.6259541985 2.37404580153 END
START 6.21295330811 -6.13633885498 5.269637854 250.129770992 -30.9236641221 7.82442748092 END
START 1.00795889893 -7.57285985107 6.29914456787 250.129770992 -34.320610687 22.9847328244 END
START 7.80749161377 -10.7427828491 -0.883460412598 250.129770992 -33.534351145 2.9465648855 END
START 7.72848295898 -7.90086547852 3.79480963135 250.129770992 -14.5572519084 0.793893129771 END
START 4.54180054932 -12.4618196411 7.12993254395 250.129770992 -23.3358778626 -1.69465648855 END
START -2.11647426758 -15.9142584351 7.6255322876 250.129770992 -35.1450381679 1.96183206107 END
START 3.67509954834 -13.6086422363 11.0731826782 250.129770992 -34.9007633588 -0.900763358779 END
START 0.667982263184 -3.58172568359 6.77319649658 250.129770992 -31.3435114504 -0.0458015267176 END
START -6.43082565918 -7.01740506592 6.64630380859 250.129770992 -36.679389313 4.62595419847 END
START -3.90254870605 -6.01902297363 5.66228692627 250.129770992 -42.3129770992 6.47328244275 END
START -6.44519086914 -10.2040874756 4.49391651611 250.129770992 -46.2366412214 9.80916030534 END
START -0.950498059082 -9.82819781494 9.90720646973 250.129770992 -50.6564885496 8.43511450382 END
START -3.53863005371 -9.02374605713 7.7332713623 250.129770992 -54.9694656489 1.79389312977 END
START -0.356736047363 -11.6693388916 5.74129558105 250.129770992 -66.7099236641 12.4427480916 END
START -2.4516625 -9.53371101074 6.11957944336 250.129770992 -78.7786259542 9.10687022901 END
START 1.81001645508 -4.84825836182 10.3740757935 250.129770992 -83.3740458015 3.12977099237 END
START 0.799663354492 -9.74440075684 5.91846650391 250.129770992 -77.3511450382 5.58015267176 END
START -1.11809217529 -6.40209523926 9.32062706299 250.129770992 -87.5496183206 16.465648855 END
START -4.15393988037 -2.41814367676 7.05092388916 250.129770992 -77.3740458015 5.70229007634 END
START -0.418985290527 -6.16028087158 5.06852491455 250.129770992 -82.8015267176 -3.13740458015 END
START -0.969651672363 -6.1650692749 6.27520255127 250.129770992 -88.5877862595 10.2213740458 END
START -5.04937130127 -10.7978494873 11.4418897339 250.129770992 -98.6183206107 6.06106870229 END
START -0.14604630127 -11.0348754517 8.58800135498 250.129770992 -103.86259542 -3.4427480916 END
START -0.869095202637 -5.08049592285 11.7866547729 250.129770992 -102.259541985 3.02290076336 END
START -3.53384165039 -11.7172229248 8.04691177979 250.129770992 -104.427480916 4.8320610687 END
START -4.09169063721 -5.74368978271 6.22971271973 250.129770992 -104.213740458 5.41221374046 END
START -1.08696755371 -4.39575424805 4.2664673584 250.129770992 -107.41221374 -3.03053435115 END
START -2.02310040283 -1.93212073975 8.56405933838 250.129770992 -98.0763358779 11.7328244275 END
START 4.09169063721 -8.71489404297 11.2886608276 250.129770992 -104.427480916 5.13740458015 END
START -3.62482131348 -11.6621562866 7.11556733398 250.129770992 -99.7175572519 11.0381679389 END
START -3.72058937988 -8.97107362061 8.73404765625 250.129770992 -93.4198473282 4.71755725191 END
START 4.36702382812 -7.08923111572 9.09078370361 250.129770992 -87.6717557252 1.96183206107 END
START 1.39103116455 -8.78193168945 5.29597407227 250.129770992 -74.9847328244 3.73282442748 END
START 3.4189199707 -5.52102902832 11.9207300659 250.129770992 -73.4122137405 7.25954198473 END
START 4.34787021484 -11.9590372925 3.93367332764 250.129770992 -63.0534351145 5.29007633588 END
START -2.31279880371 -9.98860932617 6.7899559082 250.129770992 -65.3129770992 8.97709923664 END
START -0.553060583496 -6.7301008667 6.63433280029 250.129770992 -81.8015267176 10.7480916031 END
START -2.87543619385 -4.32871660156 6.27759675293 250.129770992 -74.6335877863 4.96183206107 END
START 6.76122548828 -12.5025210693 8.98783303223 250.129770992 -78.8549618321 5.39694656489 END
START 9.69891092529 -8.5329347168 6.27520255127 250.129770992 -71.0916030534 9.14503816794 END
START 2.84191737061 -8.45392606201 6.79953271484 250.129770992 -75.4351145038 7.31297709924 END
START 10.8265799072 -9.70130512695 5.85621726074 250.129770992 -49.6030534351 -1.85496183206 END
START 5.52581743164 -10.2519715088 8.29112034912 250.129770992 -61.6641221374 6.96946564885 END
START 10.7475712524 -13.7331407227 12.3899935913 250.129770992 -57.4122137405 -1.12213740458 END
START 5.91128389893 -9.26077202148 9.26795462646 250.129770992 -56.893129771 14.9465648855 END
START -0.15322890625 -9.2296473999 9.12430252686 250.129770992 -57.5419847328 12.1221374046 END
START 9.86411083984 -9.82819781494 8.93755479736 250.129770992 -60.9541984733 -1.27480916031 END
START -1.73579620361 -7.43160195312 7.967903125 250.129770992 -53.8015267176 1.67938931298 END
START 5.43244356689 -6.90248338623 8.37970581055 250.129770992 -65.5954198473 -5.13740458015 END
START 2.09013804932 -11.9111532593 7.40047733154 250.129770992 -59.5038167939 -2.21374045802 END
START 2.06859023437 -8.67419261475 5.32709869385 250.129770992 -69.7328244275 7.42748091603 END
START 3.26808526611 -8.00621035156 8.44434925537 250.129770992 -50.0992366412 1.32824427481 END
START 3.50989963379 -10.8696755371 9.7348239502 250.129770992 -57.0763358779 12.4580152672 END
START 4.9512090332 -6.25604893799 9.71567033691 250.129770992 -62.4809160305 5.25190839695 END
START -1.34075292969 -7.49145699463 7.93438430176 250.129770992 -61.7099236641 -0.625954198473 END
START 6.21534750977 -11.3030260376 4.32871660156 250.129770992 -63.3740458015 5.80152671756 END
START 2.89937821045 -9.88326445312 6.61278498535 250.129770992 -68.7251908397 9.43511450382 END
START 2.06140762939 -8.70771143799 9.44751975098 250.129770992 -71.7557251908 4.54198473282 END
START 13.7283523193 -4.14436307373 3.75410820312 250.129770992 -75.0305343511 0.473282442748 END
START 3.08373173828 -9.99100352783 8.77235488281 250.129770992 -77.1832061069 1.03816793893 END
START -0.823605371094 -11.3820346924 1.5203180542 250.129770992 -93.0458015267 8.03816793893 END
START -0.871489404297 -2.33674082031 2.66474644775 250.129770992 -82.8778625954 -1.87022900763 END
START 7.87213505859 -3.9121255127 7.24964262695 250.129770992 -92.5419847328 8.29770992366 END
START 2.10689746094 -5.78199700928 6.82347473145 250.129770992 -97.6717557252 1.58778625954 END
START -4.50109912109 -5.62158549805 6.86178195801 250.129770992 -99.6488549618 -3.83969465649 END
START 4.34547601318 -7.9200190918 9.29668504639 250.129770992 -97.5038167939 15.6488549618 END
START 5.92325490723 -10.6398321777 8.62630858154 250.129770992 -108.923664122 2.28244274809 END
START 1.2976572998 -9.79228479004 4.44842668457 250.129770992 -103.992366412 2.32061068702 END
START -1.84353527832 -7.26400783691 8.8393925293 250.129770992 -101.20610687 10.9160305344 END
START 4.18985290527 1.99436998291 5.08767852783 250.129770992 -98.1679389313 -6.70229007634 END
START 4.93684382324 -11.2288057861 3.064578125 250.129770992 -97.7938931298 5.46564885496 END
START -0.191536132812 -13.5439987915 5.52581743164 250.129770992 -91.8778625954 4.29770992366 END
START 2.55700737305 -9.55765302734 7.3909005249 250.129770992 -94.6717557252 7.04580152672 END
START -1.2378022583 -11.0229044434 11.1138841064 250.129770992 -103.778625954 -3.86259541985 END
START 0.15083470459 -3.51947644043 3.04303031006 250.129770992 -98.6488549618 4.26717557252 END
START -0.998382092285 -5.10204373779 4.29998618164 250.129770992 -98.0610687023 -0.404580152672 END
START -2.86825358887 -9.74918916016 8.07803640137 250.129770992 -98.0458015267 1.91603053435 END
START 4.43884987793 -9.98621512451 8.49941589355 250.129770992 -95.0305343511 1.18320610687 END
START -2.32237561035 -1.41976158447 10.5177278931 250.129770992 -96.7709923664 7.8320610687 END
START -4.52025273438 -4.46997449951 11.3341506592 250.129770992 -104.954198473 8.50381679389 END
START 8.46589707031 -3.6894647583 7.28555565186 250.129770992 -97.6183206107 7.31297709924 END
START 5.30315667725 -11.9710083008 13.2758482056 250.129770992 -102.488549618 6.58015267176 END
START 10.3453453735 -11.9015764526 7.12993254395 250.129770992 -99.3664122137 9.47328244275 END
START 6.57208355713 -10.2352120972 5.10443793945 250.129770992 -87.1145038168 11.7938931298 END
START 3.65834013672 -8.15225665283 7.59919606934 250.129770992 -87.3893129771 5.68702290076 END
START 8.24802471924 -3.43807358398 11.8441156128 250.129770992 -80.9923664122 12.0 END
START 2.52588275146 -10.7092640259 6.24407792969 250.129770992 -80.6641221374 9.63358778626 END
START 1.85790048828 -0.723048901367 7.59919606934 250.129770992 -79.9847328244 9.38167938931 END
START 3.82832845459 -6.97909783936 5.85142885742 250.129770992 -62.3282442748 8.41221374046 END
START 6.95276162109 -10.8553103271 7.97029732666 250.129770992 -70.0763358779 -0.984732824427 END
START -0.208295544434 -11.0995188965 5.42765516357 250.129770992 -66.2595419847 0.603053435115 END
START -3.03824190674 -8.29590875244 7.92480749512 250.129770992 -64.8702290076 8.28244274809 END
START 5.56173045654 -13.5487871948 7.10599052734 250.129770992 -60.2671755725 2.29770992366 END
START 3.76847341309 -7.7093293457 7.33343968506 250.129770992 -62.3740458015 0.412213740458 END
START 1.64960494385 -10.666168396 6.22971271973 250.129770992 -51.3816793893 7.40458015267 END
START 3.73256038818 -8.99980404053 5.80354482422 250.129770992 -66.9160305344 9.04580152672 END
START -1.07978494873 -10.8026378906 6.51701691895 250.129770992 -64.6106870229 9.76335877863 END
START 1.65678754883 -9.19134017334 7.40765993652 250.129770992 -62.9083969466 10.5038167939 END