START -1.22104284668 -12.758700647 6.02141717529 250.129770992 -80.0458015267 0.832061068702 END
START -1.53707746582 -5.269637854 8.44913765869 250.129770992 -76.786259542 7.48091603053 END
START -2.04464821777 -11.6334258667 11.65257948 250.129770992 -65.3511450382 14.7633587786 END
START -1.2737152832 -9.62229647217 9.07402429199 250.129770992 -59.7175572519 4.90076335878 END
START -3.39258375244 -10.1897222656 10.4842090698 250.129770992 -69.2442748092 13.7480916031 END
START 6.73728347168 3.50750543213 5.42286676025 250.129770992 -80.9694656489 12.2290076336 END
START 4.93205541992 -5.5641246582 2.33195241699 250.129770992 -86.641221374 8.11450381679 END
START 4.12281525879 -4.61841500244 9.49300958252 250.129770992 -84.2213740458 -1.40458015267 END
START -1.42454998779 -9.30386765137 13.5727292114 250.129770992 -103.572519084 2.53435114504 END
START -2.32237561035 -13.2662713989 4.51546433105 250.129770992 -104.763358779 5.96183206107 END
START -8.65503900146 -9.96227310791 7.15387456055 250.129770992 -105.183206107 1.81679389313 END
START -4.11084425049 -13.9294652588 2.84909997559 250.129770992 -104.221374046 -0.435114503817 END
START -0.229843359375 -8.93994899902 9.47146176758 250.129770992 -92.9770992366 10.8549618321 END
START 5.93522591553 -12.9669961914 9.54328781738 250.129770992 -94.6335877863 10.427480916 END
START 1.1779472168 -6.29675036621 9.96227310791 250.129770992 -100.175572519 5.46564885496 END
START -3.00711728516 -1.2138602417 7.44357296143 250.129770992 -103.977099237 9.49618320611 END
START -2.03746561279 -7.91762489014 12.4330892212 250.129770992 -100.312977099 17.0534351145 END
START -2.87304199219 -2.96162745361 5.63834490967 250.129770992 -104.549618321 -2.83969465649 END
START 4.97036264648 -4.82671054687 9.89044705811 250.129770992 -97.5572519084 5.72519083969 END
START 8.53054051514 -12.0164981323 6.58405456543 250.129770992 -102.824427481 7.45801526718 END
START -0.490811340332 -8.5089927002 11.5472346069 250.129770992 -79.6335877863 3.39694656489 END
START -2.08056124268 -8.14267984619 6.21534750977 250.129770992 -71.7786259542 -3.19083969466 END
START 4.2544963501 -11.0636058716 10.1394440308 250.129770992 -65.2061068702 5.63358778626 END
START -5.1738697876 -13.5487871948 9.39245311279 250.129770992 -63.0458015267 8.06870229008 END
START 3.32075770264 -9.05726488037 12.5958949341 250.129770992 -64.5801526718 14.2213740458 END
START 6.45716187744 -5.34864650879 5.42047255859 250.129770992 -62.2442748092 11.2442748092 END
START 10.2735193237 -8.79869110107 12.7323644287 250.129770992 -58.8549618321 2.27480916031 END
START -0.809240161133 -11.8512982178 5.11640894775 250.129770992 -33.4809160305 10.2900763359 END
START 5.32949289551 -5.69101734619 6.30872137451 250.129770992 -19.2366412214 5.38167938931 END
START 6.28477935791 -9.16260975342 7.43878455811 250.129770992 -26.7938931298 2.36641221374 END
START 4.9512090332 -7.78594379883 8.39646522217 250.129770992 -34.0305343511 1.41984732824 END
START 8.6526447998 -6.75164868164 8.214505896 250.129770992 -27.4198473282 -1.68702290076 END
START 6.39730683594 -4.25928475342 9.79946739502 250.129770992 -29.9389312977 16.1374045802 END
START 0.663193859863 -10.4961800781 10.158597644 250.129770992 -36.1145038168 10.0534351145 END
START 3.52426484375 -11.3102086426 6.95276162109 250.129770992 -33.2671755725 -1.47328244275 END
START -1.1540052002 -2.76051451416 3.15076938477 250.129770992 -34.7328244275 11.3740458015 END
START 3.56257207031 -10.6398321777 11.2695072144 250.129770992 -36.6335877863 6.09923664122 END
START -0.440533105469 -9.97663831787 9.44273134766 250.129770992 -35.1526717557 5.41984732824 END
START 6.49307490234 -11.3413332642 8.43477244873 250.129770992 -32.9083969466 0.229007633588 END
START 13.5583640015 -8.46110866699 5.71256516113 250.129770992 -32.5114503817 9.08396946565 END
START 3.37343013916 -7.46512077637 5.76523759766 250.129770992 -44.8244274809 5.96946564885 END
START 1.56341368408 -8.39885942383 3.32554610596 250.129770992 -47.9160305344 10.9770992366 END
START 8.65743320312 -7.88171186523 9.86411083984 250.129770992 -41.8244274809 19.6870229008 END
START 2.7341782959 -9.54568201904 9.93114848633 250.129770992 -45.7328244275 7.32824427481 END
START 3.08373173828 -6.8019269165 8.78193168945 250.129770992 -52.7557251908 -1.32824427481 END
START 1.09175595703 -11.2168347778 5.36780012207 250.129770992 -53.2442748092 14.8854961832 END
START 6.61517918701 -10.8217915039 8.3222449707 250.129770992 -53.8320610687 4.09160305344 END
START -2.64080443115 -7.58004245605 11.8321446045 250.129770992 -59.9160305344 2.83969465649 END
START 4.33111080322 -9.76594857178 11.4873795654 250.129770992 -59.0152671756 6.24427480916 END
START 0.167594116211 -12.1649386353 6.15070406494 250.129770992 -69.8778625954 4.90839694656 END
START -0.320823022461 -9.16021555176 5.37258852539 250.129770992 -63.6717557252 10.6717557252 END
START 1.52989486084 -6.64390960693 1.63284553223 250.129770992 -86.1755725191 1.87786259542 END
START -2.74854350586 -6.21295330811 6.19619389648 250.129770992 -79.9923664122 18.6106870229 END
START 2.27449157715 -2.12365687256 8.9351605957 250.129770992 -78.7099236641 0.786259541985 END
START 1.05105452881 -12.7084224121 8.23365950928 250.129770992 -86.3282442748 9.23664122137 END
START -6.56250675049 -8.88248815918 8.64785639648 250.129770992 -107.458015267 8.00763358779 END
START 0.565031591797 -9.56483563232 8.14746824951 250.129770992 -90.0 13.3511450382 END
START 0.361524450684 -7.00782825928 7.86255825195 250.129770992 -95.9770992366 4.45038167939 END
START -2.76051451416 -10.8888291504 9.5480762207 250.129770992 -90.7786259542 8.16030534351 END
START 5.15711037598 -0.227449157715 7.65665690918 250.129770992 -101.175572519 4.83969465649 END
START 2.25054956055 -8.73644185791 2.65277543945 250.129770992 -104.290076336 9.48854961832 END
START -2.1811177124 -7.72369455566 10.9654436035 250.129770992 -96.7480916031 2.48091603053 END
START 0.706289489746 -7.79312640381 9.43554874268 250.129770992 -104.381679389 7.78625954198 END
START 7.81946262207 -6.34942280273 10.6565915894 250.129770992 -103.328244275 4.11450381679 END
START 6.18661708984 -10.7451770508 6.86657036133 250.129770992 -97.3358778626 1.59541984733 END
START -3.92888492432 -4.96796844482 9.44512554932 250.129770992 -104.038167939 7.56488549618 END
START -3.35667072754 -15.0427690308 9.86171663818 250.129770992 -89.1297709924 3.9465648855 END
START 1.11090957031 -7.59919606934 10.4866032715 250.129770992 -92.2900763359 2.0534351145 END
START -1.56341368408 -5.48990440674 8.01099875488 250.129770992 -75.0076335878 -1.96946564885 END
START 3.78044442139 -7.26400783691 10.1992990723 250.129770992 -72.6335877863 5.27480916031 END
START 1.89620771484 -7.45554396973 8.31506236572 250.129770992 -73.3893129771 7.20610687023 END
START -2.19069451904 -9.19852277832 2.98078106689 250.129770992 -84.9312977099 12.9694656489 END
START 12.392387793 -6.05493599854 5.79636221924 250.129770992 -70.2213740458 3.3358778626 END
START 5.2456958374 -10.9247421753 4.20421811523 250.129770992 -77.8702290076 12.5954198473 END
START -1.96085115967 -4.86022937012 10.5512467163 250.129770992 -55.8854961832 18.2213740458 END
START 0.3064578125 -2.1811177124 4.3502644165 250.129770992 -59.7099236641 -1.08396946565 END
START 1.98239897461 -9.72045874023 0.866701000977 250.129770992 -54.427480916 7.07633587786 END
START -3.7253777832 -15.0810762573 10.3214033569 250.129770992 -57.0381679389 4.21374045802 END
START 0.749385119629 -10.060435376 2.83234056396 250.129770992 -45.0381679389 11.6946564885 END
START 3.73495458984 -14.2790187012 4.45321508789 250.129770992 -51.8167938931 13.2824427481 END
START -1.20907183838 -10.8744639404 9.56483563232 250.129770992 -50.8549618321 1.46564885496 END
START -4.81234533691 -12.3445037598 8.66701000977 250.129770992 -58.7404580153 4.26717557252 END
START 10.9869914185 -12.8616513184 10.2232410889 250.129770992 -54.8702290076 14.8549618321 END
START 4.67587584229 -13.7355349243 10.3573163818 250.129770992 -65.8778625954 6.4427480916 END
START -0.646434448242 -12.4761848511 8.67419261475 250.129770992 -54.7709923664 4.7786259542 END
START -1.66397015381 -8.9112185791 7.60398447266 250.129770992 -62.465648855 8.81679389313 END
START 6.52659372559 -17.7099096802 7.18499918213 250.129770992 -55.9618320611 2.81679389313 END
START -0.0167594116211 -13.7714479492 3.87381828613 250.129770992 -64.7786259542 2.29770992366 END
START 2.16435830078 -8.47786807861 10.2016932739 250.129770992 -62.2290076336 6.70229007634 END
START -1.67594116211 -15.5383687744 4.70221206055 250.129770992 -77.2671755725 3.79389312977 END
START 0.244208569336 -10.5105452881 5.97832154541 250.129770992 -83.6870229008 6.8320610687 END
START -4.74051928711 -7.53455262451 7.38611212158 250.129770992 -86.3053435115 1.57251908397 END
START 4.9512090332 -0.16041151123 7.79791480713 250.129770992 -98.2366412214 -0.0152671755725 END
START -4.08450803223 -11.0133276367 7.86734665527 250.129770992 -104.954198473 1.78625954198 END
START 1.07739074707 -14.7530706299 5.25048424072 250.129770992 -102.0 1.06870229008 END
START -0.952892260742 -11.4682259521 8.93037219238 250.129770992 -104.335877863 13.0458015267 END
START 1.86029468994 -15.8424323853 8.28154354248 250.129770992 -104.595419847 6.16030534351 END
START -5.98071574707 -10.2543657104 5.84903465576 250.129770992 -103.770992366 5.90839694656 END
START -1.76931502686 -4.73573088379 9.07881269531 250.129770992 -104.06870229 2.80916030534 END
START 5.5401826416 0.430956298828 4.26167895508 250.129770992 -104.175572519 12.3816793893 END
START -1.70706578369 -4.73094248047 4.31674559326 250.129770992 -103.992366412 2.22900763359 END
START -0.272938989258 -9.82101520996 9.06444748535 250.129770992 -104.061068702 10.3282442748 END
START 1.34554133301 -10.1777512573 9.84735142822 250.129770992 -105.694656489 9.15267175573 END
START -4.40772525635 -8.04691177979 9.35893428955 250.129770992 -104.58778626 5.50381679389 END
START 1.15879360352 -11.9494604858 8.30548555908 250.129770992 -103.86259542 9.9465648855 END
START -4.47236870117 -1.76931502686 2.95923325195 250.129770992 -104.633587786 10.893129771 END
START 10.5560351196 -7.17781657715 11.1952869629 250.129770992 -105.34351145 2.11450381679 END
START -2.84909997559 -4.2305543335 12.6342021606 250.129770992 -104.290076336 -3.22900763359 END