START 2.98556947021 -6.86417615967 6.79953271484 250.129770992 -77.5648854962 12.8702290076 END
START 2.40856687012 -6.58644876709 5.28400306396 250.129770992 -80.4045801527 7.73282442748 END
START -0.964863269043 -9.2416184082 9.4642791626 250.129770992 -88.2519083969 1.53435114504 END
START -0.172382519531 -13.9581956787 6.59123717041 250.129770992 -83.2595419847 3.83969465649 END
START 1.37427175293 -10.6781394043 7.94635531006 250.129770992 -94.3053435115 9.87786259542 END
START -0.371101257324 -12.2894371216 10.0149455444 250.129770992 -89.5648854962 11.2595419847 END
START 4.26167895508 -2.85628258057 7.72848295898 250.129770992 -77.6641221374 11.0458015267 END
START 2.66474644775 -7.05810649414 6.61039078369 250.129770992 -86.3740458015 4.04580152672 END
START -1.40060797119 -17.8248313599 7.46990917969 250.129770992 -94.0152671756 16.2748091603 END
START 1.27610948486 -8.24323631592 8.2863319458 250.129770992 -88.0687022901 6.95419847328 END
START -0.282515795898 -10.9534725952 7.53215842285 250.129770992 -104.290076336 -2.49618320611 END
START 0.548272180176 -15.1912095337 8.42040723877 250.129770992 -91.9694656489 12.0916030534 END
START 0.418985290527 -7.77636699219 5.84185205078 250.129770992 -98.7328244275 10.0229007634 END
START -1.05584293213 -10.4961800781 4.58010777588 250.129770992 -99.9236641221 4.25190839695 END
START -2.85867678223 -12.8185556885 10.6877162109 250.129770992 -96.9770992366 6.98473282443 END
START 6.92403120117 -9.96706151123 5.84424625244 250.129770992 -105.396946565 17.4885496183 END
START 0.102950671387 -5.86818826904 2.71263048096 250.129770992 -103.641221374 15.465648855 END
START -1.62087452393 -1.84353527832 11.7244055298 250.129770992 -105.099236641 7.16030534351 END
START 4.73573088379 -3.01429989014 16.534356665 250.129770992 -96.7557251908 5.5572519084 END
START 4.01028778076 -10.4889974731 9.8784760498 250.129770992 -73.7175572519 2.2213740458 END
START 12.3540805664 -10.6829278076 8.75320126953 250.129770992 -67.1984732824 15.4351145038 END
START 6.41406624756 -7.22330640869 10.778695874 250.129770992 -66.8778625954 17.427480916 END
START 5.63116230469 -9.21288798828 9.43554874268 250.129770992 -63.1603053435 5.6641221374 END
START 3.37582434082 -2.02310040283 13.1585323242 250.129770992 -66.4351145038 7.54198473282 END
START 14.1018477783 -6.15070406494 5.52342322998 250.129770992 -68.5267175573 7.22900763359 END
START 1.82438166504 -13.251906189 8.59518395996 250.129770992 -95.5190839695 4.99236641221 END
START 9.96227310791 -12.1481792236 7.25443103027 250.129770992 -89.7099236641 9.98473282443 END
START 2.04225401611 -8.58321295166 5.65989272461 250.129770992 -52.8320610687 9.57251908397 END
START 1.75255561523 -10.0029745361 4.8793829834 250.129770992 -42.5954198473 9.20610687023 END
START 3.33033450928 -10.5009684814 9.35893428955 250.129770992 -39.2213740458 3.58778625954 END
START 0.490811340332 -9.71806453857 6.73249506836 250.129770992 -32.5648854962 7.06870229008 END
START 3.67749375 -9.00938084717 6.64390960693 250.129770992 -41.7175572519 11.3282442748 END
START 6.36857641602 -11.3102086426 5.90170709229 250.129770992 -34.358778626 -5.12977099237 END
START 4.72615407715 -5.7508723877 6.30393297119 250.129770992 -31.5114503817 12.9007633588 END
START -0.957680664062 -11.5208983887 5.90410129395 250.129770992 -33.2519083969 7.25954198473 END
START 5.5401826416 -14.1617028198 9.10993731689 250.129770992 -32.7099236641 0.0610687022901 END
START -0.031124621582 -10.8193973022 8.15225665283 250.129770992 -30.7480916031 11.3053435115 END
START -0.871489404297 -9.99579193115 2.92810863037 250.129770992 -30.320610687 13.2061068702 END
START -0.92655604248 -12.5025210693 -1.37427175293 250.129770992 -31.7404580153 8.32061068702 END
START 1.19231242676 -9.43076033936 13.1345903076 250.129770992 -33.2061068702 -1.01526717557 END
START 3.25132585449 -15.3755630615 8.947131604 250.129770992 -38.2213740458 8.17557251908 END
START 3.78523282471 -16.4266175903 7.17063397217 250.129770992 -42.5038167939 -3.41984732824 END
START -0.713472094727 -8.45392606201 6.06690700684 250.129770992 -58.3129770992 16.320610687 END
START 1.64002813721 -11.5448404053 6.80910952148 250.129770992 -57.786259542 2.76335877863 END
START -4.80516273193 -8.38449421387 6.71334145508 250.129770992 -51.9236641221 12.2748091603 END
START 13.1058598877 -11.5472346069 4.92487281494 250.129770992 -65.1145038168 6.64885496183 END
START 1.56101948242 -9.68215151367 4.02704719238 250.129770992 -71.7633587786 16.6641221374 END
START -4.25210214844 -9.39005891113 9.07881269531 250.129770992 -84.6106870229 6.5572519084 END
START -2.49715233154 -1.30483990479 8.48744488525 250.129770992 -97.2290076336 3.65648854962 END
START 1.40060797119 -6.77559069824 6.87614716797 250.129770992 -99.7022900763 7.09160305344 END
START 1.84114107666 -10.3932294067 8.00621035156 250.129770992 -100.488549618 0.557251908397 END
START -1.92972653809 -7.11556733398 12.6653267822 250.129770992 -105.41221374 13.6106870229 END
START -0.560243188477 -13.9151000488 7.91044228516 250.129770992 -106.923664122 12.1145038168 END
START 3.17231719971 -14.6668793701 10.4746322632 250.129770992 -104.86259542 15.0916030534 END
START -5.55933625488 -13.6541320679 3.1364041748 250.129770992 -104.297709924 12.6030534351 END
START 2.26970317383 -9.83538041992 8.42758984375 250.129770992 -104.496183206 9.39694656489 END
START -4.11563265381 -12.1625444336 6.31350977783 250.129770992 -101.900763359 -0.69465648855 END
START -4.07732542725 -7.77636699219 7.4028715332 250.129770992 -104.435114504 1.46564885496 END
START -2.52827695312 -8.26478413086 9.69891092529 250.129770992 -97.7022900763 11.0763358779 END
START 2.55700737305 -11.0133276367 11.4610433472 250.129770992 -104.473282443 9.58778625954 END
START 2.36307703857 -10.9175595703 9.44512554932 250.129770992 -93.2595419847 8.54198473282 END
START 9.64863269043 -5.76763179932 11.1761333496 250.129770992 -104.694656489 3.6641221374 END
START -3.9121255127 -11.0827594849 10.8337625122 250.129770992 -102.519083969 3.82442748092 END
START 6.44040246582 -10.4219598267 8.9351605957 250.129770992 -104.190839695 15.1832061069 END
START 3.48835181885 -10.3118265503 14.6094185303 250.129770992 -106.557251908 14.0992366412 END
START 6.22253011475 -11.2311999878 7.70214674072 250.129770992 -89.8320610687 8.10687022901 END
START 0.363918652344 -10.6446205811 4.80037432861 250.129770992 -72.8702290076 9.17557251908 END
START 7.45314976807 -6.31111557617 10.307038147 250.129770992 -96.358778626 0.778625954198 END
START 6.51941112061 -1.55862528076 16.6349131348 250.129770992 -78.4580152672 11.0 END
START -2.54024796143 -7.20175859375 6.61517918701 250.129770992 -69.8244274809 4.0 END
START 2.7102362793 -7.7332713623 8.53054051514 250.129770992 -67.4961832061 14.9007633588 END
START 10.9869914185 -14.2766244995 5.82988104248 250.129770992 -60.9389312977 13.7251908397 END
START 8.39885942383 -10.8098204956 7.967903125 250.129770992 -57.358778626 17.3358778626 END
START 4.63038601074 -11.3173912476 10.8385509155 250.129770992 -48.2442748092 -0.778625954198 END
START 1.61369191895 -14.5136504639 3.21301862793 250.129770992 -46.572519084 -0.610687022901 END
START 4.08929643555 -11.750741748 5.66707532959 250.129770992 -55.534351145 -3.43511450382 END
START 5.94480272217 -7.967903125 5.71017095947 250.129770992 -49.213740458 -3.18320610687 END
START -2.41096107178 -4.80516273193 1.17315881348 250.129770992 -39.534351145 9.31297709924 END
START -6.43082565918 -13.0412164429 4.41490786133 250.129770992 -41.5190839695 -3.75572519084 END
START -1.1899182251 -15.0164328125 5.13556256104 250.129770992 -39.9160305344 9.51145038168 END
START -5.23611903076 -2.37744224854 7.17302817383 250.129770992 -41.0381679389 8.32061068702 END
START 7.46751497803 -11.7962315796 8.07324799805 250.129770992 -47.5114503817 4.19847328244 END
START -0.201112939453 -11.3461216675 8.22408270264 250.129770992 -44.4503816794 4.18320610687 END
START 0.215478149414 -11.8752402344 8.214505896 250.129770992 -58.1908396947 13.3664122137 END
START -8.22168850098 -11.2982376343 9.5241342041 250.129770992 -70.2900763359 -0.656488549618 END
START -6.3637880127 -11.7196171265 9.8784760498 250.129770992 -71.7938931298 0.557251908397 END
START -2.77966812744 -9.93114848633 5.68862314453 250.129770992 -64.6030534351 10.1755725191 END
START -3.31596929932 -12.1793038452 6.23450112305 250.129770992 -82.9923664122 12.9541984733 END
START -0.409408483887 -19.6133 15.4856963379 250.129770992 -94.0687022901 -1.6641221374 END
START 0.45250411377 -8.04451757812 11.8441156128 250.129770992 -89.9541984733 9.09923664122 END
START -1.42694418945 -7.53934102783 6.61757338867 250.129770992 -104.198473282 6.75572519084 END
START 0.787692346191 -2.25054956055 7.6853873291 250.129770992 -104.122137405 3.74809160305 END
START 2.52588275146 -10.9941740234 7.65905111084 250.129770992 -104.076335878 10.8854961832 END
START -1.88184250488 -15.4761195312 5.69580574951 250.129770992 -104.580152672 -0.862595419847 END
START 0.670376464844 -6.1530982666 9.64863269043 250.129770992 -104.160305344 -1.93129770992 END
START -8.65503900146 -10.2567599121 5.57130726318 250.129770992 -105.213740458 1.42748091603 END
START 1.92254393311 -16.0363627197 7.23767161865 250.129770992 -104.72519084 -2.81679389313 END
START 2.85628258057 -6.11239683838 5.27921466064 250.129770992 -104.687022901 6.87022900763 END
START 4.93684382324 -14.604630127 7.46033237305 250.129770992 -101.893129771 13.1450381679 END
START 4.29280357666 -12.0859299805 6.0573302002 250.129770992 -104.083969466 3.77099236641 END
START 0.227449157715 -3.27287366943 7.88410606689 250.129770992 -104.419847328 0.18320610687 END
START -2.12844527588 -9.62708487549 10.2687309204 250.129770992 -95.9847328244 0.229007633588 END
START 3.37821854248 -5.5401826416 12.7012398071 250.129770992 -98.7404580153 6.96946564885 END
START -0.687135876465 -11.6693388916 10.3692873901 250.129770992 -107.320610687 9.09160305344 END
START -2.56418997803 -6.53377633057 8.50181009521 250.129770992 -99.9541984733 7.49618320611 END
START -1.69270057373 -7.64468590088 13.3357032471 250.129770992 -105.404580153 9.22900763359 END
START 4.93684382324 -5.93043751221 8.44195505371 250.129770992 -105.511450382 5.01526717557 END