START -0.136469494629 -9.4762501709 10.2016932739 250.129770992 -106.122137405 7.63358778626 END
START -1.27610948486 -8.51138690186 8.87769975586 250.129770992 -102.221374046 12.2061068702 END
START 1.40060797119 -9.24401260986 6.42603725586 250.129770992 -104.664122137 7.83969465649 END
START 4.13718046875 -10.2304236938 12.8353151001 250.129770992 -89.0916030534 2.3893129771 END
START -2.4277204834 -9.14106193848 5.11162054443 250.129770992 -84.3816793893 8.95419847328 END
START -0.203507141113 -3.86663568115 4.14915147705 250.129770992 -77.8396946565 2.95419847328 END
START 0.629675036621 -6.07408961182 8.71010563965 250.129770992 -73.1679389313 5.96183206107 END
START 3.23456644287 -9.70369932861 14.590264917 250.129770992 -84.8625954198 11.4351145038 END
START 7.48188018799 -5.14513936768 7.19218178711 250.129770992 -70.4045801527 13.0534351145 END
START -0.0215478149414 -5.03021768799 5.95198532715 250.129770992 -58.9465648855 6.46564885496 END
START 0.0407014282227 -8.14028564453 7.87213505859 250.129770992 -64.1832061069 -1.65648854962 END
START 2.1571756958 -7.44836136475 6.63193859863 250.129770992 -54.1526717557 3.48091603053 END
START -2.04943662109 -12.4211182129 5.8466404541 250.129770992 -61.358778626 3.45038167939 END
START 10.0436759644 -14.3149317261 7.0006456543 250.129770992 -64.0839694656 4.09923664122 END
START 3.94325013428 -10.7810900757 8.50181009521 250.129770992 -68.465648855 8.02290076336 END
START 0.45250411377 -4.537012146 5.85382305908 250.129770992 -59.427480916 0.221374045802 END
START 6.43800826416 -8.58800135498 9.70369932861 250.129770992 -58.358778626 4.22900763359 END
START 3.51229383545 -5.33906970215 8.58560715332 250.129770992 -69.6870229008 -0.24427480916 END
START 4.74530769043 -4.2305543335 8.38688841553 250.129770992 -55.1832061069 9.0 END
START 5.882553479 -9.7827079834 6.11239683838 250.129770992 -52.534351145 16.0381679389 END
START 2.73657249756 -8.02057556152 7.76679018555 250.129770992 -54.534351145 -1.72519083969 END
START 0.208295544434 -9.85692823486 10.2232410889 250.129770992 -66.6488549618 6.58778625954 END
START 6.47631549072 -8.44913765869 11.3054202393 250.129770992 -70.3740458015 2.67175572519 END
START -2.43729729004 -8.68376942139 8.03015236816 250.129770992 -51.3816793893 14.2671755725 END
START -2.84909997559 -10.4818148682 9.88326445312 250.129770992 -52.7328244275 16.5572519084 END
START 2.31040460205 -10.5608235229 3.65594593506 250.129770992 -55.0076335878 -1.59541984733 END
START 2.18351191406 -9.40442412109 3.83551105957 250.129770992 -44.5038167939 6.11450381679 END
START -2.45405670166 -3.89297189941 5.75805499268 250.129770992 -47.5954198473 5.91603053435 END
START -1.57059628906 -10.1897222656 2.7940333374 250.129770992 -64.7786259542 15.4427480916 END
START -1.11330377197 -7.74045396729 9.92396588135 250.129770992 -52.7175572519 12.5954198473 END
START -1.29047469482 -13.0148802246 13.6014596313 250.129770992 -50.3740458015 -3.1679389313 END
START -6.17943448486 -2.93289703369 4.53940634766 250.129770992 -59.9541984733 4.64885496183 END
START -3.16274039307 -7.9319901001 8.98065042725 250.129770992 -63.5190839695 3.07633587786 END
START 1.65918175049 -12.4666080444 12.5863181274 250.129770992 -62.4122137405 5.42748091603 END
START -2.51630594482 -14.8679923096 4.20421811523 250.129770992 -75.2900763359 8.6641221374 END
START 1.91775552979 -6.81868632812 9.15542714844 250.129770992 -73.3664122137 21.4809160305 END
START -4.04141240234 -9.07881269531 5.85142885742 250.129770992 -81.6106870229 7.92366412214 END
START 0.15562310791 -11.5472346069 7.43160195312 250.129770992 -89.786259542 5.19083969466 END
START -2.58094938965 -8.10676682129 5.00148726807 250.129770992 -102.557251908 8.21374045802 END
START 1.5562310791 -10.0077629395 8.57842454834 250.129770992 -93.0229007634 10.7404580153 END
START 1.30483990479 -6.45476767578 16.9868607788 250.129770992 -85.6335877863 4.09923664122 END
START 0.505176550293 -6.65827481689 5.64073911133 250.129770992 -93.1221374046 7.39694656489 END
START -5.15471617432 -16.2446582642 12.3421095581 250.129770992 -86.641221374 13.2824427481 END
START 1.8507178833 -8.35097539062 10.7260234375 250.129770992 -101.526717557 4.13740458015 END
START -4.67108743896 -5.64073911133 6.77559069824 250.129770992 -92.7175572519 6.37404580153 END
START 1.99436998291 -9.76834277344 6.15549246826 250.129770992 -95.2671755725 7.90076335878 END
START 4.69024105225 -11.2000753662 5.93522591553 250.129770992 -94.534351145 4.99236641221 END
START 3.45722719727 -8.46829127197 8.79150849609 250.129770992 -108.312977099 -1.3893129771 END
START 0.524330163574 -10.0340991577 7.45075556641 250.129770992 -77.8625954198 4.21374045802 END
START 3.65834013672 -10.3573163818 9.75637176514 250.129770992 -83.5190839695 -0.900763358779 END
START 2.29125098877 -11.2766898193 7.67102211914 250.129770992 -78.2442748092 9.06870229008 END
START 1.61129771729 -7.00303985596 14.9398183594 250.129770992 -78.3435114504 12.2748091603 END
START 0.0191536132812 -10.6494089844 9.25119521484 250.129770992 -70.4732824427 4.54198473282 END
START 2.94965644531 -7.73566556396 12.2583125 250.129770992 -70.2519083969 4.79389312977 END
START 5.95198532715 -9.37808790283 11.4418897339 250.129770992 -58.9847328244 -3.20610687023 END
START 1.89381351318 -4.41490786133 1.38624276123 250.129770992 -68.0 10.7633587786 END
START 1.99197578125 -6.40927784424 7.20175859375 250.129770992 -71.9923664122 17.1145038168 END
START 0.0383072265625 -13.3524626587 9.57680664062 250.129770992 -69.5190839695 -4.69465648855 END
START -1.50116444092 -10.6398321777 11.5137157837 250.129770992 -58.5877862595 9.75572519084 END
START 3.3590649292 -4.60404979248 9.84495722656 250.129770992 -56.4809160305 6.14503816794 END
START -0.500388146973 -2.04704241943 6.41885465088 250.129770992 -56.534351145 3.87786259542 END
START 5.43723197021 -15.1457197021 7.51539901123 250.129770992 -58.7404580153 11.1603053435 END
START 2.98317526855 -2.25533796387 7.13472094727 250.129770992 -51.9389312977 8.83969465649 END
START -3.57454307861 -9.33738647461 4.90811340332 250.129770992 -57.6870229008 -0.412213740458 END
START -3.45243879395 -11.1809217529 9.27753143311 250.129770992 -56.8167938931 13.4885496183 END
START -1.62087452393 -9.43554874268 11.0420580566 250.129770992 -53.9007633588 8.1679389313 END
START -1.5203180542 -11.9925561157 7.82903942871 250.129770992 -75.0076335878 15.3435114504 END
START 12.2822545166 -13.9031290405 7.27837304687 250.129770992 -66.8167938931 9.23664122137 END
START 4.97754525146 -4.97993945312 5.19062919922 250.129770992 -68.6564885496 9.32824427481 END
START -1.55144267578 -6.64151540527 8.16183345947 250.129770992 -75.106870229 14.9465648855 END
START 8.37252320557 -10.3549221802 6.17464608154 250.129770992 -55.786259542 2.2213740458 END
START 2.30801040039 -13.0699468628 5.34146390381 250.129770992 -84.7938931298 -0.00763358778626 END
START 6.56011254883 -10.9175595703 1.56341368408 250.129770992 -74.1908396947 10.1603053435 END
START -2.66235224609 -1.08936175537 0.900219824219 250.129770992 -72.4351145038 13.5877862595 END
START -0.782903942871 -10.0125513428 2.37265384521 250.129770992 -92.2595419847 0.954198473282 END
START -0.342370837402 -8.35815799561 9.24401260986 250.129770992 -85.0687022901 7.95419847328 END
START 5.46356818848 -5.88973608398 7.74284816895 250.129770992 -83.9618320611 -1.92366412214 END
START -2.41335527344 -9.68454571533 2.22181914063 250.129770992 -93.6717557252 3.53435114504 END
START -2.55461317139 -11.9446720825 4.04141240234 250.129770992 -95.6259541985 -3.46564885496 END
START 5.57370146484 -11.0492406616 8.64785639648 250.129770992 -94.0992366412 8.06870229008 END
START 1.62326872559 -5.61679709473 2.0733786377 250.129770992 -102.809160305 2.70229007634 END
START 4.537012146 -9.55765302734 6.9767036377 250.129770992 -95.8778625954 -5.29007633588 END
START -1.57059628906 -7.14190355225 4.30716878662 250.129770992 -105.099236641 2.58015267176 END
START 4.80755693359 -15.7562411255 10.6685625977 250.129770992 -102.465648855 7.19847328244 END
START -4.02704719238 -4.75967290039 5.39653054199 250.129770992 -95.1526717557 0.206106870229 END
START 2.84670577393 -8.33182177734 9.76834277344 250.129770992 -97.1832061069 11.7328244275 END
START -0.979228479004 -9.93833109131 5.12598575439 250.129770992 -91.8396946565 9.06106870229 END
START 1.55144267578 -10.0197339478 11.1282493164 250.129770992 -81.0152671756 15.0076335878 END
START -2.09971485596 -10.0700121826 7.33343968506 250.129770992 -99.5648854962 6.15267175573 END
START -1.73340200195 -11.4371013306 7.06768330078 250.129770992 -97.893129771 5.74809160305 END
START -3.25850845947 -8.64785639648 11.0229044434 250.129770992 -106.458015267 4.04580152672 END
START -1.88902510986 -8.64546219482 5.21935961914 250.129770992 -105.145038168 2.17557251908 END
START -0.866701000977 -8.26717833252 11.1976811646 250.129770992 -98.6564885496 6.87022900763 END
START 0.179565124512 -6.88332977295 6.62236179199 250.129770992 -103.748091603 2.57251908397 END
START 3.99352836914 -9.60793126221 11.1641623413 250.129770992 -98.3358778626 3.16030534351 END
START 4.80995113525 -3.37343013916 10.2519715088 250.129770992 -91.4580152672 -3.0534351145 END
START 4.28322677002 -10.3333743652 6.36857641602 250.129770992 -101.183206107 4.78625954198 END
START -0.248996972656 -10.8816465454 5.01345827637 250.129770992 -75.1679389313 2.16030534351 END
START -4.0198645874 -4.43406147461 5.65271011963 250.129770992 -78.1755725191 9.89312977099 END
START 1.19231242676 -11.1019130981 8.46589707031 250.129770992 -72.2824427481 1.61832061069 END
START 7.35738170166 -9.34217487793 8.69334622803 250.129770992 -63.0458015267 7.22900763359 END
START -0.562637390137 -8.63827958984 9.33259807129 250.129770992 -66.3664122137 8.99236641221 END
START -2.85149417725 -9.08838950195 5.516240625 250.129770992 -57.7480916031 4.10687022901 END
START 2.04943662109 -11.0851536865 5.74368978271 250.129770992 -55.1374045802 -2.39694656489 END
START 6.49786330566 -5.77720860596 6.10042583008 250.129770992 -53.4961832061 0.748091603053 END
START 11.9829793091 -7.96311472168 6.25126053467 250.129770992 -61.6641221374 13.2748091603 END