START 6.10282003174 -7.78594379883 9.10993731689 250.129770992 -104.992366412 8.82442748092 END
START 0.402225878906 -6.92403120117 5.92086070557 250.129770992 -101.832061069 2.48854961832 END
START 3.0765491333 -5.98071574707 9.74918916016 250.129770992 -104.557251908 11.7099236641 END
START 5.16668718262 -14.2047984497 11.3556984741 250.129770992 -92.2213740458 0.854961832061 END
START 3.19865341797 -7.72848295898 11.2982376343 250.129770992 -80.5954198473 10.7328244275 END
START 0.730231506348 -13.8193319824 6.71334145508 250.129770992 -78.0458015267 15.2442748092 END
START -0.0814028564453 -11.8560866211 6.12436784668 250.129770992 -58.2977099237 2.58778625954 END
START 0.869095202637 -7.24724842529 9.193734375 250.129770992 -59.1908396947 16.1526717557 END
START 3.71580097656 -6.93600220947 9.25598361816 250.129770992 -43.465648855 -2.80152671756 END
START 8.34139858398 -9.11233151855 9.81383260498 250.129770992 -68.893129771 -0.687022900763 END
START 1.83635267334 -10.8481277222 4.97993945312 250.129770992 -66.9770992366 3.47328244275 END
START 1.8267758667 -4.86022937012 5.83227524414 250.129770992 -57.0992366412 -2.64885496183 END
START 7.00303985596 -8.80108530273 8.76517227783 250.129770992 -47.5648854962 12.3358778626 END
START 0.433350500488 -8.10676682129 6.7899559082 250.129770992 -45.0534351145 7.58778625954 END
START 3.24653745117 -12.1745154419 5.78199700928 250.129770992 -42.8015267176 9.53435114504 END
START -6.82108052979 -5.17147558594 9.61750806885 250.129770992 -42.106870229 4.47328244275 END
START 0.938527050781 -9.50976899414 10.285490332 250.129770992 -36.2595419847 3.35877862595 END
START 6.85220515137 -6.16746347656 8.37252320557 250.129770992 -34.9618320611 14.8015267176 END
START 9.90720646973 -3.89776030273 5.4922986084 250.129770992 -51.0381679389 0.984732824427 END
START -2.35589443359 -4.19942971191 8.18338127441 250.129770992 -49.4503816794 10.1603053435 END
START 1.17555301514 -9.32780966797 9.193734375 250.129770992 -48.4885496183 9.23664122137 END
START 13.3380974487 -16.3547915405 8.48983908691 250.129770992 -56.4732824427 16.7480916031 END
START 6.90008918457 -10.2184526855 6.21534750977 250.129770992 -49.3893129771 5.61832061069 END
START -0.29927520752 -8.14507404785 7.64468590088 250.129770992 -34.4198473282 11.5954198473 END
START 2.25054956055 -11.2264115845 7.69017573242 250.129770992 -43.0076335878 -1.70992366412 END
START 1.9105729248 -11.1761333496 3.24653745117 250.129770992 -46.8244274809 9.31297709924 END
START -1.69988317871 -9.47146176758 8.34379278564 250.129770992 -52.5267175573 14.5114503817 END
START 9.89284125977 -10.0005803345 9.47864437256 250.129770992 -53.320610687 2.20610687023 END
START 1.21146604004 -12.4091472046 6.44279666748 250.129770992 -53.7557251908 2.16030534351 END
START 3.63679232178 -5.82030423584 14.0443869385 250.129770992 -58.4503816794 7.27480916031 END
START 9.15303294678 -4.57771357422 1.65439334717 250.129770992 -59.9007633588 11.5877862595 END
START 8.75080706787 -7.75960758057 5.1858407959 250.129770992 -60.3664122137 12.0916030534 END
START 0.76853873291 -1.75255561523 4.26167895508 250.129770992 -67.0381679389 4.32061068702 END
START -0.907402429199 -11.0492406616 8.27675513916 250.129770992 -71.4503816794 5.03816793893 END
START -7.18260498047 -9.71567033691 14.1760680298 250.129770992 -81.0152671756 9.0534351145 END
START 3.22020123291 -8.45871446533 6.47392128906 250.129770992 -82.3664122137 4.87022900763 END
START 2.17393510742 -4.00310517578 9.35654008789 250.129770992 -93.679389313 8.06870229008 END
START -4.90571920166 -2.88501300049 10.5871597412 250.129770992 -89.465648855 -1.45038167939 END
START -8.72925925293 3.7014357666 6.52898792725 250.129770992 -104.595419847 11.0076335878 END
START -4.77164390869 -10.7332060425 8.00621035156 250.129770992 -103.72519084 14.7633587786 END
START -3.29681568604 -13.7786305542 10.8170031006 250.129770992 -104.152671756 0.328244274809 END
START -1.79804544678 -6.88093557129 7.69496413574 250.129770992 -95.6488549618 9.8320610687 END
START -0.648828649902 -6.04296499023 10.5296989014 250.129770992 -94.9389312977 11.7709923664 END
START 1.00077629395 -9.52652840576 3.30160408936 250.129770992 -105.916030534 6.41984732824 END
START 5.73411297607 -6.50983431396 10.9343189819 250.129770992 -97.6488549618 10.213740458 END
START 1.00795889893 -3.84987626953 8.11394942627 250.129770992 -92.320610687 10.9160305344 END
START -2.00155258789 -2.46842191162 3.1004911499 250.129770992 -90.7557251908 5.35877862595 END
START 4.18745870361 -9.81622680664 9.71567033691 250.129770992 -102.549618321 23.534351145 END
START 5.20020600586 -13.3165496338 7.69975253906 250.129770992 -79.7328244275 4.71755725191 END
START 0.411802685547 -6.4475850708 3.83551105957 250.129770992 -70.4198473282 11.1297709924 END
START -1.92014973145 -8.35336959229 7.57525405273 250.129770992 -68.1450381679 13.8702290076 END
START 1.65439334717 -11.9374894775 11.0516348633 250.129770992 -69.6259541985 0.358778625954 END
START 1.1540052002 -8.43716665039 10.3453453735 250.129770992 -72.7328244275 17.1450381679 END
START 2.49236392822 -14.1640970215 11.159373938 250.129770992 -72.893129771 12.4198473282 END
START 1.65678754883 -12.8520745117 7.10599052734 250.129770992 -67.6030534351 4.87022900763 END
START 5.47793339844 -18.155231189 7.80749161377 250.129770992 -65.3664122137 4.6641221374 END
START 2.71263048096 -5.71256516113 8.2863319458 250.129770992 -57.6259541985 7.46564885496 END
START 0.45968671875 -6.48589229736 1.13245738525 250.129770992 -61.8320610687 -4.62595419847 END
START 1.76452662354 -11.6884925049 5.73171877441 250.129770992 -60.4427480916 -1.02290076336 END
START 3.57693728027 -11.2431709961 7.74284816895 250.129770992 -60.1374045802 14.1145038168 END
START -0.45968671875 -11.0061450317 8.85615194092 250.129770992 -56.8015267176 7.36641221374 END
START -0.0215478149414 -5.79636221924 8.16422766113 250.129770992 -48.5572519084 9.47328244275 END
START 3.11485635986 -7.40526573486 6.14830986328 250.129770992 -57.8854961832 8.01526717557 END
START -1.96563956299 -10.5201220947 3.33033450928 250.129770992 -59.0916030534 3.47328244275 END
START 2.68868846436 -11.0803652832 9.89762966309 250.129770992 -61.4351145038 21.2748091603 END
START -0.667982263184 -2.22900174561 11.166556543 250.129770992 -54.9618320611 5.03816793893 END
START 1.94169754639 -10.5656119263 5.95198532715 250.129770992 -52.7251908397 6.80152671756 END
START -0.0598550415039 -8.77474908447 3.89536610107 250.129770992 -66.3053435115 12.4122137405 END
START -2.39659586182 -10.0580411743 7.81467421875 250.129770992 -54.9389312977 1.45801526718 END
START 2.33195241699 -4.9631800415 7.04374128418 250.129770992 -66.3358778626 15.786259542 END
START 1.11090957031 -10.905588562 -4.23773693848 250.129770992 -77.0839694656 14.3129770992 END
START 4.95599743652 -9.05008227539 8.91840118408 250.129770992 -81.3129770992 10.7404580153 END
START -1.53468326416 -9.38048210449 13.2159931641 250.129770992 -76.5038167939 0.290076335878 END
START -1.75494981689 -1.90339031982 6.33745179443 250.129770992 -92.5190839695 12.0534351145 END
START -0.790086547852 -4.35984122314 6.80432111816 250.129770992 -92.427480916 16.6870229008 END
START -5.1379567627 -0.639251843262 3.6415807251 250.129770992 -92.3969465649 2.64885496183 END
START 0.538695373535 -3.21062442627 8.84418093262 250.129770992 -105.648854962 9.32824427481 END
START -7.66862791748 -9.28471403809 4.46758029785 250.129770992 -103.702290076 9.6106870229 END
START 2.55221896973 -8.16183345947 6.0932432251 250.129770992 -104.06870229 -0.458015267176 END
START -1.82198746338 -4.04620080566 5.00388146973 250.129770992 -104.175572519 8.49618320611 END
START -5.70298835449 -9.92875428467 8.8513635376 250.129770992 -104.694656489 4.49618320611 END
START 1.36469494629 -4.36941802979 5.59046087646 250.129770992 -104.519083969 -3.45038167939 END
START -0.378283862305 -4.07732542725 3.23456644287 250.129770992 -103.954198473 -0.541984732824 END
START -2.66235224609 -4.46518609619 9.91917747803 250.129770992 -103.618320611 7.26717557252 END
START 3.52187064209 -7.77636699219 8.17859287109 250.129770992 -104.526717557 2.87786259542 END
START -1.16837041016 -10.8146088989 5.25287844238 250.129770992 -104.809160305 1.9465648855 END
START -7.0365586792 -8.64306799316 6.31829818115 250.129770992 -104.152671756 7.45801526718 END
START 2.34871182861 -4.19464130859 1.45806881104 250.129770992 -104.34351145 -2.06106870229 END
START 2.93529123535 -6.8138979248 10.6757452026 250.129770992 -107.229007634 11.4580152672 END
START 2.88980140381 -3.0286651001 3.08133753662 250.129770992 -103.885496183 2.49618320611 END
START 6.64390960693 -7.45314976807 6.83783994141 250.129770992 -106.755725191 13.8091603053 END
START 8.2863319458 -11.7986257812 12.976572998 250.129770992 -102.534351145 1.99236641221 END
START 6.82108052979 -0.658405456543 9.17697496338 250.129770992 -86.2595419847 7.98473282443 END
START 0.775721337891 -12.3109849365 10.0987426025 250.129770992 -63.0534351145 9.91603053435 END
START 1.32159931641 -11.0683942749 11.4562549438 250.129770992 -72.106870229 8.30534351145 END