START -2.66474644775 -7.6614453125 8.06127698975 250.129770992 -103.72519084 11.6335877863 END
START -6.21055910645 -9.20331118164 4.93444962158 250.129770992 -102.213740458 3.12213740458 END
START 8.8872765625 -8.28154354248 4.48912811279 250.129770992 -84.1832061069 10.1526717557 END
START 3.25611425781 -6.48589229736 14.9374241577 250.129770992 -91.0534351145 10.9618320611 END
START 4.18027609863 -10.2232410889 6.22971271973 250.129770992 -88.6259541985 7.25190839695 END
START -2.84191737061 -4.22097752686 7.05571229248 250.129770992 -104.053435115 9.25190839695 END
START 0.737414111328 -9.01416925049 4.38138903809 250.129770992 -106.053435115 4.59541984733 END
START 7.16345136719 -9.32302126465 9.33499227295 250.129770992 -103.900763359 2.7786259542 END
START -0.675164868164 -8.5449057251 11.6693388916 250.129770992 -100.106870229 8.36641221374 END
START 0.383072265625 -7.28555565186 8.42758984375 250.129770992 -79.7938931298 2.29007633588 END
START 4.3382934082 -5.40371314697 7.52497581787 250.129770992 -81.0839694656 17.8015267176 END
START 7.02219346924 -6.73249506836 10.4363250366 250.129770992 -65.6641221374 13.9465648855 END
START 2.05183082275 -9.62947907715 7.64468590088 250.129770992 -52.2748091603 11.5572519084 END
START 0.76614453125 -13.6804682861 6.32787498779 250.129770992 -37.4045801527 6.08396946565 END
START 0.0981622680664 -8.19295808105 6.91684859619 250.129770992 -43.4503816794 9.39694656489 END
START 5.15950457764 -9.59835445557 9.16021555176 250.129770992 -39.893129771 2.67938931298 END
START 4.89853659668 -7.17302817383 8.80587370605 250.129770992 -35.9770992366 -2.04580152672 END
START 8.92797799072 -13.6756798828 7.57285985107 250.129770992 -27.0 4.51908396947 END
START 1.75973822021 -12.6437789673 9.30626185303 250.129770992 -30.1603053435 10.4351145038 END
START 5.61440289307 -13.4506249268 8.07803640137 250.129770992 -32.0152671756 2.12977099237 END
START 12.5408282959 -9.28950244141 4.41969626465 250.129770992 -28.2748091603 -3.64885496183 END
START 2.70305367432 -11.2096521729 9.24401260986 250.129770992 -34.0839694656 5.70229007634 END
START -0.342370837402 -10.9965682251 9.93354268799 250.129770992 -36.5267175573 5.85496183206 END
START 13.0292454346 -12.4115414062 8.31266816406 250.129770992 -33.0687022901 0.603053435115 END
START -0.294486804199 -8.78432589111 8.97346782227 250.129770992 -34.5419847328 5.7786259542 END
START -1.2138602417 -8.50181009521 4.56813676758 250.129770992 -32.7251908397 4.90076335878 END
START 3.94325013428 -5.11880314941 5.41568415527 250.129770992 -35.0458015267 3.25954198473 END
START -2.01591779785 -10.1921164673 13.2902134155 250.129770992 -31.7251908397 6.89312977099 END
START -1.17315881348 -8.93755479736 12.27267771 250.129770992 -40.1603053435 3.78625954198 END
START -1.31920511475 -14.5615344971 7.37174691162 250.129770992 -44.4503816794 -0.480916030534 END
START 0.715866296387 0.215478149414 7.93438430176 250.129770992 -42.3511450382 3.98473282443 END
START -0.586579406738 -16.9796781738 12.152967627 250.129770992 -33.7328244275 15.2442748092 END
START 0.426167895508 -15.1672675171 11.2886608276 250.129770992 -44.0 7.41221374046 END
START -0.00718260498047 -9.55286462402 9.05247647705 250.129770992 -51.5877862595 2.95419847328 END
START 3.14598098145 -11.7267997314 8.30787976074 250.129770992 -49.5572519084 -2.48091603053 END
START 0.584185205078 -6.78516750488 9.30147344971 250.129770992 -49.2824427481 4.73282442748 END
START -7.61116707764 -9.85692823486 12.8496803101 250.129770992 -56.6641221374 5.35114503817 END
START 5.74847818604 -7.35259329834 4.87459458008 250.129770992 -52.5572519084 1.20610687023 END
START -0.0215478149414 -10.9917798218 13.6780740845 250.129770992 -50.1450381679 3.4427480916 END
START -4.78361491699 -10.405200415 8.02536396484 250.129770992 -73.9694656489 2.90839694656 END
START 7.3549875 -11.1019130981 7.57764825439 250.129770992 -70.3053435115 3.08396946565 END
START 2.05183082275 -10.1011368042 4.39336004639 250.129770992 -77.7328244275 0.320610687023 END
START -0.476446130371 -10.6972930176 5.01345827637 250.129770992 -76.8396946565 5.35114503817 END
START -3.78044442139 -10.3453453735 11.9997387207 250.129770992 -80.2519083969 -1.17557251908 END
START 2.18590611572 -4.30716878662 4.69024105225 250.129770992 -90.6717557252 7.68702290076 END
START 2.94247384033 -9.44991395264 8.99980404053 250.129770992 -93.4961832061 8.80916030534 END
START -0.967257470703 -12.3181675415 5.8346694458 250.129770992 -93.1450381679 12.6183206107 END
START 2.62883342285 -4.85065256348 7.08683691406 250.129770992 -82.1221374046 0.908396946565 END
START -4.39096584473 -7.87931766357 5.03261188965 250.129770992 -100.786259542 15.9236641221 END
START -2.97838686523 -9.4882211792 7.17781657715 250.129770992 -100.641221374 9.25190839695 END
START 4.55377155762 -13.4961147583 8.87051715088 250.129770992 -99.8244274809 8.78625954198 END
START 5.24090743408 -10.307038147 6.55771834717 250.129770992 -102.0 13.6335877863 END
START 3.24414324951 -8.91840118408 8.18577547607 250.129770992 -91.5267175573 13.3664122137 END
START -12.1697270386 -5.20020600586 8.58560715332 250.129770992 -86.9770992366 2.2213740458 END
START 6.86178195801 -10.9606552002 13.6469494629 250.129770992 -94.4580152672 16.8396946565 END
START -7.81228001709 -10.1777512573 10.3836526001 250.129770992 -81.3740458015 8.16030534351 END
START 5.1379567627 -11.2288057861 7.93677850342 250.129770992 -82.9541984733 2.3893129771 END
START -5.83227524414 -7.13472094727 8.73644185791 250.129770992 -79.2366412214 1.95419847328 END
START 4.91769020996 -10.9079827637 8.13789144287 250.129770992 -75.572519084 9.69465648855 END
START 6.99106884766 -17.0084085937 8.8753055542 250.129770992 -70.5419847328 13.1603053435 END
START -1.54186586914 -6.57208355713 9.64623848877 250.129770992 -64.7404580153 -0.702290076336 END
START 2.67432325439 -10.532093103 11.3509100708 250.129770992 -67.320610687 11.6870229008 END
START -5.56651885986 -7.53455262451 8.14746824951 250.129770992 -65.4198473282 7.69465648855 END
START -1.18752402344 -9.89523546143 5.49708701172 250.129770992 -65.1526717557 14.5038167939 END
START 4.69502945557 -8.62391437988 5.02303508301 250.129770992 -59.8854961832 6.17557251908 END
START 1.1659762085 -16.1919858276 9.34935748291 250.129770992 -61.9541984733 12.6030534351 END
START 2.63601602783 -13.0938888794 6.52180532227 250.129770992 -55.5496183206 2.48854961832 END
START 0.260967980957 -10.307038147 6.18182868652 250.129770992 -51.8473282443 2.34351145038 END
START 3.16034619141 -10.0508585693 4.5968671875 250.129770992 -61.6106870229 5.61832061069 END
START 5.54257684326 -13.1896569458 4.62559760742 250.129770992 -47.9618320611 4.51145038168 END
START 2.64559283447 -4.34787021484 5.16429298096 250.129770992 -53.1984732824 -3.74809160305 END
START 2.67911165771 -10.9343189819 9.49779798584 250.129770992 -65.1221374046 6.09160305344 END
START -7.0126166626 -9.78031378174 9.48103857422 250.129770992 -59.4198473282 7.90076335878 END
START -1.8626888916 -4.80037432861 10.5081510864 250.129770992 -53.2519083969 7.70992366412 END
START 4.75488449707 -6.94797321777 11.9374894775 250.129770992 -64.6564885496 2.57251908397 END
START 0.581791003418 -16.7977188477 4.80995113525 250.129770992 -69.4045801527 13.1450381679 END
START -2.55461317139 -7.69975253906 3.56257207031 250.129770992 -81.3740458015 2.35877862595 END
START -2.97599266357 -10.5416699097 4.76206710205 250.129770992 -70.8396946565 2.67175572519 END
START -4.89614239502 -7.00782825928 5.71974776611 250.129770992 -70.0992366412 7.03816793893 END
START -4.13957467041 -11.4155535156 1.6041151123 250.129770992 -87.2671755725 2.07633587786 END
START -3.55778366699 -10.433930835 5.90410129395 250.129770992 -91.8167938931 3.98473282443 END
START 4.71657727051 -10.6278611694 8.81066210937 250.129770992 -92.2595419847 12.9694656489 END
START -4.62559760742 -9.84974562988 5.62158549805 250.129770992 -96.5419847328 5.19083969466 END
START -3.1244331665 -7.95114371338 5.84424625244 250.129770992 -97.8625954198 -2.84732824427 END
START 0.0622492431641 -12.5312514893 8.24084211426 250.129770992 -104.20610687 2.37404580153 END
START 5.44202037354 -11.2527478027 5.2456958374 250.129770992 -104.580152672 13.0076335878 END
START -0.184353527832 -5.8466404541 6.85459935303 250.129770992 -104.473282443 12.3053435115 END
START 4.07493122559 -9.01177504883 8.73165345459 250.129770992 -104.106870229 16.4427480916 END
START -2.28167418213 -5.7508723877 12.0548053589 250.129770992 -111.763358779 -0.587786259542 END
START -1.10612116699 -3.96240374756 9.38048210449 250.129770992 -104.236641221 2.62595419847 END
START 1.38145435791 -9.10754311523 3.75889660645 250.129770992 -128.541984733 8.03816793893 END
START -1.69270057373 -9.84735142822 8.99022723389 250.129770992 -102.534351145 8.52671755725 END
START -2.54024796143 -11.7746837646 6.50504591064 250.129770992 -120.160305344 0.473282442748 END
START 3.93846173096 -13.8265145874 6.31350977783 250.129770992 -110.877862595 8.17557251908 END
START -1.81719906006 -19.0291147949 14.0060797119 250.129770992 -117.167938931 12.8320610687 END
START 0.442927307129 -10.3285859619 11.877634436 250.129770992 -104.045801527 13.534351145 END
START 1.01274730225 -6.11479104004 6.88093557129 250.129770992 -107.618320611 10.1832061069 END
START -4.93205541992 -12.2750719116 8.63109698486 250.129770992 -108.106870229 8.8320610687 END
START 2.38462485352 -7.08683691406 5.23133062744 250.129770992 -115.564885496 7.10687022901 END
START -1.24259066162 -9.38766470947 6.96712683105 250.129770992 -108.809160305 -0.297709923664 END
START 4.29519777832 -9.82101520996 6.31829818115 250.129770992 -123.72519084 10.2671755725 END