START -1.03668931885 -7.60877287598 4.43406147461 250.129770992 -96.5496183206 18.427480916 END
START 0.883460412598 -6.87854136963 3.64397492676 250.129770992 -79.0687022901 6.62595419847 END
START -3.48595761719 -6.69658204346 4.13718046875 250.129770992 -79.8473282443 15.1297709924 END
START 6.62236179199 -9.92875428467 5.50187541504 250.129770992 -86.0763358779 5.26717557252 END
START -8.71968244629 -7.29273825684 5.78199700928 250.129770992 -92.4580152672 -3.58015267176 END
START 1.71424838867 -5.75566079102 8.27914934082 250.129770992 -105.152671756 10.0 END
START 2.04704241943 -10.0795889893 9.46906756592 250.129770992 -104.229007634 13.4580152672 END
START 5.99268675537 -15.6293484375 8.13310303955 250.129770992 -104.335877863 7.34351145038 END
START -1.33835872803 -9.07402429199 11.3173912476 250.129770992 -103.916030534 4.64885496183 END
START 8.52814631348 -9.79228479004 6.88811817627 250.129770992 -92.7557251908 5.98473282443 END
START 4.20421811523 -12.1697270386 9.20091697998 250.129770992 -88.4122137405 7.13740458015 END
START 6.42603725586 -4.72615407715 9.21288798828 250.129770992 -67.2824427481 9.68702290076 END
START 3.87860668945 -6.79713851318 6.37336481934 250.129770992 -58.9236641221 16.1832061069 END
START 1.38384855957 -1.24737906494 0.246602770996 250.129770992 -56.3435114504 9.23664122137 END
START 6.40927784424 -14.3221143311 6.50504591064 250.129770992 -51.2366412214 2.8320610687 END
START -0.0742202514648 -5.84424625244 8.79629689941 250.129770992 -56.1984732824 11.7175572519 END
START 11.0707884766 -3.73016618652 12.1098719971 250.129770992 -58.8702290076 2.62595419847 END
START 2.06380183105 -15.3947166748 10.9893856201 250.129770992 -57.3435114504 14.2366412214 END
START 3.89297189941 -9.67257470703 2.76051451416 250.129770992 -70.9083969466 8.90839694656 END
START 1.25456166992 -4.44124407959 5.7508723877 250.129770992 -53.8625954198 2.95419847328 END
START 5.33667550049 -10.2687309204 5.67186373291 250.129770992 -58.4122137405 10.0305343511 END
START -1.57777889404 -8.93994899902 9.14824454346 250.129770992 -29.8015267176 4.85496183206 END
START 8.56405933838 -11.3963999023 12.378022583 250.129770992 -27.534351145 4.08396946565 END
START 9.29429084473 -2.83712896729 7.21372960205 250.129770992 -23.4961832061 14.320610687 END
START 6.78516750488 -9.06205328369 10.7068698242 250.129770992 -19.213740458 7.36641221374 END
START 4.5489831543 -4.81952794189 8.10676682129 250.129770992 -19.7175572519 -3.57251908397 END
START 5.47553919678 -9.92636008301 11.6573678833 250.129770992 -11.7633587786 6.54961832061 END
START 0.543483776855 -12.0332575439 8.8393925293 250.129770992 -24.786259542 3.02290076336 END
START 4.8554409668 -4.95839163818 8.50181009521 250.129770992 -32.3358778626 4.51145038168 END
START 10.9989624268 -8.74362446289 6.2009822998 250.129770992 -30.3664122137 5.47328244275 END
START 8.78432589111 -12.5911065308 8.79869110107 250.129770992 -31.0 12.2061068702 END
START 8.29351455078 -8.87769975586 7.19936439209 250.129770992 -35.1603053435 12.3053435115 END
START 5.41807835693 -1.21625444336 11.5017447754 250.129770992 -38.8244274809 -3.12213740458 END
START 9.74918916016 -10.9534725952 8.39646522217 250.129770992 -26.5954198473 -3.0534351145 END
START 2.94486804199 -9.5001921875 8.03015236816 250.129770992 -32.4045801527 -2.19847328244 END
START 0.0814028564453 -8.34139858398 4.32392819824 250.129770992 -32.9236641221 11.8473282443 END
START 1.73100780029 -13.7858131592 5.01824667969 250.129770992 -33.320610687 -5.77099236641 END
START 4.94402642822 -8.38688841553 7.67581052246 250.129770992 -32.8396946565 6.18320610687 END
START 3.70382996826 -10.2471831055 11.7746837646 250.129770992 -37.1374045802 11.6946564885 END
START 1.39342536621 -9.15542714844 4.18027609863 250.129770992 -31.8091603053 8.02290076336 END
START 3.43567938232 -7.75242497559 2.66714064941 250.129770992 -36.2290076336 6.12977099237 END
START 1.53947166748 -6.83544573975 7.54652363281 250.129770992 -35.1374045802 -2.21374045802 END
START 1.98718737793 -10.7140524292 6.12197364502 250.129770992 -32.8473282443 -1.43511450382 END
START 5.74129558105 -12.3875993896 3.12203896484 250.129770992 -31.5190839695 3.32061068702 END
START 6.79713851318 -12.0021329224 6.73728347168 250.129770992 -45.5572519084 10.9236641221 END
START 3.62721551514 -12.998120813 7.15148035889 250.129770992 -53.6564885496 5.30534351145 END
START 9.97424411621 -11.7866547729 4.3622354248 250.129770992 -55.5648854962 2.23664122137 END
START -7.35259329834 -3.3590649292 4.72136567383 250.129770992 -59.4351145038 12.7786259542 END
START -0.703895288086 -7.14429775391 9.49540378418 250.129770992 -55.5954198473 4.6641221374 END
START 4.71897147217 -6.44040246582 12.1194488037 250.129770992 -62.6183206107 5.72519083969 END
START 0.931344445801 -9.06684168701 11.5568114136 250.129770992 -73.8320610687 4.64122137405 END
START -6.11000263672 -4.88895979004 9.24640681152 250.129770992 -65.786259542 -0.732824427481 END
START 3.35188232422 -8.37731160889 8.41561883545 250.129770992 -77.2595419847 5.60305343511 END
START -2.07577283936 -15.3827456665 4.01028778076 250.129770992 -74.1679389313 9.91603053435 END
START -3.57693728027 -9.07163009033 5.32231029053 250.129770992 -90.7480916031 5.06870229008 END
START 7.68059892578 -14.0611463501 3.09330854492 250.129770992 -106.198473282 3.42748091603 END
START -4.38138903809 -7.35259329834 6.64151540527 250.129770992 -88.8167938931 9.79389312977 END
START -4.74051928711 -9.27034882812 8.30787976074 250.129770992 -103.358778626 -1.8320610687 END
START -3.62003291016 -9.74440075684 5.72453616943 250.129770992 -96.2290076336 2.3358778626 END
START 5.89213028564 -10.8768581421 8.77714328613 250.129770992 -93.8320610687 1.84732824427 END
START -5.8586114624 -9.70848773193 7.58004245605 250.129770992 -106.099236641 8.19083969466 END
START 0.418985290527 -3.47877501221 10.7427828491 250.129770992 -95.8473282443 6.64885496183 END
START 5.50666381836 -5.03500609131 4.87698878174 250.129770992 -103.770992366 13.0076335878 END
START -3.83551105957 -9.00459244385 7.81467421875 250.129770992 -104.389312977 11.2290076336 END
START 0.560243188477 -11.7818663696 7.97508572998 250.129770992 -104.213740458 9.21374045802 END
START 3.07894333496 -7.85298144531 11.4347071289 250.129770992 -104.290076336 14.2595419847 END
START -1.14442839355 -9.5720182373 12.4594254395 250.129770992 -103.79389313 11.3893129771 END
START 6.18661708984 -7.24246002197 5.85621726074 250.129770992 -103.290076336 8.6106870229 END
START -0.217872351074 -6.98388624268 11.9925561157 250.129770992 -90.1145038168 10.0076335878 END
START 2.698265271 -10.3884410034 11.5017447754 250.129770992 -76.5648854962 14.5648854962 END
START 4.95839163818 -11.1928927612 8.2623899292 250.129770992 -76.5038167939 9.67938931298 END
START -1.75494981689 -10.5177278931 13.0005150146 250.129770992 -64.0839694656 12.0381679389 END
START 4.80995113525 -12.2894371216 4.67587584229 250.129770992 -71.1297709924 3.75572519084 END
START 3.23217224121 -10.1131078125 5.68383474121 250.129770992 -77.572519084 8.07633587786 END
START 4.12999786377 -8.75798967285 7.28555565186 250.129770992 -61.7480916031 10.8320610687 END
START 6.72052406006 -2.61446821289 6.04296499023 250.129770992 -57.1908396947 1.90839694656 END
START 2.86825358887 -8.09719001465 10.9008001587 250.129770992 -51.0076335878 7.23664122137 END
START 5.39653054199 -9.77552537842 11.6262432617 250.129770992 -54.6106870229 14.3511450382 END
START 2.00155258789 -15.2247283569 11.5999070435 250.129770992 -41.2213740458 9.06870229008 END
START 5.80593902588 -7.52018741455 7.76679018555 250.129770992 -44.6106870229 4.12213740458 END
START -1.99676418457 -6.10042583008 4.37181223145 250.129770992 -48.6717557252 17.2519083969 END
START -1.85790048828 -11.891999646 8.2384479126 250.129770992 -42.3664122137 -2.41221374046 END
START -0.368707055664 -12.6078659424 2.36786544189 250.129770992 -44.534351145 8.06870229008 END
START 3.95522114258 -9.87129344482 12.4019645996 250.129770992 -46.213740458 6.09160305344 END
START 0.900219824219 -11.8345388062 5.89931289062 250.129770992 -50.320610687 10.4351145038 END
START 1.13724578857 -9.36132849121 8.35336959229 250.129770992 -48.3740458015 7.11450381679 END
START 1.13245738525 -11.7052519165 5.41328995361 250.129770992 -48.5114503817 7.32824427481 END
START 5.42047255859 -7.0605006958 7.86974085693 250.129770992 -54.4580152672 15.9236641221 END
START 2.41096107178 -9.55525882568 9.21288798828 250.129770992 -52.3893129771 4.56488549618 END
START -5.09964953613 -5.58088406982 8.63827958984 250.129770992 -70.3511450382 0.519083969466 END
START -0.383072265625 -1.17315881348 6.10042583008 250.129770992 -58.572519084 3.60305343511 END
START 3.7373487915 -11.9590372925 8.36773480225 250.129770992 -59.8396946565 9.43511450382 END
START -1.69030637207 -10.8936175537 9.65820949707 250.129770992 -78.3740458015 0.335877862595 END
START 0.500388146973 -4.04620080566 2.86346518555 250.129770992 -85.8091603053 -1.00763358779 END
START 0.0790086547852 -11.5041389771 6.26083734131 250.129770992 -94.0152671756 13.5496183206 END
START 6.17464608154 -11.3173912476 11.5592056152 250.129770992 -86.9389312977 -0.687022900763 END
START -0.677559069824 -8.89206496582 5.40371314697 250.129770992 -102.473282443 17.5801526718 END
START 0.102950671387 -15.6078006226 3.09809694824 250.129770992 -99.0152671756 7.71755725191 END
START -1.6041151123 -11.1545855347 7.3310454834 250.129770992 -104.396946565 2.81679389313 END
START -3.51229383545 -5.64313331299 11.877634436 250.129770992 -104.603053435 -3.21374045802 END
START -7.30949766846 -14.8727807129 7.89368287354 250.129770992 -104.244274809 0.702290076336 END
START 4.55616575928 -11.8608750244 12.2176110718 250.129770992 -103.885496183 8.29770992366 END
START 2.69108266602 -6.43800826416 9.2176763916 250.129770992 -101.633587786 12.2900763359 END
START -7.75721337891 -0.169988317871 5.73650717773 250.129770992 -106.816793893 6.41984732824 END
START 3.00232888184 -13.589488623 10.3884410034 250.129770992 -102.419847328 14.2213740458 END
START -3.01429989014 -9.61271966553 5.53539423828 250.129770992 -102.290076336 7.54198473282 END
START 0.30166940918 -6.21055910645 7.94156690674 250.129770992 -104.145038168 2.39694656489 END
START -4.14196887207 -6.51462271729 10.3621047852 250.129770992 -112.335877863 8.95419847328 END
START 4.97993945312 -10.6996872192 10.0771947876 250.129770992 -126.603053435 5.09160305344 END
START -0.45489831543 -3.55299526367 9.87368764648 250.129770992 -104.106870229 6.83969465649 END
START -0.0718260498047 -5.27921466064 7.11077893066 250.129770992 -101.839694656 13.4122137405 END
START 3.26329686279 -8.46589707031 12.9478425781 250.129770992 -103.320610687 -0.671755725191 END
START -2.02070620117 -3.47398660889 9.70369932861 250.129770992 -101.900763359 5.0 END
START 8.43477244873 -8.89685336914 11.9231242676 250.129770992 -104.58778626 15.320610687 END
START 3.26090266113 -10.7882726807 8.92558378906 250.129770992 -96.679389313 0.893129770992 END
START 3.07176072998 -9.79228479004 8.10676682129 250.129770992 -105.93129771 8.56488549618 END