START -2.40138426514 -9.44751975098 12.4091472046 250.129770992 -102.748091603 -1.98473282443 END
START 3.01908829346 -11.5927244385 5.05655390625 250.129770992 -104.961832061 2.34351145038 END
START 6.4834980957 -3.70622416992 6.66785162354 250.129770992 -96.7557251908 3.84732824427 END
START -2.09013804932 -1.35272393799 10.4818148682 250.129770992 -81.1908396947 14.1221374046 END
START -1.49877023926 -9.99100352783 5.37258852539 250.129770992 -85.2824427481 7.32824427481 END
START -2.39899006348 -9.69172832031 7.92480749512 250.129770992 -82.7251908397 11.7328244275 END
START -2.38462485352 -8.17619866943 4.75727869873 250.129770992 -88.8778625954 13.4198473282 END
START -5.02303508301 -9.57441243896 7.56088884277 250.129770992 -86.213740458 -1.74809160305 END
START 1.47961662598 -9.83298621826 6.90966599121 250.129770992 -88.3664122137 -2.80152671756 END
START 1.76931502686 -15.942988855 14.8560213013 250.129770992 -92.8625954198 7.74809160305 END
START -2.36786544189 -11.6238490601 7.28794985352 250.129770992 -82.5496183206 13.4732824427 END
START 2.30082779541 -11.4035825073 8.70771143799 250.129770992 -79.6335877863 2.90076335878 END
START -3.87621248779 -7.77876119385 7.24006582031 250.129770992 -86.9694656489 7.37404580153 END
START 1.2737152832 -15.6915976807 9.61750806885 250.129770992 -89.1374045802 7.58778625954 END
START -3.4428619873 -8.5089927002 13.5559697998 250.129770992 -84.0839694656 5.54961832061 END
START 5.67186373291 -7.96311472168 6.14830986328 250.129770992 -86.0152671756 -2.62595419847 END
START -1.61848032227 -9.1697923584 12.6365963623 250.129770992 -91.1832061069 2.16030534351 END
START -3.95282694092 -8.91361278076 12.7084224121 250.129770992 -88.7022900763 -0.87786259542 END
START -2.72938989258 -12.9861498047 10.6494089844 250.129770992 -88.9770992366 0.030534351145 END
START 3.10288535156 -6.05972440186 4.93444962158 250.129770992 -80.4351145038 0.870229007634 END
START -0.0909796630859 -11.6813098999 12.8017962769 250.129770992 -84.0534351145 11.9389312977 END
START -3.89297189941 -10.5488525146 3.19147081299 250.129770992 -86.2900763359 10.1374045802 END
START 3.77086761475 -7.90086547852 7.10599052734 250.129770992 -95.0534351145 19.2519083969 END
START -5.10204373779 -18.9189815186 11.525686792 250.129770992 -94.0 5.79389312977 END
START -9.87608184814 -4.80755693359 8.19535228271 250.129770992 -98.5954198473 -1.39694656489 END
START -4.8793829834 -7.50342800293 6.11957944336 250.129770992 -99.2061068702 7.75572519084 END
START 2.47321031494 -9.27034882812 6.49786330566 250.129770992 -106.053435115 9.07633587786 END
START 0.31124621582 -3.18668240967 8.49941589355 250.129770992 -98.6335877863 7.97709923664 END
START 9.34696328125 -10.2615483154 6.49786330566 250.129770992 -95.3282442748 -1.72519083969 END
START -0.280121594238 -5.8945244873 11.03248125 250.129770992 -95.9847328244 -1.76335877863 END
START 5.17626398926 -9.34456907959 9.30147344971 250.129770992 -91.4809160305 5.67175572519 END
START 1.99676418457 -3.35667072754 4.11802685547 250.129770992 -90.7557251908 4.83969465649 END
START -0.328005627441 -3.39737215576 8.96628521729 250.129770992 -101.13740458 7.65648854962 END
START 1.00317049561 -12.6581441772 11.3556984741 250.129770992 -88.9541984733 9.45038167939 END
START 9.05965908203 -9.90481226807 8.55448253174 250.129770992 -78.2671755725 0.351145038168 END
START 1.33596452637 -9.27513723145 5.99508095703 250.129770992 -79.4122137405 5.93129770992 END
START 3.64397492676 -6.63433280029 6.87854136963 250.129770992 -92.4732824427 -2.4427480916 END
START 2.1452046875 -7.38371791992 8.73883605957 250.129770992 -79.8015267176 -1.6641221374 END
START 2.70784207764 -10.405200415 5.06134230957 250.129770992 -83.4809160305 4.49618320611 END
START 1.90817872314 -0.0670376464844 15.8137019653 250.129770992 -67.9389312977 1.70229007634 END
START 6.29675036621 -10.4674496582 10.9510783936 250.129770992 -71.9694656489 3.12977099237 END
START 0.972045874023 -10.0293107544 9.86411083984 250.129770992 -77.1984732824 11.3816793893 END
START 1.46285721436 -16.8479970825 4.25210214844 250.129770992 -70.7480916031 3.48854961832 END
START 5.98789835205 -10.0556469727 3.18668240967 250.129770992 -67.8778625954 8.82442748092 END
START 1.60172091064 -6.86896456299 6.50025750732 250.129770992 -60.5496183206 8.96183206107 END
START 6.18182868652 -6.52898792725 11.6932809082 250.129770992 -59.0610687023 9.68702290076 END
START 9.28471403809 -9.52652840576 7.92959589844 250.129770992 -62.7786259542 8.87786259542 END
START -1.34793553467 -2.83712896729 5.36061751709 250.129770992 -57.679389313 11.1374045802 END
START 8.53532891846 -6.94797321777 7.18978758545 250.129770992 -64.2519083969 9.54961832061 END
START 5.43723197021 -6.56729515381 0.636857641602 250.129770992 -57.9465648855 2.51908396947 END
START -1.94648594971 -7.57285985107 9.70130512695 250.129770992 -67.1984732824 16.6259541985 END
START 3.71819517822 -8.86812294922 12.4953384644 250.129770992 -52.2595419847 7.80916030534 END
START 2.25054956055 -3.47159240723 5.18105239258 250.129770992 -67.3740458015 10.641221374 END
START 3.03345350342 -9.36851109619 3.08612593994 250.129770992 -64.4732824427 3.98473282443 END
START 6.84741674805 -10.898405957 8.37012900391 250.129770992 -65.3664122137 9.35877862595 END
START -5.06373651123 -9.5121631958 10.4147772217 250.129770992 -72.1755725191 14.7404580153 END
START 2.23857855225 -14.0515695435 6.88093557129 250.129770992 -97.5572519084 6.93129770992 END
START -0.16041151123 -11.6023012451 6.57208355713 250.129770992 -84.3969465649 9.41984732824 END
START -0.632069238281 -14.0395985352 8.48505068359 250.129770992 -78.5267175573 3.31297709924 END
START 1.71664259033 -14.9685487793 5.37019432373 250.129770992 -93.9236641221 5.14503816794 END
START -0.196324536133 -12.6437789673 7.3430164917 250.129770992 -95.7557251908 10.6870229008 END
START -0.658405456543 -9.56722983398 6.93600220947 250.129770992 -96.641221374 4.83969465649 END
START -2.26252056885 -4.35265861816 6.6822168335 250.129770992 -105.435114504 9.50381679389 END
START 3.89536610107 -8.06606539307 8.3461869873 250.129770992 -103.961832061 11.1450381679 END
START -4.15393988037 -15.6437136475 5.63116230469 250.129770992 -99.2671755725 10.6870229008 END
START -5.42286676025 -13.7403233276 10.1490208374 250.129770992 -98.4198473282 8.3893129771 END
START -1.47482822266 -15.2247283569 7.11317313232 250.129770992 -96.893129771 18.7480916031 END
START 5.86339986572 -11.899182251 8.65982740479 250.129770992 -105.145038168 3.07633587786 END
START 3.78762702637 -8.44434925537 12.3085907349 250.129770992 -102.13740458 4.63358778626 END
START -1.80762225342 -10.1849338623 9.42597193604 250.129770992 -104.79389313 5.93129770992 END
START 2.61207401123 -7.02219346924 8.07564219971 250.129770992 -103.702290076 8.73282442748 END
START 9.40921252441 -9.18894597168 10.0915599976 250.129770992 -95.4427480916 5.41984732824 END
START -4.38617744141 -6.58644876709 5.09486113281 250.129770992 -103.870229008 8.46564885496 END
START 8.13549724121 -2.84670577393 8.63827958984 250.129770992 -107.236641221 10.9923664122 END
START 9.64384428711 -5.8705824707 7.15387456055 250.129770992 -99.3511450382 1.70992366412 END
START 1.21146604004 -6.89530078125 9.1219083252 250.129770992 -104.923664122 16.427480916 END
START -0.368707055664 -8.08521900635 12.5575877075 250.129770992 -104.099236641 3.9465648855 END
START -0.481234533691 -12.0141039307 12.4881558594 250.129770992 -102.152671756 5.83969465649 END
START -4.50588752441 -7.6255322876 6.79474431152 250.129770992 -103.961832061 5.64885496183 END
START 0.732625708008 -15.2774007935 10.5656119263 250.129770992 -107.122137405 15.5419847328 END
START -2.085349646 -10.8098204956 8.09479581299 250.129770992 -97.7557251908 2.84732824427 END
START 6.69179364014 -9.80665 9.1697923584 250.129770992 -104.27480916 16.7786259542 END
START 3.76607921143 0.162805712891 9.04050546875 250.129770992 -98.4809160305 4.06870229008 END
START 4.01507618408 -13.8887638306 5.4922986084 250.129770992 -92.0610687023 -1.7786259542 END
START 3.75410820312 -13.7762363525 9.62947907715 250.129770992 -104.954198473 8.59541984733 END
START -1.50355864258 -7.79073220215 5.66468112793 250.129770992 -104.893129771 11.3969465649 END
START -3.3470939209 -10.5871597412 1.63284553223 250.129770992 -98.2977099237 5.76335877863 END
START -0.553060583496 -11.5855418335 12.9813614014 250.129770992 -96.5954198473 11.534351145 END
START -0.584185205078 -16.2566292725 6.93121380615 250.129770992 -97.7251908397 2.25954198473 END
START -3.03345350342 -13.716381311 7.60398447266 250.129770992 -92.6259541985 0.0763358778626 END
START -1.57059628906 -17.0682636353 6.73728347168 250.129770992 -99.3664122137 1.74045801527 END
START -3.32075770264 -11.0109334351 8.24802471924 250.129770992 -91.5419847328 6.48091603053 END
START -3.23456644287 -10.0269165527 11.9662198975 250.129770992 -78.7938931298 21.0458015267 END
START 3.75410820312 -10.419565625 6.79713851318 250.129770992 -93.8778625954 2.35877862595 END
START 7.84101043701 -17.0682636353 7.9798741333 250.129770992 -102.389312977 15.8167938931 END
START 1.14682259521 -8.15225665283 8.39885942383 250.129770992 -87.3893129771 9.45038167939 END
START 3.75171400146 -10.9989624268 7.0245876709 250.129770992 -80.5114503817 14.2442748092 END
START 4.40054265137 -8.18098707275 11.0061450317 250.129770992 -76.320610687 11.358778626 END
START 0.725443103027 -10.0197339478 7.29752666016 250.129770992 -85.8244274809 11.1755725191 END
START -1.86987149658 -12.6964514038 11.4371013306 250.129770992 -98.8702290076 5.06870229008 END
START 2.34392342529 -13.716381311 8.92558378906 250.129770992 -79.572519084 7.29007633588 END
START 2.54743056641 -11.5137157837 5.87537087402 250.129770992 -72.8854961832 0.717557251908 END
START 6.61757338867 -9.92636008301 8.03494077148 250.129770992 -70.8854961832 9.26717557252 END
START -0.708683691406 -6.8019269165 4.64953962402 250.129770992 -79.1679389313 -0.488549618321 END
START 2.07816704102 -13.6708914795 9.46188496094 250.129770992 -69.9312977099 6.87022900763 END
START 1.37906015625 -10.658985791 5.28639726562 250.129770992 -60.9007633588 -0.137404580153 END
START 1.44849200439 -8.54729992676 3.98873996582 250.129770992 -73.7557251908 10.4122137405 END
START 6.69897624512 -13.4266829102 6.96473262939 250.129770992 -72.4885496183 3.2213740458 END
START -2.27927998047 -6.22492431641 7.80988581543 250.129770992 -66.1603053435 9.42748091603 END
START 4.91290180664 -9.37090529785 11.0588174683 250.129770992 -61.106870229 6.3893129771 END
START 0.76375032959 -10.8696755371 10.5847655396 250.129770992 -64.8549618321 8.84732824427 END
START 3.46201560059 -19.4313406738 10.433930835 250.129770992 -50.5190839695 -3.69465648855 END
START -5.60003768311 -8.47307967529 8.38449421387 250.129770992 -54.0992366412 14.3740458015 END
START 5.4444145752 -10.6996872192 8.53532891846 250.129770992 -72.2977099237 4.99236641221 END
START 0.162805712891 -9.50258638916 5.12119735107 250.129770992 -62.3740458015 5.03816793893 END
START 8.39885942383 -5.53060583496 7.16105716553 250.129770992 -61.2061068702 14.4961832061 END
START -2.70544787598 -7.19936439209 13.1010714844 250.129770992 -65.572519084 0.564885496183 END
START 2.79882174072 -4.43884987793 1.12766898193 250.129770992 -66.2977099237 1.91603053435 END
START 3.07415493164 -5.20260020752 7.10599052734 250.129770992 -61.0381679389 4.3358778626 END
START 5.70059415283 -10.4243540283 2.30801040039 250.129770992 -72.4503816794 11.4732824427 END
START -0.895431420898 -12.0883241821 4.46279189453 250.129770992 -65.0916030534 1.63358778626 END
START -0.29927520752 -8.40125362549 5.74847818604 250.129770992 -67.4732824427 14.4885496183 END
START 6.62715019531 -12.8065846802 10.9223479736 250.129770992 -72.572519084 -0.63358778626 END
START 2.97838686523 -16.1297365845 6.69658204346 250.129770992 -72.2366412214 9.31297709924 END
START 2.45884510498 -5.85382305908 5.07331331787 250.129770992 -78.9007633588 5.93893129771 END