START 4.13239206543 -8.31985076904 5.05415970459 250.129770992 -87.0916030534 -2.11450381679 END
START -2.31040460205 -7.86495245361 8.63827958984 250.129770992 -81.9847328244 4.57251908397 END
START 4.37660063477 -9.17936916504 7.12753834229 250.129770992 -77.8320610687 6.68702290076 END
START 6.89290657959 -12.9334773682 12.2176110718 250.129770992 -83.4503816794 13.4732824427 END
START 2.39659586182 -7.79312640381 7.64468590088 250.129770992 -89.3893129771 -4.82442748092 END
START 10.8960117554 -4.70460626221 7.3310454834 250.129770992 -78.1603053435 8.37404580153 END
START 2.3918074585 -10.060435376 3.16274039307 250.129770992 -81.8244274809 9.60305343511 END
START 4.43166727295 -6.47631549072 13.1633207275 250.129770992 -72.6259541985 9.48854961832 END
START 5.82030423584 -8.74362446289 11.0037508301 250.129770992 -66.786259542 2.0 END
START -1.11569797363 -11.9710083008 8.06845959473 250.129770992 -65.4045801527 6.22900763359 END
START 0.241814367676 -6.67742843018 7.51779321289 250.129770992 -57.8396946565 2.25954198473 END
START 3.93127912598 -6.11000263672 11.384428894 250.129770992 -79.3740458015 8.37404580153 END
START -1.21625444336 -12.1793038452 6.7540428833 250.129770992 -73.1832061069 12.3740458015 END
START -0.397437475586 -7.43878455811 6.80910952148 250.129770992 -73.9007633588 -2.35877862595 END
START 1.74537301025 0.514753356934 8.72447084961 250.129770992 -68.679389313 7.03053435115 END
START 4.92008441162 -6.29675036621 12.4043588013 250.129770992 -57.2366412214 9.37404580153 END
START 7.52737001953 -13.1537439209 7.59440766602 250.129770992 -59.4045801527 9.24427480916 END
START -0.962469067383 -6.96473262939 6.20577070312 250.129770992 -47.9923664122 -0.137404580153 END
START 14.4897084473 -10.0963484009 8.78432589111 250.129770992 -40.7404580153 12.6641221374 END
START 3.05500131836 -8.36055219727 8.67179841309 250.129770992 -35.6106870229 5.06870229008 END
START 6.67264002686 -13.0340338379 6.61996759033 250.129770992 -47.465648855 1.65648854962 END
START 6.41406624756 -8.23605371094 7.50342800293 250.129770992 -44.9847328244 8.58015267176 END
START -0.0119710083008 -8.0157871582 15.0331922241 250.129770992 -43.8167938931 -2.26717557252 END
START 6.19140549316 -13.5080857666 6.69658204346 250.129770992 -42.8091603053 4.37404580153 END
START -4.26407315674 -10.41238302 5.35343491211 250.129770992 -42.4961832061 6.31297709924 END
START 2.74136090088 -10.0173397461 5.11401474609 250.129770992 -27.465648855 3.93893129771 END
START -2.81558115234 -14.6932155884 8.97346782227 250.129770992 -24.1984732824 4.34351145038 END
START 3.43567938232 -11.413159314 7.76679018555 250.129770992 -34.1145038168 0.603053435115 END
START -1.99436998291 -8.90643017578 11.8010199829 250.129770992 -35.213740458 3.53435114504 END
START -1.77649763184 -16.4960494385 3.94085593262 250.129770992 -41.1145038168 5.57251908397 END
START 2.81079274902 -9.04289967041 7.32386287842 250.129770992 -46.0 -1.09923664122 END
START 9.27513723145 -10.1250788208 5.88015927734 250.129770992 -33.9236641221 2.86259541985 END
START 4.68545264893 -14.9230589478 5.26006104736 250.129770992 -36.2519083969 4.22900763359 END
START -4.5489831543 -6.86178195801 9.03571706543 250.129770992 -36.3740458015 0.664122137405 END
START 4.80276853027 -9.70369932861 12.5671645142 250.129770992 -39.0534351145 8.98473282443 END
START 3.58890828857 -10.2711251221 5.99268675537 250.129770992 -33.8167938931 6.74045801527 END
START -6.09803162842 -8.60715496826 8.99501563721 250.129770992 -33.3358778626 -3.2213740458 END
START -2.00394678955 -10.4985742798 5.11640894775 250.129770992 -34.9236641221 0.75572519084 END
START -0.701501086426 -10.2112700806 6.93360800781 250.129770992 -48.213740458 0.198473282443 END
START 4.16591088867 -3.49792862549 4.0557776123 250.129770992 -62.213740458 -2.23664122137 END
START 2.72699569092 -8.35097539062 5.63355650635 250.129770992 -49.8778625954 11.7633587786 END
START 4.10366164551 -8.36534060059 8.00142194824 250.129770992 -55.5114503817 7.80916030534 END
START 0.574608398438 -15.7610295288 7.28794985352 250.129770992 -53.358778626 11.3053435115 END
START 9.44512554932 -2.27688577881 7.57525405273 250.129770992 -60.9465648855 9.86259541985 END
START 9.27274302979 -7.25203682861 9.83777462158 250.129770992 -62.5419847328 0.412213740458 END
START -0.835576379395 -8.10676682129 6.89290657959 250.129770992 -57.2977099237 3.93129770992 END
START 3.74213719482 -9.39484731445 8.19295808105 250.129770992 -65.5114503817 3.90076335878 END
START -6.95515582275 -10.524910498 6.7540428833 250.129770992 -81.8396946565 11.6870229008 END
START 3.01190568848 -13.5296335815 7.15866296387 250.129770992 -81.1221374046 6.19083969466 END
START -4.19703551025 -6.00226356201 14.9733371826 250.129770992 -83.4351145038 4.96183206107 END
START 1.28089788818 -9.95030209961 5.78439121094 250.129770992 -91.1908396947 0.389312977099 END
START 0.687135876465 -14.5735055054 6.91924279785 250.129770992 -88.6259541985 18.679389313 END
START -0.138863696289 -10.8409451172 7.0724717041 250.129770992 -91.3664122137 -1.85496183206 END
START -1.65439334717 -10.8265799072 3.73016618652 250.129770992 -80.7328244275 -1.64885496183 END
START -4.81713374023 -7.24485422363 4.49391651611 250.129770992 -90.1832061069 1.99236641221 END
START 3.01429989014 -7.19697019043 6.74925447998 250.129770992 -105.106870229 3.40458015267 END
START 6.35899960937 -9.35175168457 7.17302817383 250.129770992 -103.79389313 6.93129770992 END
START -2.62165081787 -11.3245738525 5.52581743164 250.129770992 -98.2213740458 6.03053435115 END
START 7.0485296875 -11.877634436 6.14830986328 250.129770992 -101.381679389 4.13740458015 END
START 3.7493197998 -4.79798012695 8.93994899902 250.129770992 -98.3893129771 1.43511450382 END
START -2.65516964111 -9.54089361572 7.26640203857 250.129770992 -92.2442748092 2.61832061069 END
START 2.12844527588 -8.85854614258 8.37012900391 250.129770992 -93.3435114504 7.96183206107 END
START -0.404620080566 0.780509741211 7.36217010498 250.129770992 -104.366412214 5.09160305344 END
START -1.33117612305 -12.5647703125 9.41400092773 250.129770992 -103.0 5.75572519084 END
START 5.62876810303 -13.6828624878 4.5609541626 250.129770992 -104.007633588 5.20610687023 END
START -2.18351191406 -9.74440075684 8.94952580566 250.129770992 -105.0 5.31297709924 END
START 1.31681091309 -6.80671531982 9.89044705811 250.129770992 -104.603053435 3.87022900763 END
START 5.32470449219 -6.78277330322 7.85776984863 250.129770992 -104.618320611 -1.43511450382 END
START -1.07020814209 -9.27274302979 7.967903125 250.129770992 -104.86259542 0.0916030534351 END
START 0.526724365234 -6.75164868164 8.24323631592 250.129770992 -103.709923664 4.16030534351 END
START 2.31758720703 -2.7341782959 6.15788666992 250.129770992 -102.229007634 2.35877862595 END
START 0.294486804199 -2.37265384521 8.99262143555 250.129770992 -104.900763359 5.39694656489 END
START 7.80749161377 -11.1306435181 11.5759650269 250.129770992 -94.8320610687 4.99236641221 END
START 2.02310040283 -12.3995703979 11.0851536865 250.129770992 -103.106870229 8.74045801527 END
START -2.19548292236 -5.05415970459 8.99980404053 250.129770992 -96.6106870229 11.9007633588 END
START 0.239420166016 -10.7068698242 12.4881558594 250.129770992 -94.9465648855 6.36641221374 END
START 5.68383474121 -17.1520606934 7.0724717041 250.129770992 -86.2900763359 4.80152671756 END
START 4.39814844971 -10.4866032715 9.76594857178 250.129770992 -92.3740458015 -0.587786259542 END
START -2.05422502441 -9.43076033936 5.81312163086 250.129770992 -84.2900763359 7.30534351145 END
START -2.1930887207 -8.61433757324 4.24491954346 250.129770992 -86.9160305344 7.43511450382 END
START -0.268150585937 -3.66312854004 5.24330163574 250.129770992 -76.4732824427 7.48854961832 END
START 0.732625708008 -2.74375510254 8.07085379639 250.129770992 -77.1221374046 4.87786259542 END
START 5.91367810059 -11.3221796509 5.77002600098 250.129770992 -74.786259542 5.74045801527 END
START -5.14513936768 -7.51779321289 3.50750543213 250.129770992 -74.1603053435 8.35877862595 END
START 8.77714328613 -14.8727807129 7.78115539551 250.129770992 -74.8015267176 14.9312977099 END
START -4.54658895264 -4.51067592773 10.8912233521 250.129770992 -69.1145038168 3.04580152672 END
START 0.656011254883 -7.51539901123 7.39808312988 250.129770992 -62.4198473282 1.19083969466 END
START 1.95127435303 -11.9494604858 8.19535228271 250.129770992 -65.2519083969 -0.0152671755725 END
START -0.825999572754 -9.52892260742 11.391611499 250.129770992 -59.6488549618 5.93893129771 END
START 8.03015236816 -11.9518546875 5.88734188232 250.129770992 -55.3282442748 2.0534351145 END
START 5.02064088135 -6.4236430542 4.58729038086 250.129770992 -58.2366412214 18.3435114504 END
START 0.268150585937 -10.9415015869 11.65257948 250.129770992 -50.9541984733 0.740458015267 END
START -8.31745656738 -7.70454094238 5.1858407959 250.129770992 -52.3358778626 5.07633587786 END
START 3.69185895996 -3.48595761719 11.8225677979 250.129770992 -47.0916030534 2.96183206107 END
START 6.82586893311 -4.94881483154 7.74524237061 250.129770992 -46.4427480916 -0.793893129771 END
START 9.35893428955 -10.0700121826 4.82431634521 250.129770992 -47.1908396947 19.9618320611 END
START 3.84269366455 -7.79312640381 11.039663855 250.129770992 -48.0839694656 6.39694656489 END
START -1.78607443848 -10.7475712524 7.93438430176 250.129770992 -52.1450381679 11.9770992366 END
START 2.04943662109 -12.3061965332 11.0061450317 250.129770992 -56.1526717557 9.83969465649 END
START -2.03746561279 -5.97592734375 9.8665050415 250.129770992 -49.1908396947 1.88549618321 END
START -3.13161577148 -9.49540378418 2.66714064941 250.129770992 -46.0916030534 3.80916030534 END
START 3.37582434082 -7.60637867432 15.6700498657 250.129770992 -53.9618320611 8.34351145038 END
START -3.67988795166 -12.9262947632 7.58243665771 250.129770992 -61.5648854962 14.0 END
START 7.30949766846 -11.4442839355 9.31105025635 250.129770992 -62.2595419847 7.5572519084 END
START 3.59130249023 -10.4985742798 7.87931766357 250.129770992 -61.5190839695 0.312977099237 END
START 5.11880314941 -8.20971749268 7.85537564697 250.129770992 -64.5572519084 5.11450381679 END
START 0.0574608398438 -5.35343491211 11.0875478882 250.129770992 -69.3816793893 5.53435114504 END
START -0.866701000977 -8.05888278809 13.7906015625 250.129770992 -65.5954198473 7.30534351145 END
START 0.77332713623 -4.26886156006 6.82347473145 250.129770992 -74.0916030534 15.0305343511 END
START 4.22576593018 -9.44273134766 5.81312163086 250.129770992 -72.8320610687 5.54198473282 END
START -4.62320340576 -6.52180532227 8.79629689941 250.129770992 -77.893129771 2.8320610687 END
START 0.641646044922 -8.57842454834 12.5935007324 250.129770992 -82.679389313 6.46564885496 END
START 0.438138903809 -9.11472572021 9.62708487549 250.129770992 -86.4885496183 7.03816793893 END
START 5.44680877686 -13.3596452637 9.87608184814 250.129770992 -92.4045801527 8.60305343511 END
START -3.80199223633 -10.8241857056 4.93444962158 250.129770992 -86.3282442748 11.4580152672 END
START 1.43412679443 -9.64623848877 7.24485422363 250.129770992 -89.427480916 9.09923664122 END
START 5.79396801758 -5.61919129639 8.8513635376 250.129770992 -103.450381679 -1.58015267176 END
START -1.36708914795 -13.6756798828 5.13556256104 250.129770992 -104.72519084 10.6259541985 END
START 0.421379492187 -11.384428894 9.88087025146 250.129770992 -104.374045802 -0.198473282443 END
START 6.58405456543 -7.82425102539 9.39245311279 250.129770992 -104.664122137 2.8320610687 END
START 7.16345136719 -2.98556947021 5.45159718018 250.129770992 -105.480916031 7.86259541985 END
START 4.33350500488 -9.67496890869 10.8553103271 250.129770992 -104.091603053 11.427480916 END
START 1.50355864258 -5.16668718262 6.05972440186 250.129770992 -104.526717557 15.9083969466 END
START 8.92079538574 -10.172962854 12.519280481 250.129770992 -103.977099237 10.3740458015 END
START 4.9272670166 -11.8632692261 4.61841500244 250.129770992 -104.847328244 5.61832061069 END
START -7.17542237549 1.19231242676 3.99831677246 250.129770992 -104.572519084 3.7786259542 END
START 7.97747993164 -1.33596452637 3.98634576416 250.129770992 -104.312977099 3.24427480916 END
START -4.23773693848 -11.2048637695 8.92079538574 250.129770992 -104.374045802 14.7938931298 END
START 5.06134230957 -6.86178195801 9.01416925049 250.129770992 -104.801526718 9.93893129771 END
START -4.90571920166 -9.45949075928 1.90578452148 250.129770992 -96.2977099237 10.0610687023 END
START 4.34547601318 -3.7134067749 5.57130726318 250.129770992 -104.0 10.106870229 END
START -2.66953485107 -6.12676204834 8.34379278564 250.129770992 -105.030534351 9.65648854962 END
START 1.25456166992 -15.1241718872 8.8633345459 250.129770992 -98.7633587786 7.28244274809 END
START 5.02782348633 -10.8529161255 11.1928927612 250.129770992 -102.473282443 2.53435114504 END
START 5.08767852783 -1.98239897461 5.81791003418 250.129770992 -102.526717557 9.53435114504 END
START 6.29675036621 -2.63362182617 8.59997236328 250.129770992 -103.694656489 11.5190839695 END
START 1.04147772217 -2.698265271 7.87213505859 250.129770992 -99.4961832061 9.03053435115 END
START 0.165199914551 -9.01177504883 8.8872765625 250.129770992 -106.740458015 16.0 END