START 7.0485296875 -8.8633345459 9.48582697754 250.129770992 -68.8778625954 -0.900763358779 END
START -9.7348239502 -9.67257470703 8.5209637085 250.129770992 -78.7786259542 14.1297709924 END
START 3.21780703125 -3.57933148193 8.75798967285 250.129770992 -85.6870229008 6.54961832061 END
START -0.938527050781 -18.0427037109 8.29351455078 250.129770992 -67.6641221374 -1.31297709924 END
START -6.73728347168 -5.2816088623 7.55610043945 250.129770992 -72.679389313 4.71755725191 END
START 0.833182177734 -7.00543405762 4.58968458252 250.129770992 -76.1450381679 5.90076335878 END
START -1.04626612549 -7.77636699219 4.16591088867 250.129770992 -85.2213740458 3.38167938931 END
START -1.91536132812 -10.3716815918 6.52180532227 250.129770992 -79.3740458015 10.3053435115 END
START 7.93438430176 -9.4642791626 7.18978758545 250.129770992 -74.5801526718 8.06870229008 END
START -1.83635267334 -6.988674646 6.99825145264 250.129770992 -70.0687022901 5.80916030534 END
START -0.557848986816 -6.94079061279 8.73404765625 250.129770992 -85.9694656489 17.2824427481 END
START 3.31596929932 -12.4570312378 7.9319901001 250.129770992 -86.9770992366 3.48854961832 END
START 1.93690914307 -5.01824667969 10.6398321777 250.129770992 -80.3816793893 12.4198473282 END
START 3.47398660889 -11.0660000732 10.8696755371 250.129770992 -70.9312977099 10.3893129771 END
START -5.10683214111 2.01591779785 5.27442625732 250.129770992 -70.1297709924 16.641221374 END
START 2.88022459717 -13.5535755981 8.49462749023 250.129770992 -93.1526717557 10.3740458015 END
START 0.663193859863 -14.3843635742 6.67264002686 250.129770992 -81.1374045802 3.91603053435 END
START -0.667982263184 -7.10599052734 2.97838686523 250.129770992 -89.4045801527 0.0458015267176 END
START -2.79642753906 -9.50976899414 6.91445439453 250.129770992 -92.6335877863 13.7099236641 END
START 0.294486804199 -17.4657011108 14.5423808838 250.129770992 -105.259541985 1.91603053435 END
START -0.545877978516 -5.93762011719 7.80270321045 250.129770992 -100.877862595 3.31297709924 END
START -1.94169754639 -9.22485899658 6.96473262939 250.129770992 -90.1908396947 9.62595419847 END
START 0.0550666381836 -12.1362082153 10.8289741089 250.129770992 -94.4885496183 16.1603053435 END
START 1.33357032471 -2.48039291992 4.70460626221 250.129770992 -92.3358778626 7.68702290076 END
START 0.960074865723 -8.34379278564 7.37414111328 250.129770992 -87.9847328244 17.2442748092 END
START -2.44208569336 0.30166940918 7.98945093994 250.129770992 -87.7557251908 10.7938931298 END
START 2.79882174072 -6.19379969482 7.91523068848 250.129770992 -102.732824427 8.98473282443 END
START 7.98705673828 -4.82671054687 11.4682259521 250.129770992 -91.3969465649 2.65648854962 END
START 3.51947644043 -7.93917270508 8.02057556152 250.129770992 -87.0610687023 8.63358778626 END
START -0.409408483887 -5.67186373291 10.1609918457 250.129770992 -85.7099236641 12.1297709924 END
START 0.849941589355 -8.01818135986 4.72615407715 250.129770992 -95.3282442748 5.88549618321 END
START 6.20816490479 -12.4833674561 4.44124407959 250.129770992 -84.0 7.43511450382 END
START 6.3997010376 -8.12592043457 10.1394440308 250.129770992 -84.427480916 10.7022900763 END
START 10.1346556274 -11.7459533447 8.79390269775 250.129770992 -87.213740458 7.3358778626 END
START 3.44765039062 -12.758700647 15.2893718018 250.129770992 -78.2442748092 0.63358778626 END
START 5.80593902588 -12.3109849365 9.24401260986 250.129770992 -90.0229007634 1.98473282443 END
START 6.55292994385 -10.6925046143 11.9398836792 250.129770992 -87.2366412214 0.30534351145 END
START 3.39976635742 -10.0101571411 4.19703551025 250.129770992 -79.7557251908 4.10687022901 END
START 7.03895288086 -5.05176550293 10.7834842773 250.129770992 -78.0534351145 5.8320610687 END
START 4.76206710205 -7.90086547852 6.02381137695 250.129770992 -69.1603053435 8.10687022901 END
START 1.1540052002 -8.2863319458 4.57531937256 250.129770992 -74.5267175573 12.1145038168 END
START 2.58813199463 -8.16901606445 11.9374894775 250.129770992 -63.0381679389 -2.38167938931 END
START -1.84592947998 -8.94952580566 5.72693037109 250.129770992 -68.0152671756 10.7709923664 END
START 3.00711728516 -10.8648871338 7.03416447754 250.129770992 -44.9770992366 10.7099236641 END
START -0.239420166016 -13.2255699707 2.98796367187 250.129770992 -53.5190839695 13.3816793893 END
START 2.27927998047 -15.6508962524 9.97424411621 250.129770992 -56.1603053435 9.59541984733 END
START -2.73657249756 -7.68299312744 9.63187327881 250.129770992 -62.2748091603 10.4427480916 END
START 1.74297880859 -12.5791355225 8.8393925293 250.129770992 -50.8473282443 6.39694656489 END
START -0.670376464844 -8.91840118408 9.82580361328 250.129770992 -59.7328244275 10.3740458015 END
START 3.67749375 -11.6477910767 8.79869110107 250.129770992 -60.427480916 7.79389312977 END
START 0.344765039063 -10.1921164673 3.62242711182 250.129770992 -47.3969465649 0.0610687022901 END
START 2.37265384521 -8.97346782227 10.1298672241 250.129770992 -54.3816793893 7.0534351145 END
START -0.701501086426 -12.27267771 8.80826790771 250.129770992 -61.2671755725 13.893129771 END
START -7.51779321289 -11.4562549438 4.62799180908 250.129770992 -59.0305343511 0.18320610687 END
START 2.17393510742 -7.86495245361 8.16901606445 250.129770992 -72.7404580153 8.41984732824 END
START 1.06063133545 -2.14999309082 4.85065256348 250.129770992 -74.2290076336 11.7175572519 END
START -3.67749375 -8.81066210937 8.06367119141 250.129770992 -77.8778625954 9.32824427481 END
START 1.88184250488 -7.75960758057 6.59363137207 250.129770992 -74.4885496183 13.6030534351 END
START -2.65516964111 -8.32703337402 10.3836526001 250.129770992 -77.2671755725 -1.75572519084 END
START 1.60890351563 -13.4745669434 10.9798088135 250.129770992 -77.8473282443 -1.28244274809 END
START 0.888248815918 -13.0340338379 8.20732329102 250.129770992 -81.3664122137 0.801526717557 END
START -4.34787021484 -10.666168396 8.3461869873 250.129770992 -81.1526717557 -0.404580152672 END
START -0.3064578125 -13.4458365234 11.6741272949 250.129770992 -81.7175572519 6.64122137405 END
START 5.09725533447 -8.14746824951 6.93360800781 250.129770992 -93.3358778626 12.6717557252 END
START 0.46686932373 -10.1131078125 5.92325490723 250.129770992 -93.7022900763 3.57251908397 END
START -6.65348641357 -12.7898252686 4.75009609375 250.129770992 -96.2748091603 9.97709923664 END
START -3.20344182129 -18.4688716064 7.47709178467 250.129770992 -97.4503816794 11.6335877863 END
START 1.11330377197 -6.18422288818 8.28393774414 250.129770992 -104.404580153 13.2290076336 END
START 0.732625708008 -10.3788641968 6.3997010376 250.129770992 -98.9465648855 3.41221374046 END
START -5.28879146729 -14.6453315552 12.0595937622 250.129770992 -93.1603053435 1.48091603053 END
START -1.1659762085 -11.5592056152 10.1705686523 250.129770992 -88.2595419847 -1.69465648855 END
START 4.80037432861 -8.87769975586 4.81234533691 250.129770992 -82.6564885496 10.465648855 END
START -5.83706364746 -12.7826426636 7.46033237305 250.129770992 -75.213740458 9.3358778626 END
START 2.53067115479 -12.9502367798 11.264718811 250.129770992 -84.3740458015 1.12977099237 END
START -0.045489831543 -7.0605006958 10.0580411743 250.129770992 -77.7404580153 0.190839694656 END
START 0.0478840332031 -12.638990564 8.78911429443 250.129770992 -72.4427480916 1.35114503817 END
START -1.57777889404 -7.68778153076 9.56244143066 250.129770992 -61.5190839695 9.60305343511 END
START 8.41083043213 -8.48983908691 10.3094323486 250.129770992 -57.1450381679 1.98473282443 END
START 4.08450803223 -12.3301385498 5.41807835693 250.129770992 -51.1450381679 10.8244274809 END
START 0.0574608398438 -6.53617053223 13.0388222412 250.129770992 -53.8625954198 3.09160305344 END
START 3.30878669434 -14.2814129028 9.36851109619 250.129770992 -49.8167938931 16.2977099237 END
START 2.60010300293 -9.30865605469 6.0812722168 250.129770992 -58.2290076336 0.587786259542 END
START 3.37343013916 -8.42280144043 3.35427652588 250.129770992 -37.5954198473 3.16030534351 END
START 6.84023414307 -11.4251303223 6.41885465088 250.129770992 -33.6717557252 -3.73282442748 END
START 4.2784383667 -15.830461377 8.52335791016 250.129770992 -39.7480916031 -0.641221374046 END
START 5.99268675537 -3.25372005615 11.9949503174 250.129770992 -27.3053435115 7.98473282443 END
START 0.45489831543 -8.51378110352 4.18267030029 250.129770992 -19.7938931298 9.22900763359 END
START -3.52426484375 -10.4554786499 9.78031378174 250.129770992 -23.3358778626 10.3053435115 END
START -3.16274039307 -16.654066748 9.06923588867 250.129770992 -33.8778625954 10.6641221374 END
START 4.75727869873 -9.560047229 7.4028715332 250.129770992 -34.2366412214 9.41221374046 END
START 2.91853182373 -8.23605371094 6.91684859619 250.129770992 -41.8778625954 -0.282442748092 END
START -2.50672913818 -12.1481792236 2.54743056641 250.129770992 -41.1297709924 3.6106870229 END
START 0.368707055664 -12.8329208984 4.91769020996 250.129770992 -42.3358778626 7.09923664122 END
START -0.586579406738 -6.14591566162 7.00303985596 250.129770992 -33.2595419847 4.06106870229 END
START -1.72382519531 -8.09000740967 6.96712683105 250.129770992 -33.8244274809 2.54198473282 END
START -3.53384165039 -7.14908615723 5.16668718262 250.129770992 -43.0763358779 10.106870229 END
START 2.04943662109 -6.51701691895 8.57363614502 250.129770992 -51.106870229 4.71755725191 END
START 0.797269152832 -8.12113203125 10.3740757935 250.129770992 -43.8625954198 -1.29770992366 END
START -4.31195718994 -10.1250788208 12.3875993896 250.129770992 -65.534351145 -3.64885496183 END
START 3.59369669189 -7.14908615723 10.180145459 250.129770992 -63.7328244275 16.1374045802 END
START -5.06134230957 -16.5439334717 9.51695159912 250.129770992 -61.2977099237 2.41984732824 END
START -4.84825836182 -6.70855305176 6.12915625 250.129770992 -67.5419847328 9.20610687023 END
START 0.15801730957 -9.28950244141 5.75326658936 250.129770992 -62.5954198473 -3.38167938931 END
START -1.24498486328 -6.57447775879 8.37252320557 250.129770992 -72.0381679389 3.30534351145 END
START -1.94169754639 -9.1458503418 10.8457335205 250.129770992 -80.6946564885 16.8625954198 END
START 0.399831677246 -12.7850368652 3.3830069458 250.129770992 -82.7633587786 7.54198473282 END
START 0.045489831543 -9.97424411621 10.5201220947 250.129770992 -70.3358778626 10.0763358779 END
START 0.208295544434 -6.93839641113 6.1650692749 250.129770992 -80.1984732824 17.358778626 END
START -1.12048637695 -9.78989058838 7.70693514404 250.129770992 -86.8091603053 11.9770992366 END
START 7.21372960205 -6.39012423096 4.69502945557 250.129770992 -74.3969465649 15.3282442748 END
START -5.73890137939 -6.7779848999 7.19936439209 250.129770992 -88.5801526718 11.6946564885 END
START -0.586579406738 -9.18894597168 -0.191536132812 250.129770992 -92.8549618321 9.17557251908 END
START 12.0500169556 -9.70848773193 7.42202514648 250.129770992 -101.267175573 8.73282442748 END
START 3.00711728516 -14.942212561 16.055516333 250.129770992 -94.8549618321 13.9541984733 END
START -2.79882174072 -9.09796630859 4.25928475342 250.129770992 -92.8167938931 6.04580152672 END
START -2.18590611572 -11.3533042725 7.04374128418 250.129770992 -93.5190839695 8.59541984733 END
START 0.76135612793 -10.2160584839 12.0404401489 250.129770992 -92.8473282443 8.45038167939 END
START -0.193930334473 -14.6692735718 13.1202250977 250.129770992 -99.6870229008 7.72519083969 END
START 6.02141717529 -14.7865894531 7.27119044189 250.129770992 -101.076335878 0.503816793893 END