START -3.47638081055 -4.59207878418 4.48673391113 250.129770992 -81.4961832061 7.71755725191 END
START -0.220266552734 -5.73171877441 3.97676895752 250.129770992 -83.358778626 13.4122137405 END
START 0.0287304199219 -13.2973960205 9.07402429199 250.129770992 -90.3435114504 -2.74809160305 END
START 2.76290871582 -11.9542488892 8.93755479736 250.129770992 -70.3435114504 8.32824427481 END
START 1.19949503174 -8.2025348877 19.5366855469 250.129770992 -70.1450381679 8.02290076336 END
START -5.26724365234 -5.08767852783 12.1098719971 250.129770992 -82.8778625954 4.50381679389 END
START -4.21140072021 -13.9055232422 7.62074388428 250.129770992 -73.2290076336 3.01526717557 END
START -5.07810172119 -2.65756384277 5.2576668457 250.129770992 -84.679389313 2.65648854962 END
START 0.351947644043 -12.8017962769 11.2623246094 250.129770992 -89.7022900763 13.9083969466 END
START -0.991199487305 -7.0126166626 4.74051928711 250.129770992 -80.1374045802 10.2671755725 END
START 1.80043964844 -9.57441243896 8.84657513428 250.129770992 -98.5801526718 10.7938931298 END
START 6.13633885498 -12.2846487183 8.00621035156 250.129770992 -90.4198473282 10.0763358779 END
START 0.663193859863 -7.25921943359 8.78193168945 250.129770992 -72.6641221374 2.15267175573 END
START 4.43645567627 -5.57130726318 8.30309135742 250.129770992 -95.1374045802 8.16030534351 END
START -0.981622680664 -13.8121493774 7.07965430908 250.129770992 -86.6106870229 5.09923664122 END
START 0.0526724365234 -2.57137258301 7.97508572998 250.129770992 -92.5954198473 7.52671755725 END
START -7.44836136475 -9.63426748047 5.23851323242 250.129770992 -96.2061068702 7.19083969466 END
START 1.61129771729 -12.6844803955 6.03817658691 250.129770992 -85.6335877863 5.25954198473 END
START 3.10527955322 -7.99423934326 11.5951186401 250.129770992 -87.9923664122 9.41984732824 END
START -2.90656081543 -9.4642791626 10.1346556274 250.129770992 -80.4885496183 9.43511450382 END
START -1.29047469482 -6.42124885254 10.6254669678 250.129770992 -82.5954198473 6.19847328244 END
START -10.3094323486 -11.0564232666 7.44357296143 250.129770992 -74.1984732824 16.7786259542 END
START -0.845153186035 -11.1354319214 12.497732666 250.129770992 -82.679389313 13.4198473282 END
START 6.63193859863 -14.3819693726 9.00459244385 250.129770992 -85.3664122137 13.0381679389 END
START 2.87304199219 -10.3525279785 13.3237322388 250.129770992 -72.2671755725 8.14503816794 END
START 0.577002600098 -10.1705686523 11.2311999878 250.129770992 -65.6717557252 8.18320610687 END
START 8.68376942139 -12.87841073 9.54089361572 250.129770992 -68.7404580153 1.03816793893 END
START 7.46272657471 -12.5408282959 11.2288057861 250.129770992 -70.8244274809 2.19083969466 END
START 9.12909093018 -5.10204373779 9.91678327637 250.129770992 -71.8854961832 9.27480916031 END
START 3.02148249512 -11.8489040161 4.93444962158 250.129770992 -63.9465648855 9.74045801527 END
START 3.17710560303 -13.0938888794 10.8074262939 250.129770992 -61.3816793893 18.7633587786 END
START 10.0101571411 -9.53371101074 12.7802484619 250.129770992 -56.0610687023 6.04580152672 END
START 12.0021329224 -11.391611499 8.29351455078 250.129770992 -58.1450381679 17.0458015267 END
START 6.88572397461 -17.640477832 4.95839163818 250.129770992 -59.2061068702 18.0076335878 END
START 0.574608398438 -10.3644989868 7.43639035645 250.129770992 -49.5572519084 5.09160305344 END
START 1.37427175293 -9.38287630615 8.80347950439 250.129770992 -45.3282442748 8.28244274809 END
START 10.9845972168 -8.85375773926 10.7356002441 250.129770992 -43.7251908397 4.60305343511 END
START 7.33583388672 -12.4091472046 6.9767036377 250.129770992 -45.7251908397 7.75572519084 END
START 0.521935961914 -9.28710823975 6.18182868652 250.129770992 -46.0916030534 2.57251908397 END
START 3.40216055908 -9.27274302979 2.51391174316 250.129770992 -32.9618320611 5.40458015267 END
START -1.91536132812 -11.7363765381 8.45153186035 250.129770992 -41.106870229 13.3740458015 END
START 1.62087452393 -14.4681606323 10.6565915894 250.129770992 -53.9694656489 5.10687022901 END
START 5.93762011719 -11.4730143555 8.62152017822 250.129770992 -56.8320610687 14.4961832061 END
START 2.77248552246 -13.6876508911 6.27759675293 250.129770992 -61.1526717557 3.40458015267 END
START -0.0622492431641 -8.8513635376 7.26400783691 250.129770992 -64.106870229 5.60305343511 END
START 2.42293208008 -10.2591541138 8.36055219727 250.129770992 -69.3664122137 -0.114503816794 END
START 2.70544787598 -12.9334773682 9.39005891113 250.129770992 -81.5190839695 5.31297709924 END
START -8.94952580566 -12.5887123291 10.285490332 250.129770992 -84.7938931298 3.13740458015 END
START -2.92092602539 -10.2519715088 8.45871446533 250.129770992 -90.8015267176 12.7786259542 END
START 5.92804331055 -11.6837041016 11.3078144409 250.129770992 -100.809160305 14.7938931298 END
START 0.177170922852 -6.32069238281 3.40934316406 250.129770992 -90.0916030534 4.09160305344 END
START -0.0215478149414 -15.6389252441 13.7666595459 250.129770992 -91.786259542 -1.97709923664 END
START -5.18105239258 -10.3621047852 10.6781394043 250.129770992 -92.0305343511 1.31297709924 END
START -4.67827004395 -6.05254179687 6.56490095215 250.129770992 -103.916030534 4.12977099237 END
START -0.486022937012 -9.16021555176 5.95916793213 250.129770992 -102.183206107 11.6564885496 END
START 3.31357509766 -10.8840407471 3.9719805542 250.129770992 -104.580152672 -0.00763358778626 END
START 2.05901342773 -0.289698400879 6.04535919189 250.129770992 -103.709923664 17.3740458015 END
START -1.31202250977 -9.92396588135 9.68454571533 250.129770992 -104.030534351 -0.473282442748 END
START -6.02141717529 -8.66461580811 13.1298019043 250.129770992 -103.938931298 -0.900763358779 END
START 0.533906970215 -11.0851536865 7.09162531738 250.129770992 -97.786259542 4.2213740458 END
START 5.15232197266 -11.2168347778 6.375759021 250.129770992 -103.992366412 5.15267175573 END
START 6.55771834717 -12.1577560303 9.31344445801 250.129770992 -95.4351145038 3.01526717557 END
START 6.78756170654 -13.9318594604 9.95987890625 250.129770992 -95.534351145 13.3969465649 END
START 0.256179577637 -15.5144267578 13.1393787109 250.129770992 -90.0229007634 2.35877862595 END
START -1.02950671387 -8.81784471436 11.9111532593 250.129770992 -67.9923664122 12.3282442748 END
START 1.46764561768 -4.34068760986 9.01416925049 250.129770992 -73.1374045802 15.0458015267 END
START -0.624886633301 -7.81706842041 7.56328304443 250.129770992 -81.0229007634 -0.198473282443 END
START 0.572214196777 -10.4578728516 8.45153186035 250.129770992 -80.0305343511 5.98473282443 END
START 7.28794985352 -3.34230551758 15.8927106201 250.129770992 -74.1297709924 -2.18320610687 END
START 11.4371013306 -10.3405569702 9.21049378662 250.129770992 -65.8549618321 11.320610687 END
START 6.27520255127 -6.24886633301 12.2559182983 250.129770992 -62.3893129771 9.48091603053 END
START 9.69891092529 -2.32955821533 10.9630494019 250.129770992 -59.4961832061 3.03053435115 END
START 6.03099398193 -9.95748470459 5.5282116333 250.129770992 -55.4427480916 2.46564885496 END
START -2.02788880615 -10.8433393188 8.55208833008 250.129770992 -62.7938931298 -0.557251908397 END
START 0.105344873047 -8.78672009277 5.40131894531 250.129770992 -66.0305343511 8.12213740458 END
START 0.30406361084 -8.31266816406 6.43082565918 250.129770992 -59.3511450382 9.58015267176 END
START -1.05823713379 -6.17225187988 8.14267984619 250.129770992 -51.5496183206 6.48854961832 END
START 5.46356818848 -11.6765214966 7.23288321533 250.129770992 -60.3511450382 13.6641221374 END
START -1.77649763184 -9.08599530029 10.4842090698 250.129770992 -60.4045801527 8.52671755725 END
START -2.79163913574 -11.1952869629 6.9767036377 250.129770992 -65.0534351145 8.18320610687 END
START 7.65186850586 -10.8792523438 7.86495245361 250.129770992 -58.0839694656 10.6564885496 END
START 6.63433280029 -8.85615194092 6.988674646 250.129770992 -58.9694656489 15.358778626 END
START 3.4069489624 -6.43321986084 4.66390483398 250.129770992 -66.3129770992 3.80152671756 END
START -1.10851536865 -13.2590887939 6.10042583008 250.129770992 -65.1145038168 17.7328244275 END
START 2.65995804443 -13.5727292114 7.92720169678 250.129770992 -67.3969465649 10.7404580153 END
START -2.75333190918 -9.28471403809 8.14746824951 250.129770992 -81.3435114504 7.03053435115 END
START -5.17865819092 -15.3109196167 5.06373651123 250.129770992 -81.9770992366 9.29770992366 END
START 1.14203419189 -4.64953962402 5.48511600342 250.129770992 -89.2977099237 3.08396946565 END
START 1.36708914795 -9.63426748047 13.6780740845 250.129770992 -84.9847328244 20.6259541985 END
START -8.51617530518 -9.2057053833 3.19147081299 250.129770992 -97.2595419847 1.47328244275 END
START -7.23048901367 -7.06528909912 5.96395633545 250.129770992 -96.5038167939 15.5572519084 END
START -5.07091911621 -11.9111532593 8.214505896 250.129770992 -104.20610687 0.251908396947 END
START 1.01753570557 -2.50672913818 7.11556733398 250.129770992 -96.358778626 14.6488549618 END
START 4.52025273438 -5.97113894043 4.99669886475 250.129770992 -90.7557251908 14.9923664122 END
START 4.5250411377 -11.5376578003 8.47068547363 250.129770992 -103.633587786 11.9465648855 END
START -4.75967290039 -10.7571480591 5.62637390137 250.129770992 -99.213740458 14.0534351145 END
START -0.483628735352 -5.89691868896 7.75242497559 250.129770992 -105.175572519 13.3969465649 END
START -1.84114107666 -12.4139356079 12.1481792236 250.129770992 -96.5267175573 10.3129770992 END
START -0.881066210937 -8.86094034424 11.3126028442 250.129770992 -94.7709923664 3.13740458015 END
START 5.64552751465 -11.3748520874 9.10036051025 250.129770992 -90.3358778626 -0.358778625954 END
START 0.893037219238 -6.95515582275 12.1481792236 250.129770992 -91.8549618321 14.7404580153 END
START 7.78833800049 -13.132196106 7.74284816895 250.129770992 -96.6335877863 15.8625954198 END
START -1.03190091553 -2.00155258789 12.0667763672 250.129770992 -88.5648854962 8.17557251908 END
START 0.76853873291 -12.0667763672 10.0700121826 250.129770992 -99.5801526718 0.770992366412 END
START 1.34075292969 -1.72382519531 6.95755002441 250.129770992 -92.9465648855 9.48091603053 END
START -0.0933738647461 -6.66306322021 12.5887123291 250.129770992 -90.641221374 7.73282442748 END
START 4.52743533936 -10.4602670532 4.87220037842 250.129770992 -89.2442748092 8.12977099237 END
START 3.6415807251 -6.04775339355 4.70460626221 250.129770992 -81.4427480916 -4.95419847328 END
START 2.20027132568 -1.52271225586 5.97353314209 250.129770992 -86.0687022901 7.92366412214 END
START 0.995987890625 -7.88171186523 4.42448466797 250.129770992 -61.0839694656 7.71755725191 END
START -1.8986019165 -6.32069238281 4.9512090332 250.129770992 -70.2213740458 -1.02290076336 END
START 4.2664673584 -8.71249984131 9.05247647705 250.129770992 -64.5038167939 5.26717557252 END