START 1.99915838623 -13.6972276978 5.03979449463 250.129770992 -84.1297709924 5.76335877863 END
START -0.15801730957 -6.27280834961 4.07253702393 250.129770992 -81.2366412214 7.35877862595 END
START 2.84431157227 -8.07324799805 6.33745179443 250.129770992 -87.9694656489 3.91603053435 END
START 6.86178195801 -8.61912597656 4.52982954102 250.129770992 -85.2671755725 12.3969465649 END
START -3.83072265625 0.253785375977 9.55286462402 250.129770992 -77.7328244275 7.36641221374 END
START 0.529118566895 -14.1856448364 11.2407767944 250.129770992 -73.5877862595 6.25190839695 END
START 4.71418306885 -8.69813463135 6.60560238037 250.129770992 -78.2290076336 -4.41221374046 END
START 3.85945307617 -14.0252333252 10.6541973877 250.129770992 -87.106870229 11.1755725191 END
START -1.62566292725 -2.68390006104 8.14986245117 250.129770992 -91.7022900763 14.6335877863 END
START 2.71741888428 -5.53539423828 11.3437274658 250.129770992 -92.9694656489 11.5801526718 END
START 2.50194073486 -10.8481277222 2.47321031494 250.129770992 -80.0916030534 5.52671755725 END
START 0.955286462402 -5.44680877686 10.8098204956 250.129770992 -63.8320610687 10.1145038168 END
START -1.63045133057 -10.2543657104 9.04050546875 250.129770992 -60.320610687 6.32824427481 END
START 3.43567938232 -11.5615998169 7.42441934814 250.129770992 -79.2442748092 11.1221374046 END
START -7.87692346191 -8.55448253174 8.77714328613 250.129770992 -88.0992366412 7.11450381679 END
START -1.70945998535 -3.70622416992 8.07085379639 250.129770992 -80.1755725191 -1.35877862595 END
START 5.99029255371 -9.46906756592 8.47786807861 250.129770992 -73.7557251908 9.73282442748 END
START 2.67911165771 -9.87368764648 10.1155020142 250.129770992 -55.2977099237 1.7786259542 END
START 6.7540428833 -7.57285985107 9.39005891113 250.129770992 -67.7328244275 -1.03816793893 END
START 1.54904847412 -8.72447084961 13.3237322388 250.129770992 -76.4427480916 -3.83969465649 END
START 4.18027609863 -14.2191636597 4.63756861572 250.129770992 -81.9312977099 5.92366412214 END
START 11.7052519165 -10.0340991577 10.7691190674 250.129770992 -65.893129771 14.1526717557 END
START 2.83712896729 -11.5472346069 8.88488236084 250.129770992 -56.0610687023 -0.267175572519 END
START -0.964863269043 -9.94072529297 10.800243689 250.129770992 -51.3664122137 1.79389312977 END
START 6.99825145264 -9.88565865479 7.91523068848 250.129770992 -47.9007633588 2.76335877863 END
START 4.26167895508 -10.1083194092 9.39245311279 250.129770992 -55.3129770992 9.12213740458 END
START 3.85945307617 -15.6987802856 8.83220992432 250.129770992 -60.8244274809 -3.70992366412 END
START -0.0359130249023 -6.52419952393 9.06444748535 250.129770992 -66.0458015267 11.2519083969 END
START 7.62792648926 -8.48744488525 11.3317564575 250.129770992 -58.4961832061 12.8778625954 END
START -3.76607921143 -15.6149832275 6.30153876953 250.129770992 -44.7175572519 14.2748091603 END
START 4.29519777832 -14.963760376 8.0038161499 250.129770992 -46.9312977099 20.7175572519 END
START 7.69017573242 -8.14746824951 9.52892260742 250.129770992 -48.4351145038 11.1908396947 END
START 14.8608097046 -15.9956612915 8.50659849854 250.129770992 -42.2519083969 0.93893129771 END
START 8.09479581299 -15.5575223877 9.8425630249 250.129770992 -58.5496183206 -0.854961832061 END
START -0.15562310791 -0.699106884766 9.20331118164 250.129770992 -47.1603053435 2.35114503817 END
START 3.1364041748 -4.6447512207 2.91374342041 250.129770992 -42.2748091603 13.7251908397 END
START -2.10210905762 -9.30626185303 2.17393510742 250.129770992 -39.4503816794 3.1679389313 END
START -2.10450325928 -3.28963308105 5.06373651123 250.129770992 -37.3435114504 2.1679389313 END
START 4.66151063232 -11.750741748 6.49307490234 250.129770992 -49.2061068702 10.6641221374 END
START 2.66953485107 -11.9805851074 8.27914934082 250.129770992 -42.3816793893 13.3358778626 END
START 8.9231895874 -13.4099234985 8.25999572754 250.129770992 -39.534351145 2.76335877863 END
START 4.71418306885 -13.2782424072 8.01339295654 250.129770992 -34.0763358779 3.67938931298 END
START 1.75734401855 -4.79558592529 5.02064088135 250.129770992 -32.3053435115 0.0229007633588 END
START 3.28005627441 -12.1218430054 6.64869801025 250.129770992 -30.4961832061 11.8167938931 END
START 7.39568892822 -7.37653531494 6.88572397461 250.129770992 -26.1603053435 0.206106870229 END
START 10.8409451172 -7.94635531006 8.75798967285 250.129770992 -36.8167938931 0.809160305344 END
START -4.46039769287 -3.52187064209 8.37970581055 250.129770992 -34.5496183206 4.54198473282 END
START 1.58496149902 -12.0763531738 9.41878933105 250.129770992 -41.320610687 4.14503816794 END
START 1.91536132812 -11.1474029297 7.37414111328 250.129770992 -33.3053435115 9.9465648855 END
START 8.98783303223 -10.5273046997 3.72298358154 250.129770992 -39.0610687023 11.1603053435 END
START -5.02542928467 -11.2551420044 7.22091220703 250.129770992 -34.0992366412 8.24427480916 END
START -2.62883342285 -13.2088105591 6.63912120361 250.129770992 -50.0992366412 14.4045801527 END
START -3.26569106445 -10.1394440308 7.75960758057 250.129770992 -57.5267175573 8.12977099237 END
START -2.47799871826 -6.45237347412 6.42843145752 250.129770992 -67.1984732824 -0.908396946565 END
START 3.26329686279 -10.3788641968 5.54257684326 250.129770992 -64.2290076336 -2.03053435115 END
START 0.447715710449 -9.45709655762 7.56088884277 250.129770992 -64.8778625954 -2.45801526718 END
START 4.20900651855 -9.01656345215 5.77720860596 250.129770992 -67.4427480916 2.5572519084 END
START 1.97761057129 -6.71573565674 7.50103380127 250.129770992 -67.6717557252 2.68702290076 END
START -0.557848986816 -4.93444962158 7.16584556885 250.129770992 -75.6259541985 21.8244274809 END
START -0.344765039063 -9.02374605713 7.70693514404 250.129770992 -65.3511450382 13.3893129771 END
START 4.66151063232 -9.49061538086 5.71495936279 250.129770992 -68.6106870229 12.0076335878 END
START -0.380678063965 -7.6494743042 5.95437952881 250.129770992 -75.1832061069 5.24427480916 END
START 5.47793339844 -7.52976422119 4.44842668457 250.129770992 -72.7709923664 6.22900763359 END
START -1.03429511719 -8.62152017822 7.16105716553 250.129770992 -78.1374045802 4.35114503817 END
START 6.85220515137 -14.477737439 8.27914934082 250.129770992 -78.1908396947 7.91603053435 END
START -2.65995804443 -13.7044103027 8.36294639893 250.129770992 -77.4351145038 -0.267175572519 END
START -0.553060583496 -13.5727292114 7.10599052734 250.129770992 -86.0458015267 5.64885496183 END
START 1.93690914307 -14.2957781128 9.85692823486 250.129770992 -88.7328244275 6.02290076336 END
START -0.174776721191 -3.99352836914 6.86417615967 250.129770992 -90.6564885496 11.3053435115 END
START 6.84502254639 -8.80108530273 5.09725533447 250.129770992 -93.8320610687 2.10687022901 END
START 4.47476290283 -12.6749035889 6.31590397949 250.129770992 -104.244274809 -1.20610687023 END
START -2.47321031494 -8.5449057251 4.64235701904 250.129770992 -103.244274809 2.23664122137 END
START 5.61440289307 -2.41335527344 6.94557901611 250.129770992 -103.93129771 2.83969465649 END
START -3.95761534424 -9.8784760498 6.16028087158 250.129770992 -103.938931298 1.49618320611 END
START -0.574608398438 -13.1537439209 9.53371101074 250.129770992 -103.992366412 5.32061068702 END
START -1.2617442749 -5.1978118042 6.31111557617 250.129770992 -104.175572519 2.75572519084 END
START -0.497993945312 -15.1816327271 9.94072529297 250.129770992 -97.786259542 5.56488549618 END
START -0.624886633301 -11.159373938 7.17542237549 250.129770992 -93.5648854962 -1.23664122137 END
START 0.787692346191 -6.28238515625 7.85058724365 250.129770992 -101.213740458 8.82442748092 END
START -0.91219083252 -14.2670476929 8.37491740723 250.129770992 -89.0305343511 2.3358778626 END
START 0.61052142334 -5.24090743408 5.43483776855 250.129770992 -79.4961832061 12.7557251908 END
START -6.35899960937 -5.31991608887 9.53131680908 250.129770992 -92.2671755725 1.47328244275 END
START 7.57285985107 -10.0077629395 6.83305153809 250.129770992 -72.6641221374 4.47328244275 END
START 4.21379492187 -11.631031665 6.40688364258 250.129770992 -91.5648854962 7.68702290076 END
START 6.56490095215 -13.0196686279 12.2846487183 250.129770992 -86.534351145 7.04580152672 END
START 2.1571756958 -3.92649072266 9.02853446045 250.129770992 -76.7328244275 9.02290076336 END
START 3.42610257568 -6.57447775879 5.1618987793 250.129770992 -81.572519084 4.69465648855 END
START 8.72207664795 -9.19612857666 9.14345614014 250.129770992 -69.4351145038 6.90839694656 END
START 1.32159931641 -6.70137044678 12.9550251831 250.129770992 -81.4732824427 5.03053435115 END
START 0.213083947754 -6.7660138916 4.38617744141 250.129770992 -70.7328244275 9.29770992366 END
START 4.14915147705 -6.87375296631 8.63109698486 250.129770992 -74.2900763359 0.526717557252 END
START 0.670376464844 -11.4466781372 10.0628295776 250.129770992 -77.4732824427 2.89312977099 END
START 2.03746561279 -11.0085392334 5.63834490967 250.129770992 -62.1603053435 5.31297709924 END
START 5.10443793945 -13.6708914795 7.26879624023 250.129770992 -68.3816793893 8.50381679389 END
START 1.75734401855 -11.4275245239 5.1978118042 250.129770992 -58.9236641221 8.70992366412 END
START 3.0047230835 -8.06606539307 5.02782348633 250.129770992 -59.9160305344 -2.09160305344 END
START 6.19140549316 -11.7387707397 7.6255322876 250.129770992 -66.1145038168 -2.58778625954 END
START 11.0875478882 -9.91438907471 8.16183345947 250.129770992 -65.6259541985 3.91603053435 END
START 1.8866309082 -11.9542488892 6.36139381104 250.129770992 -63.1984732824 12.7404580153 END
START 2.22660754395 -13.2686656006 6.15070406494 250.129770992 -67.0839694656 4.11450381679 END
START -0.730231506348 -8.88009395752 6.80671531982 250.129770992 -64.3435114504 6.37404580153 END
START -2.59292039795 -6.05972440186 7.80749161377 250.129770992 -66.358778626 10.4885496183 END
START 3.25132585449 -16.9126405273 7.59680186768 250.129770992 -62.5114503817 6.37404580153 END
START -2.43011468506 -10.9989624268 5.42765516357 250.129770992 -58.1374045802 5.3893129771 END
START 1.78607443848 -14.8751749146 8.16901606445 250.129770992 -64.2213740458 4.24427480916 END
START -3.59369669189 -4.24731374512 6.45476767578 250.129770992 -62.1297709924 5.11450381679 END
START 2.57855518799 -12.4211182129 6.17225187988 250.129770992 -62.5801526718 11.7099236641 END
START 0.198718737793 -13.8241203857 4.5729251709 250.129770992 -63.3740458015 -2.50381679389 END
START 1.42454998779 -10.9223479736 7.47948598633 250.129770992 -67.8320610687 5.12977099237 END
START -2.27449157715 -8.19056387939 10.0101571411 250.129770992 -73.0839694656 16.4198473282 END
START 5.60003768311 -11.899182251 8.56166513672 250.129770992 -77.6641221374 17.0534351145 END
START 0.222660754395 -6.1530982666 10.1083194092 250.129770992 -74.2061068702 17.2061068702 END
START -1.03668931885 -9.95987890625 7.58004245605 250.129770992 -86.8473282443 5.61832061069 END
START -4.78840332031 -8.64546219482 9.13627353516 250.129770992 -80.5496183206 3.60305343511 END
START 0.940921252441 -8.80347950439 6.32069238281 250.129770992 -88.534351145 14.6564885496 END
START -2.88501300049 -5.95916793213 8.62152017822 250.129770992 -105.404580153 6.97709923664 END
START -0.402225878906 -10.8577045288 6.63912120361 250.129770992 -92.2213740458 4.48854961832 END
START -1.57538469238 -13.46977854 5.83945784912 250.129770992 -101.358778626 7.47328244275 END
START 3.59130249023 -10.6565915894 8.8513635376 250.129770992 -91.4809160305 8.9465648855 END
START -0.543483776855 -12.4570312378 10.0700121826 250.129770992 -96.0381679389 11.3893129771 END
START -3.61285030518 -9.53131680908 12.1625444336 250.129770992 -91.6946564885 8.77099236641 END
START -3.23217224121 -5.27682045898 9.59117185059 250.129770992 -93.7557251908 11.0687022901 END
START -2.00394678955 -10.5129394897 4.9272670166 250.129770992 -97.3053435115 3.3358778626 END
START -4.69981785889 -7.3310454834 8.56645354004 250.129770992 -104.091603053 7.25954198473 END
START -5.149927771 -12.0907183838 8.5568767334 250.129770992 -104.13740458 10.8396946565 END
START 0.584185205078 -5.70538255615 11.3006318359 250.129770992 -104.503816794 2.25954198473 END
START -4.08929643555 -18.7777236206 8.97586202393 250.129770992 -90.5496183206 -3.51908396947 END
START 7.02219346924 -10.7260234375 7.41005413818 250.129770992 -94.4961832061 10.0763358779 END
START -5.98550415039 -11.6908867065 6.15549246826 250.129770992 -93.0229007634 10.427480916 END
START -4.90811340332 -10.7403886475 13.4673843384 250.129770992 -76.8702290076 4.29007633588 END
START 0.181959326172 -7.78115539551 7.03416447754 250.129770992 -87.6335877863 3.24427480916 END
START 3.10767375488 -6.31350977783 8.37731160889 250.129770992 -81.4122137405 -3.02290076336 END
START 2.47081611328 -9.44991395264 12.2391588867 250.129770992 -76.2519083969 4.57251908397 END