START 7.95353791504 -7.78115539551 10.8241857056 250.129770992 -68.7633587786 8.74809160305 END
START 0.749385119629 -7.76439598389 8.90882437744 250.129770992 -62.5267175573 4.97709923664 END
START 5.94959112549 -11.4371013306 9.4523081543 250.129770992 -59.358778626 6.71755725191 END
START 1.50355864258 -15.4617543213 6.75643708496 250.129770992 -67.6870229008 19.2824427481 END
START -1.56101948242 -9.56244143066 8.43956085205 250.129770992 -68.9618320611 9.32824427481 END
START -5.67186373291 -9.95269630127 6.13633885498 250.129770992 -72.9312977099 11.1984732824 END
START 7.79791480713 -8.66222160645 6.23689532471 250.129770992 -72.0458015267 9.15267175573 END
START 5.2337248291 -12.4857616577 11.9470662842 250.129770992 -73.6717557252 10.0076335878 END
START 6.32069238281 -6.15549246826 5.54497104492 250.129770992 -66.7099236641 14.7938931298 END
START 7.601590271 -6.53856473389 5.8226984375 250.129770992 -66.6335877863 11.3664122137 END
START 13.378798877 -15.5335803711 3.43807358398 250.129770992 -75.4427480916 8.37404580153 END
START 5.38455953369 -15.8998932251 6.31111557617 250.129770992 -68.2366412214 6.80152671756 END
START -1.41497318115 -12.9478425781 4.95839163818 250.129770992 -70.7709923664 8.95419847328 END
START 7.50103380127 -11.3509100708 4.34787021484 250.129770992 -73.4198473282 3.60305343511 END
START -2.05661922607 -6.33266339111 9.04289967041 250.129770992 -80.4580152672 6.52671755725 END
START -0.316034619141 -8.30548555908 9.1219083252 250.129770992 -78.3053435115 0.190839694656 END
START 6.21774171143 -9.36132849121 9.40681832275 250.129770992 -72.6335877863 0.557251908397 END
START -0.0263362182617 -11.532869397 11.0229044434 250.129770992 -66.572519084 5.51908396947 END
START 1.05823713379 -4.22097752686 5.96156213379 250.129770992 -68.8167938931 11.2595419847 END
START -3.9959225708 -7.77397279053 6.36139381104 250.129770992 -67.0992366412 6.12213740458 END
START 13.8145435791 -11.2503536011 8.79390269775 250.129770992 -59.4198473282 2.80152671756 END
START -1.77649763184 -14.7674358398 11.7076461182 250.129770992 -53.465648855 6.5572519084 END
START -1.19710083008 -7.43399615479 8.44434925537 250.129770992 -58.6870229008 8.80916030534 END
START 9.96227310791 -11.8201735962 2.03267720947 250.129770992 -69.641221374 -0.709923664122 END
START 5.64552751465 -11.2838724243 6.68700523682 250.129770992 -48.5877862595 8.1679389313 END
START -2.28167418213 -11.8369330078 5.76044919434 250.129770992 -67.2442748092 5.58778625954 END
START 0.0478840332031 -9.5361052124 8.96149681396 250.129770992 -75.7251908397 8.46564885496 END
START -2.68868846436 -5.56651885986 10.5632177246 250.129770992 -69.8396946565 -0.0992366412214 END
START 7.24246002197 -11.5376578003 1.38624276123 250.129770992 -69.1755725191 -0.786259541985 END
START -6.63912120361 -6.7660138916 4.73812508545 250.129770992 -73.0458015267 7.52671755725 END
START -1.78607443848 -11.7076461182 8.22168850098 250.129770992 -73.0610687023 8.38167938931 END
START 2.49475812988 -8.98065042725 10.2567599121 250.129770992 -71.6870229008 9.06870229008 END
START 2.96402165527 -6.84741674805 2.65516964111 250.129770992 -61.3282442748 14.7175572519 END
START -2.91613762207 -1.62566292725 9.02614025879 250.129770992 -72.7709923664 6.61832061069 END
START -2.90177241211 -10.8457335205 9.31823286133 250.129770992 -66.8396946565 12.0305343511 END
START 7.09880792236 -11.4825911621 3.44046778564 250.129770992 -77.1145038168 1.87022900763 END
START 1.89620771484 -15.1217776855 8.6406737915 250.129770992 -74.0229007634 13.6946564885 END
START -0.92176763916 -16.0148149048 6.1171852417 250.129770992 -74.6870229008 5.06106870229 END
START -6.4356140625 -9.8784760498 13.4195003052 250.129770992 -83.2366412214 3.50381679389 END
START -10.0748005859 -6.33505759277 3.53623585205 250.129770992 -83.3969465649 6.95419847328 END
START 7.97508572998 -8.11155522461 12.5288572876 250.129770992 -95.2061068702 10.7251908397 END
START -0.407014282227 -10.1370498291 7.02937607422 250.129770992 -89.0381679389 1.98473282443 END
START -2.25773216553 1.44130939941 9.46906756592 250.129770992 -93.1145038168 -2.85496183206 END
START 0.76614453125 -8.63827958984 7.87452926025 250.129770992 -78.213740458 14.0839694656 END
START 0.368707055664 -5.94001431885 8.18338127441 250.129770992 -101.366412214 -0.549618320611 END
START 1.44370360107 -6.94318481445 8.72447084961 250.129770992 -82.8396946565 8.62595419847 END
START 6.69179364014 -4.63038601074 6.66066901855 250.129770992 -80.7022900763 8.12977099237 END
START 0.852335791016 -7.59919606934 7.76918438721 250.129770992 -77.0992366412 18.5267175573 END
START 2.3918074585 -8.70771143799 9.77552537842 250.129770992 -79.4351145038 3.38167938931 END
START -9.09796630859 -18.253393457 6.09084902344 250.129770992 -91.0 11.6183206107 END
START 5.99508095703 -9.59117185059 13.0124860229 250.129770992 -89.8320610687 6.41221374046 END
START 7.73805976562 -8.71249984131 8.38210001221 250.129770992 -80.0152671756 3.00763358779 END
START 6.34942280273 -5.84424625244 10.8912233521 250.129770992 -80.9236641221 0.679389312977 END
START 5.91607230225 -10.8744639404 8.08761320801 250.129770992 -80.1832061069 0.0687022900763 END
START 3.9480385376 -6.85220515137 4.45321508789 250.129770992 -73.6870229008 3.54961832061 END
START 2.11647426758 -6.0573302002 7.96072052002 250.129770992 -88.9160305344 1.83969465649 END
START -5.51863482666 -14.709975 7.84340463867 250.129770992 -78.7251908397 12.1603053435 END
START -4.41011945801 -10.8098204956 1.34554133301 250.129770992 -83.3816793893 5.13740458015 END
START 1.94648594971 -10.9247421753 11.6214548584 250.129770992 -98.9694656489 6.21374045802 END
START 2.20027132568 -7.73805976562 6.72770666504 250.129770992 -75.0076335878 1.0534351145 END
START 3.67509954834 -8.47307967529 5.20499440918 250.129770992 -86.3740458015 0.595419847328 END
START 3.56736047363 -14.5471692871 7.84101043701 250.129770992 -77.1450381679 13.2213740458 END
START 7.93917270508 -18.2414224487 7.15148035889 250.129770992 -80.2366412214 1.27480916031 END
START -1.95606275635 -10.9822030151 11.9470662842 250.129770992 -87.8702290076 -3.51908396947 END
START 2.64798703613 -8.09000740967 7.63271489258 250.129770992 -91.7786259542 12.8015267176 END
START -1.8267758667 -8.26957253418 10.1107136108 250.129770992 -95.0534351145 2.38167938931 END
START 6.00705196533 -10.7523596558 7.61595548096 250.129770992 -87.1526717557 10.7328244275 END
START 7.06289489746 -5.62876810303 8.99022723389 250.129770992 -85.572519084 6.41984732824 END
START 2.36068283691 -10.2208468872 8.9591026123 250.129770992 -82.786259542 8.45801526718 END
START -3.69664736328 -5.59524927979 7.36935270996 250.129770992 -82.3129770992 -1.57251908397 END
START -3.39258375244 -10.8481277222 7.28076724854 250.129770992 -82.9541984733 5.14503816794 END
START 2.90416661377 -11.3006318359 10.4722380615 250.129770992 -79.1145038168 1.09160305344 END
START 6.19858809814 -5.85142885742 12.5504051025 250.129770992 -88.2061068702 -2.06870229008 END
START 3.13879837646 -13.4266829102 3.88578929443 250.129770992 -72.9541984733 -0.648854961832 END
START 1.8626888916 -4.60404979248 5.94719692383 250.129770992 -83.3816793893 4.93129770992 END
START 4.61602080078 -12.1888806519 7.39808312988 250.129770992 -93.1832061069 7.35114503817 END
START 2.70544787598 -13.6996218994 7.75721337891 250.129770992 -87.7099236641 4.27480916031 END
START -1.8626888916 -9.40681832275 7.52258161621 250.129770992 -95.9770992366 4.61832061069 END
START 0.861912597656 -4.20182391357 11.5759650269 250.129770992 -92.7480916031 13.7938931298 END
START 7.91044228516 -7.53455262451 12.8472861084 250.129770992 -90.4580152672 12.3893129771 END
START 5.17626398926 -8.76996068115 5.33667550049 250.129770992 -94.7404580153 8.06870229008 END
START 8.43956085205 -11.772289563 10.7427828491 250.129770992 -100.748091603 16.7633587786 END
START -1.20907183838 -9.87608184814 5.5641246582 250.129770992 -97.8778625954 12.2671755725 END
START -0.124498486328 -11.5137157837 2.25054956055 250.129770992 -91.6564885496 6.9465648855 END
START 8.71968244629 -11.4801969604 6.83544573975 250.129770992 -103.091603053 10.7938931298 END
START 0.193930334473 -8.36055219727 5.71017095947 250.129770992 -89.0687022901 -3.06106870229 END
START -3.56017786865 -7.69017573242 7.06768330078 250.129770992 -84.6717557252 4.56488549618 END
START 0.169988317871 -14.5950533203 7.0126166626 250.129770992 -95.7938931298 9.08396946565 END
START -1.17076461182 -12.871228125 7.3669585083 250.129770992 -89.7404580153 -0.00763358778626 END
START 0.00478840332031 -10.3285859619 6.99585725098 250.129770992 -85.7251908397 6.22900763359 END
START -0.129286889648 -7.81228001709 6.37815322266 250.129770992 -83.7175572519 9.06870229008 END
START -1.08457335205 -9.76594857178 7.47948598633 250.129770992 -76.572519084 11.2824427481 END
START -0.663193859863 -4.99191046143 10.5201220947 250.129770992 -88.3511450382 4.45038167939 END
START 2.9927520752 -8.98783303223 11.6286374634 250.129770992 -93.1145038168 5.46564885496 END
START 2.34152922363 -11.0971246948 6.87854136963 250.129770992 -77.2977099237 11.106870229 END
START 0.0502782348633 -9.08360109863 11.4634375488 250.129770992 -76.2824427481 11.4732824427 END
START 1.00077629395 -11.7267997314 7.0605006958 250.129770992 -86.0458015267 4.68702290076 END
START 4.28322677002 -9.31823286133 7.08204851074 250.129770992 -75.9923664122 2.50381679389 END
START 7.82903942871 -7.01979926758 10.9295305786 250.129770992 -81.8320610687 6.80916030534 END
START 5.51863482666 -3.83072265625 5.50905802002 250.129770992 -81.4122137405 8.12213740458 END
START 5.28400306396 -6.60320817871 7.29992086182 250.129770992 -91.6106870229 8.98473282443 END
START -2.1571756958 -8.66701000977 7.18739338379 250.129770992 -85.1221374046 11.641221374 END
START 3.24653745117 -2.31279880371 7.19457598877 250.129770992 -83.8015267176 6.92366412214 END
START 1.13006318359 -11.0516348633 7.68778153076 250.129770992 -96.9007633588 9.93129770992 END
START 0.811634362793 -9.41878933105 7.99663354492 250.129770992 -79.0839694656 15.4122137405 END
START 0.785298144531 -13.611036438 5.31512768555 250.129770992 -85.8778625954 17.6030534351 END
START -0.548272180176 -7.24724842529 10.4075946167 250.129770992 -86.3969465649 0.36641221374 END
START 4.76924970703 -9.23204160156 6.25126053467 250.129770992 -77.641221374 11.3282442748 END
START 3.75410820312 -9.72524714355 6.72531246338 250.129770992 -90.2519083969 10.5877862595 END
START 7.67820472412 -10.9534725952 1.79804544678 250.129770992 -70.0229007634 10.8091603053 END
START 0.713472094727 -7.09401951904 4.79558592529 250.129770992 -72.2442748092 -3.00763358779 END
START -1.95606275635 -10.6709567993 11.8872112427 250.129770992 -86.7557251908 10.4122137405 END
START -5.99029255371 -9.1817633667 4.70939466553 250.129770992 -77.3435114504 0.0992366412214 END
START -2.61925661621 -15.7873657471 9.53371101074 250.129770992 -74.4885496183 -1.83969465649 END
START -4.87698878174 -8.20014068604 9.18894597168 250.129770992 -78.679389313 1.02290076336 END
START 6.3877300293 -10.3429511719 7.4268135498 250.129770992 -81.1908396947 6.64885496183 END
START 4.01507618408 -9.02374605713 5.71495936279 250.129770992 -69.4961832061 2.64885496183 END
START 4.48912811279 -5.08049592285 4.63038601074 250.129770992 -79.5954198473 7.09923664122 END
START -0.478840332031 -3.09330854492 7.27119044189 250.129770992 -84.3969465649 13.5114503817 END
START 2.06619603271 -1.50595284424 6.39251843262 250.129770992 -74.4198473282 11.8320610687 END
START 2.2170307373 -9.1338793335 4.95839163818 250.129770992 -74.2824427481 5.8320610687 END
START -0.651222851562 -7.69496413574 10.3980178101 250.129770992 -66.4885496183 -0.0381679389313 END
START -1.09893856201 -11.3628810791 2.91853182373 250.129770992 -77.8244274809 6.38167938931 END