START 4.56574256592 -2.17632930908 12.0739589722 250.129770992 -98.358778626 5.12213740458 END
START -2.35828863525 -1.22104284668 11.7244055298 250.129770992 -82.358778626 3.15267175573 END
START 1.02471831055 -6.76122548828 5.82988104248 250.129770992 -94.9541984733 12.8167938931 END
START 5.74847818604 -10.7882726807 7.24485422363 250.129770992 -75.1450381679 -0.229007633588 END
START -4.78122071533 -4.84825836182 6.85699355469 250.129770992 -83.893129771 10.6717557252 END
START -2.7222072876 -3.13879837646 6.09803162842 250.129770992 -68.7786259542 -0.114503816794 END
START 3.89536610107 -13.9031290405 9.08599530029 250.129770992 -79.6641221374 3.35114503817 END
START -2.25533796387 -13.9174942505 7.57285985107 250.129770992 -73.7328244275 22.6259541985 END
START 0.320823022461 -11.3341506592 7.39808312988 250.129770992 -73.0610687023 6.59541984733 END
START 14.822502478 -9.66539210205 14.963760376 250.129770992 -77.0534351145 -3.52671755725 END
START 2.47081611328 -8.66940421143 9.93114848633 250.129770992 -72.0992366412 10.427480916 END
START 10.5225162964 -6.70855305176 9.4642791626 250.129770992 -68.7709923664 2.83969465649 END
START 11.7291939331 -9.02135185547 6.71573565674 250.129770992 -69.4809160305 13.8549618321 END
START 1.53947166748 -19.2038915161 7.94874951172 250.129770992 -65.9312977099 11.3816793893 END
START 0.162805712891 -6.58166036377 7.72369455566 250.129770992 -76.0839694656 13.1221374046 END
START 5.53060583496 -16.3667625488 2.76290871582 250.129770992 -68.9618320611 10.4045801527 END
START 4.48194550781 -11.4179477173 4.58010777588 250.129770992 -68.3358778626 5.40458015267 END
START 6.1890112915 -12.5791355225 10.2711251221 250.129770992 -60.7633587786 2.62595419847 END
START 0.718260498047 -7.9559321167 8.04451757812 250.129770992 -69.8473282443 0.87786259542 END
START 13.1657149292 -7.36456430664 3.31836350098 250.129770992 -66.2748091603 9.17557251908 END
START 7.19936439209 -0.0742202514648 10.433930835 250.129770992 -65.9160305344 4.68702290076 END
START -4.80755693359 -7.77157858887 6.66785162354 250.129770992 -72.7175572519 10.3664122137 END
START -5.13556256104 -13.4721727417 7.0605006958 250.129770992 -62.106870229 4.51908396947 END
START -0.421379492187 -8.30309135742 9.30865605469 250.129770992 -72.0152671756 8.38167938931 END
START 3.43807358398 -8.28872614746 6.78277330322 250.129770992 -66.6870229008 6.79389312977 END
START -4.55137735596 -3.06218392334 6.55771834717 250.129770992 -71.3129770992 13.106870229 END
START 3.44525618896 -3.01908829346 9.27274302979 250.129770992 -75.4732824427 7.80152671756 END
START 3.40455476074 -2.82755216064 7.54412943115 250.129770992 -78.320610687 4.69465648855 END
START 9.94551369629 0.0957680664062 11.3556984741 250.129770992 -72.2595419847 0.312977099237 END
START -0.905008227539 -10.6709567993 8.46589707031 250.129770992 -87.0076335878 -1.60305343511 END
START 4.12999786377 -10.5440641113 3.53384165039 250.129770992 -69.6641221374 18.8167938931 END
START -1.93212073975 -5.51863482666 13.3357032471 250.129770992 -80.1832061069 6.39694656489 END
START 2.30082779541 -10.5296989014 11.4347071289 250.129770992 -73.534351145 7.08396946565 END
START -6.02859978027 -9.90241806641 13.3213380371 250.129770992 -71.6717557252 9.58778625954 END
START 0.629675036621 -8.05170018311 9.15063874512 250.129770992 -74.786259542 3.93893129771 END
START 2.91374342041 -11.0803652832 14.2143752563 250.129770992 -83.5190839695 4.07633587786 END
START -0.871489404297 -6.54095893555 7.68299312744 250.129770992 -85.7480916031 15.4580152672 END
START 5.77002600098 -11.5017447754 10.7403886475 250.129770992 -82.572519084 -3.5572519084 END
START -0.679953271484 -4.2305543335 9.50737479248 250.129770992 -84.7328244275 2.17557251908 END
START -3.38061274414 -5.86100566406 12.2774661133 250.129770992 -84.5496183206 2.46564885496 END
START -2.49236392822 -9.7467949585 2.57855518799 250.129770992 -80.5190839695 -0.427480916031 END
START 1.15639940186 -14.1904332397 6.91445439453 250.129770992 -77.465648855 8.97709923664 END
START -8.83220992432 -8.74841286621 8.85615194092 250.129770992 -73.0076335878 5.64122137405 END
START 9.69651672363 -10.0771947876 5.75805499268 250.129770992 -79.5801526718 7.21374045802 END
START -3.06697232666 -16.5990001099 7.07486590576 250.129770992 -81.106870229 3.53435114504 END
START -1.70706578369 -6.63433280029 7.2951324585 250.129770992 -82.0687022901 11.641221374 END
START -2.93529123535 -8.43716665039 8.71010563965 250.129770992 -78.786259542 3.11450381679 END
START 1.2976572998 -6.73488927002 10.3692873901 250.129770992 -74.427480916 5.41221374046 END
START 4.13239206543 -9.55286462402 4.05098920898 250.129770992 -86.7938931298 2.3358778626 END
START -7.00782825928 -14.3173259277 9.31105025635 250.129770992 -78.465648855 11.1145038168 END
START 0.332794030762 -11.6741272949 5.32231029053 250.129770992 -75.4045801527 10.1374045802 END
START 4.82671054687 -13.0196686279 10.299855542 250.129770992 -78.7633587786 0.572519083969 END
START -2.94007963867 -9.68693991699 10.6158901611 250.129770992 -85.2824427481 10.0 END
START 3.82832845459 -7.85776984863 6.27280834961 250.129770992 -85.1221374046 0.725190839695 END
START 0.830787976074 -13.6349784546 4.18506450195 250.129770992 -77.1603053435 -2.06870229008 END
START 1.96803376465 -12.6796919922 4.94402642822 250.129770992 -78.1755725191 -1.30534351145 END
START -3.60806190186 -6.81868632812 7.87213505859 250.129770992 -85.9083969466 2.35877862595 END
START 7.27597884521 -6.40688364258 15.1289602905 250.129770992 -70.679389313 -0.671755725191 END
START -1.54186586914 -5.7987564209 7.0964137207 250.129770992 -71.320610687 15.4045801527 END
START 9.01177504883 -5.31752188721 10.4147772217 250.129770992 -79.7099236641 -0.145038167939 END
START 0.526724365234 -10.8696755371 6.02620557861 250.129770992 -83.1221374046 0.603053435115 END
START -7.07726010742 -7.65905111084 11.6118780518 250.129770992 -84.1679389313 2.24427480916 END
START -0.0478840332031 -9.31583865967 3.83551105957 250.129770992 -81.893129771 6.06106870229 END
START 0.811634362793 -5.66946953125 15.8041251587 250.129770992 -82.1832061069 13.2824427481 END
START 2.81318695068 -6.03099398193 6.74686027832 250.129770992 -74.4198473282 3.27480916031 END
START 3.89776030273 -9.27992563477 7.04374128418 250.129770992 -82.4961832061 3.51908396947 END
START 1.4963760376 -11.6693388916 9.69891092529 250.129770992 -82.7328244275 3.06870229008 END
START -4.09887324219 -12.758700647 8.40843623047 250.129770992 -77.3435114504 12.5572519084 END
START -1.94648594971 -12.4426660278 1.67833536377 250.129770992 -77.9923664122 10.6488549618 END
START -2.16196409912 -0.0957680664062 9.69172832031 250.129770992 -80.4961832061 -0.145038167939 END
START 7.71411774902 -9.33259807129 3.39976635742 250.129770992 -83.9618320611 8.00763358779 END
START 2.70305367432 -10.6541973877 1.67354696045 250.129770992 -92.8320610687 6.30534351145 END
START 5.77242020264 -9.30147344971 9.27753143311 250.129770992 -89.6641221374 8.48091603053 END
START 0.847547387695 -8.77714328613 8.2384479126 250.129770992 -72.6641221374 0.671755725191 END
START 1.90578452148 -6.98388624268 9.21528218994 250.129770992 -79.1984732824 4.31297709924 END
START -4.32871660156 -5.2456958374 16.3308495239 250.129770992 -84.7099236641 6.48854961832 END
START -1.55383687744 -9.91917747803 9.60314285889 250.129770992 -77.6488549618 11.1755725191 END
START 6.4715270874 -7.02219346924 11.3173912476 250.129770992 -82.8549618321 6.3893129771 END
START 1.77649763184 -6.61757338867 13.3189438354 250.129770992 -72.4809160305 12.893129771 END
START 6.41646044922 -5.4803276001 6.17225187988 250.129770992 -74.1374045802 15.8167938931 END
START -2.41096107178 -5.19302340088 11.0564232666 250.129770992 -62.7099236641 12.7633587786 END
START 1.14442839355 -11.0971246948 8.04930598145 250.129770992 -69.4351145038 12.8015267176 END
START -4.24731374512 -11.2216231812 5.13556256104 250.129770992 -67.7328244275 13.6641221374 END
START -2.09971485596 -10.3118265503 6.51222851562 250.129770992 -65.8167938931 8.93893129771 END
START 2.86825358887 -6.7779848999 11.286266626 250.129770992 -62.6106870229 18.3511450382 END
START 5.05655390625 -6.56490095215 4.18267030029 250.129770992 -73.3435114504 9.41221374046 END
START -1.90817872314 -7.77157858887 10.8553103271 250.129770992 -80.0 5.91603053435 END
START -1.59693250732 -7.47948598633 14.2718360962 250.129770992 -70.3893129771 -0.786259541985 END
START -3.78283862305 -8.86094034424 10.5057568848 250.129770992 -66.6564885496 -0.0381679389313 END
START -3.84269366455 -9.1578213501 8.43956085205 250.129770992 -63.8702290076 1.98473282443 END
START 6.29675036621 -12.5264630859 8.95670841064 250.129770992 -79.5190839695 19.3664122137 END
START -3.25850845947 -11.6358200684 4.60165559082 250.129770992 -71.2366412214 6.86259541985 END
START 1.32399351807 -11.6406084717 5.41807835693 250.129770992 -69.8702290076 2.80152671756 END
START 3.46919820557 -10.0724063843 10.0867715942 250.129770992 -72.4351145038 14.4961832061 END
START 1.47003981934 -13.103465686 6.89769498291 250.129770992 -71.9847328244 6.46564885496 END
START -3.16513459473 -4.38378323975 8.24084211426 250.129770992 -73.5267175573 9.07633587786 END
START 0.993593688965 -14.9446067627 9.2535894165 250.129770992 -79.534351145 -1.45038167939 END
START -0.888248815918 -3.74213719482 9.95030209961 250.129770992 -78.0763358779 5.51145038168 END
START 1.02711251221 -10.7068698242 2.88501300049 250.129770992 -71.6946564885 5.99236641221 END
START 1.67354696045 -5.82988104248 5.67425793457 250.129770992 -64.4503816794 3.60305343511 END
START 0.560243188477 -7.25443103027 5.4563855835 250.129770992 -67.6946564885 4.43511450382 END
START -9.41878933105 -10.1897222656 6.77559069824 250.129770992 -66.8091603053 4.06870229008 END