START 3.23935484619 -12.7299702271 8.13310303955 250.129770992 -92.9541984733 3.49618320611 END
START 2.61207401123 -13.1681091309 6.35181700439 250.129770992 -103.167938931 3.98473282443 END
START 4.87698878174 -8.49702169189 6.88811817627 250.129770992 -98.9389312977 8.24427480916 END
START 2.94486804199 -10.6925046143 7.50103380127 250.129770992 -102.923664122 -1.6106870229 END
START 1.29286889648 -13.0124860229 8.92079538574 250.129770992 -91.6183206107 11.3664122137 END
START 3.17949980469 -5.03261188965 8.31506236572 250.129770992 -85.3969465649 0.641221374046 END
START 0.349553442383 -12.6198369507 8.69334622803 250.129770992 -77.1832061069 7.20610687023 END
START 4.98472785645 -5.80833322754 3.50032282715 250.129770992 -67.9847328244 4.00763358779 END
START -4.65911643066 -12.5887123291 4.49870491943 250.129770992 -78.1221374046 4.04580152672 END
START 7.35738170166 -14.2478940796 9.05247647705 250.129770992 -75.0763358779 15.7099236641 END
START 1.88184250488 -5.54736524658 6.99585725098 250.129770992 -71.7633587786 0.519083969466 END
START 3.60327349854 -10.5727945312 9.55525882568 250.129770992 -64.3969465649 9.31297709924 END
START 6.45716187744 -16.7139217896 8.03733497314 250.129770992 -63.0 9.77099236641 END
START 4.35984122314 -12.5288572876 13.005303418 250.129770992 -59.0152671756 10.5496183206 END
START 2.17154090576 -8.68616362305 9.53371101074 250.129770992 -50.641221374 3.35877862595 END
START 3.16274039307 -17.9253878296 3.85227047119 250.129770992 -53.0152671756 12.5419847328 END
START 7.97747993164 -1.13963999023 10.7403886475 250.129770992 -55.8396946565 1.99236641221 END
START -2.86825358887 -3.44765039062 8.82502731934 250.129770992 -50.7557251908 8.86259541985 END
START 3.9480385376 -14.1545202148 2.03028300781 250.129770992 -65.3816793893 4.61832061069 END
START 4.62559760742 -9.41400092773 9.7827079834 250.129770992 -46.4045801527 7.13740458015 END
START -5.42765516357 -12.5671645142 5.99747515869 250.129770992 -52.3435114504 -0.374045801527 END
START 2.02070620117 -11.01811604 8.13070883789 250.129770992 -57.0610687023 8.91603053435 END
START -5.27442625732 -6.90487758789 5.41807835693 250.129770992 -44.4503816794 2.08396946565 END
START -4.62320340576 -11.9470662842 10.658985791 250.129770992 -51.1832061069 6.92366412214 END
START -0.842758984375 -11.7291939331 8.12113203125 250.129770992 -49.7786259542 4.85496183206 END
START 0.754173522949 -8.53532891846 6.57208355713 250.129770992 -44.9618320611 13.427480916 END
START 4.70460626221 -9.22007059326 7.31189187012 250.129770992 -67.2595419847 4.57251908397 END
START 1.8028338501 -9.73242974854 6.41646044922 250.129770992 -59.213740458 15.2824427481 END
START -0.76135612793 -6.11000263672 7.45554396973 250.129770992 -66.7175572519 9.34351145038 END
START 1.58256729736 -10.2016932739 8.61912597656 250.129770992 -62.3664122137 0.549618320611 END
START 11.0300870483 -12.2271878784 3.7134067749 250.129770992 -59.3435114504 6.69465648855 END
START -0.272938989258 -15.0164328125 6.46195028076 250.129770992 -57.9770992366 -0.63358778626 END
START -0.708683691406 -9.69172832031 9.98621512451 250.129770992 -71.8320610687 4.13740458015 END
START 0.754173522949 -9.1697923584 6.68700523682 250.129770992 -68.8320610687 9.54961832061 END
START -0.524330163574 -7.33822808838 10.5273046997 250.129770992 -75.7099236641 9.87786259542 END
START -7.25921943359 -14.5136504639 11.906364856 250.129770992 -66.0458015267 1.98473282443 END
START 2.98796367187 -8.99980404053 2.83952316895 250.129770992 -76.5877862595 15.0381679389 END
START 0.169988317871 -10.0221281494 4.36702382812 250.129770992 -73.213740458 10.8854961832 END
START -1.74537301025 -10.9630494019 7.80270321045 250.129770992 -86.427480916 6.93893129771 END
START 1.08696755371 -14.0419927368 5.31273348389 250.129770992 -86.6946564885 14.641221374 END
START 2.10689746094 -7.30470926514 7.65665690918 250.129770992 -77.4122137405 14.8396946565 END
START -2.81079274902 -12.4235124146 3.95522114258 250.129770992 -84.3664122137 1.64122137405 END
START -1.39342536621 -4.06296021729 9.31344445801 250.129770992 -85.0152671756 3.26717557252 END
START -5.65749852295 -8.20732329102 13.0507932495 250.129770992 -86.9770992366 10.0381679389 END
START 4.87698878174 -5.65271011963 6.90727178955 250.129770992 -80.1450381679 5.74809160305 END
START -3.0406361084 -7.75003077393 6.56729515381 250.129770992 -74.9236641221 0.251908396947 END
START 3.26569106445 -6.00705196533 6.85459935303 250.129770992 -87.3740458015 12.7022900763 END
START -3.52905324707 -5.65749852295 1.70945998535 250.129770992 -74.5190839695 8.93893129771 END
START 5.78199700928 -9.75397756348 9.91917747803 250.129770992 -76.4198473282 -2.11450381679 END
START -7.23288321533 -4.69024105225 6.1890112915 250.129770992 -81.7328244275 9.25190839695 END
START 4.72136567383 -15.1648733154 8.13789144287 250.129770992 -80.8320610687 9.20610687023 END
START 6.35660540771 -5.31512768555 11.1426145264 250.129770992 -76.8625954198 4.29770992366 END
START -10.0340991577 -5.99986936035 11.2742956177 250.129770992 -83.1984732824 14.427480916 END
START -4.07732542725 -10.651803186 12.2583125 250.129770992 -83.9847328244 5.32061068702 END
START 8.09000740967 -7.01740506592 2.49475812988 250.129770992 -88.7404580153 9.49618320611 END
START -0.119710083008 -11.4634375488 10.2567599121 250.129770992 -76.0458015267 11.3969465649 END
START -4.3502644165 -15.2055747437 15.3755630615 250.129770992 -86.5267175573 2.0 END
START -1.00795889893 -1.28089788818 7.93438430176 250.129770992 -85.4809160305 15.0152671756 END
START 2.61925661621 -11.9614314941 4.76446130371 250.129770992 -78.6183206107 7.30534351145 END
START 2.35589443359 -10.4435076416 7.44836136475 250.129770992 -87.9618320611 -5.20610687023 END
START 1.472434021 -14.231134668 6.60560238037 250.129770992 -85.0916030534 2.6106870229 END
START 5.67186373291 -10.3405569702 5.25287844238 250.129770992 -83.2519083969 18.9847328244 END
START -2.4037784668 -8.81305631104 12.131419812 250.129770992 -80.4580152672 5.99236641221 END
START 1.73579620361 -8.23365950928 8.6406737915 250.129770992 -75.6030534351 15.4732824427 END
START 2.62883342285 -12.2271878784 6.13633885498 250.129770992 -77.0458015267 10.5114503817 END
START -1.94169754639 -13.5248451782 7.3669585083 250.129770992 -78.3511450382 7.78625954198 END
START 9.92157167969 -8.36055219727 12.7610948486 250.129770992 -75.9007633588 5.73282442748 END
START 2.00634099121 -8.74362446289 10.8361567139 250.129770992 -71.4503816794 7.75572519084 END
START 3.70622416992 -11.3604868774 9.11951412354 250.129770992 -78.1374045802 10.8091603053 END
START -7.77636699219 -9.06923588867 6.20816490479 250.129770992 -79.2290076336 10.2366412214 END
START 5.5401826416 -10.9534725952 7.52737001953 250.129770992 -68.6717557252 8.96946564885 END
START 6.09563742676 -8.82023891602 10.1969048706 250.129770992 -75.3053435115 17.2366412214 END
START 1.90099611816 -5.11401474609 12.1026893921 250.129770992 -75.4503816794 -0.75572519084 END
START 2.37025964355 -1.04866032715 8.94234320068 250.129770992 -82.6564885496 13.9007633588 END
START 5.37019432373 -10.9223479736 13.8887638306 250.129770992 -72.9389312977 10.6106870229 END
START 7.29752666016 -6.34224019775 7.91044228516 250.129770992 -71.7099236641 10.5038167939 END
START 2.4995465332 -7.83143363037 9.49061538086 250.129770992 -70.6030534351 10.8015267176 END
START -2.45645090332 -7.11077893066 7.46751497803 250.129770992 -61.7633587786 8.22900763359 END
START 2.31040460205 -11.4514665405 1.74537301025 250.129770992 -70.7022900763 8.90076335878 END
START -0.239420166016 -13.4147119019 3.43567938232 250.129770992 -61.0610687023 7.06870229008 END
START 2.18590611572 -5.89213028564 5.75326658936 250.129770992 -56.5877862595 9.54198473282 END
START 0.579396801758 -10.1298672241 9.17458076172 250.129770992 -53.7480916031 11.2061068702 END
START -0.92416184082 -9.2057053833 9.06684168701 250.129770992 -58.4580152672 3.72519083969 END
START 5.71256516113 -8.77235488281 15.9262294434 250.129770992 -52.2519083969 10.4732824427 END
START 9.88326445312 -5.00388146973 9.11472572021 250.129770992 -59.893129771 4.03053435115 END
START -4.50828172607 -7.55131203613 6.94797321777 250.129770992 -56.0839694656 11.5648854962 END
START 0.840364782715 -12.1721212402 11.1186725098 250.129770992 -58.6106870229 -3.61832061069 END
START 0.15562310791 -10.5512467163 4.93205541992 250.129770992 -64.4809160305 13.6641221374 END
START 2.91853182373 -5.02782348633 7.74763657227 250.129770992 -61.6335877863 15.4732824427 END
START 5.32231029053 -8.63588538818 6.42843145752 250.129770992 -60.5038167939 5.22900763359 END
START 4.67827004395 -10.7523596558 6.04296499023 250.129770992 -57.7557251908 4.77099236641 END
START -8.09240161133 -16.4912610352 9.8425630249 250.129770992 -60.5038167939 12.7099236641 END
START -2.698265271 -6.08845482178 9.8545340332 250.129770992 -72.5496183206 -3.1679389313 END
START -1.80762225342 -4.26407315674 7.13950935059 250.129770992 -63.1374045802 18.9694656489 END
START -2.59770880127 -10.5799771362 7.96311472168 250.129770992 -62.8244274809 5.5572519084 END