START 3.75650240479 -14.1521260132 5.31991608887 250.129770992 -86.7022900763 13.7938931298 END
START 4.34547601318 -4.46997449951 10.6111017578 250.129770992 -79.0076335878 -1.07633587786 END
START -4.78122071533 -6.10042583008 9.68693991699 250.129770992 -84.5267175573 6.8320610687 END
START 4.9152960083 -12.6701151855 8.58560715332 250.129770992 -74.9160305344 9.28244274809 END
START 0.629675036621 -8.18816967773 8.85375773926 250.129770992 -86.3129770992 15.4732824427 END
START -2.60010300293 -6.92403120117 6.61278498535 250.129770992 -69.7099236641 5.96183206107 END
START -0.478840332031 -8.8992475708 7.26640203857 250.129770992 -69.0076335878 12.7709923664 END
START 8.9351605957 -11.0995188965 9.06205328369 250.129770992 -66.0763358779 0.129770992366 END
START 0.9193734375 -6.50025750732 6.6822168335 250.129770992 -56.8167938931 6.87022900763 END
START -1.43412679443 -12.0212865356 7.51300480957 250.129770992 -68.3053435115 7.32824427481 END
START 0.746990917969 -9.50498059082 10.9702320068 250.129770992 -58.2595419847 6.01526717557 END
START -0.287304199219 -9.72524714355 8.26957253418 250.129770992 -71.5954198473 -1.54961832061 END
START 3.6894647583 -10.7643306641 8.12352623291 250.129770992 -56.2900763359 3.09160305344 END
START -1.21864864502 -10.8170031006 9.01656345215 250.129770992 -45.8778625954 -3.22900763359 END
START 6.34463439941 -10.2280294922 2.22421334229 250.129770992 -60.0839694656 4.20610687023 END
START -0.646434448242 -11.2599304077 9.50498059082 250.129770992 -69.4961832061 6.42748091603 END
START -1.2617442749 -9.30626185303 8.17619866943 250.129770992 -63.320610687 5.3893129771 END
START -3.67031114502 -11.4754085571 5.94959112549 250.129770992 -70.4351145038 4.12213740458 END
START -0.814028564453 -8.46110866699 5.90649549561 250.129770992 -67.4045801527 7.54961832061 END
START 3.33272871094 -9.69172832031 7.69017573242 250.129770992 -66.106870229 2.1679389313 END
START -1.1659762085 -14.0108681152 7.59919606934 250.129770992 -58.4885496183 4.63358778626 END
START -2.3918074585 -6.95994422607 8.14507404785 250.129770992 -61.9007633588 8.63358778626 END
START 5.51145222168 -12.9957266113 8.56645354004 250.129770992 -57.1908396947 5.48091603053 END
START 1.25216746826 -7.76679018555 6.28477935791 250.129770992 -66.7480916031 13.1755725191 END
START 2.18590611572 -10.7906668823 8.88488236084 250.129770992 -68.6564885496 19.5114503817 END
START -1.17315881348 -10.5871597412 5.51863482666 250.129770992 -62.5114503817 5.58778625954 END
START -5.11401474609 -11.6573678833 7.0006456543 250.129770992 -69.0 10.679389313 END
START -5.10443793945 -8.15225665283 9.88565865479 250.129770992 -68.7633587786 -0.625954198473 END
START -0.77093293457 -12.5839239258 12.6342021606 250.129770992 -60.6488549618 5.2213740458 END
START 3.28723887939 -10.2759135254 10.6230727661 250.129770992 -73.0458015267 -1.77099236641 END
START 4.97275684814 -8.32703337402 10.0221281494 250.129770992 -82.5267175573 3.35877862595 END
START -1.97761057129 -12.7874310669 12.3947819946 250.129770992 -94.7938931298 4.20610687023 END
START -2.28167418213 -10.0005803345 10.0053687378 250.129770992 -70.679389313 9.58015267176 END
START -0.627280834961 -13.8600334106 8.24084211426 250.129770992 -84.0687022901 3.61832061069 END
START -2.98317526855 -9.54568201904 6.90008918457 250.129770992 -74.7404580153 17.1984732824 END
START 2.88501300049 -16.3571857422 8.65743320312 250.129770992 -77.9847328244 4.90076335878 END
START -0.703895288086 -11.8321446045 5.63355650635 250.129770992 -80.5648854962 2.61832061069 END
START 0.344765039063 -9.32780966797 11.5472346069 250.129770992 -79.8244274809 9.68702290076 END
START -4.40054265137 -11.6717330933 9.34456907959 250.129770992 -78.1221374046 22.0229007634 END
START 0.833182177734 -8.75798967285 8.97586202393 250.129770992 -85.0992366412 4.53435114504 END
START 6.60799658203 -11.7770779663 7.52737001953 250.129770992 -68.3740458015 14.9312977099 END
START -0.909796630859 -11.5759650269 7.0844427124 250.129770992 -81.7938931298 10.5038167939 END
START -1.03429511719 -12.6772977905 9.09078370361 250.129770992 -76.3282442748 10.2519083969 END
START 5.85382305908 -3.90494290771 9.22725319824 250.129770992 -73.8091603053 10.641221374 END
START 0.529118566895 -15.8807396118 7.21133540039 250.129770992 -77.106870229 6.85496183206 END
START 1.59932670898 -16.6971623779 9.16260975342 250.129770992 -90.7099236641 4.84732824427 END
START -4.01507618408 -9.81143840332 9.1219083252 250.129770992 -86.4809160305 -2.60305343511 END
START 1.44849200439 -7.16823977051 5.43483776855 250.129770992 -81.679389313 3.87022900763 END
START 2.88980140381 -8.38928261719 6.98628044434 250.129770992 -77.2519083969 0.00763358778626 END
START 0.902614025879 -10.2471831055 6.84502254639 250.129770992 -78.7175572519 3.86259541985 END
START -1.75255561523 -2.51391174316 3.52905324707 250.129770992 -87.9083969466 2.25954198473 END
START 2.27449157715 -14.8560213013 7.63510909424 250.129770992 -81.1603053435 7.24427480916 END
START 4.09887324219 -4.35984122314 9.08838950195 250.129770992 -81.0 -1.71755725191 END
START -1.5083470459 -13.6637088745 5.84185205078 250.129770992 -82.0534351145 10.6564885496 END
START 7.72848295898 -10.7092640259 5.12598575439 250.129770992 -85.1755725191 8.5572519084 END
START 3.67031114502 -8.6287027832 5.41568415527 250.129770992 -78.3664122137 -1.51908396947 END
START 5.63355650635 -13.2926076172 9.69651672363 250.129770992 -85.2442748092 3.32824427481 END
START -2.10210905762 -14.1401550049 8.22887110596 250.129770992 -70.6030534351 7.86259541985 END
START -1.04387192383 -11.5520230103 6.54335313721 250.129770992 -81.2519083969 -2.16030534351 END
START 4.88656558838 -8.48983908691 10.5201220947 250.129770992 -77.1832061069 9.96946564885 END
START 4.70221206055 -10.1705686523 6.1171852417 250.129770992 -78.3129770992 2.3358778626 END
START 1.70467158203 -8.8992475708 6.13873305664 250.129770992 -69.5267175573 1.29770992366 END
START 7.10599052734 -11.5879360352 9.12430252686 250.129770992 -77.6717557252 8.64885496183 END
START 2.16196409912 -10.0436759644 8.3461869873 250.129770992 -73.572519084 0.488549618321 END
START 0.260967980957 -11.5951186401 7.32625708008 250.129770992 -76.5572519084 11.8015267176 END
START 5.85621726074 -4.23773693848 6.7899559082 250.129770992 -68.4732824427 5.45038167939 END
START 0.0550666381836 -14.4035171875 8.0157871582 250.129770992 -78.5419847328 6.83969465649 END
START 11.9015764526 -8.57842454834 3.82114584961 250.129770992 -88.4885496183 4.4427480916 END
START 0.780509741211 -10.8481277222 6.16267507324 250.129770992 -84.3511450382 3.18320610687 END
START 2.50194073486 -12.5958949341 4.5250411377 250.129770992 -70.4427480916 4.97709923664 END
START -0.251391174316 -13.103465686 11.2168347778 250.129770992 -77.4045801527 9.3358778626 END
START -0.433350500488 -8.47307967529 8.28393774414 250.129770992 -62.8549618321 -0.954198473282 END
START 2.817975354 -7.81228001709 7.91523068848 250.129770992 -66.5572519084 0.458015267176 END
START -2.38462485352 -8.13310303955 10.1370498291 250.129770992 -69.2213740458 6.65648854962 END
START -2.77487972412 -8.81305631104 12.6294137573 250.129770992 -60.3893129771 7.31297709924 END
START 3.32075770264 -3.43328518066 10.5153336914 250.129770992 -58.0076335878 -1.09923664122 END
START 7.76439598389 -17.760187915 7.6375032959 250.129770992 -52.9694656489 10.8320610687 END
START -2.58334359131 -8.69574042969 10.7595422607 250.129770992 -58.7251908397 14.641221374 END
START 1.35032973633 -8.96867941895 9.64863269043 250.129770992 -52.9160305344 -3.80916030534 END
START 0.579396801758 -14.4825258423 10.7810900757 250.129770992 -59.6335877863 9.92366412214 END
START -5.21457121582 -11.6166664551 6.46434448242 250.129770992 -48.1908396947 7.35114503817 END
START -3.12203896484 -4.46997449951 3.84987626953 250.129770992 -60.2442748092 1.77099236641 END
START 1.592144104 -15.4330239014 10.2567599121 250.129770992 -51.8015267176 13.2213740458 END
START 2.16675250244 -7.97747993164 7.34780489502 250.129770992 -52.4503816794 0.69465648855 END
START -0.754173522949 -7.89128867187 5.00148726807 250.129770992 -47.5801526718 2.64122137405 END
START 7.81228001709 -8.68376942139 8.95192000732 250.129770992 -47.3053435115 0.809160305344 END
START -2.817975354 -6.63193859863 7.32865128174 250.129770992 -53.3740458015 8.25954198473 END
START 2.31998140869 -8.14267984619 9.06923588867 250.129770992 -58.6106870229 12.1297709924 END
START 4.16591088867 -6.46673868408 5.86339986572 250.129770992 -61.7022900763 11.8091603053 END
START -3.56496627197 -11.5687824219 9.4882211792 250.129770992 -46.3969465649 14.4885496183 END
START 1.67594116211 -7.35259329834 8.14267984619 250.129770992 -63.7709923664 6.96183206107 END
START 2.38462485352 -4.76446130371 2.56179577637 250.129770992 -64.6870229008 10.7557251908 END
START -3.22498963623 -7.96311472168 9.83777462158 250.129770992 -70.4885496183 12.5419847328 END
START -2.65516964111 -5.54257684326 14.0683289551 250.129770992 -69.4732824427 9.02290076336 END
START -4.99191046143 -8.38928261719 7.92720169678 250.129770992 -69.9007633588 7.17557251908 END
START -1.94888015137 -14.4059113892 9.2535894165 250.129770992 -73.3282442748 -0.473282442748 END
START -3.4428619873 -9.8186210083 2.64319863281 250.129770992 -79.7022900763 11.0534351145 END