START 0.593762011719 -10.9438957886 6.35421120605 250.129770992 -82.6183206107 8.28244274809 END
START 7.22570061035 -10.1825396606 5.82509263916 250.129770992 -85.8244274809 -0.992366412214 END
START 10.8696755371 -9.24401260986 11.4227361206 250.129770992 -78.7709923664 -3.0534351145 END
START 4.89853659668 -11.1497971313 7.12993254395 250.129770992 -79.8167938931 12.0687022901 END
START 5.53539423828 -12.370839978 7.3549875 250.129770992 -79.7022900763 6.65648854962 END
START 0.9193734375 -12.7012398071 5.99268675537 250.129770992 -72.6488549618 1.27480916031 END
START 0.622492431641 -6.52419952393 4.52264693604 250.129770992 -66.5572519084 3.89312977099 END
START -0.888248815918 -4.5729251709 11.1545855347 250.129770992 -76.358778626 -4.89312977099 END
START -5.26484945068 -6.7061588501 2.22660754395 250.129770992 -73.5801526718 5.78625954198 END
START 3.46919820557 -12.3205617432 6.38533582764 250.129770992 -81.5114503817 7.48091603053 END
START 2.36068283691 -8.69095202637 6.36618221436 250.129770992 -79.2290076336 15.0 END
START 7.23288321533 -10.2711251221 8.8393925293 250.129770992 -72.1755725191 3.93129770992 END
START -2.36786544189 2.34631762695 6.28477935791 250.129770992 -75.0076335878 4.7786259542 END
START 10.7427828491 -12.3564747681 11.5903302368 250.129770992 -61.0152671756 8.03816793893 END
START 0.754173522949 -5.71974776611 7.15626876221 250.129770992 -61.5648854962 8.04580152672 END
START 8.58560715332 -10.2830961304 8.80347950439 250.129770992 -63.0152671756 4.16030534351 END
START 3.49792862549 -13.7427175293 11.7124345215 250.129770992 -64.7251908397 4.24427480916 END
START 5.27682045898 -6.50983431396 7.72608875732 250.129770992 -79.9541984733 11.8473282443 END
START 7.04134708252 -10.2304236938 10.1753570557 250.129770992 -69.4732824427 5.20610687023 END
START -2.88980140381 -10.8457335205 -0.138863696289 250.129770992 -64.9236641221 13.9694656489 END
START -9.00459244385 -9.5720182373 7.76918438721 250.129770992 -67.9465648855 11.5648854962 END
START 9.58638344727 -2.77248552246 7.03895288086 250.129770992 -58.3282442748 2.25190839695 END
START -1.86029468994 -9.98860932617 10.4291424316 250.129770992 -68.0763358779 9.64885496183 END
START -5.85382305908 -10.1226846191 1.93212073975 250.129770992 -83.8244274809 4.81679389313 END
START -2.56897838135 -9.09317790527 7.9559321167 250.129770992 -57.8625954198 4.7786259542 END
START 1.31441671143 -14.9134821411 2.06380183105 250.129770992 -62.0916030534 8.24427480916 END
START 2.698265271 -7.72848295898 6.28717355957 250.129770992 -53.9923664122 14.2290076336 END
START 4.62799180908 -6.86417615967 9.50258638916 250.129770992 -59.641221374 5.91603053435 END
START -0.92176763916 -6.94797321777 9.2416184082 250.129770992 -69.2977099237 3.48854961832 END
START -0.828393774414 -13.3404916504 8.99980404053 250.129770992 -66.4580152672 7.20610687023 END
START -1.74776721191 -7.00543405762 4.50828172607 250.129770992 -66.1908396947 14.0763358779 END
START -7.39808312988 -17.6763908569 8.44674345703 250.129770992 -75.6259541985 11.2748091603 END
START 1.92733233643 -8.38210001221 5.77002600098 250.129770992 -77.7251908397 7.90076335878 END
START 0.61530982666 -4.96796844482 7.09162531738 250.129770992 -75.6717557252 12.2061068702 END
START -1.69748897705 -6.38054742432 9.21528218994 250.129770992 -66.4809160305 11.465648855 END
START -2.03267720947 -9.2655604248 7.52018741455 250.129770992 -75.5190839695 4.40458015267 END
START 2.93529123535 -10.0556469727 7.65905111084 250.129770992 -63.8854961832 2.67938931298 END
START -0.61052142334 -12.2247936768 4.73333668213 250.129770992 -57.6183206107 -2.91603053435 END
START 5.04458289795 -9.68693991699 11.7076461182 250.129770992 -66.3511450382 6.51145038168 END
START 6.94079061279 -11.6669446899 12.7012398071 250.129770992 -64.7328244275 -0.526717557252 END
START -6.00226356201 -3.78283862305 5.7867854126 250.129770992 -65.9770992366 4.75572519084 END
START -0.0119710083008 -10.1035310059 13.4673843384 250.129770992 -69.572519084 10.1221374046 END
START 4.32153399658 -16.2015626343 6.94557901611 250.129770992 -71.4885496183 7.35877862595 END
START 1.31441671143 -13.5056915649 10.0149455444 250.129770992 -70.6870229008 8.9465648855 END
START -0.335188232422 -10.0556469727 9.62708487549 250.129770992 -73.6641221374 -3.06106870229 END
START -0.567425793457 -8.13549724121 6.14830986328 250.129770992 -65.9847328244 12.1908396947 END
START 4.56813676758 -8.17141026611 9.54328781738 250.129770992 -85.2900763359 10.8167938931 END
START -3.03105930176 -9.7827079834 7.6135612793 250.129770992 -67.6259541985 10.1526717557 END
START 2.28885678711 -13.5344219849 10.0125513428 250.129770992 -79.0381679389 8.11450381679 END
START -4.6208092041 -6.41646044922 9.73003554687 250.129770992 -85.4427480916 13.8396946565 END
START 5.07331331787 -8.96389101563 10.4842090698 250.129770992 -76.8473282443 1.99236641221 END
START 5.83706364746 -9.64863269043 6.30153876953 250.129770992 -86.3893129771 1.06870229008 END
START -2.32955821533 -10.8505219238 7.86734665527 250.129770992 -79.3816793893 0.687022900763 END
START 3.13879837646 -3.23217224121 6.73728347168 250.129770992 -82.3816793893 0.0992366412214 END
START 0.14604630127 -7.49385119629 7.84819304199 250.129770992 -80.9770992366 6.58015267176 END
START 6.35899960937 -8.64785639648 6.77319649658 250.129770992 -74.6259541985 4.08396946565 END
START 11.0851536865 -16.9820723755 9.27513723145 250.129770992 -75.0534351145 11.5954198473 END
START 2.30561619873 -6.62715019531 6.26562574463 250.129770992 -85.8549618321 5.19083969466 END
START 3.22020123291 -8.30787976074 14.6166011353 250.129770992 -84.0076335878 11.2290076336 END
START -0.881066210937 -13.1824743408 12.3445037598 250.129770992 -80.6335877863 11.9083969466 END
START 0.107739074707 -6.83544573975 9.59835445557 250.129770992 -75.0839694656 9.19847328244 END
START 3.50750543213 -8.48744488525 7.33583388672 250.129770992 -80.8244274809 2.9465648855 END
START 5.69341154785 -10.9678378052 7.31668027344 250.129770992 -91.1908396947 14.320610687 END
START 4.79319172363 -12.011709729 3.90494290771 250.129770992 -75.9083969466 -0.206106870229 END
START 2.71741888428 -4.35265861816 12.2535240967 250.129770992 -89.3969465649 4.93893129771 END
START 0.696712683105 -10.8361567139 8.10916102295 250.129770992 -87.0992366412 4.39694656489 END
START 4.28801517334 -10.067617981 9.13866773682 250.129770992 -78.9694656489 -1.67938931298 END
START -1.19710083008 -7.58004245605 5.83945784912 250.129770992 -92.8549618321 11.427480916 END
START 2.31758720703 -11.4849853638 10.9654436035 250.129770992 -91.9847328244 0.0839694656489 END
START -7.75960758057 -7.50821640625 4.62559760742 250.129770992 -87.8625954198 4.85496183206 END
START 7.18021077881 -9.49540378418 2.73178409424 250.129770992 -81.7938931298 9.4427480916 END
START 7.7093293457 -5.34146390381 8.62630858154 250.129770992 -71.358778626 8.93129770992 END
START 6.65827481689 -8.06367119141 5.48272180176 250.129770992 -87.9541984733 -2.1679389313 END
START 2.54503636475 -9.80904420166 10.8313683105 250.129770992 -79.5496183206 6.01526717557 END
START 7.16823977051 -10.1921164673 10.42674823 250.129770992 -73.3129770992 14.4045801527 END
START 10.2711251221 -6.9767036377 10.2064816772 250.129770992 -75.0 12.7099236641 END
START 4.00071097412 -3.3830069458 7.85537564697 250.129770992 -76.6183206107 3.92366412214 END
START -1.00795889893 -10.5560351196 12.504915271 250.129770992 -86.4580152672 5.0534351145 END
START 10.0915599976 -10.9774146118 1.26413847656 250.129770992 -87.1221374046 10.5114503817 END
START -2.4157494751 -8.09958421631 5.24809003906 250.129770992 -87.8015267176 -5.83969465649 END
START 2.02549460449 -10.5081510864 8.49462749023 250.129770992 -89.5114503817 7.01526717557 END
START 4.68066424561 -11.4754085571 7.01022246094 250.129770992 -77.4122137405 7.74809160305 END
START 1.55862528076 -5.19541760254 10.9822030151 250.129770992 -74.2061068702 7.42748091603 END
START -1.42933839111 -7.18739338379 11.2335941895 250.129770992 -83.3664122137 1.97709923664 END
START 2.817975354 -11.293449231 7.13472094727 250.129770992 -80.1297709924 6.51145038168 END
START 6.23450112305 -7.66862791748 9.70130512695 250.129770992 -81.2061068702 3.0534351145 END
START 11.2335941895 -2.35350023193 12.5911065308 250.129770992 -77.6030534351 11.7786259542 END
START 0.292092602539 -9.71327613525 4.22097752686 250.129770992 -81.1832061069 13.9236641221 END
START 10.7882726807 -11.6717330933 10.7978494873 250.129770992 -87.786259542 2.4427480916 END
START 6.00465776367 -5.55933625488 5.17147558594 250.129770992 -83.1755725191 10.641221374 END
START 4.55137735596 -14.7339170166 10.8672813354 250.129770992 -82.1450381679 10.4045801527 END
START 4.37660063477 -3.90494290771 9.13148513184 250.129770992 -86.0916030534 7.75572519084 END
START 4.11802685547 -13.5607582031 10.0436759644 250.129770992 -68.5496183206 5.64122137405 END
START 12.6437789673 -14.2407114746 11.5424462036 250.129770992 -75.9465648855 11.786259542 END
START -0.471657727051 -13.4937205566 8.0397291748 250.129770992 -73.0534351145 2.93893129771 END
START 5.516240625 -6.54574733887 7.67102211914 250.129770992 -72.1221374046 8.90076335878 END
START -4.84107575684 -6.26562574463 10.3214033569 250.129770992 -81.7938931298 5.5572519084 END
START -4.15154567871 -9.77791958008 11.2886608276 250.129770992 -69.7938931298 2.1679389313 END
START -3.19625921631 -10.9917798218 5.60243188477 250.129770992 -71.0916030534 6.09923664122 END
START -1.61369191895 -11.4011883057 6.10042583008 250.129770992 -66.9694656489 9.14503816794 END
START 1.09175595703 -6.73249506836 10.7308118408 250.129770992 -73.4351145038 12.9847328244 END
START 4.79319172363 -7.47230338135 8.73165345459 250.129770992 -68.2061068702 11.2366412214 END
START -2.66953485107 -1.81719906006 1.62566292725 250.129770992 -64.4809160305 1.7786259542 END
START 11.9925561157 -4.74770189209 12.1984574585 250.129770992 -68.2900763359 8.41984732824 END
START 2.04704241943 -4.57053096924 8.20492908936 250.129770992 -67.4427480916 8.25954198473 END
START -3.69904156494 -5.97353314209 8.41561883545 250.129770992 -68.1526717557 4.68702290076 END
START 8.97825622559 -7.96072052002 10.7763016724 250.129770992 -60.3435114504 4.69465648855 END
START 2.27449157715 -10.2423947021 4.27125576172 250.129770992 -65.4809160305 7.41984732824 END
START 6.40688364258 -12.6916630005 7.03895288086 250.129770992 -67.6183206107 9.14503816794 END
START -1.01274730225 -10.771513269 1.61608612061 250.129770992 -63.0687022901 3.80916030534 END
START 2.00634099121 -5.37498272705 8.44913765869 250.129770992 -71.5038167939 5.30534351145 END
START -5.00388146973 -9.26795462646 14.449007019 250.129770992 -73.9770992366 3.87022900763 END
START 1.86508309326 -9.98621512451 6.94318481445 250.129770992 -64.3282442748 12.7709923664 END
START 2.03507141113 -9.27034882812 8.93276639404 250.129770992 -79.5114503817 8.26717557252 END