START 3.32794030762 -9.60793126221 6.84981094971 250.129770992 -95.2671755725 -4.74045801527 END
START 3.73256038818 -12.9119295532 9.16021555176 250.129770992 -70.0381679389 6.10687022901 END
START 5.53539423828 -11.5041389771 6.35421120605 250.129770992 -84.9694656489 19.0763358779 END
START -3.47159240723 -12.3995703979 10.3668931885 250.129770992 -75.7786259542 3.64885496183 END
START 0.280121594238 -11.3772462891 5.62876810303 250.129770992 -92.6106870229 2.03053435115 END
START 7.57285985107 -7.43160195312 11.7076461182 250.129770992 -68.7022900763 5.7786259542 END
START -3.0765491333 -19.486407312 2.15238729248 250.129770992 -78.1526717557 1.67938931298 END
START -0.524330163574 -15.5431571777 6.84502254639 250.129770992 -79.7557251908 16.3969465649 END
START -0.500388146973 -10.7834842773 4.17309349365 250.129770992 -83.5572519084 10.2442748092 END
START -3.45483299561 -8.77953748779 10.067617981 250.129770992 -86.3893129771 2.48091603053 END
START 7.47709178467 -9.92875428467 11.0731826782 250.129770992 -71.1297709924 7.34351145038 END
START 4.27364996338 -8.06127698975 5.41328995361 250.129770992 -73.4198473282 5.46564885496 END
START 5.15950457764 -11.4873795654 6.03817658691 250.129770992 -67.8854961832 0.587786259542 END
START 0.902614025879 -4.54658895264 9.35893428955 250.129770992 -65.641221374 9.13740458015 END
START 2.72938989258 -5.41328995361 8.52814631348 250.129770992 -61.4045801527 9.16030534351 END
START -0.162805712891 -10.7140524292 4.6447512207 250.129770992 -63.9160305344 11.6259541985 END
START 7.32865128174 -7.06768330078 6.2009822998 250.129770992 -63.8320610687 2.48091603053 END
START 0.0885854614258 -7.51779321289 7.46751497803 250.129770992 -60.9618320611 20.8854961832 END
START -1.13245738525 -4.07971962891 5.43962617188 250.129770992 -67.6335877863 0.946564885496 END
START 1.79325704346 -8.65025059814 8.63109698486 250.129770992 -65.1603053435 12.106870229 END
START 2.78924493408 -10.3956236084 9.62229647217 250.129770992 -68.6259541985 3.79389312977 END
START 4.13478626709 -8.77953748779 8.02536396484 250.129770992 -61.8549618321 -0.190839694656 END
START 4.6447512207 -14.0132623169 4.67587584229 250.129770992 -55.6870229008 10.7328244275 END
START 6.01423457031 -10.2974613403 10.0700121826 250.129770992 -58.7328244275 2.1679389313 END
START -1.64481654053 -8.10676682129 10.3046439453 250.129770992 -60.4198473282 7.87786259542 END
START 5.70777675781 -5.45159718018 4.6088381958 250.129770992 -51.0458015267 13.8167938931 END
START -6.55053574219 -9.33978067627 8.07085379639 250.129770992 -59.5419847328 8.40458015267 END
START -9.97663831787 -1.66157595215 10.6757452026 250.129770992 -51.1603053435 18.9618320611 END
START -1.8028338501 -9.18415756836 11.8872112427 250.129770992 -53.7938931298 3.03816793893 END
START -0.830787976074 -3.21301862793 9.72524714355 250.129770992 -57.0152671756 3.09160305344 END
START -2.43250888672 -12.7970078735 11.271901416 250.129770992 -59.358778626 9.08396946565 END
START -5.00866987305 -9.53849941406 7.967903125 250.129770992 -64.8778625954 12.5038167939 END
START 4.71657727051 -6.04775339355 9.96466730957 250.129770992 -69.5267175573 11.9007633588 END
START -2.31758720703 -3.57454307861 9.23443580322 250.129770992 -71.9923664122 0.106870229008 END
START 3.28245047607 -12.9502367798 5.35343491211 250.129770992 -67.0076335878 -1.51145038168 END
START -0.0263362182617 -13.0891004761 14.329296936 250.129770992 -79.5877862595 8.87786259542 END
START -1.65678754883 -9.12430252686 9.67018050537 250.129770992 -67.6106870229 17.3129770992 END
START -3.99113416748 -11.7267997314 4.72375987549 250.129770992 -73.106870229 15.3435114504 END
START -0.847547387695 -10.0819831909 11.7770779663 250.129770992 -75.320610687 1.31297709924 END
START 0.574608398438 -11.5759650269 5.27442625732 250.129770992 -81.9083969466 10.893129771 END
START 5.94480272217 -10.3860468018 6.60081397705 250.129770992 -85.8473282443 1.85496183206 END
START 1.68551796875 -4.25210214844 5.88973608398 250.129770992 -77.6183206107 4.34351145038 END
START -1.18273562012 -9.5361052124 6.62236179199 250.129770992 -83.2748091603 14.7480916031 END
START 3.6296097168 -12.5863181274 8.71249984131 250.129770992 -93.9541984733 3.45801526718 END
START 1.89381351318 -4.70700046387 8.2623899292 250.129770992 -101.572519084 3.67175572519 END
START -4.92247861328 -5.77242020264 8.57842454834 250.129770992 -84.9618320611 1.24427480916 END
START 2.68868846436 -7.85537564697 12.3875993896 250.129770992 -94.6335877863 1.14503816794 END
START -3.88578929443 -12.6126543457 12.7946136719 250.129770992 -87.1526717557 -0.396946564885 END
START -3.69185895996 -11.6142722534 11.1282493164 250.129770992 -99.106870229 13.5648854962 END
START -3.57454307861 -10.2615483154 4.90571920166 250.129770992 -90.320610687 -1.49618320611 END
START -0.30885201416 -6.77559069824 6.64630380859 250.129770992 -86.0229007634 4.5572519084 END
START -3.20104761963 -10.8624929321 9.61750806885 250.129770992 -104.129770992 -0.36641221374 END
START 6.02859978027 -8.01099875488 1.40060797119 250.129770992 -99.9923664122 19.0687022901 END
START 1.39342536621 -9.23204160156 6.46195028076 250.129770992 -92.679389313 11.9847328244 END
START -1.39342536621 -6.57687196045 4.79319172363 250.129770992 -98.4045801527 16.3358778626 END
START 7.97747993164 -2.13083947754 8.75080706787 250.129770992 -103.709923664 6.5572519084 END
START 1.90099611816 -11.0660000732 7.83382783203 250.129770992 -107.175572519 7.48091603053 END
START 3.67988795166 -10.7810900757 7.69496413574 250.129770992 -100.786259542 2.77099236641 END
START 7.108384729 -11.9350952759 7.35738170166 250.129770992 -96.7786259542 0.030534351145 END
START 0.438138903809 -6.52180532227 9.31823286133 250.129770992 -85.0916030534 12.8473282443 END
START -1.01753570557 -11.0205102417 9.193734375 250.129770992 -95.2671755725 12.0763358779 END
START -1.04626612549 -7.51779321289 12.3229559448 250.129770992 -80.4961832061 9.83969465649 END
START 3.01190568848 -6.7899559082 9.14345614014 250.129770992 -78.8473282443 3.67175572519 END
START 2.11408006592 -8.27196673584 11.2886608276 250.129770992 -80.2900763359 15.427480916 END
START 4.29280357666 -5.25527264404 6.91684859619 250.129770992 -81.0229007634 9.23664122137 END
START 1.75016141357 -9.15303294678 10.5225162964 250.129770992 -74.9007633588 9.84732824427 END
START 3.26090266113 -8.80826790771 10.5727945312 250.129770992 -80.3740458015 9.43511450382 END
START 5.36540592041 -11.0037508301 7.87213505859 250.129770992 -70.2213740458 15.2595419847 END
START -5.98550415039 -5.149927771 6.67742843018 250.129770992 -62.7251908397 14.1145038168 END
START -2.28406838379 -11.0348754517 8.02536396484 250.129770992 -63.4045801527 5.29770992366 END
START 2.7820623291 -9.22725319824 2.52588275146 250.129770992 -56.0534351145 -4.45038167939 END
START 11.6549736816 -10.1394440308 6.74686027832 250.129770992 -45.641221374 11.0916030534 END
START 11.1809217529 -10.5751887329 6.42843145752 250.129770992 -49.1145038168 12.1221374046 END
START 6.02381137695 -13.9390420654 8.00860455322 250.129770992 -37.1832061069 2.45038167939 END
START 1.20907183838 -3.74692559814 7.92241329346 250.129770992 -45.893129771 0.36641221374 END
START 10.2735193237 -13.8121493774 5.06613071289 250.129770992 -36.3129770992 3.62595419847 END
START -4.81952794189 -8.39407102051 7.86974085693 250.129770992 -31.9312977099 12.7786259542 END
START -1.31202250977 -7.89847127686 11.7172229248 250.129770992 -38.5267175573 15.2900763359 END
START 1.1659762085 -5.84185205078 11.5544172119 250.129770992 -27.6106870229 12.6259541985 END
START 3.51947644043 -9.8784760498 4.48673391113 250.129770992 -39.5954198473 9.10687022901 END
START 0.940921252441 -5.24809003906 13.5032973633 250.129770992 -41.7480916031 2.3358778626 END
START -1.1779472168 -10.6853220093 10.2519715088 250.129770992 -49.8473282443 5.70229007634 END
START 2.58573779297 -10.4147772217 11.7004635132 250.129770992 -55.7938931298 0.427480916031 END
START -1.86508309326 -7.47709178467 8.59997236328 250.129770992 -62.7022900763 14.6564885496 END
START -0.371101257324 -9.17458076172 13.0148802246 250.129770992 -79.1297709924 2.40458015267 END
START 0.663193859863 -5.76044919434 8.38688841553 250.129770992 -70.4809160305 4.12977099237 END
START 2.00634099121 -2.1811177124 7.98945093994 250.129770992 -86.3664122137 3.76335877863 END
START -0.92655604248 -3.51708223877 9.87608184814 250.129770992 -85.1984732824 -0.69465648855 END