START 15.5862528076 -9.17697496338 10.8170031006 250.129770992 -88.0916030534 2.26717557252 END
START 2.92810863037 -11.039663855 4.84586416016 250.129770992 -100.282442748 6.10687022901 END
START 3.21541282959 -5.58567247314 5.48272180176 250.129770992 -83.9541984733 11.6870229008 END
START -2.48278712158 -7.58483085937 13.3668278687 250.129770992 -87.320610687 4.49618320611 END
START 2.38941325684 -5.26245524902 5.13316835937 250.129770992 -79.6106870229 2.75572519084 END
START -1.37427175293 -15.7993367554 4.99669886475 250.129770992 -65.1984732824 16.5419847328 END
START -2.68150585937 -15.3875340698 11.2958434326 250.129770992 -79.320610687 5.81679389313 END
START 1.72621939697 -13.8049667725 5.23851323242 250.129770992 -59.5877862595 10.6717557252 END
START 2.83712896729 -2.82276375732 11.8489040161 250.129770992 -62.3969465649 -0.12213740458 END
START 5.07810172119 -13.3692220703 2.36786544189 250.129770992 -64.5801526718 14.0458015267 END
START 9.80186159668 -2.89937821045 5.21696541748 250.129770992 -65.320610687 6.86259541985 END
START 3.08373173828 -5.47314499512 5.62397969971 250.129770992 -61.2900763359 2.96183206107 END
START 13.4937205566 -14.0372043335 6.22013591309 250.129770992 -54.3893129771 17.0687022901 END
START 2.29843359375 -10.1178962158 5.84424625244 250.129770992 -57.0610687023 3.96183206107 END
START 2.10450325928 -9.50498059082 8.29590875244 250.129770992 -46.8167938931 -3.45801526718 END
START 5.52342322998 -14.7794068481 7.10599052734 250.129770992 -61.9847328244 14.6259541985 END
START 0.177170922852 -12.624625354 8.63109698486 250.129770992 -43.358778626 10.2977099237 END
START 4.20661231689 -9.78510218506 9.86889924316 250.129770992 -45.0381679389 4.90076335878 END
START 2.76769711914 -3.75171400146 15.1576907104 250.129770992 -42.6488549618 12.1984732824 END
START -3.44765039062 -11.8201735962 3.26569106445 250.129770992 -46.1908396947 2.32824427481 END
START 4.15393988037 -6.12197364502 6.34224019775 250.129770992 -54.3435114504 5.26717557252 END
START 7.47230338135 -11.1426145264 7.45075556641 250.129770992 -62.1603053435 7.23664122137 END
START 2.93529123535 -14.0012913086 7.33583388672 250.129770992 -51.7938931298 3.46564885496 END
START 0.318428820801 -10.4554786499 7.98226833496 250.129770992 -51.8091603053 1.91603053435 END
START 4.46758029785 -8.31985076904 7.27597884521 250.129770992 -52.5419847328 11.534351145 END
START 2.30801040039 -14.0659347534 9.09557210693 250.129770992 -47.0152671756 2.10687022901 END
START 2.06380183105 -4.43645567627 4.85304676514 250.129770992 -50.320610687 11.5038167939 END
START 0.593762011719 -9.69891092529 -0.945709655762 250.129770992 -50.1221374046 11.7022900763 END
START 1.08936175537 -13.244723584 8.57842454834 250.129770992 -52.1603053435 9.83969465649 END
START 0.359130249023 -8.86572874756 7.3430164917 250.129770992 -64.0076335878 -0.351145038168 END
START 0.852335791016 -10.8816465454 7.83861623535 250.129770992 -60.2290076336 3.06870229008 END
START -8.68616362305 -4.66629903564 10.3429511719 250.129770992 -66.0 18.2519083969 END
START -0.251391174316 -9.70369932861 10.4889974731 250.129770992 -69.8320610687 2.6641221374 END
START 1.89620771484 -3.53384165039 9.40202991943 250.129770992 -61.8167938931 4.71755725191 END
START -9.62469067383 -15.6269542358 4.2784383667 250.129770992 -66.2366412214 3.87786259542 END
START 2.77248552246 -11.63821427 5.5641246582 250.129770992 -77.786259542 4.30534351145 END
START 4.5250411377 -10.0843773926 6.6702458252 250.129770992 -66.7175572519 0.160305343511 END
START -4.43166727295 -7.75242497559 8.40364782715 250.129770992 -73.0610687023 6.99236641221 END
START -5.64552751465 -10.5799771362 16.9892549805 250.129770992 -82.8473282443 5.42748091603 END
START 6.12436784668 -9.4762501709 10.5943423462 250.129770992 -85.893129771 8.12977099237 END
START -2.75572611084 -11.6884925049 5.26245524902 250.129770992 -77.2290076336 4.3893129771 END
START 0.948103857422 -11.8536924194 6.09084902344 250.129770992 -88.3358778626 12.8625954198 END
START 2.73896669922 -11.3149970459 5.42526096191 250.129770992 -83.213740458 1.99236641221 END
START -2.62404501953 -11.8680576294 3.85945307617 250.129770992 -79.3664122137 -1.45038167939 END
START 0.275333190918 -12.0859299805 9.05726488037 250.129770992 -88.5496183206 6.45801526718 END
START -1.4604630127 -10.067617981 10.180145459 250.129770992 -91.4809160305 2.88549618321 END
START 4.99191046143 -7.3909005249 12.4881558594 250.129770992 -85.679389313 12.4732824427 END
START 7.14429775391 -9.67018050537 12.5168862793 250.129770992 -85.2977099237 -0.335877862595 END
START 4.5729251709 -10.658985791 8.99501563721 250.129770992 -83.6870229008 9.62595419847 END
START 1.06781394043 -9.98142672119 6.38533582764 250.129770992 -91.4961832061 8.89312977099 END
START -4.06056601562 -7.34062229004 4.73333668213 250.129770992 -94.0 8.41221374046 END
START 4.92966121826 -6.62954439697 10.3477395752 250.129770992 -98.6488549618 14.0610687023 END
START -1.20667763672 -7.49385119629 8.66940421143 250.129770992 -91.1297709924 13.4198473282 END
START -6.92403120117 -2.94726224365 8.78193168945 250.129770992 -101.061068702 0.854961832061 END
START 1.51792385254 -4.34308181152 1.07260234375 250.129770992 -99.0534351145 12.3664122137 END
START 4.57531937256 -13.9869260986 6.72770666504 250.129770992 -88.9236641221 3.47328244275 END
START 3.30160408936 -4.32153399658 3.64397492676 250.129770992 -97.3816793893 14.4122137405 END
START 3.6415807251 -15.1624791138 7.34780489502 250.129770992 -86.3740458015 14.0229007634 END
START 8.92797799072 -3.54820686035 12.6270195557 250.129770992 -86.7328244275 10.786259542 END
START 1.57777889404 -17.1017824585 9.41400092773 250.129770992 -98.7328244275 10.4580152672 END
START 4.66390483398 -11.65257948 12.1888806519 250.129770992 -80.786259542 15.4580152672 END
START 4.71178886719 -5.87537087402 10.6781394043 250.129770992 -73.534351145 8.43511450382 END
START 3.12203896484 -13.3285206421 7.96550892334 250.129770992 -81.6259541985 12.1755725191 END
START 1.40060797119 -8.29112034912 8.59518395996 250.129770992 -80.4961832061 9.64122137405 END
START -3.66312854004 -5.05415970459 6.62236179199 250.129770992 -97.9847328244 10.8244274809 END
START 1.78368023682 -13.6158248413 6.56011254883 250.129770992 -85.1145038168 1.19847328244 END
START -0.0718260498047 -8.76756647949 8.05888278809 250.129770992 -83.3282442748 11.9007633588 END
START 11.0229044434 -2.205059729 9.1817633667 250.129770992 -91.3511450382 14.0763358779 END
START -6.53856473389 -6.39012423096 5.96156213379 250.129770992 -79.2519083969 9.11450381679 END
START 3.62003291016 -2.69108266602 10.0580411743 250.129770992 -74.5877862595 5.54961832061 END
START 8.6047607666 -4.93684382324 1.66875855713 250.129770992 -78.465648855 5.29770992366 END
START 6.94557901611 -12.0595937622 6.9767036377 250.129770992 -78.5114503817 1.62595419847 END
START 3.72777198486 -10.9247421753 7.22809481201 250.129770992 -75.465648855 4.87022900763 END
START -5.04218869629 -5.32949289551 10.8624929321 250.129770992 -67.6870229008 5.38167938931 END
START 0.857124194336 -6.00944616699 9.92157167969 250.129770992 -58.0839694656 6.45801526718 END
START 2.70784207764 -8.69813463135 3.7493197998 250.129770992 -57.0610687023 4.86259541985 END
START 3.77086761475 -14.3843635742 8.37012900391 250.129770992 -58.9923664122 5.48091603053 END
START 0.328005627441 -8.19535228271 6.78277330322 250.129770992 -65.4045801527 13.8778625954 END
START 4.47715710449 -12.8353151001 12.5671645142 250.129770992 -50.0839694656 6.79389312977 END
START -1.5083470459 -6.08606062012 7.47230338135 250.129770992 -51.6183206107 13.7404580153 END
START 0.586579406738 -14.6788503784 9.193734375 250.129770992 -55.6259541985 6.47328244275 END
START 1.84114107666 -13.4314713135 8.67419261475 250.129770992 -50.2290076336 20.0076335878 END
START -4.26407315674 -7.41723674316 7.56088884277 250.129770992 -64.320610687 7.61832061069 END
START 4.0078935791 -9.99339772949 10.7403886475 250.129770992 -57.1374045802 3.29770992366 END
START 1.88902510986 -12.9191121582 4.9631800415 250.129770992 -63.4961832061 19.6488549618 END