START -1.59693250732 -7.24485422363 6.65827481689 250.129770992 -72.427480916 2.57251908397 END
START 9.84735142822 -15.5958296143 3.99352836914 250.129770992 -71.465648855 0.977099236641 END
START 11.8345388062 -12.6892687988 7.47230338135 250.129770992 -74.4961832061 4.26717557252 END
START 4.03662399902 1.84832368164 8.81305631104 250.129770992 -83.1908396947 5.01526717557 END
START 8.5568767334 -6.91445439453 -0.881066210937 250.129770992 -78.9236641221 11.9312977099 END
START -3.13161577148 -11.9686140991 12.7227876221 250.129770992 -70.786259542 16.7557251908 END
START 0.964863269043 -11.2838724243 4.80276853027 250.129770992 -72.0229007634 7.67175572519 END
START 3.02387669678 -9.61271966553 9.57920084229 250.129770992 -70.3435114504 8.24427480916 END
START 7.5896192627 -12.0883241821 6.53617053223 250.129770992 -60.5648854962 11.5954198473 END
START 3.46201560059 -8.72207664795 10.680533606 250.129770992 -71.4045801527 8.2213740458 END
START -2.28406838379 -7.87931766357 7.7093293457 250.129770992 -82.2213740458 18.2213740458 END
START -1.78846864014 -11.7172229248 6.22013591309 250.129770992 -60.9160305344 4.64122137405 END
START 12.1409966187 -14.1593086182 8.93755479736 250.129770992 -73.6564885496 8.93893129771 END
START 3.92888492432 -12.6820861938 7.20894119873 250.129770992 -62.6717557252 13.4732824427 END
START 3.62242711182 -12.5025210693 2.56179577637 250.129770992 -67.7022900763 4.91603053435 END
START 0.629675036621 -11.8369330078 5.33188709717 250.129770992 -59.3129770992 4.70992366412 END
START -0.696712683105 -3.57454307861 5.41568415527 250.129770992 -83.9389312977 14.9465648855 END
START 2.3798364502 -5.99986936035 10.5560351196 250.129770992 -66.2595419847 8.76335877863 END
START 5.62876810303 -5.36301171875 12.5623761108 250.129770992 -73.0229007634 -1.54961832061 END
START 4.72136567383 -3.85466467285 8.09479581299 250.129770992 -56.8702290076 8.58015267176 END
START -2.87304199219 -6.91445439453 4.58729038086 250.129770992 -74.4732824427 15.465648855 END
START 7.91523068848 -10.9750204102 5.31991608887 250.129770992 -65.4961832061 5.71755725191 END
START 1.37906015625 -2.53785375977 12.4450602295 250.129770992 -67.0687022901 9.76335877863 END
START 1.27850368652 -7.13472094727 5.13316835937 250.129770992 -65.7786259542 8.04580152672 END
START -0.143652099609 -8.74601866455 12.1266314087 250.129770992 -71.8625954198 7.62595419847 END
START 2.29603939209 -9.5241342041 6.63672700195 250.129770992 -70.8320610687 -0.221374045802 END
START 0.30885201416 -11.5424462036 7.38850632324 250.129770992 -73.4122137405 2.29770992366 END
START -4.79079752197 -8.48026228027 5.60961448975 250.129770992 -63.6488549618 2.93129770992 END
START 0.77093293457 -5.10683214111 4.53461794434 250.129770992 -63.4809160305 3.24427480916 END
START 1.8986019165 -4.77403811035 5.149927771 250.129770992 -73.2290076336 14.5648854962 END
START 2.16196409912 -8.70531723633 8.10676682129 250.129770992 -66.534351145 8.93893129771 END
START 3.16034619141 -5.2816088623 9.55765302734 250.129770992 -81.5877862595 3.90839694656 END
START 2.00155258789 -5.76763179932 9.31105025635 250.129770992 -77.4198473282 7.71755725191 END
START 2.98317526855 -7.11317313232 15.9956612915 250.129770992 -77.572519084 13.0763358779 END
START 4.76924970703 -9.83538041992 7.58004245605 250.129770992 -76.5954198473 8.59541984733 END
START 0.450109912109 -11.631031665 10.4435076416 250.129770992 -91.0610687023 6.14503816794 END
START -2.05901342773 -7.6614453125 3.67270534668 250.129770992 -81.3511450382 11.320610687 END
START 2.00155258789 -8.65743320312 7.10599052734 250.129770992 -88.534351145 10.0152671756 END
START 2.67671745605 -8.66940421143 7.10120212402 250.129770992 -85.9312977099 0.160305343511 END
START -0.0885854614258 -5.04937130127 7.53215842285 250.129770992 -85.9236641221 6.54961832061 END
START 8.61912597656 -9.96466730957 6.51222851562 250.129770992 -101.702290076 9.4427480916 END
START 8.0277581665 -8.04930598145 7.60877287598 250.129770992 -83.3664122137 1.11450381679 END
START -5.95677373047 -8.99262143555 8.88248815918 250.129770992 -96.4122137405 6.0534351145 END
START 3.44046778564 -11.0564232666 8.65743320312 250.129770992 -89.320610687 10.358778626 END
START 5.60722028809 -6.27759675293 6.35899960937 250.129770992 -77.0534351145 10.4732824427 END
START 4.66390483398 -14.1832506348 6.73728347168 250.129770992 -74.2442748092 10.3129770992 END
START -1.73340200195 -10.9247421753 12.131419812 250.129770992 -69.1755725191 7.02290076336 END
START 0.720654699707 -10.4578728516 8.72686505127 250.129770992 -72.572519084 2.53435114504 END
START -0.361524450684 -11.6334258667 7.02698187256 250.129770992 -70.9694656489 9.46564885496 END
START 0.0143652099609 -3.35427652588 5.84424625244 250.129770992 -70.7633587786 5.32061068702 END
START 0.263362182617 -4.92247861328 8.88248815918 250.129770992 -77.0610687023 13.465648855 END
START 1.68072956543 -7.22809481201 7.83622203369 250.129770992 -73.6259541985 0.328244274809 END
START -2.00873519287 -7.83382783203 2.18351191406 250.129770992 -71.7633587786 3.39694656489 END
START 5.80593902588 -3.37582434082 10.2902787354 250.129770992 -83.1603053435 1.90076335878 END
START 7.11077893066 -11.5927244385 7.72848295898 250.129770992 -75.1297709924 -1.81679389313 END
START 3.70382996826 -10.1394440308 1.00795889893 250.129770992 -76.0 6.5572519084 END
START 4.23534273682 -9.78989058838 5.17626398926 250.129770992 -78.2748091603 3.00763358779 END
START 1.45567460937 -5.46356818848 8.22887110596 250.129770992 -84.1374045802 13.5496183206 END
START 5.52102902832 -12.8329208984 -0.172382519531 250.129770992 -88.4045801527 10.7633587786 END
START 4.57053096924 -14.6022359253 11.286266626 250.129770992 -90.4045801527 1.47328244275 END
START 7.02219346924 -8.63588538818 7.09162531738 250.129770992 -98.2519083969 10.9312977099 END
START 6.66785162354 -2.28167418213 8.55448253174 250.129770992 -90.0610687023 -2.12213740458 END
START 3.72777198486 -11.9590372925 6.92403120117 250.129770992 -93.213740458 9.63358778626 END
START 0.447715710449 -6.56011254883 11.5711766235 250.129770992 -89.0305343511 10.6106870229 END
START -1.64960494385 -15.2295167603 9.29189664307 250.129770992 -85.9160305344 14.7480916031 END
START 8.26717833252 -5.88973608398 8.44674345703 250.129770992 -77.0992366412 12.465648855 END
START 6.23450112305 -9.22246479492 7.75721337891 250.129770992 -79.7099236641 3.45801526718 END
START 2.14999309082 -7.43878455811 6.25844313965 250.129770992 -75.2671755725 22.2595419847 END
START 1.37906015625 -8.23126530762 6.43800826416 250.129770992 -89.465648855 -0.954198473282 END
START 2.38701905518 -6.37815322266 7.17302817383 250.129770992 -82.893129771 6.65648854962 END
START 6.08366641846 -7.24246002197 11.2144405762 250.129770992 -83.5954198473 4.87786259542 END
START -3.7373487915 -0.61530982666 7.91762489014 250.129770992 -78.0992366412 -0.206106870229 END
START 7.47469758301 -10.9175595703 7.6494743042 250.129770992 -78.8854961832 3.50381679389 END
START 4.74291348877 -7.27837304687 12.990938208 250.129770992 -65.4580152672 3.75572519084 END
START -1.35032973633 -7.25443103027 10.7906668823 250.129770992 -70.4198473282 -2.0 END
START 0.107739074707 -7.93677850342 9.11711992188 250.129770992 -76.3053435115 11.9236641221 END
START 0.91697923584 -14.4992852539 3.37343013916 250.129770992 -61.679389313 3.70992366412 END
START -3.33751711426 -4.52025273438 5.99268675537 250.129770992 -67.5801526718 11.7786259542 END
START 5.64073911133 -6.12197364502 8.14986245117 250.129770992 -80.2900763359 17.1755725191 END
START -2.09492645264 -13.9581956787 12.5887123291 250.129770992 -80.0687022901 11.9007633588 END
START 2.27688577881 -5.61919129639 6.55053574219 250.129770992 -76.786259542 -1.84732824427 END
START 0.61052142334 -10.9869914185 7.6734163208 250.129770992 -77.4122137405 2.50381679389 END
START 7.79791480713 -9.48582697754 6.28956776123 250.129770992 -74.893129771 -0.923664122137 END
START 0.967257470703 -6.16985767822 6.86417615967 250.129770992 -76.4427480916 17.358778626 END
START 8.70292303467 -5.00388146973 7.27358464355 250.129770992 -82.5267175573 8.80916030534 END
START -2.50672913818 -16.1776206177 11.7962315796 250.129770992 -83.1221374046 4.83969465649 END
START 0.825999572754 -17.7314574951 6.83783994141 250.129770992 -76.9541984733 9.67938931298 END
START 9.03092866211 -11.1569797363 4.07253702393 250.129770992 -78.1603053435 8.54961832061 END
START -1.08457335205 -8.50181009521 8.96149681396 250.129770992 -63.5419847328 2.74809160305 END
START 6.08606062012 -4.27604416504 9.29429084473 250.129770992 -75.1297709924 2.23664122137 END
START -3.36145913086 -10.7403886475 5.57370146484 250.129770992 -67.2748091603 10.9312977099 END
START 3.65115753174 -11.6501852783 9.52652840576 250.129770992 -68.2824427481 -1.07633587786 END
START -4.17548769531 -10.3549221802 16.414646582 250.129770992 -65.7022900763 9.12977099237 END
START 0.30166940918 -10.4650554565 14.3029607178 250.129770992 -64.1679389313 -3.09160305344 END
START -0.253785375977 -14.836867688 3.12682736816 250.129770992 -61.9389312977 12.5877862595 END