START -3.30878669434 -10.6948988159 5.77960280762 250.129770992 -68.3129770992 5.72519083969 END
START -0.29927520752 -6.28956776123 10.3860468018 250.129770992 -64.4732824427 2.57251908397 END
START -2.13562788086 -9.78031378174 9.30147344971 250.129770992 -76.5801526718 5.95419847328 END
START 7.78833800049 -12.5432224976 14.597447522 250.129770992 -62.5496183206 -1.49618320611 END
START 0.0670376464844 -9.40681832275 7.94635531006 250.129770992 -69.1984732824 12.8473282443 END
START 5.04937130127 -0.107739074707 11.8297504028 250.129770992 -65.8320610687 12.3969465649 END
START 1.72382519531 -11.2814782227 5.03261188965 250.129770992 -70.8091603053 13.5114503817 END
START 3.65834013672 -13.6589204712 9.23204160156 250.129770992 -67.3282442748 6.2213740458 END
START -1.07020814209 -13.3692220703 3.89536610107 250.129770992 -57.5419847328 1.99236641221 END
START -1.87705410156 -11.2527478027 9.71088193359 250.129770992 -64.9694656489 4.96183206107 END
START 5.45159718018 -4.12760366211 10.7523596558 250.129770992 -70.8167938931 3.65648854962 END
START 3.6176387085 -7.85537564697 10.1131078125 250.129770992 -65.8015267176 5.37404580153 END
START -0.179565124512 -14.717157605 3.70861837158 250.129770992 -77.2290076336 10.8015267176 END
START -0.878672009277 -7.0126166626 9.31105025635 250.129770992 -62.0229007634 6.3358778626 END
START -4.68066424561 -14.1425492065 8.46829127197 250.129770992 -63.5496183206 2.48091603053 END
START -1.79565124512 -9.07881269531 11.145008728 250.129770992 -70.0916030534 10.9083969466 END
START -4.26407315674 -9.69412252197 10.4171714233 250.129770992 -58.9007633588 -2.45801526718 END
START 2.37265384521 -11.0061450317 9.28710823975 250.129770992 -48.7022900763 2.97709923664 END
START 4.63517441406 -11.9686140991 5.82509263916 250.129770992 -66.0076335878 3.53435114504 END
START 3.87142408447 -10.5440641113 7.50821640625 250.129770992 -70.1450381679 8.15267175573 END
START -2.66474644775 -13.8073609741 4.70460626221 250.129770992 -59.7099236641 2.36641221374 END
START -1.84592947998 -10.5775829346 6.46913288574 250.129770992 -61.8396946565 1.27480916031 END
START 2.33195241699 -12.3516863647 5.46117398682 250.129770992 -70.8091603053 3.68702290076 END
START 0.885854614258 -7.69496413574 9.62708487549 250.129770992 -71.6106870229 6.87786259542 END
START -5.16908138428 -9.71327613525 9.8186210083 250.129770992 -66.9923664122 11.8625954198 END
START -1.43173259277 -17.1041766602 7.69496413574 250.129770992 -76.8549618321 11.8091603053 END
START -0.909796630859 -11.2335941895 8.85854614258 250.129770992 -73.3893129771 6.98473282443 END
START 1.56580788574 -8.64546219482 10.405200415 250.129770992 -83.7251908397 13.2061068702 END
START -0.584185205078 -12.0715647705 8.17380446777 250.129770992 -70.3740458015 8.30534351145 END
START 2.92092602539 -8.48744488525 10.2591541138 250.129770992 -72.9770992366 10.9465648855 END
START 0.739808312988 -14.2071926514 6.74686027832 250.129770992 -70.5801526718 2.77099236641 END
START 3.96958635254 -10.5584293213 0.60573302002 250.129770992 -76.5038167939 6.13740458015 END
START -2.78445653076 -7.08923111572 8.89685336914 250.129770992 -88.7786259542 6.14503816794 END
START -1.35751234131 -15.217545752 5.8945244873 250.129770992 -81.3969465649 9.34351145038 END
START 2.37025964355 -5.5760956665 7.108384729 250.129770992 -86.9694656489 11.1832061069 END
START 4.80037432861 -14.8488386963 7.60398447266 250.129770992 -80.9389312977 2.90076335878 END
START 0.91458503418 -10.4554786499 4.38617744141 250.129770992 -81.5572519084 5.60305343511 END
START -5.71735356445 -9.28950244141 3.02148249512 250.129770992 -87.8320610687 9.80152671756 END
START -3.0765491333 -8.19774648437 11.0085392334 250.129770992 -84.2519083969 20.4503816794 END
START -0.711077893066 -8.82263311768 4.25689055176 250.129770992 -77.9389312977 12.6641221374 END
START 4.78361491699 -12.4067530029 6.66066901855 250.129770992 -81.8244274809 6.39694656489 END
START 2.09492645264 -3.93127912598 9.46188496094 250.129770992 -84.3893129771 4.12213740458 END
START 7.45554396973 -9.71327613525 5.68383474121 250.129770992 -86.2519083969 19.0916030534 END
START 8.72686505127 -9.53131680908 7.51061060791 250.129770992 -97.7404580153 12.7404580153 END
START -2.35828863525 -15.0571342407 7.81467421875 250.129770992 -85.9007633588 9.90839694656 END
START -0.100556469727 -12.5480109009 6.91684859619 250.129770992 -98.1755725191 16.641221374 END
START 0.296881005859 -11.9039706543 4.75967290039 250.129770992 -93.3816793893 7.08396946565 END
START 0.407014282227 -6.59363137207 10.7475712524 250.129770992 -87.6870229008 3.63358778626 END
START 12.4019645996 -9.8784760498 16.3452147339 250.129770992 -84.7557251908 7.46564885496 END
START 3.26569106445 -12.8448919067 13.0100918213 250.129770992 -84.4580152672 10.1526717557 END
START -3.52665904541 -13.1776859375 2.79163913574 250.129770992 -85.572519084 6.0534351145 END
START -2.10689746094 -5.40850155029 5.15471617432 250.129770992 -96.7938931298 2.46564885496 END
START 4.71178886719 -7.26879624023 7.49385119629 250.129770992 -103.465648855 2.21374045802 END
START 0.440533105469 -7.18260498047 11.1976811646 250.129770992 -87.6030534351 8.6641221374 END
START -1.57059628906 -13.7355349243 9.67736311035 250.129770992 -91.9312977099 11.1297709924 END
START 0.167594116211 -6.4356140625 8.90882437744 250.129770992 -90.5954198473 13.9770992366 END
START 1.11330377197 -7.55849464111 4.13239206543 250.129770992 -95.7633587786 -3.58015267176 END
START 1.98958157959 -4.95599743652 10.6853220093 250.129770992 -91.679389313 3.83969465649 END
START -2.01352359619 -12.6485673706 9.33020386963 250.129770992 -83.3511450382 10.641221374 END
START -2.29603939209 -12.4474544312 6.29914456787 250.129770992 -80.213740458 1.62595419847 END
START 4.85783516846 -7.64468590088 8.19774648437 250.129770992 -88.4961832061 9.17557251908 END
START -6.48589229736 -11.2311999878 8.18816967773 250.129770992 -81.3893129771 15.4045801527 END
START 2.15956989746 -9.69891092529 13.6134306396 250.129770992 -79.106870229 12.8396946565 END
START 9.32062706299 -18.6963207642 7.967903125 250.129770992 -76.3511450382 6.84732824427 END
START 7.50103380127 -12.1050835937 7.59201346436 250.129770992 -69.0687022901 10.6183206107 END
START 0.342370837402 -7.70214674072 11.997344519 250.129770992 -86.5190839695 17.3053435115 END
START -2.38941325684 -14.6644851685 13.2495119873 250.129770992 -71.106870229 -2.00763358779 END
START 5.34864650879 -15.3875340698 5.02542928467 250.129770992 -70.786259542 9.79389312977 END
START 4.0557776123 -8.39167681885 14.8033488647 250.129770992 -71.7251908397 5.60305343511 END
START -3.41173736572 -7.67102211914 11.3868230957 250.129770992 -66.9770992366 13.1526717557 END
START -1.8866309082 -8.68855782471 4.83868155518 250.129770992 -74.1374045802 12.5190839695 END
START 1.17076461182 -10.9367131836 3.15076938477 250.129770992 -73.7709923664 10.5419847328 END
START 4.14436307373 -13.7475059326 5.1738697876 250.129770992 -65.6488549618 8.19083969466 END
START 5.65749852295 -13.3740104736 8.0397291748 250.129770992 -73.9083969466 -2.54198473282 END
START 3.45962139893 -12.0811415771 5.21935961914 250.129770992 -70.9236641221 13.2900763359 END
START 0.344765039063 -5.22893642578 8.69574042969 250.129770992 -61.8549618321 4.97709923664 END
START 1.53947166748 -11.1689507446 4.98472785645 250.129770992 -42.0458015267 7.18320610687 END
START -0.964863269043 -7.87452926025 0.399831677246 250.129770992 -38.9694656489 13.2290076336 END
START 7.06528909912 -9.56483563232 9.59596025391 250.129770992 -33.0916030534 17.5648854962 END
START 6.06451280518 -7.3909005249 5.42765516357 250.129770992 -31.8549618321 4.90839694656 END
START 0.172382519531 -10.4028062134 9.13627353516 250.129770992 -33.2519083969 5.39694656489 END
START -4.14915147705 -10.9558667969 11.6860983032 250.129770992 -46.0992366412 1.88549618321 END
START -3.54102425537 -14.2263462646 8.31745656738 250.129770992 -42.1145038168 11.679389313 END
START -3.67988795166 -9.5720182373 8.50181009521 250.129770992 -37.7557251908 11.5954198473 END
START -3.6894647583 -10.7739074707 12.3157733398 250.129770992 -45.7404580153 3.29007633588 END
START -3.14119257812 -15.5742817993 8.39407102051 250.129770992 -48.4045801527 6.64122137405 END
START 7.15387456055 -14.4466128174 5.14513936768 250.129770992 -44.2824427481 12.572519084 END
START 2.81318695068 -3.6535517334 9.68933411865 250.129770992 -39.0381679389 1.99236641221 END
START -0.399831677246 -11.4610433472 9.34456907959 250.129770992 -46.1374045802 10.7938931298 END
START -8.35576379395 -6.35660540771 7.94156690674 250.129770992 -56.5267175573 5.52671755725 END
START 0.0574608398438 -12.8616513184 4.82192214355 250.129770992 -58.3816793893 9.46564885496 END
START 2.98317526855 -14.2742302979 7.38132371826 250.129770992 -61.5496183206 -3.00763358779 END
START -5.42047255859 -16.8767275024 7.46033237305 250.129770992 -67.6106870229 8.84732824427 END
START -2.19787712402 -13.4865379517 7.66383951416 250.129770992 -64.8167938931 12.5114503817 END