START 2.24336695557 -7.48906279297 14.5088620605 250.129770992 -76.2213740458 4.74045801527 END
START 11.0300870483 -10.3597105835 12.1505734253 250.129770992 -78.1297709924 9.56488549618 END
START 7.35019909668 -10.3190091553 6.82347473145 250.129770992 -74.6259541985 14.8473282443 END
START 12.7036340088 -9.76594857178 6.67742843018 250.129770992 -71.3053435115 16.106870229 END
START 2.58573779297 -10.0867715942 5.50187541504 250.129770992 -56.1450381679 8.41221374046 END
START -0.634463439941 -11.1354319214 7.56567724609 250.129770992 -69.7633587786 8.4427480916 END
START 7.57285985107 -10.067617981 6.04535919189 250.129770992 -65.534351145 3.97709923664 END
START 5.882553479 -10.9582609985 7.49145699463 250.129770992 -71.8778625954 7.06870229008 END
START -1.41257897949 -14.463372229 4.36941802979 250.129770992 -57.4580152672 0.801526717557 END
START -1.97521636963 -10.2687309204 8.10437261963 250.129770992 -65.1832061069 13.2977099237 END
START 0.92416184082 -10.4722380615 8.17141026611 250.129770992 -71.0458015267 2.68702290076 END
START 1.17076461182 -8.5089927002 8.98543883057 250.129770992 -65.6488549618 2.90839694656 END
START 6.98388624268 -12.6294137573 10.9462899902 250.129770992 -69.9389312977 17.0076335878 END
START -0.787692346191 -5.82030423584 9.40442412109 250.129770992 -62.6106870229 13.5954198473 END
START 1.95845695801 -11.9925561157 2.79642753906 250.129770992 -54.4961832061 -2.80152671756 END
START -1.62566292725 -9.95987890625 11.0875478882 250.129770992 -62.5267175573 8.12213740458 END
START 2.19069451904 -8.2504189209 7.53694682617 250.129770992 -63.3969465649 5.98473282443 END
START -0.893037219238 -12.3061965332 2.5234885498 250.129770992 -58.4580152672 2.02290076336 END
START -0.497993945312 -10.2567599121 11.1545855347 250.129770992 -56.9541984733 5.58015267176 END
START 2.36068283691 -14.2670476929 6.35421120605 250.129770992 -48.7709923664 15.8854961832 END
START 6.50025750732 -3.96240374756 12.0356517456 250.129770992 -49.5496183206 1.87786259542 END
START -4.62559760742 -4.03901820068 6.70855305176 250.129770992 -53.3893129771 14.3358778626 END
START 2.32237561035 -17.168820105 5.98310994873 250.129770992 -59.465648855 0.847328244275 END
START -4.42448466797 -13.6900450928 9.29189664307 250.129770992 -62.1297709924 10.641221374 END
START 4.25928475342 -12.3875993896 6.55292994385 250.129770992 -54.0610687023 7.80916030534 END
START 8.43477244873 -9.48582697754 6.50265170898 250.129770992 -65.8244274809 12.9541984733 END
START 3.94564433594 -5.91128389893 8.65025059814 250.129770992 -59.2290076336 9.99236641221 END
START 0.799663354492 -6.60799658203 5.7748144043 250.129770992 -67.2290076336 0.0763358778626 END
START -2.09492645264 -8.9591026123 7.52018741455 250.129770992 -66.9083969466 4.68702290076 END
START 0.77332713623 -10.0819831909 7.91523068848 250.129770992 -69.4503816794 5.7786259542 END
START 0.268150585937 -11.2144405762 6.40688364258 250.129770992 -75.3969465649 2.82442748092 END
START -0.641646044922 -3.69904156494 5.42765516357 250.129770992 -79.3358778626 5.17557251908 END
START -1.76213242187 -8.02057556152 3.1004911499 250.129770992 -87.5114503817 13.0839694656 END
START -8.23605371094 -11.0205102417 6.17225187988 250.129770992 -73.893129771 3.51908396947 END
START -2.26491477051 -3.46440980225 10.0412817627 250.129770992 -77.8702290076 6.4427480916 END
START -2.85867678223 -14.2383172729 4.9751510498 250.129770992 -78.5572519084 13.2061068702 END
START 3.0047230835 -10.8433393188 3.85705887451 250.129770992 -74.1679389313 18.2748091603 END
START -2.57137258301 -7.63271489258 4.82671054687 250.129770992 -74.9007633588 8.87022900763 END
START 1.62566292725 -10.1897222656 11.0348754517 250.129770992 -77.0152671756 10.1526717557 END
START -0.852335791016 -11.0827594849 12.3014081299 250.129770992 -81.0763358779 2.93893129771 END
START 2.44926829834 -2.17154090576 8.02536396484 250.129770992 -83.8854961832 9.58015267176 END
START 6.40448944092 -12.7251818237 4.83389315186 250.129770992 -82.8320610687 4.65648854962 END
START 7.07486590576 -2.59531459961 8.214505896 250.129770992 -72.2519083969 5.19083969466 END
START -4.42209046631 -5.02303508301 5.8945244873 250.129770992 -79.2900763359 5.74809160305 END
START 4.19942971191 -14.2383172729 8.49223328857 250.129770992 -88.8320610687 11.6488549618 END
START -1.06063133545 -11.9303068726 3.83551105957 250.129770992 -89.4809160305 0.687022900763 END
START -3.19386501465 -17.154454895 7.73566556396 250.129770992 -89.1145038168 13.2671755725 END
START 1.94648594971 -7.96072052002 11.0013566284 250.129770992 -80.4809160305 14.3740458015 END
START 6.12197364502 -7.97747993164 7.0245876709 250.129770992 -86.7099236641 8.3893129771 END
START 5.52342322998 -8.38688841553 12.7275760254 250.129770992 -84.3511450382 3.73282442748 END
START -0.948103857422 -17.0060143921 7.29034405518 250.129770992 -80.3435114504 7.82442748092 END
START 4.05817181396 -15.5886470093 6.4475850708 250.129770992 -102.740458015 5.71755725191 END
START 2.30801040039 -6.85938775635 3.26329686279 250.129770992 -89.3740458015 11.3893129771 END
START 1.48201082764 -15.0236154175 3.98634576416 250.129770992 -85.0305343511 9.2213740458 END
START -0.691924279785 -16.1177655762 6.99346304932 250.129770992 -85.8320610687 7.41984732824 END
START -3.62721551514 -15.0284038208 3.93846173096 250.129770992 -96.0152671756 3.74809160305 END
START -0.330399829102 -7.55610043945 6.25365473633 250.129770992 -85.1679389313 9.73282442748 END
START -1.1779472168 -5.96156213379 7.75003077393 250.129770992 -84.3511450382 8.36641221374 END
START 6.34463439941 -15.3875340698 11.3772462891 250.129770992 -89.9694656489 4.34351145038 END
START 4.58010777588 -12.0021329224 4.89374819336 250.129770992 -89.0 14.5801526718 END
START 9.38527050781 -8.31506236572 9.02853446045 250.129770992 -86.0076335878 5.30534351145 END
START 2.76769711914 -7.65905111084 6.76122548828 250.129770992 -75.5954198473 6.29770992366 END
START 0.397437475586 -10.7475712524 5.8945244873 250.129770992 -79.572519084 -0.290076335878 END
START -2.58094938965 -4.45082088623 6.71094725342 250.129770992 -93.4503816794 6.19847328244 END
START 2.26491477051 -7.26161363525 1.05823713379 250.129770992 -86.3893129771 23.8473282443 END
START 4.80755693359 -16.2374756592 7.04374128418 250.129770992 -84.9541984733 -5.32061068702 END
START 4.51785853271 -10.0364933594 1.60890351563 250.129770992 -80.8091603053 19.7709923664 END
START 1.99197578125 -5.269637854 7.04134708252 250.129770992 -76.1374045802 8.93129770992 END
START -2.79882174072 -8.23605371094 12.497732666 250.129770992 -84.1603053435 7.19083969466 END
START 1.4604630127 -4.69981785889 5.10683214111 250.129770992 -72.4580152672 13.3969465649 END
START 7.19697019043 -9.80186159668 10.1633860474 250.129770992 -67.1679389313 2.43511450382 END
START 1.59693250732 -7.86974085693 5.62876810303 250.129770992 -69.2748091603 4.38167938931 END
START 1.03190091553 -10.7810900757 4.24731374512 250.129770992 -70.5877862595 8.99236641221 END
START 4.30477458496 -8.24802471924 7.0724717041 250.129770992 -74.9618320611 5.9465648855 END
START 4.31913979492 -10.7260234375 2.92810863037 250.129770992 -70.1832061069 12.4427480916 END
START 3.1364041748 -13.0268512329 10.7595422607 250.129770992 -64.9083969466 3.37404580153 END
START -7.28555565186 -9.47385596924 8.14028564453 250.129770992 -65.1145038168 11.2748091603 END
START 4.78840332031 -7.09401951904 9.13148513184 250.129770992 -58.4961832061 16.4198473282 END
START 4.27125576172 -12.4163298096 8.12592043457 250.129770992 -70.6870229008 14.9541984733 END
START 0.92655604248 -7.7332713623 5.02303508301 250.129770992 -67.3740458015 10.4045801527 END
START 10.5751887329 -12.9502367798 11.7531359497 250.129770992 -56.2061068702 10.358778626 END
START -1.34314713135 -16.8767275024 12.4570312378 250.129770992 -62.572519084 7.70229007634 END
START -2.23857855225 -11.8872112427 5.01824667969 250.129770992 -59.7786259542 0.81679389313 END
START 3.23217224121 -5.89691868896 5.66946953125 250.129770992 -57.213740458 10.4122137405 END
START -3.56736047363 -14.449007019 10.067617981 250.129770992 -62.9541984733 5.35877862595 END
START 0.840364782715 -6.31829818115 8.72925925293 250.129770992 -48.7709923664 8.64122137405 END
START -2.62404501953 -12.8544687134 10.1945106689 250.129770992 -62.4427480916 9.0 END
START -0.399831677246 -7.55131203613 3.6056677002 250.129770992 -55.2900763359 13.9770992366 END
START -0.294486804199 -9.2655604248 4.12760366211 250.129770992 -57.9236641221 0.343511450382 END
START -5.04697709961 -7.57525405273 15.210363147 250.129770992 -54.3358778626 -3.82442748092 END
START -0.91458503418 -12.4690022461 11.6549736816 250.129770992 -61.4351145038 8.41984732824 END
START 1.10133276367 -11.9662198975 10.060435376 250.129770992 -61.786259542 -3.25190839695 END
START -0.186747729492 -11.6813098999 7.46990917969 250.129770992 -56.6717557252 -3.07633587786 END
START 4.34787021484 -10.5680061279 6.71334145508 250.129770992 -65.3664122137 1.17557251908 END
START -3.05739552002 -12.9023527466 2.53067115479 250.129770992 -49.6106870229 19.0839694656 END
START -1.2856862915 -9.14345614014 9.58159504395 250.129770992 -63.1297709924 13.5648854962 END
START 9.40681832275 -3.79002122803 9.91199487305 250.129770992 -54.7404580153 1.50381679389 END
START -10.0269165527 0.0502782348633 6.70376464844 250.129770992 -67.7328244275 6.11450381679 END
START 0.864306799316 -14.9206647461 9.98142672119 250.129770992 -68.3816793893 11.8778625954 END
START 2.33674082031 -8.21929429932 5.92325490723 250.129770992 -55.7404580153 8.09160305344 END
START -10.4985742798 -14.4011229858 7.45314976807 250.129770992 -47.2671755725 5.11450381679 END
START 5.03979449463 -9.53371101074 4.20900651855 250.129770992 -51.0992366412 1.54198473282 END
START 4.39096584473 -10.9726262085 8.45632026367 250.129770992 -61.4427480916 8.51145038168 END
START -1.98000477295 -6.73488927002 13.0244570312 250.129770992 -62.0381679389 -0.702290076336 END
START 1.62566292725 -8.9591026123 4.59926138916 250.129770992 -67.9160305344 17.3053435115 END
START 5.62637390137 -8.96389101563 8.69574042969 250.129770992 -48.7175572519 16.2213740458 END
START -5.52581743164 -11.9518546875 0.845153186035 250.129770992 -57.6106870229 12.1679389313 END
START -1.25216746826 -12.5408282959 12.3540805664 250.129770992 -55.8549618321 5.78625954198 END
START -2.86107098389 -17.7506111084 5.99747515869 250.129770992 -51.7099236641 10.9083969466 END
START -3.76129080811 -3.77565601807 7.33343968506 250.129770992 -67.5801526718 5.10687022901 END
START 6.08606062012 -8.69813463135 3.86424147949 250.129770992 -72.1297709924 7.06870229008 END
START 3.18907661133 -7.73087716064 10.1107136108 250.129770992 -67.0687022901 5.21374045802 END
START 4.34308181152 -5.4922986084 6.92403120117 250.129770992 -62.6946564885 9.93893129771 END
START 2.87304199219 -1.61848032227 9.26316622314 250.129770992 -65.1603053435 -0.587786259542 END
START -3.04542451172 -15.6485020508 9.70130512695 250.129770992 -87.1221374046 3.22900763359 END
START 3.03584770508 -12.9550251831 10.6637741943 250.129770992 -72.8625954198 12.358778626 END
START -2.40856687012 0.928950244141 8.33900438232 250.129770992 -65.4580152672 4.79389312977 END
START 1.25216746826 -9.27034882812 15.1265660889 250.129770992 -74.3816793893 14.2290076336 END
START -8.91600698242 -10.0652237793 9.18894597168 250.129770992 -78.8244274809 13.8320610687 END
START 6.99585725098 -9.12669672852 7.20415279541 250.129770992 -72.7251908397 8.26717557252 END
START 6.28238515625 -14.597447522 6.43082565918 250.129770992 -70.0305343511 0.63358778626 END