START 7.52497581787 -13.9438304687 8.09000740967 250.129770992 -71.2671755725 10.3435114504 END
START 7.50342800293 -8.62630858154 12.7156050171 250.129770992 -67.4809160305 9.02290076336 END
START -5.36780012207 -15.562310791 6.988674646 250.129770992 -67.4198473282 -1.43511450382 END
START -1.01753570557 -14.9134821411 10.046070166 250.129770992 -78.5877862595 6.60305343511 END
START 10.5871597412 -14.8967227295 5.19302340088 250.129770992 -68.2290076336 11.8473282443 END
START 5.86818826904 -8.70052883301 8.01818135986 250.129770992 -80.1374045802 2.5572519084 END
START -0.603338818359 -16.1249481812 3.95761534424 250.129770992 -70.1984732824 6.77099236641 END
START -0.105344873047 -13.7499001343 11.6884925049 250.129770992 -60.1984732824 9.71755725191 END
START 2.86107098389 -7.47230338135 6.00705196533 250.129770992 -57.8473282443 5.45801526718 END
START 6.45237347412 -5.95437952881 7.23767161865 250.129770992 -65.0763358779 17.0076335878 END
START 3.95761534424 -9.25837781982 5.97353314209 250.129770992 -66.9236641221 16.8167938931 END
START 4.30956298828 -16.8384202759 6.375759021 250.129770992 -73.2900763359 10.7633587786 END
START -3.87621248779 -8.62630858154 10.4961800781 250.129770992 -67.9083969466 5.92366412214 END
START 2.59052619629 -2.19787712402 7.47230338135 250.129770992 -61.5954198473 11.3816793893 END
START -5.07570751953 -17.2358577515 8.57363614502 250.129770992 -60.0229007634 6.2213740458 END
START 4.91290180664 -10.5416699097 4.52982954102 250.129770992 -60.6488549618 0.435114503817 END
START -2.87543619385 -11.8728460327 13.5990654297 250.129770992 -62.8396946565 4.70992366412 END
START 0.131681091309 -6.23928952637 7.60398447266 250.129770992 -59.786259542 8.2213740458 END
START -2.26970317383 -11.0229044434 6.40448944092 250.129770992 -62.0839694656 6.59541984733 END
START -0.126892687988 -4.14915147705 10.1849338623 250.129770992 -67.213740458 8.80152671756 END
START -1.52989486084 -5.70298835449 11.9925561157 250.129770992 -67.8244274809 7.29007633588 END
START 1.02711251221 -9.94790789795 11.6501852783 250.129770992 -72.9312977099 -2.52671755725 END
START 0.61052142334 -11.0588174683 4.10845004883 250.129770992 -77.8167938931 2.90839694656 END
START -2.67192905273 -8.8393925293 9.09317790527 250.129770992 -77.6030534351 5.95419847328 END
START 7.3430164917 -8.10916102295 5.86339986572 250.129770992 -71.6183206107 1.43511450382 END
START -2.84670577393 -8.68137521973 7.4148425415 250.129770992 -69.3511450382 -0.687022900763 END
START 5.86579406738 -13.1489555176 10.7427828491 250.129770992 -74.3282442748 19.1526717557 END
START 6.19379969482 -10.5177278931 7.40765993652 250.129770992 -70.5954198473 16.0992366412 END
START -2.64798703613 -13.3835872803 3.14358677979 250.129770992 -59.9160305344 3.10687022901 END
START -1.42694418945 -7.86495245361 12.1697270386 250.129770992 -71.1374045802 10.9770992366 END
START -0.667982263184 -10.3118265503 10.1921164673 250.129770992 -77.679389313 1.42748091603 END
START 6.78277330322 -16.2326872559 6.18661708984 250.129770992 -74.8091603053 2.25190839695 END
START -0.471657727051 -7.42920775146 7.5896192627 250.129770992 -78.0076335878 9.29770992366 END
START 0.969651672363 -11.8824228394 10.9008001587 250.129770992 -84.1984732824 4.37404580153 END
START 6.44997927246 -8.53054051514 6.07408961182 250.129770992 -85.0305343511 3.00763358779 END
START -5.60482608643 -11.9231242676 4.15633408203 250.129770992 -90.679389313 5.90839694656 END
START 4.59447298584 -3.16752879639 9.76116016846 250.129770992 -103.916030534 10.0916030534 END
START 2.79882174072 -12.4235124146 4.77882651367 250.129770992 -80.8778625954 14.8778625954 END
START -0.991199487305 -11.0779710815 10.5368815063 250.129770992 -75.0 0.595419847328 END
START -5.31273348389 -5.762843396 10.539275708 250.129770992 -92.6641221374 9.80916030534 END
START -1.26413847656 -8.82023891602 3.82832845459 250.129770992 -86.4427480916 5.70992366412 END
START 4.01747038574 -4.68066424561 11.1067015015 250.129770992 -88.7557251908 4.08396946565 END
START -4.25210214844 -13.6469494629 7.19457598877 250.129770992 -87.9847328244 0.75572519084 END
START -0.715866296387 -16.3978871704 11.6645504883 250.129770992 -102.366412214 10.5267175573 END
START 3.54102425537 -10.5057568848 8.29112034912 250.129770992 -94.9389312977 3.74045801527 END
START 8.01339295654 -9.32541546631 7.55370623779 250.129770992 -88.358778626 1.4427480916 END
START 0.981622680664 -8.91600698242 7.62313808594 250.129770992 -93.572519084 0.190839694656 END
START -7.52018741455 -10.9031943604 5.67665213623 250.129770992 -88.9236641221 5.09923664122 END
START -1.43891519775 -11.3269680542 5.04697709961 250.129770992 -90.6259541985 -1.40458015267 END
START 1.25935007324 -10.9367131836 6.86417615967 250.129770992 -80.427480916 3.50381679389 END
START 1.30723410645 -16.2709944824 9.50976899414 250.129770992 -87.3282442748 7.64122137405 END
START -0.0263362182617 -14.5543518921 7.84340463867 250.129770992 -87.9160305344 8.41984732824 END
START 5.18105239258 -10.42674823 3.15316358643 250.129770992 -84.8625954198 12.0839694656 END
START -2.60010300293 -10.3644989868 11.9111532593 250.129770992 -79.3969465649 13.0152671756 END
START -2.90416661377 -9.36372269287 7.98466253662 250.129770992 -73.2519083969 14.4351145038 END
START 2.29125098877 -1.8507178833 7.18260498047 250.129770992 -87.2366412214 -1.58015267176 END
START -2.07098443604 -10.5368815063 7.36935270996 250.129770992 -75.3358778626 8.61832061069 END
START 2.48278712158 -2.82036955566 10.299855542 250.129770992 -75.0305343511 11.7938931298 END
START 8.48744488525 -10.4291424316 7.46272657471 250.129770992 -77.7251908397 12.8549618321 END
START -3.39018955078 -10.0580411743 8.36773480225 250.129770992 -71.6946564885 4.59541984733 END
START -2.37504804687 -6.988674646 15.8424323853 250.129770992 -75.7938931298 11.1908396947 END
START 0.220266552734 -7.10120212402 5.64552751465 250.129770992 -75.7938931298 18.572519084 END
START 4.58010777588 -16.1441017944 8.214505896 250.129770992 -89.534351145 0.435114503817 END
START -0.0263362182617 -14.4729490356 8.15704505615 250.129770992 -76.5267175573 7.07633587786 END
START 9.75397756348 -6.9767036377 4.2185833252 250.129770992 -80.7557251908 2.3358778626 END
START -3.69185895996 -13.857639209 2.96162745361 250.129770992 -80.8320610687 7.70229007634 END
START 2.10450325928 -11.2144405762 6.39491263428 250.129770992 -87.0 7.14503816794 END
START 5.25287844238 -13.2566945923 11.1234609131 250.129770992 -78.1450381679 13.7022900763 END
START 6.41885465088 -3.03345350342 7.91762489014 250.129770992 -74.9541984733 6.49618320611 END
START 5.40610734863 -10.3956236084 5.12119735107 250.129770992 -66.9923664122 13.7099236641 END
START 3.03105930176 -11.1067015015 7.92720169678 250.129770992 -69.641221374 9.29770992366 END
START 2.93768543701 -3.51229383545 8.65982740479 250.129770992 -62.1679389313 7.6106870229 END
START -4.76685550537 -14.7554648315 3.81156904297 250.129770992 -61.465648855 13.2977099237 END
START -0.277727392578 -7.11317313232 6.62236179199 250.129770992 -63.5114503817 3.67175572519 END
START -0.696712683105 -7.80509741211 11.3437274658 250.129770992 -68.2442748092 7.41984732824 END
START -0.14604630127 -15.2941602051 14.1329723999 250.129770992 -63.2748091603 16.4885496183 END
START 0.0598550415039 -6.31350977783 8.69334622803 250.129770992 -59.465648855 11.6335877863 END
START 0.330399829102 -13.6780740845 6.22492431641 250.129770992 -50.0458015267 7.51145038168 END
START 4.58729038086 -10.546458313 10.1178962158 250.129770992 -58.7251908397 1.75572519084 END
START 7.967903125 -12.3181675415 7.53934102783 250.129770992 -61.572519084 14.7328244275 END
START 4.6447512207 0.998382092285 8.54969412842 250.129770992 -60.1679389313 6.14503816794 END
START 1.44609780273 -9.81143840332 0.574608398438 250.129770992 -51.3816793893 15.7633587786 END
START 0.404620080566 -10.8433393188 7.6135612793 250.129770992 -49.3358778626 4.80152671756 END
START -0.469263525391 -11.9039706543 2.18590611572 250.129770992 -57.5954198473 15.3893129771 END
START -2.76051451416 -10.9917798218 6.12197364502 250.129770992 -61.8473282443 5.64885496183 END
START -2.20266552734 -8.98783303223 7.92241329346 250.129770992 -57.6183206107 -0.0992366412214 END
START 2.75333190918 -7.98226833496 17.2909243896 250.129770992 -60.4427480916 2.87022900763 END
START 6.44997927246 -7.70454094238 9.63426748047 250.129770992 -55.7557251908 4.38167938931 END
START 1.41257897949 -16.7785652344 7.91523068848 250.129770992 -76.4809160305 11.2519083969 END
START 0.404620080566 -9.00938084717 6.21774171143 250.129770992 -63.2519083969 10.3816793893 END
START -2.05661922607 -6.15549246826 7.43160195312 250.129770992 -69.2213740458 20.8473282443 END
START -2.84909997559 -11.6477910767 11.1713449463 250.129770992 -66.7938931298 12.7480916031 END
START 0.890643017578 -8.00860455322 5.73171877441 250.129770992 -62.6564885496 7.41221374046 END
START 0.112527478027 -8.03015236816 9.12669672852 250.129770992 -69.0992366412 8.97709923664 END
START -8.64546219482 -7.85298144531 10.524910498 250.129770992 -67.1526717557 3.45801526718 END
START -3.77326181641 -8.72686505127 5.99268675537 250.129770992 -72.786259542 9.06870229008 END
START -1.29047469482 -5.65510432129 8.68616362305 250.129770992 -69.2900763359 6.7786259542 END
START 2.36307703857 -12.5025210693 10.0508585693 250.129770992 -88.0610687023 6.29007633588 END
START 5.2217538208 -16.1919858276 8.8992475708 250.129770992 -81.0305343511 4.56488549618 END
START -1.25695587158 -9.68215151367 13.3021844238 250.129770992 -70.0229007634 -0.0992366412214 END
START -4.75249029541 -11.5975128418 9.16500395508 250.129770992 -89.2061068702 5.92366412214 END