START 1.82198746338 -9.19612857666 11.1138841064 250.129770992 -64.6030534351 -0.404580152672 END
START 8.40843623047 -11.0229044434 8.71489404297 250.129770992 -68.6335877863 6.76335877863 END
START 1.20667763672 -2.85149417725 8.18098707275 250.129770992 -74.0458015267 20.786259542 END
START 0.332794030762 -13.6349784546 7.77636699219 250.129770992 -77.0916030534 13.1908396947 END
START 6.90966599121 -14.2359230713 8.63588538818 250.129770992 -61.5190839695 2.74045801527 END
START 7.58722506104 -11.3940057007 6.68939943848 250.129770992 -71.1908396947 10.1908396947 END
START -1.84832368164 -13.603853833 7.30949766846 250.129770992 -82.0763358779 0.00763358778626 END
START 7.14669195557 -5.62637390137 3.96240374756 250.129770992 -77.1908396947 6.83969465649 END
START 6.60560238037 -14.0707231567 4.35984122314 250.129770992 -74.1603053435 2.54961832061 END
START 6.90008918457 -10.7978494873 9.15303294678 250.129770992 -80.9312977099 -2.82442748092 END
START 2.15238729248 -6.7779848999 4.3622354248 250.129770992 -67.7938931298 6.07633587786 END
START 3.09330854492 -4.2425253418 9.60793126221 250.129770992 -66.7709923664 17.5267175573 END
START 6.8138979248 -7.56807144775 5.32949289551 250.129770992 -71.2748091603 2.56488549618 END
START 5.06134230957 -8.41801303711 8.75559547119 250.129770992 -77.5038167939 6.62595419847 END
START 3.00711728516 -10.2447889038 9.32302126465 250.129770992 -74.3511450382 18.3282442748 END
START 6.77319649658 -13.2279641724 6.95755002441 250.129770992 -74.4045801527 10.6641221374 END
START 5.43723197021 -9.56962403564 10.2591541138 250.129770992 -77.1603053435 5.81679389313 END
START 5.7508723877 -7.04613548584 8.3222449707 250.129770992 -79.0152671756 7.58778625954 END
START 3.46919820557 -8.51138690186 10.2160584839 250.129770992 -72.7404580153 10.2442748092 END
START 4.05817181396 -3.89297189941 7.75242497559 250.129770992 -83.1908396947 25.5572519084 END
START -1.26653267822 -9.39963571777 6.38533582764 250.129770992 -81.6183206107 5.54198473282 END
START -4.06774862061 -12.4929442627 4.06535441895 250.129770992 -81.0152671756 7.45038167939 END
START 4.40772525635 -11.8249619995 4.96078583984 250.129770992 -81.5572519084 10.8320610687 END
START 4.59926138916 -9.04050546875 6.30153876953 250.129770992 -86.4427480916 10.5419847328 END
START 1.85790048828 -12.6796919922 5.71735356445 250.129770992 -90.0534351145 1.88549618321 END
START 6.36139381104 -2.54024796143 8.73165345459 250.129770992 -80.6564885496 14.5801526718 END
START 2.18351191406 -8.10437261963 7.23767161865 250.129770992 -87.1755725191 12.534351145 END
START -1.95366855469 -8.47068547363 8.52814631348 250.129770992 -87.9160305344 9.37404580153 END
START 4.08690223389 -12.7994020752 9.18415756836 250.129770992 -87.9847328244 11.1450381679 END
START 5.32231029053 -12.0308633423 6.64151540527 250.129770992 -87.3893129771 -3.61832061069 END
START 6.86896456299 -12.6701151855 5.54497104492 250.129770992 -83.7328244275 6.35114503817 END
START -0.533906970215 -7.62792648926 1.78846864014 250.129770992 -82.4351145038 12.6183206107 END
START 0.143652099609 -3.99113416748 10.8170031006 250.129770992 -92.6641221374 0.24427480916 END
START -1.58735570068 -10.3573163818 8.66940421143 250.129770992 -95.0763358779 3.50381679389 END
START -3.21541282959 -11.5592056152 12.1553618286 250.129770992 -105.27480916 5.15267175573 END
START 2.59770880127 -2.1930887207 9.63905588379 250.129770992 -94.4961832061 9.54961832061 END
START -5.12598575439 -6.99585725098 7.38371791992 250.129770992 -89.5572519084 5.62595419847 END
START 3.46919820557 -6.23450112305 9.71327613525 250.129770992 -92.8396946565 12.6106870229 END
START -0.852335791016 -11.4107651123 8.56405933838 250.129770992 -97.4809160305 5.07633587786 END
START -0.0885854614258 -8.74601866455 11.4849853638 250.129770992 -98.9236641221 3.78625954198 END
START 5.37019432373 -11.3533042725 11.1928927612 250.129770992 -88.3893129771 0.221374045802 END
START 4.05098920898 -10.0149455444 5.29118566895 250.129770992 -103.442748092 2.58778625954 END
START 3.49792862549 -13.0675526611 10.7284176392 250.129770992 -82.4503816794 16.5572519084 END
START -2.43729729004 -7.82185682373 12.385205188 250.129770992 -86.1297709924 4.19083969466 END
START 0.143652099609 -8.18577547607 8.77235488281 250.129770992 -85.1603053435 7.97709923664 END
START -4.903325 -2.44208569336 11.2264115845 250.129770992 -92.5267175573 12.3358778626 END
START 6.39251843262 -8.97346782227 12.138602417 250.129770992 -82.3511450382 14.3511450382 END
START 4.41969626465 -11.6190606567 8.83460412598 250.129770992 -86.0992366412 -3.1679389313 END
START -0.248996972656 -14.3149317261 7.44596716309 250.129770992 -84.9694656489 6.13740458015 END
START 5.09246693115 -6.73249506836 8.65982740479 250.129770992 -80.0 6.96946564885 END
START -5.40131894531 1.05584293213 4.69502945557 250.129770992 -73.572519084 15.4961832061 END
START -1.84353527832 -13.6325842529 8.90403597412 250.129770992 -81.4732824427 9.39694656489 END
START 6.70376464844 -12.1697270386 3.40934316406 250.129770992 -70.7022900763 4.12213740458 END
START 4.32153399658 -10.405200415 11.5161099854 250.129770992 -73.0916030534 18.534351145 END
START 0.531512768555 -7.38371791992 6.24647213135 250.129770992 -70.8244274809 5.92366412214 END
START -0.818816967773 -8.33182177734 7.97029732666 250.129770992 -67.4045801527 2.12977099237 END
START 4.39336004639 -12.9358715698 9.87608184814 250.129770992 -74.2213740458 12.2824427481 END
START 0.60812722168 -12.871228125 11.5161099854 250.129770992 -70.3664122137 10.534351145 END
START -0.110133276367 -2.65277543945 5.96874473877 250.129770992 -78.4122137405 14.0152671756 END
START 5.04458289795 -10.7140524292 5.21457121582 250.129770992 -64.7480916031 6.58778625954 END
START 2.10450325928 -5.05415970459 6.98149204102 250.129770992 -72.8778625954 10.9236641221 END
START 3.57933148193 -11.1952869629 11.5735708252 250.129770992 -76.8778625954 10.0610687023 END
START -4.39814844971 -7.73566556396 13.2590887939 250.129770992 -73.5648854962 7.22900763359 END
START -2.44926829834 -10.3429511719 8.35815799561 250.129770992 -77.6488549618 15.6030534351 END
START 8.93755479736 -10.1538092407 10.0149455444 250.129770992 -77.1145038168 8.0534351145 END
START 6.54814154053 -3.7134067749 5.60243188477 250.129770992 -76.9465648855 13.1145038168 END
START 5.04218869629 -12.5527993042 9.55765302734 250.129770992 -80.2748091603 10.4122137405 END
START 10.3477395752 -12.018892334 6.22492431641 250.129770992 -78.8473282443 7.96946564885 END
START 5.90410129395 -12.0093155273 8.92797799072 250.129770992 -77.2748091603 7.29770992366 END
START 7.80270321045 -9.98621512451 11.7866547729 250.129770992 -87.8702290076 11.4809160305 END
START 3.73016618652 -9.34456907959 11.0372696533 250.129770992 -89.786259542 -0.137404580153 END
START 4.07253702393 -8.32703337402 8.32703337402 250.129770992 -87.1832061069 2.85496183206 END
START 1.32878192139 -12.5480109009 6.44040246582 250.129770992 -88.679389313 8.32824427481 END
START -2.86346518555 -18.2869122803 12.7970078735 250.129770992 -96.7404580153 -3.28244274809 END
START 6.91206019287 -3.63679232178 3.14598098145 250.129770992 -89.0763358779 11.786259542 END
START 8.31506236572 -13.3141554321 11.4754085571 250.129770992 -80.8778625954 14.3435114504 END
START 1.36708914795 -6.03817658691 1.90339031982 250.129770992 -76.3511450382 8.02290076336 END
START 6.89290657959 -11.1330377197 9.2655604248 250.129770992 -87.6870229008 6.41221374046 END
START 9.61511386719 -10.0652237793 12.4163298096 250.129770992 -79.7557251908 12.3053435115 END
START 0.181959326172 -12.4354834229 12.7874310669 250.129770992 -80.358778626 2.12213740458 END
START 7.20894119873 -5.31033928223 10.9295305786 250.129770992 -77.6870229008 8.70992366412 END
START 0.840364782715 -6.13394465332 9.01895765381 250.129770992 -77.6717557252 3.54961832061 END
START 6.98388624268 -8.24084211426 4.51785853271 250.129770992 -72.641221374 4.43511450382 END
START -1.86029468994 -4.98712205811 6.6822168335 250.129770992 -66.534351145 1.29770992366 END
START 4.47476290283 -10.2280294922 5.44680877686 250.129770992 -81.8778625954 4.67175572519 END
START 0.287304199219 -10.5273046997 3.38779534912 250.129770992 -72.9923664122 8.92366412214 END
START 5.72214196777 -8.99262143555 4.73812508545 250.129770992 -68.0305343511 2.16030534351 END
START -8.17380446777 -5.87297667236 11.413159314 250.129770992 -74.4580152672 14.1221374046 END
START 1.43173259277 -19.4768305054 18.8465569183 250.129770992 -75.8473282443 7.6641221374 END
START -0.45968671875 -10.5632177246 6.0812722168 250.129770992 -79.4427480916 15.8396946565 END
START 0.215478149414 -13.3668278687 5.36061751709 250.129770992 -72.9236641221 1.09923664122 END
START -2.11886846924 -3.33272871094 11.2503536011 250.129770992 -72.9007633588 7.89312977099 END
START 1.48201082764 -0.746990917969 9.81143840332 250.129770992 -77.0229007634 1.95419847328 END
START -5.61200869141 -5.80593902588 7.84579884033 250.129770992 -61.1526717557 7.56488549618 END
START -0.378283862305 -5.11880314941 12.6222311523 250.129770992 -66.4580152672 12.9618320611 END
START -7.75481917725 -6.08606062012 10.5895539429 250.129770992 -69.9770992366 5.65648854962 END
START -2.71263048096 -10.7332060425 4.80037432861 250.129770992 -74.0229007634 9.50381679389 END
START -5.02782348633 -5.69580574951 13.8408797974 250.129770992 -61.3511450382 12.5572519084 END
START 3.50032282715 -13.9941087036 8.48983908691 250.129770992 -65.427480916 7.96946564885 END
START 2.85628258057 -3.53623585205 7.24246002197 250.129770992 -60.2061068702 2.10687022901 END
START -4.16830509033 -11.6094838501 13.4362597168 250.129770992 -63.5877862595 11.1984732824 END