START 0.902614025879 -4.15393988037 10.5296989014 250.129770992 -77.0763358779 11.4198473282 END
START -0.493205541992 -7.75960758057 2.50912333984 250.129770992 -80.0 5.39694656489 END
START 10.8170031006 -5.41807835693 -0.562637390137 250.129770992 -77.0763358779 13.3740458015 END
START -0.193930334473 -8.78193168945 7.08923111572 250.129770992 -89.106870229 18.0152671756 END
START 2.58813199463 -11.1258551147 10.2040874756 250.129770992 -80.9007633588 7.74809160305 END
START 4.50109912109 -5.60961448975 6.44040246582 250.129770992 -73.893129771 15.8854961832 END
START 0.718260498047 -5.37737692871 5.17626398926 250.129770992 -64.4580152672 2.51145038168 END
START -2.59770880127 -6.53856473389 6.07408961182 250.129770992 -65.7938931298 3.09160305344 END
START 1.68551796875 -11.3580926758 5.74129558105 250.129770992 -77.5877862595 8.18320610687 END
START -1.09175595703 -5.96156213379 11.1043072998 250.129770992 -75.4503816794 11.7786259542 END
START 1.14442839355 -12.3085907349 6.40927784424 250.129770992 -68.0152671756 -2.53435114504 END
START -9.70130512695 -12.0643821655 3.25611425781 250.129770992 -58.893129771 14.8549618321 END
START -1.69988317871 -11.3389390625 6.56250675049 250.129770992 -60.0992366412 15.0381679389 END
START 3.39258375244 -9.00698664551 4.09887324219 250.129770992 -60.3969465649 9.88549618321 END
START -9.90241806641 0.335188232422 2.97599266357 250.129770992 -63.7633587786 8.03816793893 END
START 0.248996972656 -9.7587659668 9.79228479004 250.129770992 -66.9389312977 5.35114503817 END
START -2.06380183105 -6.55532414551 10.2615483154 250.129770992 -66.4503816794 8.62595419847 END
START -4.16591088867 -10.3716815918 8.99501563721 250.129770992 -72.8473282443 7.69465648855 END
START -3.88818349609 -8.27675513916 14.7674358398 250.129770992 -62.0763358779 9.06106870229 END
START -2.47321031494 -13.1154366943 8.19056387939 250.129770992 -60.4198473282 7.09160305344 END
START -2.82276375732 -3.85945307617 5.7867854126 250.129770992 -69.3740458015 12.6030534351 END
START 1.67594116211 -10.1346556274 5.80115062256 250.129770992 -77.8473282443 1.17557251908 END
START -0.524330163574 -12.2223994751 10.553640918 250.129770992 -75.5877862595 2.42748091603 END
START -4.68545264893 -7.51779321289 10.6996872192 250.129770992 -79.3893129771 14.8015267176 END
START -0.864306799316 -11.4035825073 7.59201346436 250.129770992 -81.0381679389 12.8015267176 END
START -1.83635267334 -18.1217123657 7.3789295166 250.129770992 -84.2213740458 10.8396946565 END
START -0.775721337891 -12.0284691406 11.6956751099 250.129770992 -86.679389313 -1.25954198473 END
START 6.38294162598 -11.0157218384 11.0827594849 250.129770992 -77.7175572519 8.6106870229 END
START 3.76847341309 -12.5887123291 4.14915147705 250.129770992 -87.4198473282 5.65648854962 END
START 2.78924493408 -5.21935961914 12.0380459473 250.129770992 -83.2671755725 14.1145038168 END
START -1.67354696045 -7.07965430908 6.16746347656 250.129770992 -85.1526717557 0.0229007633588 END
START -0.933738647461 -12.8065846802 10.919953772 250.129770992 -81.6030534351 2.48854961832 END
START 1.94169754639 -9.25119521484 3.89057769775 250.129770992 -92.8091603053 0.687022900763 END
START 2.88740720215 -7.39329472656 6.51222851562 250.129770992 -89.9541984733 6.01526717557 END
START 4.66390483398 -11.9829793091 8.58800135498 250.129770992 -95.1679389313 5.0 END
START -0.833182177734 -11.1019130981 2.58813199463 250.129770992 -94.9007633588 11.0305343511 END
START 0.114921679688 -10.3621047852 6.81629212646 250.129770992 -101.099236641 8.61832061069 END
START -5.94719692383 -7.57285985107 5.05415970459 250.129770992 -94.3664122137 2.45801526718 END
START -2.51630594482 -7.31428607178 12.2535240967 250.129770992 -105.007633588 2.19847328244 END
START 2.34152922363 -14.0300217285 10.7763016724 250.129770992 -99.213740458 6.71755725191 END
START -0.708683691406 -10.2256352905 7.08683691406 250.129770992 -91.0229007634 17.9465648855 END
START 1.73340200195 -10.9008001587 9.30386765137 250.129770992 -91.3740458015 8.23664122137 END
START 7.87452926025 -7.2831614502 8.04212337646 250.129770992 -82.320610687 -0.610687022901 END
START 8.97825622559 -13.596671228 15.562310791 250.129770992 -78.4580152672 6.40458015267 END
START -0.46447512207 -13.2638771973 9.86889924316 250.129770992 -96.1984732824 -2.17557251908 END
START 5.02303508301 -7.04374128418 12.9262947632 250.129770992 -86.0076335878 16.4580152672 END
START 7.51300480957 -5.13316835937 7.20415279541 250.129770992 -84.0381679389 2.19083969466 END
START 3.36864173584 -10.4818148682 1.47482822266 250.129770992 -78.1908396947 5.06106870229 END
START 9.05487067871 -12.7132108154 13.8217261841 250.129770992 -82.6870229008 10.5801526718 END
START -0.438138903809 -9.80425579834 8.18098707275 250.129770992 -75.7328244275 8.43511450382 END
START 4.03422979736 -9.69651672363 8.92079538574 250.129770992 -72.6335877863 3.6106870229 END
START 9.04529387207 -5.42526096191 9.4523081543 250.129770992 -75.4427480916 14.0763358779 END
START 0.799663354492 -0.940921252441 7.68778153076 250.129770992 -75.9847328244 17.4198473282 END
START -4.96078583984 -16.6205479248 10.1609918457 250.129770992 -76.1526717557 6.15267175573 END
START -0.280121594238 -6.72052406006 4.80755693359 250.129770992 -73.9847328244 6.28244274809 END
START 2.22181914063 -10.1107136108 4.44363828125 250.129770992 -70.1526717557 14.5190839695 END
START 3.62242711182 -12.392387793 7.6973583374 250.129770992 -62.5877862595 11.7328244275 END
START 6.91684859619 -12.1433908203 8.82023891602 250.129770992 -57.4198473282 13.6106870229 END
START -0.31124621582 -11.4299187256 8.68376942139 250.129770992 -58.8320610687 15.5877862595 END
START -4.27125576172 -9.78031378174 3.0286651001 250.129770992 -56.106870229 8.51145038168 END
START 4.25689055176 -6.25604893799 9.97184991455 250.129770992 -59.4580152672 10.1145038168 END
START 2.94965644531 -8.29590875244 5.94480272217 250.129770992 -57.4961832061 10.9007633588 END
START 4.75249029541 -4.53940634766 6.90008918457 250.129770992 -58.7938931298 10.9923664122 END
START -0.287304199219 -10.9415015869 10.2423947021 250.129770992 -60.8778625954 9.5572519084 END
START -6.84502254639 -13.1489555176 8.77714328613 250.129770992 -60.572519084 17.5572519084 END
START -5.42526096191 -4.65911643066 9.06923588867 250.129770992 -61.5572519084 -0.503816793893 END
START 3.78283862305 -9.97903251953 7.97747993164 250.129770992 -60.2519083969 6.45801526718 END
START 2.94247384033 -12.7179992187 8.51617530518 250.129770992 -69.2366412214 9.42748091603 END
START -0.689530078125 -0.92416184082 10.7140524292 250.129770992 -73.5419847328 12.5648854962 END
START 3.68228215332 -12.5144920776 3.37821854248 250.129770992 -71.3511450382 12.5419847328 END
START -3.30399829102 -13.2279641724 10.5368815063 250.129770992 -63.0458015267 10.9083969466 END
START 1.51313544922 -8.12592043457 5.94719692383 250.129770992 -73.5954198473 12.358778626 END
START 4.82192214355 -6.03099398193 4.23294853516 250.129770992 -92.2519083969 10.8320610687 END
START -6.31590397949 -7.51061060791 7.0245876709 250.129770992 -65.6106870229 9.59541984733 END
START -2.26491477051 -9.11711992188 10.0269165527 250.129770992 -84.2061068702 3.04580152672 END
START -0.368707055664 -9.72045874023 8.91600698242 250.129770992 -88.2442748092 2.03053435115 END
START 1.1779472168 -6.06211860352 9.09078370361 250.129770992 -86.0839694656 18.5801526718 END