START 2.68390006104 -3.97437475586 12.744335437 250.129770992 -75.320610687 7.2213740458 END
START 2.43011468506 -14.0012913086 10.6063133545 250.129770992 -70.1450381679 16.9312977099 END
START -3.4428619873 -10.2208468872 4.97275684814 250.129770992 -71.8091603053 12.2519083969 END
START 2.24336695557 -10.3094323486 13.962984082 250.129770992 -72.7938931298 6.72519083969 END
START 2.03985981445 -7.4268135498 5.14035096436 250.129770992 -78.320610687 8.07633587786 END
START 2.73657249756 -8.45153186035 3.17231719971 250.129770992 -77.2290076336 10.0610687023 END
START -1.74297880859 -12.4043588013 4.55616575928 250.129770992 -73.9236641221 13.4122137405 END
START 4.08929643555 -6.72052406006 7.68299312744 250.129770992 -62.427480916 8.12977099237 END
START 6.02859978027 -5.79396801758 5.59764348145 250.129770992 -77.534351145 3.58015267176 END
START 2.31519300537 -10.539275708 6.01662877197 250.129770992 -69.7022900763 11.1679389313 END
START -0.126892687988 -8.2863319458 8.36534060059 250.129770992 -75.6335877863 8.47328244275 END
START 0.940921252441 -8.55927093506 11.4371013306 250.129770992 -80.2366412214 5.89312977099 END
START 4.14196887207 -15.0116444092 7.93438430176 250.129770992 -73.0076335878 8.19083969466 END
START 0.287304199219 -16.5678754883 4.71897147217 250.129770992 -70.9847328244 -0.908396946565 END
START -1.50116444092 -10.158597644 4.14915147705 250.129770992 -68.1679389313 0.0534351145038 END
START -1.62326872559 -11.5544172119 2.6862942627 250.129770992 -65.5572519084 8.99236641221 END
START -6.40448944092 -2.67671745605 9.72045874023 250.129770992 -70.7480916031 10.9541984733 END
START -8.24802471924 -9.37569370117 7.88410606689 250.129770992 -79.2595419847 10.1755725191 END
START -3.69185895996 -8.49702169189 10.8433393188 250.129770992 -73.7938931298 15.3511450382 END
START -1.76213242187 -12.6509615723 2.94965644531 250.129770992 -74.2671755725 9.00763358779 END
START -2.88740720215 -8.27675513916 4.48433970947 250.129770992 -79.8854961832 10.2595419847 END
START -1.78607443848 -16.2231104492 5.16908138428 250.129770992 -76.1832061069 6.03816793893 END
START -4.67108743896 -5.30076247559 5.74129558105 250.129770992 -68.6030534351 10.6564885496 END
START 8.77474908447 -1.75016141357 9.193734375 250.129770992 -73.6030534351 14.534351145 END
START 6.93600220947 -5.2097828125 8.19056387939 250.129770992 -71.0992366412 12.2900763359 END
START -8.334215979 -8.61433757324 7.18021077881 250.129770992 -73.4427480916 6.03053435115 END
START -0.289698400879 -8.96628521729 14.4059113892 250.129770992 -66.9465648855 10.9236641221 END
START -3.18907661133 -9.83538041992 17.7553995117 250.129770992 -78.427480916 -3.54961832061 END
START 3.91930811768 -12.9717845947 6.40209523926 250.129770992 -82.5572519084 5.88549618321 END
START 1.12048637695 -12.0236807373 0.280121594238 250.129770992 -76.6870229008 2.52671755725 END
START 0.114921679688 -10.6015249512 12.8137672852 250.129770992 -77.3435114504 6.06870229008 END
START -4.2185833252 -8.75080706787 10.7451770508 250.129770992 -61.1221374046 -1.29007633588 END
START -1.9105729248 -14.815319873 9.10514891357 250.129770992 -81.6870229008 10.7328244275 END
START 4.79558592529 -3.57454307861 4.86262357178 250.129770992 -70.3893129771 16.2290076336 END
START -1.94409174805 -9.77313117676 5.42526096191 250.129770992 -85.0534351145 3.20610687023 END
START 1.39581956787 -13.8887638306 7.60637867432 250.129770992 -78.7022900763 -0.374045801527 END
START 5.55933625488 -13.8384855957 12.5144920776 250.129770992 -76.5954198473 13.2061068702 END
START -7.08923111572 -13.9294652588 3.32794030762 250.129770992 -71.641221374 3.79389312977 END
START 0.16041151123 -6.01423457031 9.56722983398 250.129770992 -74.2977099237 13.9236641221 END
START 1.84353527832 -8.32703337402 7.44117875977 250.129770992 -75.2748091603 10.1374045802 END
START 2.73657249756 -6.84502254639 12.8736223267 250.129770992 -75.1526717557 13.0076335878 END
START 1.64481654053 -8.18816967773 5.24090743408 250.129770992 -86.0916030534 4.75572519084 END
START 3.55538946533 -7.43878455811 11.6549736816 250.129770992 -80.9465648855 4.4427480916 END
START 1.87944830322 -10.1945106689 6.7181298584 250.129770992 -75.4732824427 3.87022900763 END
START 6.04296499023 -6.23210692139 13.8935522339 250.129770992 -72.7328244275 9.6106870229 END
START -2.38701905518 -10.1131078125 6.34224019775 250.129770992 -72.2595419847 1.09923664122 END
START -1.19470662842 -7.36217010498 6.15549246826 250.129770992 -65.3129770992 10.4427480916 END
START 0.842758984375 -9.65581529541 8.21211169434 250.129770992 -68.0610687023 6.03053435115 END
START 0.335188232422 -10.0005803345 5.5760956665 250.129770992 -66.2977099237 4.69465648855 END
START 0.29927520752 -3.34230551758 11.2144405762 250.129770992 -70.3969465649 4.93893129771 END
START 6.60799658203 -7.07486590576 1.77170922852 250.129770992 -64.0534351145 8.37404580153 END
START -2.24576115723 -9.38527050781 7.0245876709 250.129770992 -60.8854961832 13.8549618321 END
START 2.12605107422 -12.9669961914 3.924096521 250.129770992 -71.7022900763 14.5190839695 END
START -5.02303508301 -4.85065256348 13.3548568604 250.129770992 -73.8473282443 5.58015267176 END
START 1.07499654541 0.380678063965 8.90403597412 250.129770992 -69.6488549618 7.48091603053 END
START 8.16901606445 -7.24724842529 8.72925925293 250.129770992 -72.9083969466 14.0305343511 END
START 11.6501852783 -7.01979926758 10.5727945312 250.129770992 -68.8854961832 6.34351145038 END
START 11.1617681396 -12.5719529175 8.07564219971 250.129770992 -87.4809160305 16.6946564885 END
START 4.91050760498 -9.70130512695 4.28322677002 250.129770992 -66.9007633588 14.6183206107 END
START 1.56580788574 -2.03746561279 7.33822808838 250.129770992 -79.1755725191 10.2671755725 END
START -1.51074124756 -6.27999095459 8.13070883789 250.129770992 -77.8167938931 11.0229007634 END
START 1.11090957031 -11.4682259521 9.89284125977 250.129770992 -73.8244274809 14.9007633588 END
START 0.644040246582 -9.08120689697 10.9630494019 250.129770992 -79.9847328244 15.0992366412 END
START 1.37666595459 -12.0715647705 0.102950671387 250.129770992 -86.7633587786 3.25954198473 END
START -0.246602770996 -9.94311949463 4.62320340576 250.129770992 -92.5267175573 11.427480916 END
START 9.16021555176 -10.0556469727 7.54412943115 250.129770992 -94.4580152672 12.5496183206 END
START 7.0365586792 -6.78277330322 13.0364280396 250.129770992 -86.4809160305 -1.31297709924 END
START 11.645396875 -10.0795889893 8.69574042969 250.129770992 -94.786259542 7.40458015267 END
START 2.35589443359 -1.66875855713 8.97586202393 250.129770992 -88.427480916 8.53435114504 END
START 2.34631762695 -14.0515695435 11.04684646 250.129770992 -86.8854961832 14.8625954198 END
START 2.85628258057 -9.06923588867 3.9360675293 250.129770992 -91.1374045802 15.1221374046 END
START 0.217872351074 -9.11233151855 7.71651195068 250.129770992 -85.0534351145 6.6641221374 END
START 10.0771947876 -11.5017447754 7.11796153564 250.129770992 -88.8625954198 -3.54198473282 END
START 2.77966812744 -8.55927093506 6.75643708496 250.129770992 -84.6641221374 14.8625954198 END
START 3.69664736328 -9.30865605469 11.5639940186 250.129770992 -83.8091603053 -2.25190839695 END
START -1.90339031982 -10.2519715088 11.03248125 250.129770992 -77.9541984733 1.2213740458 END
START 5.26245524902 -14.7291286133 7.01740506592 250.129770992 -78.6488549618 4.41221374046 END
START 3.22498963623 -10.4411134399 6.51941112061 250.129770992 -70.7328244275 5.38167938931 END
START -5.882553479 -5.25048424072 10.292672937 250.129770992 -79.5038167939 2.36641221374 END
START -3.96479794922 -7.48906279297 7.77397279053 250.129770992 -81.320610687 15.3053435115 END
START 1.91296712646 -9.28471403809 7.4268135498 250.129770992 -73.1221374046 1.6641221374 END
START 4.09887324219 -1.75494981689 4.98951625977 250.129770992 -61.4198473282 9.24427480916 END
START 1.94169754639 -11.5615998169 7.97029732666 250.129770992 -71.4427480916 10.5114503817 END
START 4.99191046143 -5.99268675537 7.32146867676 250.129770992 -80.8549618321 4.51908396947 END
START 3.22738383789 -10.2280294922 10.7044756226 250.129770992 -73.7938931298 11.8778625954 END
START 6.40448944092 3.10767375488 5.38455953369 250.129770992 -73.3358778626 16.8854961832 END
START 2.37265384521 -15.4210528931 10.9343189819 250.129770992 -70.7709923664 9.75572519084 END
START 5.55454785156 -6.58884296875 11.3078144409 250.129770992 -70.5267175573 14.7404580153 END
START -4.18745870361 -7.10120212402 8.86812294922 250.129770992 -57.3282442748 7.60305343511 END
START 3.10527955322 -13.4314713135 11.9638256958 250.129770992 -62.572519084 4.91603053435 END
START 4.02944139404 -5.70059415283 13.2710598022 250.129770992 -60.465648855 15.2366412214 END