START -5.00866987305 -7.82185682373 2.11408006592 250.129770992 -86.4198473282 9.72519083969 END
START -1.48679923096 -11.286266626 8.42998404541 250.129770992 -89.1679389313 18.3282442748 END
START 3.89057769775 -7.02937607422 14.6740619751 250.129770992 -97.4427480916 16.3511450382 END
START 2.27927998047 -5.53539423828 6.28956776123 250.129770992 -104.175572519 11.7938931298 END
START 4.73094248047 -13.9988971069 5.02303508301 250.129770992 -101.549618321 5.72519083969 END
START -0.543483776855 -13.6924392944 1.66875855713 250.129770992 -82.213740458 10.0687022901 END
START 3.76607921143 -14.456189624 9.69412252197 250.129770992 -81.3358778626 2.74809160305 END
START 5.99747515869 -4.78361491699 5.45399138184 250.129770992 -98.6030534351 10.8396946565 END
START 6.66545742187 -10.651803186 0.368707055664 250.129770992 -82.9236641221 10.6335877863 END
START 6.50504591064 -8.17141026611 8.94473740234 250.129770992 -87.7099236641 3.35877862595 END
START -1.07020814209 -14.5471692871 6.05014759521 250.129770992 -86.0229007634 -1.25954198473 END
START 2.96162745361 -10.4411134399 7.6135612793 250.129770992 -96.7938931298 -2.62595419847 END
START 10.7116582275 -14.3269027344 5.65271011963 250.129770992 -78.6335877863 16.3664122137 END
START 0.399831677246 -10.7810900757 7.23288321533 250.129770992 -77.4351145038 7.48854961832 END
START 0.0909796630859 -10.5416699097 1.88184250488 250.129770992 -87.8167938931 9.19083969466 END
START 8.28393774414 -11.2551420044 6.65588061523 250.129770992 -66.3740458015 9.00763358779 END
START -1.71664259033 -10.1370498291 7.76439598389 250.129770992 -92.2748091603 6.01526717557 END
START 2.31279880371 -9.4762501709 8.72925925293 250.129770992 -89.7633587786 6.76335877863 END
START 2.51391174316 -10.6206785645 8.41083043213 250.129770992 -86.6030534351 6.02290076336 END
START 6.4834980957 -5.60243188477 8.41801303711 250.129770992 -84.5954198473 2.10687022901 END
START -0.938527050781 -5.71735356445 7.49385119629 250.129770992 -81.4427480916 3.17557251908 END
START -2.53545955811 -11.6549736816 6.4356140625 250.129770992 -75.1450381679 7.51145038168 END
START 5.65031591797 -6.31111557617 6.12197364502 250.129770992 -69.4961832061 3.29007633588 END
START 7.17063397217 -9.33738647461 8.96628521729 250.129770992 -77.5038167939 9.06106870229 END
START 4.76206710205 -10.7164466309 9.8305920166 250.129770992 -81.9465648855 17.7099236641 END
START -0.91458503418 -15.9645366699 10.9822030151 250.129770992 -75.2671755725 9.73282442748 END
START 1.47003981934 -3.22738383789 12.0236807373 250.129770992 -76.2442748092 5.75572519084 END
START -3.39258375244 -6.02859978027 8.12831463623 250.129770992 -71.1450381679 9.37404580153 END
START -2.4157494751 -8.55208833008 8.11873782959 250.129770992 -76.9923664122 14.8702290076 END
START 5.04458289795 -6.17464608154 6.3877300293 250.129770992 -84.5496183206 4.19847328244 END
START 4.22816013184 -14.2119810547 9.7827079834 250.129770992 -81.786259542 7.83969465649 END
START -1.13245738525 -7.13711514893 8.21929429932 250.129770992 -71.4885496183 8.39694656489 END
START -2.09492645264 -3.36145913086 9.27753143311 250.129770992 -72.7404580153 6.29770992366 END
START 0.3064578125 -8.17619866943 10.2687309204 250.129770992 -70.5648854962 5.26717557252 END
START 4.23773693848 -8.76996068115 2.21224233398 250.129770992 -65.5190839695 15.679389313 END
START 1.76452662354 -10.4435076416 7.11796153564 250.129770992 -68.6259541985 0.732824427481 END
START 4.89853659668 -9.76116016846 12.152967627 250.129770992 -76.0916030534 14.2824427481 END
START 3.25850845947 -10.3405569702 5.09246693115 250.129770992 -63.893129771 17.2290076336 END
START 7.58483085937 -11.4897737671 6.73249506836 250.129770992 -75.7175572519 4.64885496183 END
START 5.99268675537 -9.11711992188 10.8481277222 250.129770992 -73.8244274809 3.83969465649 END
START -1.26413847656 -4.55616575928 12.8879875366 250.129770992 -68.9007633588 9.8320610687 END
START -1.18752402344 -7.76918438721 2.01831199951 250.129770992 -73.6488549618 6.06870229008 END
START -1.30962830811 -7.38611212158 8.63109698486 250.129770992 -67.1450381679 -2.29770992366 END
START 1.17315881348 -4.69024105225 12.5168862793 250.129770992 -68.7938931298 11.9236641221 END
START 6.40927784424 -10.1226846191 9.54328781738 250.129770992 -69.5954198473 4.81679389313 END
START 0.447715710449 -15.1529023071 10.4794206665 250.129770992 -72.6870229008 -0.320610687023 END
START -2.01831199951 -7.76439598389 5.47793339844 250.129770992 -67.7099236641 8.69465648855 END
START 2.7700913208 -9.21528218994 10.5656119263 250.129770992 -65.7938931298 1.24427480916 END
START 3.7014357666 -5.08049592285 6.78037910156 250.129770992 -71.0229007634 7.29770992366 END
START 9.10036051025 -16.9437651489 7.1203557373 250.129770992 -66.0763358779 13.679389313 END
START -1.88184250488 -12.5671645142 6.73967767334 250.129770992 -58.7404580153 0.572519083969 END
START 0.0502782348633 -8.04691177979 5.83945784912 250.129770992 -73.6946564885 1.70229007634 END
START 3.9719805542 -13.1274077026 8.13789144287 250.129770992 -71.5267175573 8.41984732824 END
START 4.10605584717 -17.5997764038 7.05571229248 250.129770992 -74.6717557252 2.56488549618 END
START -3.36624753418 -5.04697709961 12.4809732544 250.129770992 -72.8244274809 8.28244274809 END
START 0.644040246582 -1.92733233643 6.72531246338 250.129770992 -72.9160305344 3.45801526718 END
START 5.80354482422 -10.9630494019 6.12915625 250.129770992 -68.7938931298 11.3129770992 END
START 3.79002122803 -13.3261264404 6.14352145996 250.129770992 -70.9389312977 8.16030534351 END
START 5.09486113281 -8.55927093506 5.88973608398 250.129770992 -80.7938931298 9.84732824427 END
START -0.430956298828 -7.52497581787 10.1131078125 250.129770992 -74.7328244275 13.9083969466 END
START 4.03662399902 -13.8049667725 9.16739815674 250.129770992 -76.0 4.51145038168 END
START 3.9959225708 -6.35181700439 11.2096521729 250.129770992 -81.1145038168 2.71755725191 END
START 3.49553442383 -7.40765993652 8.29112034912 250.129770992 -79.7022900763 15.0534351145 END
START 6.86178195801 -12.1218430054 11.8728460327 250.129770992 -89.5572519084 9.25954198473 END
START 16.6397015381 -8.92079538574 13.984531897 250.129770992 -78.7557251908 -1.57251908397 END
START 3.07415493164 -10.0508585693 10.0724063843 250.129770992 -82.3664122137 12.0534351145 END
START 0.694318481445 -9.76355437012 3.46680400391 250.129770992 -84.6030534351 5.83969465649 END
START 2.30561619873 -13.4817495483 1.44370360107 250.129770992 -91.8091603053 5.1679389313 END
START 10.9319247803 -11.6717330933 10.1370498291 250.129770992 -95.1832061069 3.53435114504 END
START 3.76607921143 -15.5216093628 4.42448466797 250.129770992 -76.0687022901 11.8625954198 END
START 2.04464821777 -4.91050760498 2.4756045166 250.129770992 -92.0916030534 6.35114503817 END
START 4.72615407715 -4.97275684814 8.19774648437 250.129770992 -87.9083969466 0.0381679389313 END
START 1.58735570068 -6.86417615967 4.87698878174 250.129770992 -91.4732824427 8.75572519084 END
START 0.105344873047 -9.64623848877 2.78685073242 250.129770992 -90.8015267176 4.75572519084 END
START -1.87944830322 -6.39491263428 7.48666859131 250.129770992 -82.2290076336 8.59541984733 END
START 9.8425630249 -12.3157733398 5.01345827637 250.129770992 -78.7480916031 3.04580152672 END
START 1.67594116211 -11.9638256958 9.83777462158 250.129770992 -72.9847328244 11.4732824427 END
START -4.19942971191 -11.3221796509 3.01908829346 250.129770992 -75.9312977099 5.62595419847 END
START 0.91458503418 -9.36611689453 6.4595560791 250.129770992 -77.427480916 18.0687022901 END
START 0.727837304687 -5.37977113037 12.1362082153 250.129770992 -66.8015267176 8.70992366412 END
START 10.1681744507 -6.89290657959 12.9286889648 250.129770992 -90.7709923664 20.3511450382 END
START -2.58334359131 -7.46751497803 7.79073220215 250.129770992 -71.9694656489 7.51145038168 END
START 4.70700046387 -11.631031665 10.2064816772 250.129770992 -86.7938931298 7.90076335878 END
START 3.61285030518 -5.10922634277 5.53539423828 250.129770992 -80.0076335878 4.17557251908 END
START -3.0047230835 -8.52814631348 6.62236179199 250.129770992 -77.6946564885 15.0916030534 END
START 7.06289489746 -13.0005150146 2.74375510254 250.129770992 -71.1374045802 8.64885496183 END
START -5.17626398926 -9.44273134766 6.32787498779 250.129770992 -73.1145038168 1.43511450382 END
START 1.07978494873 -11.5951186401 6.0932432251 250.129770992 -69.3129770992 8.32061068702 END
START -2.90416661377 -5.47793339844 9.4642791626 250.129770992 -89.106870229 11.0381679389 END
START -2.7581203125 -8.6167317749 6.375759021 250.129770992 -68.4809160305 1.80152671756 END
START -0.244208569336 -5.82030423584 2.33674082031 250.129770992 -64.8625954198 11.1832061069 END
START -3.38540114746 -3.84269366455 4.27125576172 250.129770992 -75.1984732824 12.6564885496 END
START 4.08690223389 -8.87051715088 4.68784685059 250.129770992 -62.2290076336 6.75572519084 END
START 8.37012900391 -10.1777512573 6.42603725586 250.129770992 -59.8015267176 3.5572519084 END
START 4.96078583984 -5.99747515869 7.79073220215 250.129770992 -69.2290076336 8.19847328244 END
START -1.96563956299 -14.2191636597 7.62074388428 250.129770992 -74.2748091603 14.4961832061 END
START 0.325611425781 -7.87692346191 10.6087075562 250.129770992 -67.8473282443 6.80152671756 END
START -2.70784207764 -8.73644185791 10.7834842773 250.129770992 -64.2977099237 10.8702290076 END
START -0.270544787598 -15.5168209595 8.30309135742 250.129770992 -62.8320610687 9.42748091603 END