START -4.85304676514 -5.4444145752 11.271901416 250.129770992 -78.0458015267 9.9465648855 END
START -8.33661018066 -12.124237207 -0.30885201416 250.129770992 -96.0076335878 5.40458015267 END
START 3.18668240967 -4.27604416504 9.35414588623 250.129770992 -66.8091603053 4.40458015267 END
START 0.493205541992 -4.83868155518 5.15232197266 250.129770992 -71.3969465649 5.42748091603 END
START 0.861912597656 -10.2543657104 11.4083709106 250.129770992 -88.6488549618 6.2213740458 END
START -4.20900651855 -7.50821640625 9.43076033936 250.129770992 -79.8244274809 19.679389313 END
START 0.593762011719 -10.6613799927 6.41406624756 250.129770992 -90.7633587786 14.9541984733 END
START -1.9105729248 -12.145785022 8.5329347168 250.129770992 -90.6030534351 0.0610687022901 END
START 3.41173736572 -10.4746322632 11.1904985596 250.129770992 -64.6641221374 3.9465648855 END
START 8.09958421631 -10.8720697388 13.7906015625 250.129770992 -69.1832061069 3.07633587786 END
START -1.04147772217 -10.1514150391 8.62630858154 250.129770992 -66.9465648855 5.30534351145 END
START 1.84114107666 -2.4157494751 5.95916793213 250.129770992 -90.7328244275 3.35877862595 END
START -2.07577283936 -10.7739074707 11.4754085571 250.129770992 -78.8778625954 4.28244274809 END
START -2.86107098389 -10.8313683105 11.286266626 250.129770992 -77.427480916 6.69465648855 END
START 2.17154090576 -13.2926076172 7.88410606689 250.129770992 -78.213740458 9.93129770992 END
START -0.0119710083008 -12.3109849365 10.1921164673 250.129770992 -78.1526717557 4.54198473282 END
START 1.44849200439 -12.8281324951 7.67102211914 250.129770992 -93.2595419847 2.25954198473 END
START 4.41969626465 -8.9231895874 9.09557210693 250.129770992 -93.4961832061 5.10687022901 END
START 6.18422288818 -6.44279666748 5.51145222168 250.129770992 -99.2748091603 12.2213740458 END
START -3.36385333252 -6.375759021 6.37097061768 250.129770992 -95.8549618321 8.06106870229 END
START 9.19612857666 -6.73967767334 12.5527993042 250.129770992 -99.4351145038 11.5572519084 END
START 2.91853182373 -9.95030209961 7.45314976807 250.129770992 -104.290076336 12.5190839695 END
START 2.38462485352 -11.645396875 4.9751510498 250.129770992 -105.183206107 11.9236641221 END
START 3.75171400146 -9.64623848877 8.54969412842 250.129770992 -104.458015267 11.8778625954 END
START -3.77326181641 -2.84191737061 10.2112700806 250.129770992 -103.679389313 12.5801526718 END
START -0.045489831543 -15.6293484375 9.67736311035 250.129770992 -104.091603053 11.7175572519 END
START -0.172382519531 -4.36941802979 13.5439987915 250.129770992 -105.893129771 -1.3893129771 END
START -3.64397492676 -7.67820472412 11.4778027588 250.129770992 -105.022900763 10.6183206107 END
START -3.44765039062 -10.1370498291 1.86747729492 250.129770992 -93.7175572519 5.0534351145 END
START 1.25456166992 -6.61517918701 8.75080706787 250.129770992 -88.6564885496 4.96946564885 END
START -0.634463439941 -7.61116707764 3.01190568848 250.129770992 -77.0763358779 12.1679389313 END
START -10.1777512573 -7.04374128418 8.04691177979 250.129770992 -87.5648854962 -3.14503816794 END
START -1.84592947998 -8.827421521 12.0883241821 250.129770992 -93.8549618321 -1.54198473282 END
START -2.76290871582 -7.13950935059 4.67587584229 250.129770992 -94.7022900763 4.95419847328 END
START 5.36780012207 -13.9174942505 6.988674646 250.129770992 -90.3435114504 7.90076335878 END
START -1.50595284424 -11.0564232666 9.14345614014 250.129770992 -87.3893129771 -1.90076335878 END
START 5.21935961914 -2.79882174072 12.4115414062 250.129770992 -82.9847328244 5.64122137405 END
START 7.6494743042 -10.771513269 9.32780966797 250.129770992 -81.0916030534 1.08396946565 END
START 4.6686932373 -3.18428820801 3.46680400391 250.129770992 -68.0305343511 10.7938931298 END
START 5.69580574951 -13.237540979 9.72285294189 250.129770992 -78.4198473282 4.96183206107 END
START 10.3860468018 -6.14830986328 6.02620557861 250.129770992 -60.8549618321 9.54198473282 END
START 5.65989272461 -12.0093155273 10.2830961304 250.129770992 -48.0763358779 14.1755725191 END
START 1.13006318359 -9.74440075684 1.70706578369 250.129770992 -37.1755725191 12.7175572519 END
START 11.9662198975 -7.51061060791 5.28400306396 250.129770992 -41.4198473282 10.9847328244 END
START 5.83227524414 -10.4075946167 10.9079827637 250.129770992 -46.3282442748 6.00763358779 END
START 2.54264216309 -12.7706716553 3.81875164795 250.129770992 -48.6717557252 13.465648855 END
START 1.7788918335 -11.891999646 4.75009609375 250.129770992 -55.2595419847 10.7633587786 END
START 7.89368287354 -7.20415279541 6.04296499023 250.129770992 -50.2671755725 1.87022900763 END
START -1.09893856201 -7.50342800293 8.34379278564 250.129770992 -56.1603053435 -4.53435114504 END
START 0.648828649902 -9.30386765137 2.71741888428 250.129770992 -61.6870229008 9.19083969466 END
START 5.29118566895 -6.07887801514 10.8217915039 250.129770992 -62.4732824427 14.9236641221 END
START -0.0861912597656 -6.24886633301 9.67018050537 250.129770992 -53.8778625954 -2.57251908397 END
START 0.213083947754 -12.0619879639 8.60236656494 250.129770992 -63.4885496183 4.63358778626 END
START -1.71185418701 -13.1657149292 3.23217224121 250.129770992 -64.0839694656 6.36641221374 END
START 2.00394678955 -12.7084224121 6.39730683594 250.129770992 -76.641221374 15.6335877863 END
START 4.23294853516 -1.38624276123 7.26879624023 250.129770992 -66.2671755725 18.5419847328 END
START -7.89847127686 -12.4857616577 6.69897624512 250.129770992 -59.2595419847 1.45801526718 END
START 2.4157494751 -7.80509741211 10.1490208374 250.129770992 -66.8625954198 11.3358778626 END
START -7.99663354492 -11.4562549438 12.2942255249 250.129770992 -67.6641221374 2.96946564885 END
START 8.34858118896 -4.90571920166 6.34463439941 250.129770992 -65.3893129771 0.954198473282 END
START 1.96803376465 -14.1018477783 9.00938084717 250.129770992 -64.7022900763 7.17557251908 END
START -0.670376464844 -4.32153399658 5.72932457275 250.129770992 -65.2900763359 16.0076335878 END
START -8.37252320557 -18.2198746338 3.81396324463 250.129770992 -67.3358778626 -1.72519083969 END
START 0.193930334473 -6.25604893799 4.68545264893 250.129770992 -67.4885496183 1.96946564885 END
START -1.58735570068 -12.2152168701 7.25203682861 250.129770992 -67.4198473282 2.91603053435 END
START 9.60314285889 -17.4800663208 5.63355650635 250.129770992 -55.7938931298 -3.6641221374 END
START -3.9600095459 -7.82903942871 7.3071034668 250.129770992 -62.1908396947 3.53435114504 END
START -2.7461493042 -10.3477395752 7.75481917725 250.129770992 -62.9465648855 7.01526717557 END
START -2.02070620117 -10.5680061279 9.86411083984 250.129770992 -57.9618320611 3.29007633588 END
START 4.90811340332 -13.8121493774 4.02465299072 250.129770992 -60.2748091603 14.9770992366 END
START -13.7714479492 -12.4163298096 5.57370146484 250.129770992 -58.9694656489 4.03053435115 END
START -3.13879837646 -9.03571706543 12.9885440063 250.129770992 -71.3816793893 4.69465648855 END
START 0.129286889648 -11.0636058716 8.26478413086 250.129770992 -69.534351145 5.74045801527 END
START -15.7083570923 -14.082694165 10.1825396606 250.129770992 -76.9618320611 -2.81679389313 END
START -5.25287844238 -6.20577070312 14.6644851685 250.129770992 -94.1679389313 1.91603053435 END
START -3.79480963135 -9.70848773193 9.88087025146 250.129770992 -104.603053435 8.78625954198 END
START 3.99113416748 -9.72764134521 10.1490208374 250.129770992 -103.93129771 11.465648855 END
START -1.61369191895 -7.51300480957 10.1538092407 250.129770992 -104.312977099 19.3129770992 END
START 2.82755216064 -12.6198369507 9.34696328125 250.129770992 -96.358778626 -0.709923664122 END
START -6.49786330566 -6.375759021 9.93354268799 250.129770992 -94.2290076336 2.78625954198 END
START 2.97838686523 -5.27203205566 5.90410129395 250.129770992 -67.5877862595 5.87022900763 END
START 10.7739074707 -7.84579884033 7.27837304687 250.129770992 -61.6030534351 6.9465648855 END
START 5.00148726807 -9.38527050781 4.42209046631 250.129770992 -32.5572519084 9.31297709924 END
START 3.07176072998 -9.69891092529 8.82263311768 250.129770992 -34.2519083969 -0.81679389313 END
START 8.21211169434 -14.4681606323 8.84178673096 250.129770992 -31.1984732824 7.54961832061 END
START -0.107739074707 -15.4856963379 12.4426660278 250.129770992 -32.0458015267 6.16030534351 END
START 1.33117612305 -9.56722983398 10.0819831909 250.129770992 -35.3511450382 2.8320610687 END
START 3.70622416992 -7.73805976562 4.12760366211 250.129770992 -63.9007633588 10.106870229 END
START 0.423773693848 -15.2702181885 6.0693012085 250.129770992 -55.2061068702 13.3129770992 END
START -0.92416184082 -14.7434938232 2.49715233154 250.129770992 -71.4809160305 1.39694656489 END
START 2.40138426514 -15.4689369263 8.10916102295 250.129770992 -69.0076335878 2.18320610687 END
START 5.48511600342 -7.15866296387 10.7188408325 250.129770992 -79.0305343511 0.832061068702 END
START 1.01514150391 -7.99902774658 10.9079827637 250.129770992 -64.5419847328 11.2061068702 END