START 2.45884510498 -1.49877023926 6.03338818359 250.129770992 -68.8320610687 10.0229007634 END
START 3.90015450439 -7.27358464355 6.31111557617 250.129770992 -76.1603053435 0.450381679389 END
START -0.380678063965 -11.765106958 6.34942280273 250.129770992 -68.5419847328 5.03053435115 END
START -5.2576668457 -5.06613071289 10.3621047852 250.129770992 -76.1984732824 -1.51908396947 END
START 1.33596452637 -5.20499440918 9.39963571777 250.129770992 -68.5190839695 7.5572519084 END
START 0.258573779297 -10.2232410889 9.01177504883 250.129770992 -67.3435114504 16.8702290076 END
START 2.52588275146 -15.942988855 8.27196673584 250.129770992 -78.3053435115 4.76335877863 END
START 0.287304199219 -6.02381137695 8.65025059814 250.129770992 -93.320610687 0.801526717557 END
START -0.555454785156 -8.8753055542 8.60236656494 250.129770992 -86.6106870229 -4.95419847328 END
START 1.64002813721 -10.9798088135 5.08528432617 250.129770992 -82.1221374046 5.27480916031 END
START 0.0335188232422 -9.55525882568 11.4658317505 250.129770992 -71.2290076336 9.32061068702 END
START 8.32703337402 -5.44680877686 7.09880792236 250.129770992 -75.8778625954 2.53435114504 END
START 2.68150585937 -11.1258551147 6.92881960449 250.129770992 -66.4503816794 9.6641221374 END
START 4.57053096924 -9.78989058838 7.0605006958 250.129770992 -60.2595419847 11.7022900763 END
START -0.909796630859 -11.1976811646 12.765883252 250.129770992 -70.7557251908 4.71755725191 END
START -6.78756170654 -8.58321295166 0.30166940918 250.129770992 -78.4198473282 14.7251908397 END
START -1.10372696533 -8.99262143555 8.43956085205 250.129770992 -89.4503816794 -1.14503816794 END
START 3.78283862305 -10.1370498291 10.6613799927 250.129770992 -84.4351145038 12.5419847328 END
START 4.34068760986 -6.24168372803 6.66306322021 250.129770992 -83.8854961832 3.14503816794 END
START 0.550666381836 -10.919953772 9.96466730957 250.129770992 -79.7022900763 -3.54961832061 END
START -1.54665427246 -8.30069715576 9.02374605713 250.129770992 -77.2366412214 5.11450381679 END
START 2.37025964355 -6.6822168335 7.55610043945 250.129770992 -81.8625954198 -5.02290076336 END
START -10.3597105835 -9.19134017334 9.31105025635 250.129770992 -79.9160305344 6.58778625954 END
START 2.04225401611 -17.4058460693 2.16196409912 250.129770992 -79.6488549618 4.45038167939 END
START -3.3830069458 -8.14267984619 11.2766898193 250.129770992 -84.1679389313 13.2977099237 END
START -2.44687409668 -11.8967880493 5.20260020752 250.129770992 -86.2213740458 0.572519083969 END
START -0.526724365234 -9.89044705811 14.583082312 250.129770992 -103.610687023 5.41221374046 END
START 0.584185205078 0.438138903809 4.41730206299 250.129770992 -93.5190839695 15.8167938931 END
START -6.46195028076 -9.09557210693 9.08599530029 250.129770992 -90.2824427481 0.847328244275 END
START 2.49236392822 -13.4530191284 -0.435744702148 250.129770992 -103.778625954 4.96183206107 END
START 5.19541760254 -11.2120463745 9.94551369629 250.129770992 -89.0916030534 3.98473282443 END
START 3.87860668945 -8.11873782959 3.73256038818 250.129770992 -104.847328244 12.6030534351 END
START 7.73805976562 -12.8448919067 7.58004245605 250.129770992 -96.0229007634 18.0534351145 END
START -0.316034619141 -3.1364041748 7.08683691406 250.129770992 -104.473282443 7.06106870229 END
START -0.45489831543 -8.31266816406 4.18506450195 250.129770992 -105.152671756 -2.24427480916 END
START -4.16591088867 -17.5710459839 8.29351455078 250.129770992 -104.213740458 5.30534351145 END
START -5.04218869629 -4.76446130371 9.37329949951 250.129770992 -104.824427481 10.9923664122 END
START 8.24323631592 -9.71327613525 4.97993945312 250.129770992 -97.5572519084 0.465648854962 END
START -6.39491263428 -9.57920084229 7.82903942871 250.129770992 -103.900763359 4.00763358779 END
START -4.01268198242 -10.8720697388 5.49469281006 250.129770992 -104.511450382 6.42748091603 END
START 2.41096107178 -8.50181009521 13.1226192993 250.129770992 -95.1908396947 -0.450381679389 END
START -0.390254870605 -9.65581529541 11.9518546875 250.129770992 -104.13740458 16.3129770992 END
START 3.90015450439 -4.20182391357 2.78685073242 250.129770992 -99.4045801527 -2.27480916031 END
START 3.04781871338 -9.57441243896 5.1738697876 250.129770992 -104.297709924 0.412213740458 END
START 2.7820623291 -10.8217915039 9.65820949707 250.129770992 -102.72519084 1.15267175573 END
START 0.0981622680664 -14.9613661743 7.91283648682 250.129770992 -94.7633587786 8.0 END
START 0.62009822998 -11.2264115845 1.14682259521 250.129770992 -102.251908397 3.81679389313 END
START 7.95114371338 -7.8960770752 6.22731851807 250.129770992 -80.4885496183 -1.54961832061 END
START -3.30878669434 -7.22330640869 9.56244143066 250.129770992 -84.8396946565 8.91603053435 END
START -5.40131894531 -7.55370623779 9.43794294434 250.129770992 -89.3816793893 0.435114503817 END
START 0.0718260498047 -12.124237207 8.47547387695 250.129770992 -87.0 8.89312977099 END
START 0.780509741211 -13.9103116455 7.63032069092 250.129770992 -79.8244274809 16.3129770992 END
START -1.48919343262 -8.81066210937 7.24485422363 250.129770992 -80.8702290076 1.48854961832 END
START -3.46919820557 -7.33583388672 8.18098707275 250.129770992 -91.7175572519 4.31297709924 END
START -6.23689532471 -7.42441934814 6.89051237793 250.129770992 -103.847328244 0.511450381679 END
START -10.3644989868 -9.5361052124 12.3995703979 250.129770992 -96.6564885496 9.7786259542 END
START 3.92649072266 -13.6876508911 4.67827004395 250.129770992 -103.709923664 5.80916030534 END
START 7.29273825684 -4.41490786133 7.51300480957 250.129770992 -100.541984733 11.2977099237 END
START -1.21146604004 -4.36941802979 4.33589920654 250.129770992 -104.442748092 2.92366412214 END
START 12.3181675415 -11.4706201538 4.42687886963 250.129770992 -106.763358779 3.97709923664 END
START 10.3692873901 -7.64468590088 1.81959326172 250.129770992 -105.045801527 10.4885496183 END
START -1.28089788818 -9.61750806885 5.10204373779 250.129770992 -104.381679389 -1.45801526718 END
START 2.86346518555 -2.93768543701 7.86255825195 250.129770992 -99.3129770992 4.9465648855 END
START 12.9502367798 -7.72608875732 11.293449231 250.129770992 -72.8396946565 3.98473282443 END
START 9.31105025635 -11.8608750244 6.68939943848 250.129770992 -54.4122137405 1.72519083969 END
START 4.40772525635 -7.81228001709 3.76607921143 250.129770992 -45.1679389313 2.35114503817 END
START 6.74925447998 -11.2311999878 5.93043751221 250.129770992 -33.3511450382 4.3358778626 END
START 8.83220992432 -9.42597193604 6.46434448242 250.129770992 -26.893129771 6.01526717557 END
START 8.3102739624 -9.07641849365 7.56328304443 250.129770992 -29.7175572519 12.679389313 END
START 14.3795751709 -5.39892474365 6.97191523437 250.129770992 -34.4427480916 17.1221374046 END
START 11.2695072144 -11.6477910767 10.053252771 250.129770992 -47.6717557252 -0.450381679389 END
START 0.474051928711 -2.09492645264 9.63187327881 250.129770992 -49.9694656489 9.70229007634 END
START -1.73819040527 -9.44273134766 6.53138212891 250.129770992 -46.6717557252 6.3358778626 END
START 0.46208092041 -6.46913288574 5.72693037109 250.129770992 -70.0992366412 5.03053435115 END
START 0.670376464844 -11.1354319214 11.2623246094 250.129770992 -61.8244274809 9.8320610687 END
START 0.392649072266 -10.9726262085 11.540052002 250.129770992 -60.6259541985 5.76335877863 END
START -2.43729729004 -17.5830169922 7.24246002197 250.129770992 -70.5038167939 4.80916030534 END
START -7.6494743042 -8.11155522461 10.5967365479 250.129770992 -62.2824427481 4.88549618321 END
START -2.99035787354 -7.67102211914 12.2463414917 250.129770992 -66.9007633588 5.3358778626 END
START 1.71424838867 -12.7299702271 7.33343968506 250.129770992 -74.0458015267 -4.7786259542 END
START -3.27047946777 -12.8137672852 3.84748206787 250.129770992 -64.9236641221 2.39694656489 END
START -0.792480749512 -17.9996080811 6.91684859619 250.129770992 -68.3129770992 8.48091603053 END
START -1.98000477295 -11.4921679687 13.1992337524 250.129770992 -71.5954198473 0.175572519084 END
START 0.718260498047 -7.58483085937 7.22809481201 250.129770992 -63.0458015267 -1.48091603053 END
START 5.92804331055 -4.94642062988 4.61362659912 250.129770992 -78.2519083969 10.4732824427 END
START -1.90099611816 -8.87291135254 3.87621248779 250.129770992 -64.1755725191 12.4809160305 END
START 1.17315881348 -9.67496890869 13.0962830811 250.129770992 -70.4503816794 3.79389312977 END
START 4.48912811279 -9.47385596924 6.60320817871 250.129770992 -71.9847328244 3.96183206107 END
START -2.77487972412 -8.72925925293 8.2264769043 250.129770992 -60.1755725191 3.04580152672 END
START 2.31998140869 -12.8161614868 10.2112700806 250.129770992 -59.9083969466 4.3893129771 END
START -2.00634099121 -10.6422263794 5.84424625244 250.129770992 -66.0610687023 14.6870229008 END
START 2.98796367187 -7.47709178467 8.93276639404 250.129770992 -48.6641221374 8.50381679389 END
START 0.210689746094 -8.36534060059 7.51061060791 250.129770992 -54.3358778626 10.1221374046 END
START 0.270544787598 -9.59596025391 5.8226984375 250.129770992 -60.641221374 15.2671755725 END
START -4.88656558838 -10.6302553711 11.3365448608 250.129770992 -63.9083969466 5.61832061069 END
START -1.22343704834 -8.37731160889 7.59201346436 250.129770992 -70.8015267176 -5.47328244275 END
START -0.639251843262 -9.57680664062 7.97508572998 250.129770992 -64.4885496183 9.37404580153 END
START 4.74051928711 -12.2702835083 6.84023414307 250.129770992 -68.2213740458 3.62595419847 END
START 0.653617053223 -10.8098204956 4.71178886719 250.129770992 -77.0839694656 -3.65648854962 END
START -0.172382519531 -14.5615344971 -0.119710083008 250.129770992 -92.6335877863 0.625954198473 END
START -6.34224019775 -2.60728560791 11.9686140991 250.129770992 -96.8091603053 2.40458015267 END
START 1.12288057861 -9.78510218506 16.0842467529 250.129770992 -104.709923664 12.8244274809 END
START -2.06859023437 -11.152191333 6.61278498535 250.129770992 -104.099236641 6.79389312977 END
START -8.42280144043 -10.2663367187 6.63672700195 250.129770992 -104.435114504 7.90839694656 END
START -0.318428820801 -14.1377608032 5.61200869141 250.129770992 -97.8091603053 5.90076335878 END
START -1.96563956299 -7.23527741699 8.8513635376 250.129770992 -73.0839694656 3.35877862595 END
START 12.1577560303 -10.1777512573 9.31823286133 250.129770992 -65.5801526718 9.76335877863 END
START 12.2463414917 -9.90241806641 8.68616362305 250.129770992 -42.9847328244 3.12213740458 END
START 1.98958157959 -10.9391073853 13.4506249268 250.129770992 -44.2977099237 -1.42748091603 END
START 5.27203205566 -11.7004635132 7.25203682861 250.129770992 -44.4580152672 0.801526717557 END
START 6.75643708496 -10.5823713379 7.92480749512 250.129770992 -54.4198473282 7.41984732824 END
START 1.05105452881 -12.6294137573 8.58800135498 250.129770992 -34.7938931298 6.90839694656 END
START -4.02465299072 -5.38216533203 5.149927771 250.129770992 -41.5648854962 7.06106870229 END
START -1.77410343018 -12.2798603149 8.3461869873 250.129770992 -40.0076335878 9.7786259542 END
START -2.7700913208 -9.41878933105 8.42998404541 250.129770992 -57.0916030534 9.29770992366 END