START 1.66397015381 -9.98621512451 5.99268675537 250.129770992 -71.7251908397 7.7786259542 END
START -2.4875755249 -14.3269027344 7.45314976807 250.129770992 -80.8091603053 5.15267175573 END
START -0.557848986816 -14.3628157593 9.31105025635 250.129770992 -86.1145038168 8.80152671756 END
START -3.34469971924 -9.1817633667 4.91769020996 250.129770992 -90.3969465649 7.19847328244 END
START 0.433350500488 -10.2040874756 3.38779534912 250.129770992 -85.5267175573 -1.88549618321 END
START -3.71580097656 -6.71094725342 4.21618912354 250.129770992 -76.8702290076 5.70229007634 END
START 2.73178409424 -11.4778027588 2.51630594482 250.129770992 -81.3893129771 2.06870229008 END
START 6.08366641846 -13.5368161865 4.9152960083 250.129770992 -81.3358778626 1.57251908397 END
START 0.725443103027 -8.41322463379 11.7052519165 250.129770992 -84.4961832061 13.2213740458 END
START 7.98705673828 -7.14669195557 9.13148513184 250.129770992 -88.1145038168 2.82442748092 END
START 0.842758984375 -12.5911065308 6.86896456299 250.129770992 -86.9236641221 5.90839694656 END
START 1.31920511475 -9.78031378174 6.84502254639 250.129770992 -96.9770992366 8.26717557252 END
START -1.87944830322 -13.0507932495 6.16267507324 250.129770992 -102.832061069 6.39694656489 END
START -3.31596929932 -9.89762966309 6.47392128906 250.129770992 -106.633587786 8.12977099237 END
START 2.50912333984 -14.4537954224 7.64229169922 250.129770992 -98.6259541985 6.36641221374 END
START -1.22583125 -6.93839641113 10.180145459 250.129770992 -104.030534351 -2.40458015267 END
START 0.883460412598 -15.1481139038 6.6941878418 250.129770992 -104.900763359 0.961832061069 END
START 0.572214196777 -10.2328178955 10.8529161255 250.129770992 -103.801526718 5.42748091603 END
START 0.533906970215 -10.4099888184 8.38449421387 250.129770992 -101.381679389 6.3358778626 END
START 4.90811340332 -11.6621562866 8.50420429687 250.129770992 -103.633587786 12.786259542 END
START 6.51462271729 -15.823278772 -0.852335791016 250.129770992 -95.9389312977 3.54198473282 END
START -1.29286889648 -6.88332977295 4.72375987549 250.129770992 -91.3129770992 3.72519083969 END
START -4.69981785889 -7.79552060547 6.96233842773 250.129770992 -86.3893129771 5.04580152672 END
START -3.88339509277 -6.28956776123 4.77882651367 250.129770992 -100.099236641 5.49618320611 END
START -0.624886633301 -6.07648381348 7.02698187256 250.129770992 -80.9465648855 6.88549618321 END
START -2.90895501709 -12.1266314087 6.82108052979 250.129770992 -103.824427481 2.34351145038 END
START -0.665588061523 -6.41406624756 11.2000753662 250.129770992 -104.519083969 -0.374045801527 END
START -2.57137258301 -8.42519564209 4.19703551025 250.129770992 -104.465648855 2.10687022901 END
START -4.72136567383 -7.3430164917 6.22013591309 250.129770992 -104.435114504 8.51145038168 END
START -3.69664736328 -6.02620557861 8.12831463623 250.129770992 -105.038167939 9.73282442748 END
START -0.280121594238 -12.265495105 14.470554834 250.129770992 -104.122137405 4.6106870229 END
START -5.96635053711 -7.62792648926 9.62947907715 250.129770992 -113.572519084 4.4427480916 END
START -2.26970317383 -10.4674496582 12.3756283813 250.129770992 -112.992366412 19.0839694656 END
START 0.165199914551 -6.56968935547 8.2983029541 250.129770992 -103.847328244 0.206106870229 END
START 0.701501086426 1.13724578857 14.1449434082 250.129770992 -105.404580153 3.75572519084 END
START 3.39737215576 -7.36935270996 6.20337650146 250.129770992 -98.534351145 9.09160305344 END
START 2.35589443359 -11.2431709961 15.5718875977 250.129770992 -77.2290076336 -2.06106870229 END
START 7.77157858887 -6.70376464844 5.16429298096 250.129770992 -72.0839694656 -2.89312977099 END
START 7.45075556641 -7.45554396973 8.17859287109 250.129770992 -66.9236641221 -2.06870229008 END
START 14.4370360107 -9.39484731445 5.66228692627 250.129770992 -57.9541984733 15.6183206107 END
START 11.8393272095 -11.2168347778 7.12514414062 250.129770992 -52.8167938931 -1.41221374046 END
START 11.5639940186 -7.18260498047 5.82988104248 250.129770992 -53.8778625954 10.1374045802 END
START 5.99508095703 -11.8512982178 10.4387192383 250.129770992 -44.9465648855 5.67175572519 END
START 6.03338818359 -11.9781909058 7.37653531494 250.129770992 -35.7633587786 -2.41984732824 END
START -2.63122762451 -10.0005803345 11.1186725098 250.129770992 -47.9083969466 11.4351145038 END
START 3.08612593994 -5.95677373047 13.244723584 250.129770992 -49.0534351145 11.0076335878 END
START 1.49398183594 -10.9582609985 7.46990917969 250.129770992 -61.9618320611 8.35114503817 END
START 8.01099875488 -16.5654812866 13.5224509766 250.129770992 -57.5267175573 2.98473282443 END
START 3.06697232666 -12.251129895 6.52180532227 250.129770992 -56.2977099237 6.76335877863 END
START 1.03190091553 -5.99029255371 3.91691391602 250.129770992 -59.0916030534 4.96946564885 END
START 2.30322199707 -13.6517378662 9.560047229 250.129770992 -58.6030534351 -0.534351145038 END
START 5.66707532959 -14.7387054199 8.96867941895 250.129770992 -60.1221374046 -0.335877862595 END
START -0.814028564453 -6.63433280029 4.9392380249 250.129770992 -58.572519084 12.2290076336 END
START 2.13083947754 -1.38145435791 9.56483563232 250.129770992 -59.8473282443 13.1908396947 END
START 1.96803376465 -6.82586893311 6.17943448486 250.129770992 -51.2213740458 6.43511450382 END
START 1.40060797119 -10.4961800781 5.91367810059 250.129770992 -55.5954198473 -3.48854961832 END
START -1.71903679199 -11.271901416 3.47398660889 250.129770992 -58.8091603053 5.28244274809 END
START 5.12119735107 -14.0467811401 5.50666381836 250.129770992 -68.213740458 -1.40458015267 END
START 0.782903942871 -11.293449231 5.88973608398 250.129770992 -59.8549618321 0.0381679389313 END
START 5.54257684326 -6.64869801025 11.4658317505 250.129770992 -60.6641221374 8.99236641221 END
START 1.35511813965 -8.5209637085 8.57842454834 250.129770992 -39.5419847328 -2.79389312977 END
START 4.47955130615 -6.17943448486 9.50737479248 250.129770992 -43.1908396947 1.87022900763 END
START -3.29202728271 -8.8992475708 7.14429775391 250.129770992 -52.786259542 7.17557251908 END
START -5.83227524414 -9.42118353271 7.65186850586 250.129770992 -55.9236641221 8.88549618321 END
START 4.11563265381 -11.3149970459 8.22887110596 250.129770992 -50.320610687 -3.79389312977 END
START 0.873883605957 -13.0795236694 9.84735142822 250.129770992 -46.465648855 8.39694656489 END
START -3.11964476318 -6.16028087158 5.35104071045 250.129770992 -48.1755725191 3.78625954198 END
START -0.316034619141 -8.0277581665 6.77559069824 250.129770992 -50.4961832061 10.9312977099 END
START -0.131681091309 -19.1296712646 8.02536396484 250.129770992 -56.8091603053 5.52671755725 END
START -6.07648381348 -8.75320126953 9.31823286133 250.129770992 -49.4580152672 -0.0534351145038 END
START -6.45716187744 -12.1026893921 5.39653054199 250.129770992 -51.6641221374 3.96183206107 END
START -0.60812722168 -11.0875478882 4.02704719238 250.129770992 -57.9389312977 2.03816793893 END
START 3.85466467285 -12.617442749 9.94790789795 250.129770992 -52.2290076336 3.8320610687 END
START -4.96557424316 -16.7618058228 5.39653054199 250.129770992 -39.8015267176 3.81679389313 END
START -4.38138903809 -11.1019130981 8.2384479126 250.129770992 -50.8549618321 -0.0229007633588 END
START -0.292092602539 -14.7530706299 12.6150485474 250.129770992 -41.1526717557 -2.15267175573 END
START -3.76368500977 -3.30878669434 11.5903302368 250.129770992 -62.2519083969 5.65648854962 END
START -8.46110866699 -4.86262357178 9.00219824219 250.129770992 -60.3816793893 3.59541984733 END
START -3.92888492432 -11.0540290649 6.90248338623 250.129770992 -66.0534351145 4.35877862595 END
START -3.97676895752 -10.6087075562 3.09091434326 250.129770992 -67.3816793893 10.6259541985 END
START -2.29364519043 -12.1146604004 5.58327827148 250.129770992 -78.8702290076 4.10687022901 END
START -2.24576115723 -13.2135989624 7.73087716064 250.129770992 -74.3969465649 11.1755725191 END
START -1.4963760376 -7.87931766357 5.96395633545 250.129770992 -82.2290076336 8.08396946565 END
START 2.93768543701 -14.2263462646 8.97346782227 250.129770992 -93.8854961832 6.30534351145 END
START -6.79713851318 -16.6301247314 5.77242020264 250.129770992 -89.4351145038 13.9236641221 END
START -0.61052142334 -9.96466730957 4.53222374268 250.129770992 -92.7938931298 -2.82442748092 END
START -2.36307703857 -10.7523596558 8.34379278564 250.129770992 -104.984732824 13.9618320611 END
START -0.248996972656 -7.12753834229 8.04691177979 250.129770992 -88.2824427481 19.4961832061 END
START -0.435744702148 -9.90960067139 4.00549937744 250.129770992 -80.9389312977 15.320610687 END
START 5.91128389893 -11.0037508301 7.99423934326 250.129770992 -74.6335877863 2.96183206107 END
START 3.9121255127 -14.0731173584 8.20732329102 250.129770992 -64.0458015267 0.778625954198 END
START 15.5479455811 -11.8465098145 8.70292303467 250.129770992 -63.6030534351 15.5877862595 END
START 2.05422502441 -12.370839978 6.90248338623 250.129770992 -38.641221374 4.07633587786 END
START 7.0964137207 -10.4722380615 9.59356605225 250.129770992 -39.3358778626 2.11450381679 END
START 4.10126744385 -18.3324021118 7.43878455811 250.129770992 -41.9541984733 5.15267175573 END
START 10.2543657104 -7.32146867676 11.4179477173 250.129770992 -48.2290076336 4.32061068702 END
START 4.3143513916 -11.4562549438 8.58800135498 250.129770992 -52.213740458 15.0 END
START 2.30322199707 -6.29675036621 6.12436784668 250.129770992 -52.1908396947 9.75572519084 END
START -1.94409174805 -10.9103769653 9.71327613525 250.129770992 -54.465648855 4.88549618321 END
START -3.17710560303 -15.1505081055 3.50989963379 250.129770992 -58.3435114504 5.58778625954 END
START -1.47961662598 -10.7140524292 5.90170709229 250.129770992 -60.6946564885 9.61832061069 END
START 6.16028087158 -11.4658317505 8.8992475708 250.129770992 -56.8091603053 4.93129770992 END