START -1.43173259277 -7.83143363037 4.94163222656 250.129770992 -100.389312977 17.427480916 END
START 5.61200869141 -4.47236870117 6.32787498779 250.129770992 -98.2748091603 12.2595419847 END
START 3.76129080811 -2.22181914063 8.97107362061 250.129770992 -92.9541984733 2.02290076336 END
START 2.48996972656 -11.6549736816 11.518504187 250.129770992 -94.534351145 3.73282442748 END
START -0.809240161133 -11.7698953613 9.68454571533 250.129770992 -99.2977099237 6.46564885496 END
START 1.55144267578 -15.4856963379 6.55771834717 250.129770992 -103.679389313 8.99236641221 END
START 6.15070406494 -8.69574042969 7.27358464355 250.129770992 -101.557251908 4.89312977099 END
START 4.26167895508 -10.5033626831 9.89523546143 250.129770992 -96.786259542 2.96946564885 END
START -2.96402165527 -9.89523546143 11.5711766235 250.129770992 -105.503816794 7.96183206107 END
START 4.71178886719 -4.63756861572 8.17380446777 250.129770992 -94.7022900763 -2.70229007634 END
START 2.26252056885 -11.1952869629 7.01501086426 250.129770992 -84.5267175573 10.7328244275 END
START 1.92014973145 -8.94234320068 11.391611499 250.129770992 -92.8320610687 18.9847328244 END
START -1.54186586914 -7.47230338135 4.54180054932 250.129770992 -99.2290076336 12.4045801527 END
START 3.30160408936 -9.88805285645 9.69412252197 250.129770992 -92.6564885496 -1.73282442748 END
START -3.64876333008 -12.6509615723 6.50265170898 250.129770992 -103.465648855 5.31297709924 END
START 4.95599743652 -9.31105025635 6.88572397461 250.129770992 -92.5496183206 4.19847328244 END
START 0.909796630859 -11.0133276367 9.58877764893 250.129770992 -94.2824427481 6.95419847328 END
START -0.318428820801 -17.3196548096 1.50595284424 250.129770992 -97.1679389313 9.01526717557 END
START 5.23611903076 -5.96156213379 5.11880314941 250.129770992 -95.0229007634 1.1679389313 END
START 1.85550628662 -13.1298019043 10.1825396606 250.129770992 -89.4809160305 11.1297709924 END
START 0.816422766113 -7.06768330078 11.3628810791 250.129770992 -86.893129771 10.3969465649 END
START 6.92642540283 -9.00219824219 7.86495245361 250.129770992 -78.7022900763 3.57251908397 END
START 2.27927998047 -11.3437274658 12.9143237549 250.129770992 -81.4885496183 -3.61832061069 END
START 2.01591779785 -6.83305153809 10.3908352051 250.129770992 -75.4503816794 -2.5572519084 END
START 2.17872351074 -8.35815799561 8.32703337402 250.129770992 -79.3435114504 2.79389312977 END
START 3.34948812256 -9.03092866211 9.39724151611 250.129770992 -78.5648854962 -2.25954198473 END
START 0.284909997559 -8.14986245117 5.64073911133 250.129770992 -89.9465648855 11.9923664122 END
START -3.19625921631 -3.95522114258 4.46279189453 250.129770992 -78.7938931298 -1.96946564885 END
START -7.36456430664 -5.53539423828 7.19218178711 250.129770992 -96.9618320611 5.02290076336 END
START 1.24498486328 -18.2366340454 6.68700523682 250.129770992 -88.2519083969 11.5954198473 END
START -2.15238729248 -11.5232925903 10.7954552856 250.129770992 -94.2748091603 -3.09923664122 END
START -2.40138426514 -9.33978067627 4.24970794678 250.129770992 -92.0381679389 6.81679389313 END
START -2.4157494751 -6.73249506836 6.92403120117 250.129770992 -84.2290076336 5.67938931298 END
START 4.58729038086 -10.4961800781 8.73644185791 250.129770992 -76.7480916031 4.51145038168 END
START 2.1571756958 -12.8688339233 5.50905802002 250.129770992 -83.9160305344 2.14503816794 END
START 14.7554648315 -8.6406737915 11.8273562012 250.129770992 -70.1297709924 5.42748091603 END
START 11.1928927612 -14.3101433228 8.40843623047 250.129770992 -47.8778625954 2.93129770992 END
START 10.8098204956 -9.38527050781 6.96233842773 250.129770992 -41.0839694656 10.9694656489 END
START 6.77319649658 -8.05888278809 12.2463414917 250.129770992 -42.0076335878 5.59541984733 END
START 5.15950457764 -8.78911429443 7.84819304199 250.129770992 -39.9160305344 5.47328244275 END
START 3.08133753662 -9.55765302734 9.46667336426 250.129770992 -52.320610687 8.91603053435 END
START 3.70622416992 -12.27267771 6.04535919189 250.129770992 -58.5877862595 7.09160305344 END
START -1.39342536621 -4.68305844727 6.33984599609 250.129770992 -58.9618320611 16.6030534351 END
START -0.780509741211 -8.74601866455 4.92487281494 250.129770992 -54.1603053435 13.6641221374 END
START 7.91523068848 -13.4386539185 12.7778542603 250.129770992 -58.3969465649 3.89312977099 END
START -1.30005150146 -8.25520732422 7.06528909912 250.129770992 -58.5038167939 -0.702290076336 END
START 8.15465085449 -10.898405957 5.34864650879 250.129770992 -60.213740458 3.65648854962 END
START 1.30962830811 -11.1282493164 8.3461869873 250.129770992 -62.4427480916 2.77099236641 END
START -7.87931766357 -9.22007059326 9.61990227051 250.129770992 -63.7099236641 14.6106870229 END
START -2.20027132568 -5.64792171631 7.32386287842 250.129770992 -70.9694656489 21.7022900763 END
START 6.27759675293 -5.58327827148 11.4993505737 250.129770992 -68.0992366412 12.8167938931 END
START -0.0430956298828 -9.53849941406 2.06859023437 250.129770992 -65.9923664122 2.03816793893 END
START 2.50433493652 -6.99106884766 7.94635531006 250.129770992 -70.6259541985 6.36641221374 END
START 2.5234885498 -11.152191333 7.30470926514 250.129770992 -66.534351145 -0.221374045802 END
START 2.51391174316 -9.51455739746 3.88339509277 250.129770992 -75.0305343511 11.3053435115 END
START 1.88902510986 -7.35259329834 8.12831463623 250.129770992 -63.9236641221 5.32824427481 END
START 1.68791217041 -6.46434448242 4.67108743896 250.129770992 -54.1221374046 9.0534351145 END
START 1.12048637695 -6.89290657959 1.21146604004 250.129770992 -60.7175572519 1.45801526718 END
START -2.02788880615 -8.5449057251 8.38688841553 250.129770992 -60.0076335878 1.96183206107 END
START 3.14837518311 -9.45709655762 10.4291424316 250.129770992 -72.0 13.1145038168 END
START -2.44208569336 -9.8186210083 8.36773480225 250.129770992 -62.0534351145 4.70229007634 END
START -0.641646044922 -5.38216533203 12.0236807373 250.129770992 -69.9389312977 -1.64122137405 END
START -2.09971485596 -9.84735142822 7.56088884277 250.129770992 -71.2290076336 13.6641221374 END
START 4.8793829834 -4.32153399658 7.0126166626 250.129770992 -57.2824427481 6.49618320611 END
START -8.84418093262 -10.0364933594 7.6135612793 250.129770992 -60.9541984733 -3.31297709924 END
START 0.974440075684 -15.5814644043 5.80354482422 250.129770992 -48.0610687023 11.5801526718 END
START -2.55461317139 -7.85298144531 4.72854827881 250.129770992 -70.0763358779 4.45038167939 END
START 0.0239420166016 -14.4681606323 10.8433393188 250.129770992 -61.3053435115 10.4809160305 END
START 7.55849464111 -9.7467949585 8.827421521 250.129770992 -61.8473282443 11.5572519084 END
START -4.49870491943 -8.30787976074 12.1721212402 250.129770992 -58.3816793893 9.4427480916 END
START -5.16429298096 -1.90578452148 12.3492921631 250.129770992 -67.8396946565 3.11450381679 END
START -0.107739074707 -8.07324799805 6.49307490234 250.129770992 -77.0381679389 -3.42748091603 END
START -6.85699355469 -5.91128389893 5.67425793457 250.129770992 -77.3816793893 -0.75572519084 END
START 4.28562097168 -11.8297504028 11.4945621704 250.129770992 -79.2442748092 7.4427480916 END
START -5.4563855835 -11.9949503174 9.32062706299 250.129770992 -83.6641221374 -4.93129770992 END
START 2.61686241455 -16.5942117065 8.82981572266 250.129770992 -79.4885496183 1.48854961832 END
START 2.27927998047 -11.4586491455 6.79235010986 250.129770992 -86.1908396947 6.06870229008 END
START 4.25928475342 -4.18985290527 5.93762011719 250.129770992 -68.6030534351 5.67175572519 END
START 13.9055232422 -7.18739338379 8.76277807617 250.129770992 -74.5954198473 -0.0152671755725 END
START 8.15465085449 -10.2447889038 5.99986936035 250.129770992 -76.7709923664 -3.29770992366 END
START 7.10599052734 -4.15393988037 7.07965430908 250.129770992 -60.2442748092 9.68702290076 END
START 10.9031943604 -6.67503422852 7.54891783447 250.129770992 -50.8244274809 1.95419847328 END
START 10.7164466309 -10.0987426025 3.30878669434 250.129770992 -49.0610687023 -0.389312977099 END
START 11.9303068726 -5.81551583252 13.4314713135 250.129770992 -54.5877862595 8.68702290076 END
START 8.2983029541 -9.79946739502 1.61369191895 250.129770992 -53.6183206107 3.96183206107 END
START 1.84353527832 -11.137826123 7.1203557373 250.129770992 -46.7480916031 4.29770992366 END
START 10.8289741089 -9.85213983154 5.87537087402 250.129770992 -53.0152671756 -3.24427480916 END
START 5.04458289795 -11.8082025879 3.21541282959 250.129770992 -73.534351145 5.73282442748 END
START -4.043806604 -8.96867941895 13.6254016479 250.129770992 -62.9847328244 -0.175572519084 END
START -1.21625444336 -10.6302553711 4.98233365479 250.129770992 -75.3282442748 4.69465648855 END
START -0.0287304199219 -16.1488901978 6.30632717285 250.129770992 -71.9465648855 8.8320610687 END
START 0.691924279785 -12.0452285522 4.11802685547 250.129770992 -67.6717557252 9.22900763359 END
START -2.817975354 -10.9367131836 11.8417214111 250.129770992 -79.2442748092 -2.70992366412 END