START -5.08767852783 -5.70538255615 4.86262357178 250.129770992 -72.4580152672 14.1374045802 END
START 0.129286889648 -7.52737001953 3.29442148437 250.129770992 -69.9541984733 6.87022900763 END
START 8.46829127197 -8.6406737915 9.60793126221 250.129770992 -77.534351145 4.56488549618 END
START -2.51391174316 -9.00698664551 6.91684859619 250.129770992 -73.7480916031 9.08396946565 END
START 5.8945244873 -16.3308495239 2.85388837891 250.129770992 -80.0687022901 6.00763358779 END
START -3.11485635986 -8.46829127197 4.34547601318 250.129770992 -84.0610687023 0.221374045802 END
START -3.62482131348 -9.17458076172 6.37815322266 250.129770992 -89.6335877863 5.72519083969 END
START -2.35589443359 -7.11796153564 6.8019269165 250.129770992 -83.4503816794 12.7633587786 END
START -0.0143652099609 -5.75805499268 3.63918652344 250.129770992 -79.4809160305 5.6106870229 END
START -1.31920511475 -7.63510909424 6.80432111816 250.129770992 -80.4045801527 11.7022900763 END
START 5.64552751465 -3.36385333252 8.13549724121 250.129770992 -82.6030534351 10.8854961832 END
START 1.69270057373 -10.0364933594 4.91769020996 250.129770992 -91.2213740458 7.47328244275 END
START -5.7987564209 -6.62715019531 7.0245876709 250.129770992 -94.2595419847 5.15267175573 END
START -1.2138602417 -13.6373726562 8.2983029541 250.129770992 -91.2824427481 -0.732824427481 END
START 2.09253225098 -2.75093770752 6.19619389648 250.129770992 -91.6259541985 -0.488549618321 END
START 2.24815535889 -6.85699355469 6.74686027832 250.129770992 -84.893129771 8.71755725191 END
START -0.62009822998 -7.44117875977 13.350068457 250.129770992 -76.3511450382 14.5801526718 END
START -0.785298144531 -16.6013943115 5.60243188477 250.129770992 -106.786259542 -0.908396946565 END
START 4.5968671875 -9.84495722656 4.71657727051 250.129770992 -104.503816794 11.1374045802 END
START -4.18267030029 -13.603853833 7.27358464355 250.129770992 -99.2213740458 3.2213740458 END
START 6.58644876709 -6.6941878418 12.4450602295 250.129770992 -105.34351145 11.7404580153 END
START -5.56891306152 -11.4275245239 8.55208833008 250.129770992 -92.7404580153 9.28244274809 END
START 1.47961662598 -10.7140524292 7.38371791992 250.129770992 -104.450381679 7.7786259542 END
START -8.44195505371 -5.30315667725 11.4466781372 250.129770992 -92.1679389313 8.48091603053 END
START 3.86184727783 -9.43315454102 7.27358464355 250.129770992 -95.0839694656 9.2213740458 END
START 3.6535517334 -16.9198231323 2.29364519043 250.129770992 -98.3053435115 7.90076335878 END
START 1.70467158203 -4.40772525635 3.88100089111 250.129770992 -87.3511450382 11.572519084 END
START 2.03746561279 -12.7539122437 8.88009395752 250.129770992 -90.1908396947 6.03053435115 END
START 1.53947166748 -17.2119157349 7.86016405029 250.129770992 -86.0229007634 4.58778625954 END
START 1.28329208984 -7.99423934326 4.65193382568 250.129770992 -82.1755725191 11.9083969466 END
START -1.47482822266 -13.2973960205 8.39646522217 250.129770992 -81.0458015267 4.88549618321 END
START -2.12605107422 -2.45884510498 8.37491740723 250.129770992 -85.3816793893 10.5114503817 END
START 8.91600698242 -13.0651584595 12.976572998 250.129770992 -92.1450381679 2.30534351145 END
START 4.23294853516 -6.06451280518 9.09078370361 250.129770992 -98.5877862595 11.4045801527 END
START -3.71819517822 -4.27364996338 5.13556256104 250.129770992 -89.5038167939 14.8473282443 END
START 0.682347473145 -7.49624539795 9.32780966797 250.129770992 -88.1908396947 0.519083969466 END
START 2.60489140625 -7.02219346924 9.8305920166 250.129770992 -106.717557252 4.06106870229 END
START 1.18273562012 -4.95839163818 7.99423934326 250.129770992 -99.7328244275 11.7480916031 END
START 11.2814782227 -12.0931125854 6.43321986084 250.129770992 -77.7251908397 8.32061068702 END
START 5.10922634277 -6.68939943848 8.06606539307 250.129770992 -81.6488549618 1.72519083969 END
START 0.497993945312 -6.61517918701 7.76679018555 250.129770992 -72.7022900763 -3.67938931298 END
START 6.40688364258 -10.42674823 7.77876119385 250.129770992 -72.0458015267 6.54961832061 END
START 8.2623899292 -10.2040874756 2.42053787842 250.129770992 -76.6946564885 8.4427480916 END
START 13.7834189575 -10.8840407471 3.16992299805 250.129770992 -73.2900763359 9.64122137405 END
START 10.4459018433 -8.36055219727 7.13711514893 250.129770992 -69.9083969466 5.16030534351 END
START 5.26484945068 -7.35259329834 7.04374128418 250.129770992 -68.3129770992 8.67175572519 END
START 5.08289012451 -5.05415970459 6.56968935547 250.129770992 -60.3816793893 2.78625954198 END
START 0.450109912109 0.373495458984 5.33428129883 250.129770992 -60.4427480916 7.98473282443 END
START 4.83389315186 -6.4715270874 13.0148802246 250.129770992 -68.0305343511 11.0916030534 END
START 0.0598550415039 -5.94240852051 6.32308658447 250.129770992 -60.1526717557 3.74045801527 END
START 6.72291826172 -10.7356002441 4.94881483154 250.129770992 -52.2977099237 8.45801526718 END
START 2.00394678955 -6.7061588501 6.79474431152 250.129770992 -76.0839694656 10.5496183206 END
START 4.58968458252 -6.54335313721 8.60715496826 250.129770992 -70.3816793893 7.23664122137 END
START -6.33745179443 -7.41723674316 4.26167895508 250.129770992 -57.8702290076 11.8473282443 END
START -1.34554133301 -10.1370498291 8.86094034424 250.129770992 -64.320610687 10.106870229 END
START -5.21217701416 -9.30865605469 6.11479104004 250.129770992 -57.2977099237 0.0 END
START 1.11809217529 -14.4849200439 2.32476981201 250.129770992 -60.1755725191 4.69465648855 END
START 2.97599266357 -11.166556543 5.47793339844 250.129770992 -63.5419847328 1.8320610687 END
START 2.03985981445 -10.6996872192 11.7267997314 250.129770992 -66.7251908397 6.87022900763 END
START 1.58256729736 -9.81383260498 5.20738861084 250.129770992 -63.7938931298 4.0534351145 END
START 2.03746561279 -8.55448253174 6.43800826416 250.129770992 -62.7175572519 12.8473282443 END
START -2.45645090332 0.986411083984 8.41801303711 250.129770992 -62.2290076336 21.7557251908 END
START 3.23935484619 -13.3979524902 6.86417615967 250.129770992 -53.0 9.06106870229 END
START -0.14604630127 -5.68144053955 8.42998404541 250.129770992 -68.6641221374 5.09160305344 END
START -6.43800826416 -16.6899797729 6.56968935547 250.129770992 -68.7557251908 -0.0534351145038 END
START -0.0814028564453 -12.1864864502 13.4410481201 250.129770992 -65.3358778626 5.25954198473 END
START -0.3064578125 -7.18260498047 4.80516273193 250.129770992 -62.465648855 11.3358778626 END
START -1.04866032715 -11.5999070435 5.24809003906 250.129770992 -50.8015267176 5.19083969466 END
START -2.42053787842 -11.4945621704 12.2128226685 250.129770992 -64.5648854962 -1.21374045802 END
START -5.4563855835 -17.4920373291 5.71256516113 250.129770992 -60.7786259542 5.3358778626 END
START 0.677559069824 -10.8050320923 12.9071411499 250.129770992 -60.9160305344 12.6641221374 END
START -1.43173259277 -8.79629689941 4.13239206543 250.129770992 -76.465648855 10.5954198473 END
START -2.35828863525 -7.53215842285 8.80347950439 250.129770992 -71.7709923664 0.0 END
START 3.01190568848 -7.63510909424 4.45800349121 250.129770992 -85.4122137405 6.31297709924 END
START 1.28089788818 -15.9238352417 9.60074865723 250.129770992 -77.1832061069 -3.17557251908 END
START -9.33499227295 -6.05254179687 11.8345388062 250.129770992 -64.534351145 14.3664122137 END
START 2.5115175415 -14.1257897949 8.74362446289 250.129770992 -77.2671755725 2.62595419847 END
START -1.69509477539 -4.3622354248 5.60003768311 250.129770992 -70.3969465649 7.96946564885 END
START 2.31758720703 -11.1043072998 6.39251843262 250.129770992 -77.3816793893 13.2213740458 END
START 2.35828863525 -9.35654008789 10.9223479736 250.129770992 -77.9923664122 17.3816793893 END
START 2.17632930908 -2.72938989258 10.9295305786 250.129770992 -76.0076335878 6.85496183206 END
START 10.9486841919 -13.7522943359 11.7291939331 250.129770992 -75.0152671756 8.06870229008 END
START 11.9111532593 -10.8888291504 6.7301008667 250.129770992 -70.6946564885 4.64885496183 END
START 9.77791958008 -8.74362446289 5.59524927979 250.129770992 -61.106870229 11.7709923664 END
START 13.230358374 -13.6613146729 9.60793126221 250.129770992 -62.6870229008 20.7022900763 END
START 8.85615194092 -12.9047469482 2.63841022949 250.129770992 -57.8015267176 16.1679389313 END
START 5.55454785156 -17.7051212769 5.71974776611 250.129770992 -61.1145038168 -0.832061068702 END
START 0.565031591797 -7.27597884521 2.60967980957 250.129770992 -53.4351145038 14.1908396947 END
START -1.94409174805 -8.31985076904 11.5280809937 250.129770992 -66.9847328244 -0.145038167939 END
START 6.65588061523 -11.2024695679 7.90325968018 250.129770992 -68.9923664122 19.8549618321 END
START 7.50103380127 -12.6701151855 6.7899559082 250.129770992 -72.7557251908 5.52671755725 END
START 4.27125576172 -11.01811604 7.10359632568 250.129770992 -79.5801526718 13.0763358779 END
START 0.957680664062 -8.78193168945 7.43399615479 250.129770992 -87.7786259542 8.36641221374 END
START 5.93522591553 -12.2846487183 10.4794206665 250.129770992 -90.8778625954 8.78625954198 END