START 3.53384165039 -10.158597644 9.20809958496 250.129770992 -68.1221374046 13.2519083969 END
START 5.11401474609 -11.7459533447 7.13711514893 250.129770992 -74.9465648855 13.0916030534 END
START -0.409408483887 -10.2687309204 3.0526071167 250.129770992 -72.213740458 11.4503816794 END
START 4.8674119751 -12.8688339233 6.988674646 250.129770992 -69.893129771 19.3358778626 END
START -5.02064088135 -7.19218178711 5.32231029053 250.129770992 -82.1755725191 -3.24427480916 END
START -4.81713374023 -15.2989486084 7.50582220459 250.129770992 -63.1603053435 9.10687022901 END
START 2.51391174316 -9.43554874268 12.6078659424 250.129770992 -82.6259541985 3.37404580153 END
START -1.12288057861 -15.1696617187 9.4523081543 250.129770992 -69.4503816794 10.7480916031 END
START 1.62087452393 -14.1688854248 5.90410129395 250.129770992 -67.7404580153 10.0458015267 END
START -0.830787976074 -9.43076033936 11.2288057861 250.129770992 -68.786259542 11.6030534351 END
START 6.10282003174 -8.07564219971 5.76523759766 250.129770992 -72.5038167939 11.4503816794 END
START 7.14669195557 -8.16422766113 9.87368764648 250.129770992 -86.6106870229 -3.41984732824 END
START -2.83712896729 -11.1497971313 6.06211860352 250.129770992 -88.0 -1.51908396947 END
START 2.7820623291 -15.1744501221 3.23217224121 250.129770992 -96.1297709924 6.75572519084 END
START 1.98479317627 -5.32709869385 8.70771143799 250.129770992 -98.0458015267 9.81679389313 END
START 4.27604416504 -1.19470662842 6.4834980957 250.129770992 -103.908396947 8.19847328244 END
START 2.4516625 -7.11317313232 4.07253702393 250.129770992 -92.2748091603 9.4427480916 END
START 5.88015927734 -6.4236430542 6.7540428833 250.129770992 -96.893129771 8.67938931298 END
START 2.44687409668 -9.90481226807 6.7061588501 250.129770992 -96.6946564885 -2.56488549618 END
START -3.07415493164 -9.44751975098 10.912771167 250.129770992 -89.6106870229 9.6641221374 END
START -2.99993468018 -13.6828624878 3.25850845947 250.129770992 -83.3893129771 7.52671755725 END
START 0.641646044922 -8.65982740479 8.14986245117 250.129770992 -93.0076335878 1.19083969466 END
START 6.16746347656 -9.23204160156 6.73249506836 250.129770992 -88.0305343511 0.557251908397 END
START 5.21217701416 -5.22893642578 12.4354834229 250.129770992 -96.3511450382 -2.3893129771 END
START -3.94325013428 -7.01501086426 9.12909093018 250.129770992 -97.9618320611 -2.97709923664 END
START -3.50032282715 -9.05965908203 9.1458503418 250.129770992 -91.3053435115 7.80916030534 END
START -3.06936652832 -9.95748470459 7.96072052002 250.129770992 -97.4961832061 7.95419847328 END
START -2.08056124268 -12.6940572021 6.68700523682 250.129770992 -102.20610687 0.473282442748 END
START -4.56334836426 -9.29429084473 6.52898792725 250.129770992 -103.916030534 11.3740458015 END
START -5.16429298096 -8.0277581665 4.00310517578 250.129770992 -102.450381679 4.23664122137 END
START 3.06218392334 -6.24647213135 12.7203934204 250.129770992 -111.595419847 7.12213740458 END
START -9.27274302979 -12.3899935913 10.0197339478 250.129770992 -105.053435115 11.3129770992 END
START -0.792480749512 -10.7619364624 8.15225665283 250.129770992 -118.664122137 7.29007633588 END
START -1.01514150391 -9.75397756348 6.13873305664 250.129770992 -104.572519084 5.16030534351 END
START 3.42370837402 -13.7068045044 11.7339823364 250.129770992 -103.893129771 6.46564885496 END
START -0.533906970215 -5.81312163086 5.57848986816 250.129770992 -104.480916031 1.97709923664 END
START 0.172382519531 -5.8945244873 12.86404552 250.129770992 -105.312977099 8.29770992366 END
START 4.30956298828 -11.2623246094 10.7140524292 250.129770992 -102.938931298 5.32061068702 END
START 7.10599052734 -7.59201346436 7.41963094482 250.129770992 -103.748091603 10.7786259542 END
START 8.96149681396 -12.9358715698 12.7203934204 250.129770992 -94.1984732824 11.8167938931 END
START 1.56101948242 -6.18661708984 11.0372696533 250.129770992 -84.4045801527 -0.320610687023 END
START 7.25682523193 -14.1976158447 4.99669886475 250.129770992 -63.3893129771 13.7251908397 END
START 12.8736223267 -7.3310454834 9.74200655518 250.129770992 -52.4045801527 4.61832061069 END
START 7.71651195068 -9.26316622314 11.765106958 250.129770992 -37.1450381679 6.67938931298 END
START 12.0021329224 -6.39251843262 6.7181298584 250.129770992 -34.1603053435 8.0 END
START 9.8784760498 -12.7682774536 7.47948598633 250.129770992 -28.0381679389 0.465648854962 END
START 1.28329208984 -12.370839978 7.38132371826 250.129770992 -34.465648855 3.16030534351 END
START -5.61679709473 -13.5200567749 9.02374605713 250.129770992 -35.9389312977 11.1145038168 END
START 10.1897222656 -6.33505759277 5.70059415283 250.129770992 -37.1755725191 7.6106870229 END
START -1.16358200684 -14.5711113037 6.53138212891 250.129770992 -31.5572519084 19.4351145038 END
START 1.16118780518 -10.5033626831 6.6702458252 250.129770992 -50.8015267176 4.52671755725 END
START -7.84579884033 -3.81875164795 10.7571480591 250.129770992 -46.8854961832 22.4503816794 END
START -0.359130249023 -10.0700121826 7.3310454834 250.129770992 -56.1679389313 5.23664122137 END
START 2.97838686523 -1.65918175049 12.7395470337 250.129770992 -46.8091603053 5.67938931298 END
START -6.53617053223 -9.60793126221 7.47709178467 250.129770992 -56.1603053435 3.25190839695 END
START -2.15478149414 -10.8888291504 4.49870491943 250.129770992 -67.2900763359 8.74809160305 END
START 1.95845695801 -8.5089927002 7.70454094238 250.129770992 -63.893129771 2.1679389313 END
START -8.20732329102 -19.6133 8.87291135254 250.129770992 -67.7938931298 5.67175572519 END
START 2.80839854736 -7.2831614502 6.41406624756 250.129770992 -62.7251908397 4.61832061069 END
START -2.28646258545 -6.79474431152 8.15465085449 250.129770992 -60.8244274809 8.7786259542 END
START -1.14921679688 -6.47392128906 3.16034619141 250.129770992 -67.6717557252 14.8549618321 END
START -2.50433493652 -16.1488901978 7.47709178467 250.129770992 -81.0839694656 8.51145038168 END
START -0.440533105469 -7.41723674316 4.02465299072 250.129770992 -67.4045801527 2.27480916031 END
START 3.41173736572 -6.89769498291 8.02057556152 250.129770992 -51.3816793893 8.86259541985 END
START 1.21864864502 -15.9789018799 8.2264769043 250.129770992 -67.5190839695 8.77099236641 END
START -1.78368023682 -8.99740983887 8.71010563965 250.129770992 -70.8091603053 13.641221374 END
START -0.550666381836 -7.59201346436 4.77643231201 250.129770992 -59.6259541985 5.6106870229 END
START -4.23773693848 -12.8975643433 4.54419475098 250.129770992 -57.641221374 7.26717557252 END
START 0.940921252441 -10.5823713379 8.79869110107 250.129770992 -51.8473282443 -2.39694656489 END
START 5.35104071045 -2.87783039551 4.87459458008 250.129770992 -55.0076335878 8.78625954198 END
START -7.75003077393 -14.1593086182 9.59835445557 250.129770992 -58.4045801527 5.10687022901 END
START -1.02232410889 -13.7403233276 6.7899559082 250.129770992 -53.9312977099 9.35877862595 END
START -0.0718260498047 -11.2671130127 1.99676418457 250.129770992 -66.2671755725 7.54961832061 END
START -1.66397015381 -13.5032973633 11.4299187256 250.129770992 -60.8320610687 3.3893129771 END
START -2.11168586426 -14.3532389526 7.97747993164 250.129770992 -79.0839694656 0.465648854962 END
START -5.2816088623 -4.94881483154 6.67742843018 250.129770992 -68.5801526718 0.503816793893 END
START 5.82748684082 -8.61194337158 9.90960067139 250.129770992 -73.106870229 7.21374045802 END
START -2.67911165771 -7.55610043945 9.59596025391 250.129770992 -73.2824427481 4.93893129771 END
START -7.73566556396 -6.26323154297 6.26323154297 250.129770992 -85.0763358779 -0.900763358779 END
START -2.31040460205 -9.96945571289 8.31745656738 250.129770992 -107.114503817 11.1755725191 END
START -4.99191046143 -7.27837304687 8.8633345459 250.129770992 -100.847328244 -3.58015267176 END
START 2.68868846436 -0.816422766113 9.33259807129 250.129770992 -100.984732824 5.76335877863 END
START 7.0126166626 -6.56011254883 7.04134708252 250.129770992 -103.86259542 13.8015267176 END
START -0.955286462402 -9.23443580322 9.05726488037 250.129770992 -97.9694656489 9.09923664122 END
START 10.6254669678 -9.41878933105 5.86339986572 250.129770992 -86.4122137405 7.74045801527 END
START 6.95994422607 -3.15795198975 8.39885942383 250.129770992 -58.7938931298 8.99236641221 END
START 9.94790789795 -13.7738421509 4.06296021729 250.129770992 -59.3053435115 8.02290076336 END
START 5.03261188965 -4.82192214355 7.56088884277 250.129770992 -43.3053435115 9.42748091603 END
START 12.0835357788 -8.63588538818 6.57687196045 250.129770992 -40.6717557252 1.91603053435 END
START 4.39575424805 -11.3604868774 6.32787498779 250.129770992 -42.679389313 7.18320610687 END
START 0.866701000977 -2.67432325439 5.47314499512 250.129770992 -47.9312977099 15.8396946565 END
START -0.952892260742 -14.9685487793 9.64863269043 250.129770992 -48.4198473282 0.793893129771 END
START -0.497993945312 -10.4554786499 10.8505219238 250.129770992 -47.5801526718 11.2213740458 END
START 3.39258375244 -0.871489404297 4.61602080078 250.129770992 -57.8015267176 -0.0839694656489 END
START -7.58243665771 -15.7825773437 7.06528909912 250.129770992 -59.893129771 2.89312977099 END
START 4.14196887207 -2.89937821045 12.2702835083 250.129770992 -57.3816793893 7.57251908397 END