START 0.378283862305 -10.3381627686 6.08366641846 250.129770992 -91.534351145 5.98473282443 END
START 0.339976635742 -9.53371101074 5.17626398926 250.129770992 -89.7709923664 0.175572519084 END
START -2.27209737549 -9.57680664062 6.47870969238 250.129770992 -72.7175572519 2.83969465649 END
START 4.2784383667 -10.9941740234 1.2856862915 250.129770992 -70.8854961832 11.2671755725 END
START 1.62087452393 -10.651803186 8.11155522461 250.129770992 -73.6030534351 6.36641221374 END
START 1.64481654053 -7.84819304199 6.56729515381 250.129770992 -77.5496183206 0.541984732824 END
START 0.440533105469 -13.2327525757 -0.9193734375 250.129770992 -71.5190839695 9.67938931298 END
START 2.7940333374 -7.00543405762 9.86889924316 250.129770992 -75.5114503817 3.6106870229 END
START 4.13478626709 -8.86094034424 7.11317313232 250.129770992 -67.2595419847 4.46564885496 END
START 0.837970581055 -10.6829278076 10.1921164673 250.129770992 -67.9618320611 8.62595419847 END
START -4.17788189697 -3.16992299805 6.4834980957 250.129770992 -69.6030534351 4.14503816794 END
START 0.30885201416 -6.83305153809 6.85220515137 250.129770992 -76.2748091603 -1.23664122137 END
START 4.82910474854 -3.3470939209 4.73573088379 250.129770992 -84.9465648855 3.07633587786 END
START 4.16351668701 -12.9885440063 12.5767413208 250.129770992 -82.572519084 11.5572519084 END
START 6.1171852417 -6.05014759521 8.6167317749 250.129770992 -88.2366412214 7.01526717557 END
START 3.04303031006 -2.34631762695 2.80839854736 250.129770992 -81.5267175573 11.106870229 END
START 0.548272180176 -6.94557901611 5.82030423584 250.129770992 -81.9694656489 6.20610687023 END
START 4.5489831543 -7.35259329834 5.8466404541 250.129770992 -83.0839694656 19.7786259542 END
START -0.0335188232422 -11.8345388062 9.65102689209 250.129770992 -105.122137405 11.0 END
START 0.138863696289 -7.00303985596 4.37181223145 250.129770992 -105.625954198 -0.358778625954 END
START -4.44363828125 -13.5080857666 1.07499654541 250.129770992 -95.8778625954 5.58778625954 END
START -4.51546433105 -9.60553706055 10.4602670532 250.129770992 -104.732824427 12.9847328244 END
START -0.859518395996 -9.31583865967 4.59447298584 250.129770992 -106.450381679 4.46564885496 END
START 4.47715710449 -11.7339823364 8.73644185791 250.129770992 -88.9160305344 12.893129771 END
START 7.50821640625 -18.1959326172 -0.933738647461 250.129770992 -74.8015267176 15.106870229 END
START 2.88980140381 -10.2615483154 4.92008441162 250.129770992 -90.4961832061 9.16030534351 END
START -0.562637390137 -10.6446205811 9.33978067627 250.129770992 -94.6183206107 8.32824427481 END
START -1.71664259033 -7.68778153076 6.06451280518 250.129770992 -98.2748091603 8.74045801527 END
START -3.96958635254 -7.66383951416 10.905588562 250.129770992 -96.8625954198 1.82442748092 END
START -3.06936652832 -7.38850632324 6.46673868408 250.129770992 -100.832061069 6.86259541985 END
START 1.28808049316 -11.3628810791 12.251129895 250.129770992 -104.358778626 2.04580152672 END
START -5.7987564209 -8.5927897583 7.42202514648 250.129770992 -104.267175573 13.465648855 END
START -11.8417214111 -4.37420643311 10.2232410889 250.129770992 -104.404580153 -1.11450381679 END
START -2.40617266846 -8.69813463135 6.59363137207 250.129770992 -104.503816794 4.16030534351 END
START -8.65025059814 -13.4051350952 9.97663831787 250.129770992 -116.93129771 5.72519083969 END
START -1.12048637695 -6.00465776367 11.9207300659 250.129770992 -118.916030534 4.48091603053 END
START 1.77170922852 -8.79150849609 3.68228215332 250.129770992 -113.923664122 12.9083969466 END
START 0.964863269043 -12.018892334 12.1673328369 250.129770992 -104.809160305 6.92366412214 END
START 5.29836827393 -7.04134708252 6.83783994141 250.129770992 -106.41221374 6.19083969466 END
START 5.8705824707 -7.85776984863 2.75333190918 250.129770992 -103.251908397 -0.916030534351 END
START 6.1171852417 -18.1983268188 11.9614314941 250.129770992 -105.053435115 13.7557251908 END
START 7.108384729 -9.76116016846 2.89219560547 250.129770992 -100.786259542 -1.19847328244 END
START 5.02064088135 -11.7028577148 4.41969626465 250.129770992 -89.0 2.03053435115 END
START 13.0364280396 -5.03979449463 5.1738697876 250.129770992 -61.0076335878 11.8778625954 END
START 17.5806227905 -5.32231029053 13.4554133301 250.129770992 -47.5114503817 4.8320610687 END
START 9.25598361816 -12.27267771 9.11951412354 250.129770992 -42.5038167939 7.17557251908 END
START 0.632069238281 -5.70298835449 3.7493197998 250.129770992 -32.8702290076 5.73282442748 END
START 6.1052142334 -3.27047946777 8.96628521729 250.129770992 -37.2824427481 6.62595419847 END
START 5.07810172119 -12.0739589722 9.90720646973 250.129770992 -34.4961832061 11.7022900763 END
START 7.67581052246 -5.4803276001 9.07163009033 250.129770992 -32.8549618321 14.5877862595 END
START 2.45884510498 -9.1338793335 9.50258638916 250.129770992 -36.3282442748 13.7786259542 END
START 4.6088381958 -7.80988581543 5.00866987305 250.129770992 -32.534351145 2.38167938931 END
START 5.46117398682 -9.72524714355 9.71806453857 250.129770992 -34.5954198473 3.63358778626 END
START 4.38138903809 -8.60954916992 3.56975467529 250.129770992 -42.3511450382 5.69465648855 END
START -5.75326658936 -10.1418382324 5.29836827393 250.129770992 -57.0381679389 10.9694656489 END
START 2.0973206543 -11.3461216675 2.89458980713 250.129770992 -58.465648855 3.25954198473 END
START -0.201112939453 -14.4921026489 9.5720182373 250.129770992 -61.6564885496 3.85496183206 END
START -3.0406361084 -14.2526824829 10.2735193237 250.129770992 -57.2900763359 -0.801526717557 END
START -3.03584770508 -4.29280357666 8.51856950684 250.129770992 -64.1832061069 -1.54198473282 END
START 6.19619389648 -16.563087085 4.85304676514 250.129770992 -66.0610687023 7.0534351145 END
START -1.83156427002 -7.22091220703 5.16908138428 250.129770992 -49.2748091603 6.22900763359 END
START 3.98873996582 -11.3556984741 6.56729515381 250.129770992 -56.5114503817 8.32824427481 END
START -2.02070620117 -11.5424462036 8.55927093506 250.129770992 -52.9160305344 6.22900763359 END
START -6.94797321777 -6.94557901611 9.51455739746 250.129770992 -56.9083969466 12.8091603053 END
START 5.61200869141 -6.74446607666 6.04535919189 250.129770992 -62.1755725191 9.56488549618 END
START 1.74537301025 -8.14986245117 6.79953271484 250.129770992 -63.9541984733 -1.69465648855 END
START 2.33434661865 -10.4243540283 5.41807835693 250.129770992 -50.6870229008 4.0534351145 END
START -2.43729729004 -15.1912095337 5.15950457764 250.129770992 -52.106870229 7.10687022901 END
START -3.71101257324 -12.370839978 5.56173045654 250.129770992 -55.0916030534 2.80152671756 END
START -2.02070620117 -7.35977590332 12.2463414917 250.129770992 -51.427480916 11.3435114504 END
START -4.65432802734 -1.44370360107 14.3053549194 250.129770992 -54.6717557252 8.45038167939 END
START -4.8554409668 -7.32386287842 6.78756170654 250.129770992 -54.4503816794 9.45038167939 END
START 2.49715233154 -8.10916102295 4.44842668457 250.129770992 -51.4045801527 -1.90839694656 END
START 0.634463439941 -7.60637867432 5.68862314453 250.129770992 -59.1297709924 6.32824427481 END
START -10.5296989014 -8.68855782471 8.67179841309 250.129770992 -63.7022900763 1.74809160305 END
START -7.69017573242 -10.7140524292 12.3899935913 250.129770992 -54.0916030534 2.70229007634 END
START -1.76213242187 -11.1617681396 5.33188709717 250.129770992 -62.9007633588 14.2900763359 END
START -2.61686241455 -8.42040723877 7.29034405518 250.129770992 -59.1526717557 14.5114503817 END
START -0.885854614258 -7.03416447754 4.81713374023 250.129770992 -60.1297709924 8.00763358779 END
START -1.39581956787 -8.39885942383 5.15471617432 250.129770992 -57.8625954198 10.534351145 END
START -5.11640894775 -17.8176487549 4.2664673584 250.129770992 -65.9389312977 11.4351145038 END
START -5.16429298096 -16.0291801147 10.3692873901 250.129770992 -55.4198473282 -1.19847328244 END
START 1.32878192139 -8.41801303711 3.98155736084 250.129770992 -70.0381679389 8.09160305344 END
START 1.44609780273 -6.32308658447 1.838746875 250.129770992 -82.0381679389 8.67175572519 END
START 1.06781394043 -2.61925661621 11.01811604 250.129770992 -95.7633587786 3.17557251908 END
START -2.96402165527 -9.27034882812 10.187328064 250.129770992 -101.061068702 6.00763358779 END
START -0.14844050293 -4.14675727539 10.8672813354 250.129770992 -106.083969466 19.465648855 END
START -5.38934793701 -10.9367131836 8.16662186279 250.129770992 -104.458015267 4.67938931298 END
START -0.371101257324 -12.5958949341 10.5344873047 250.129770992 -104.969465649 3.78625954198 END
START 1.70945998535 -7.57285985107 14.5854765137 250.129770992 -105.320610687 4.3358778626 END
START 0.802057556152 -11.166556543 6.21055910645 250.129770992 -104.938931298 2.06106870229 END
START 7.92480749512 -10.785878479 5.56651885986 250.129770992 -88.358778626 7.60305343511 END
START 7.96072052002 -12.2894371216 6.72052406006 250.129770992 -62.1374045802 4.0534351145 END
START 6.21295330811 -10.546458313 7.25443103027 250.129770992 -54.534351145 12.8702290076 END
START 5.81551583252 -10.053252771 7.53694682617 250.129770992 -43.8244274809 16.4351145038 END
START 5.66468112793 -9.22246479492 8.11634362793 250.129770992 -30.1145038168 17.1908396947 END
START 9.00698664551 -11.5951186401 11.2407767944 250.129770992 -33.4732824427 11.5877862595 END
START 6.7301008667 -10.2974613403 12.2319762817 250.129770992 -43.8320610687 5.50381679389 END
START -0.9193734375 -9.80186159668 12.2415530884 250.129770992 -63.7022900763 15.8091603053 END
START 2.11408006592 -17.3100780029 6.0932432251 250.129770992 -62.8015267176 11.5419847328 END
START 2.30801040039 -5.83945784912 10.7092640259 250.129770992 -79.1679389313 -1.73282442748 END
START 5.81312163086 -12.9430541748 10.3261917603 250.129770992 -75.534351145 -2.18320610687 END
START 6.98388624268 -7.43399615479 5.33428129883 250.129770992 -75.8625954198 1.99236641221 END
START -1.21625444336 -9.49540378418 5.65271011963 250.129770992 -87.4045801527 9.25954198473 END
START -3.66791694336 -8.67419261475 7.3430164917 250.129770992 -88.9236641221 -1.21374045802 END