START -3.82354005127 -9.00219824219 6.71334145508 250.129770992 -88.2519083969 8.74045801527 END
START 7.27837304687 -15.928623645 6.66785162354 250.129770992 -92.5572519084 4.81679389313 END
START 7.63510909424 -9.37090529785 8.92797799072 250.129770992 -77.213740458 10.5114503817 END
START -3.27526787109 -11.5807534302 8.94952580566 250.129770992 -97.9847328244 13.9389312977 END
START 3.48116921387 -10.5967365479 7.05092388916 250.129770992 -99.8549618321 6.10687022901 END
START 3.30160408936 -7.73805976562 5.88734188232 250.129770992 -89.5190839695 5.61832061069 END
START 1.37187755127 -5.71256516113 8.19774648437 250.129770992 -83.8015267176 0.961832061069 END
START 6.74446607666 -10.5296989014 10.2112700806 250.129770992 -86.5648854962 9.86259541985 END
START -1.31202250977 -14.709975 10.1418382324 250.129770992 -95.9465648855 10.0229007634 END
START 4.36462962646 -15.7682121338 4.69263525391 250.129770992 -93.1832061069 13.8244274809 END
START -0.280121594238 -9.78510218506 11.6166664551 250.129770992 -85.7251908397 4.80916030534 END
START -3.37343013916 -4.38857164307 9.27753143311 250.129770992 -92.4427480916 3.93129770992 END
START 6.78037910156 -5.80115062256 6.1171852417 250.129770992 -100.832061069 6.76335877863 END
START -0.433350500488 -8.49223328857 10.5847655396 250.129770992 -94.0229007634 10.0458015267 END
START 4.75488449707 -6.66306322021 11.3293622559 250.129770992 -83.2061068702 4.71755725191 END
START -0.488417138672 -6.00705196533 10.6613799927 250.129770992 -95.4961832061 -3.1679389313 END
START 7.84340463867 -8.32703337402 7.08204851074 250.129770992 -98.4809160305 5.42748091603 END
START 5.75805499268 -11.891999646 6.33745179443 250.129770992 -87.1832061069 1.51145038168 END
START 5.48990440674 -6.12197364502 4.79079752197 250.129770992 -96.9160305344 7.53435114504 END
START 1.30962830811 -13.5344219849 5.29836827393 250.129770992 -83.6259541985 13.0152671756 END
START -10.7068698242 -13.8672160156 5.89213028564 250.129770992 -79.0381679389 3.34351145038 END
START 3.31836350098 -5.41807835693 10.8409451172 250.129770992 -87.2442748092 9.51145038168 END
START 0.294486804199 -2.74136090088 6.02141717529 250.129770992 -97.9847328244 10.6641221374 END
START 1.11330377197 -9.34696328125 9.08838950195 250.129770992 -102.045801527 -1.18320610687 END
START -3.67509954834 -7.15626876221 3.27766207275 250.129770992 -103.877862595 14.3740458015 END
START 2.01112939453 -11.4586491455 7.59680186768 250.129770992 -104.351145038 -1.73282442748 END
START -0.974440075684 -7.90565388184 7.3789295166 250.129770992 -102.923664122 5.28244274809 END
START 8.82981572266 -7.3071034668 6.27999095459 250.129770992 -117.809160305 17.2977099237 END
START 5.90649549561 -10.42674823 11.884817041 250.129770992 -104.175572519 2.90076335878 END
START -1.70706578369 -12.6485673706 9.7587659668 250.129770992 -105.625954198 2.1679389313 END
START 1.82438166504 -9.60553706055 8.81784471436 250.129770992 -104.664122137 -0.763358778626 END
START 8.47547387695 -8.41801303711 14.6381489502 250.129770992 -104.160305344 10.3969465649 END
START 12.2200052734 -16.294936499 8.41083043213 250.129770992 -86.4961832061 -1.69465648855 END
START 5.34625230713 -2.99993468018 19.5390797485 250.129770992 -47.9770992366 7.75572519084 END
START 13.2088105591 -7.55849464111 7.08683691406 250.129770992 -24.6030534351 8.64885496183 END
START 7.37653531494 -7.59919606934 4.58729038086 250.129770992 -16.2748091603 1.25190839695 END
START 2.03267720947 -7.51779321289 6.4595560791 250.129770992 -16.9312977099 12.5572519084 END
START 5.88494768066 -2.32476981201 3.22738383789 250.129770992 -11.465648855 -2.70229007634 END
START 10.0101571411 -10.4554786499 4.2305543335 250.129770992 -18.4198473282 4.82442748092 END
START 5.72453616943 -7.20415279541 8.19774648437 250.129770992 -31.5801526718 -2.69465648855 END
START 1.57059628906 -8.98543883057 8.65982740479 250.129770992 -23.8015267176 4.74045801527 END
START -2.52588275146 -10.4363250366 7.92720169678 250.129770992 -31.8167938931 8.29770992366 END
START -4.9272670166 -7.98466253662 2.86346518555 250.129770992 -40.106870229 3.50381679389 END
START -1.35990654297 -6.96712683105 9.88087025146 250.129770992 -32.2977099237 2.31297709924 END
START -0.744596716309 -14.2718360962 9.72285294189 250.129770992 -54.3435114504 4.69465648855 END
START 0.131681091309 -9.69651672363 6.12915625 250.129770992 -43.7404580153 8.70229007634 END
START 2.51391174316 -10.8912233521 5.37737692871 250.129770992 -61.3282442748 9.9465648855 END
START 0.988805285645 -9.23922420654 4.04141240234 250.129770992 -66.3053435115 -5.31297709924 END
START 5.73650717773 -1.14442839355 7.2951324585 250.129770992 -73.3358778626 4.17557251908 END
START -0.519541760254 -11.4730143555 2.69587106934 250.129770992 -62.8549618321 1.80916030534 END
START 0.902614025879 -0.181959326172 5.87537087402 250.129770992 -67.2290076336 12.1145038168 END
START 1.64002813721 -3.13400997314 11.3054202393 250.129770992 -76.1450381679 1.85496183206 END
START -0.76853873291 -9.59117185059 9.44512554932 250.129770992 -74.3358778626 10.7175572519 END
START -4.73573088379 -10.5895539429 7.01022246094 250.129770992 -66.2442748092 17.8702290076 END
START -4.74051928711 0.253785375977 8.76756647949 250.129770992 -68.6717557252 7.56488549618 END
START 5.65749852295 -9.62229647217 6.39730683594 250.129770992 -77.786259542 14.0687022901 END
START -6.90248338623 -7.0006456543 8.827421521 250.129770992 -74.1526717557 6.85496183206 END
START -0.0718260498047 -11.4706201538 3.90015450439 250.129770992 -62.4732824427 5.17557251908 END
START 5.91128389893 -12.4522428345 8.72925925293 250.129770992 -57.9236641221 0.839694656489 END
START -0.0191536132812 -6.98628044434 13.6684972778 250.129770992 -50.534351145 6.71755725191 END
START 3.50271702881 -9.07402429199 -0.46208092041 250.129770992 -52.9083969466 7.45801526718 END
START 1.47482822266 -10.3860468018 2.54503636475 250.129770992 -59.4045801527 8.99236641221 END
START -0.651222851562 -14.717157605 10.5656119263 250.129770992 -59.358778626 2.01526717557 END
START 2.42532628174 -9.59596025391 6.83065733643 250.129770992 -62.0076335878 1.08396946565 END
START 2.09253225098 0.60812722168 11.2623246094 250.129770992 -58.9389312977 14.6488549618 END
START 1.37906015625 -8.81066210937 5.58088406982 250.129770992 -60.0305343511 12.0305343511 END
START -0.450109912109 -8.6287027832 8.66701000977 250.129770992 -52.1984732824 15.9312977099 END
START 2.16675250244 -10.8122146973 4.85304676514 250.129770992 -70.1908396947 13.7022900763 END
START -2.56418997803 -10.2783077271 4.57771357422 250.129770992 -61.7480916031 11.6870229008 END
START -9.19134017334 -5.64552751465 7.39808312988 250.129770992 -62.3129770992 4.31297709924 END
START -5.07810172119 -9.88565865479 8.76517227783 250.129770992 -68.1526717557 14.2900763359 END
START -8.92079538574 -9.29429084473 8.3461869873 250.129770992 -68.7633587786 9.09923664122 END
START -8.55448253174 -10.6829278076 6.7540428833 250.129770992 -79.1374045802 16.320610687 END
START 1.33596452637 -3.7134067749 1.90817872314 250.129770992 -89.8702290076 2.54961832061 END
START -2.73178409424 -9.65581529541 7.63510909424 250.129770992 -94.4122137405 13.1145038168 END
START -11.9374894775 -12.3995703979 7.73805976562 250.129770992 -92.2595419847 8.87786259542 END
START 3.62242711182 -10.7691190674 14.0779057617 250.129770992 -93.213740458 6.80916030534 END
START -1.5083470459 -3.83551105957 4.44124407959 250.129770992 -84.9007633588 14.5572519084 END
START 1.92254393311 -13.0316396362 8.73644185791 250.129770992 -95.1526717557 0.137404580153 END
START -4.41490786133 -12.6006833374 11.025298645 250.129770992 -98.3435114504 0.351145038168 END
START 5.4683565918 -6.11479104004 6.495469104 250.129770992 -99.3129770992 3.47328244275 END
START 0.325611425781 -13.6086422363 5.75805499268 250.129770992 -103.389312977 7.92366412214 END
START 6.36857641602 -6.64390960693 9.47385596924 250.129770992 -95.9160305344 9.72519083969 END
START 0.347159240723 -8.91361278076 8.44195505371 250.129770992 -76.534351145 -3.37404580153 END
START 14.7889836548 -7.26400783691 9.09796630859 250.129770992 -65.3511450382 7.26717557252 END
START 5.7508723877 -8.92558378906 6.12197364502 250.129770992 -63.4122137405 6.73282442748 END
START 8.84657513428 -14.4154881958 6.02141717529 250.129770992 -57.9694656489 7.24427480916 END
START 17.1616375 -13.6780740845 6.59363137207 250.129770992 -48.7328244275 -0.129770992366 END
START -0.375889660645 -11.2048637695 -0.735019909668 250.129770992 -32.4580152672 0.526717557252 END
START 1.47722242432 -10.4291424316 8.23605371094 250.129770992 -44.9236641221 6.61832061069 END
START 4.20900651855 -12.3564747681 14.8129256714 250.129770992 -41.8702290076 9.45801526718 END
START 3.75171400146 -12.2894371216 6.43321986084 250.129770992 -50.6488549618 9.23664122137 END
START 0.208295544434 -11.8728460327 5.10443793945 250.129770992 -52.4122137405 4.58778625954 END
START -0.572214196777 -14.5591402954 6.65827481689 250.129770992 -56.1374045802 15.1374045802 END
START -0.572214196777 -8.07085379639 12.7898252686 250.129770992 -64.3511450382 5.47328244275 END
START -6.96473262939 -7.13711514893 7.0844427124 250.129770992 -64.0687022901 -1.04580152672 END
START -3.9121255127 -10.0891657959 12.856862915 250.129770992 -62.7175572519 3.11450381679 END