START 2.90656081543 -10.9822030151 7.56088884277 250.129770992 -88.3053435115 5.53435114504 END
START -0.483628735352 -9.42118353271 8.22168850098 250.129770992 -82.2366412214 2.95419847328 END
START 2.7940333374 -9.01895765381 8.41561883545 250.129770992 -61.9541984733 3.56488549618 END
START 9.29429084473 -9.97903251953 11.3892172974 250.129770992 -64.8625954198 12.8702290076 END
START 1.69509477539 -9.05247647705 4.40054265137 250.129770992 -63.3435114504 1.6641221374 END
START -5.44920297852 -9.70130512695 8.15943925781 250.129770992 -89.6183206107 15.8244274809 END
START -0.720654699707 -4.75967290039 10.1442324341 250.129770992 -86.6717557252 12.5267175573 END
START 5.22654222412 -10.7427828491 9.05008227539 250.129770992 -84.3129770992 17.786259542 END
START -0.591367810059 -7.57525405273 6.16746347656 250.129770992 -75.6870229008 -1.88549618321 END
START 0.876277807617 -6.15788666992 6.47392128906 250.129770992 -78.7022900763 3.42748091603 END
START -10.0580411743 -10.9151653687 8.88488236084 250.129770992 -73.3893129771 0.396946564885 END
START 2.70784207764 -0.746990917969 6.49307490234 250.129770992 -84.8625954198 12.3664122137 END
START 2.98317526855 -17.6117474121 5.46356818848 250.129770992 -93.0916030534 6.79389312977 END
START 1.31202250977 -9.7348239502 8.06606539307 250.129770992 -93.8396946565 2.40458015267 END
START 2.52827695312 -11.1904985596 7.71172354736 250.129770992 -95.7938931298 9.04580152672 END
START 5.35582911377 -11.3197854492 5.41089575195 250.129770992 -100.41221374 16.3664122137 END
START 3.85466467285 -13.1441671143 7.85537564697 250.129770992 -103.786259542 6.01526717557 END
START 3.24174904785 -7.67581052246 5.12119735107 250.129770992 -96.0916030534 11.5267175573 END
START -0.110133276367 -12.0691705688 10.7906668823 250.129770992 -104.435114504 9.24427480916 END
START 2.60249720459 -3.9839515625 5.58327827148 250.129770992 -105.419847328 6.77099236641 END
START 2.22660754395 -5.72453616943 9.43315454102 250.129770992 -104.114503817 4.31297709924 END
START 3.22498963623 -3.6056677002 8.92079538574 250.129770992 -104.320610687 9.74045801527 END
START -0.780509741211 -9.12430252686 5.26245524902 250.129770992 -103.870229008 10.8778625954 END
START -2.0733786377 -11.286266626 8.31985076904 250.129770992 -105.267175573 6.77099236641 END
START 3.75650240479 -8.66222160645 5.40371314697 250.129770992 -104.786259542 9.28244274809 END
START -1.13485158691 -10.800243689 7.0485296875 250.129770992 -98.7175572519 5.58778625954 END
START -1.04147772217 -9.1817633667 6.45237347412 250.129770992 -105.236641221 5.78625954198 END
START -2.45884510498 -13.2423293823 9.10993731689 250.129770992 -107.236641221 1.07633587786 END
START -4.18027609863 -10.7140524292 7.43878455811 250.129770992 -104.381679389 8.06870229008 END
START -1.2737152832 -7.31668027344 9.27513723145 250.129770992 -103.755725191 9.80916030534 END
START -0.864306799316 -11.3652752808 9.72285294189 250.129770992 -105.20610687 0.030534351145 END
START -2.62643922119 -16.1441017944 6.61278498535 250.129770992 -103.900763359 18.1755725191 END
START -5.26245524902 -10.2232410889 6.26083734131 250.129770992 -117.282442748 3.04580152672 END
START -1.95606275635 -5.57848986816 6.61517918701 250.129770992 -116.007633588 -1.19083969466 END
START 0.0909796630859 -7.7093293457 6.49068070068 250.129770992 -109.778625954 3.03816793893 END
START -0.514753356934 -2.87064779053 7.79552060547 250.129770992 -116.389312977 6.0 END
START -1.19231242676 -9.43315454102 11.1737391479 250.129770992 -102.022900763 -2.9465648855 END
START 1.83395847168 -13.9869260986 8.8992475708 250.129770992 -105.374045802 6.48091603053 END
START 10.0293107544 -9.64863269043 6.39012423096 250.129770992 -105.27480916 6.73282442748 END
START 10.4075946167 -7.40047733154 10.4626612549 250.129770992 -86.5267175573 7.65648854962 END
START 12.8448919067 -9.81383260498 8.8513635376 250.129770992 -75.786259542 6.92366412214 END
START 5.40610734863 -5.31273348389 9.35654008789 250.129770992 -46.4122137405 -1.03816793893 END
START 1.69030637207 -12.6725093872 6.6941878418 250.129770992 -31.2442748092 -2.89312977099 END
START 8.20732329102 -9.36851109619 6.30153876953 250.129770992 -36.1374045802 0.671755725191 END
START 4.8793829834 -9.70369932861 13.8935522339 250.129770992 -35.893129771 9.91603053435 END
START 1.25935007324 -7.46512077637 7.51300480957 250.129770992 -19.3816793893 5.06106870229 END
START 6.88332977295 -10.3549221802 7.46272657471 250.129770992 -39.6717557252 8.99236641221 END
START 6.19379969482 -14.2933839111 8.77474908447 250.129770992 -53.320610687 5.84732824427 END
START -4.09647904053 -10.0053687378 5.03500609131 250.129770992 -54.4122137405 -8.74809160305 END
START 1.08696755371 -10.2160584839 5.74847818604 250.129770992 -61.4122137405 10.6030534351 END
START -1.53468326416 -6.00944616699 7.86974085693 250.129770992 -61.0458015267 9.90076335878 END
START 2.1691467041 -8.45153186035 3.35427652588 250.129770992 -57.2900763359 2.31297709924 END
START 0.656011254883 -16.8360260742 7.76439598389 250.129770992 -73.2366412214 2.51908396947 END
START -0.0598550415039 -4.88417138672 8.13310303955 250.129770992 -79.7099236641 12.7328244275 END
START 1.24019645996 -7.87452926025 7.05092388916 250.129770992 -75.1984732824 4.93129770992 END
START -1.70227738037 -6.99346304932 11.4849853638 250.129770992 -65.3282442748 -1.53435114504 END
START 5.16429298096 -16.8934869141 11.5137157837 250.129770992 -55.2442748092 11.3435114504 END
START 1.2497732666 -9.53131680908 9.26077202148 250.129770992 -60.7175572519 -2.50381679389 END
START -2.74136090088 -6.17225187988 5.52342322998 250.129770992 -63.0 -0.030534351145 END
START 3.57214887695 -10.0293107544 9.50737479248 250.129770992 -67.1603053435 7.46564885496 END
START -0.526724365234 -9.12430252686 6.97191523437 250.129770992 -68.6870229008 2.00763358779 END
START -1.17555301514 -11.4658317505 9.29907924805 250.129770992 -53.9694656489 -3.34351145038 END
START 3.6176387085 -6.05254179687 7.69975253906 250.129770992 -58.2213740458 15.3740458015 END
START -0.375889660645 -16.6588551514 5.87537087402 250.129770992 -57.2366412214 3.3893129771 END
START 4.75488449707 -9.79707319336 8.6047607666 250.129770992 -47.9389312977 10.7557251908 END
START 4.36941802979 -12.4235124146 10.1849338623 250.129770992 -51.4732824427 6.17557251908 END
START -0.15801730957 -10.3190091553 10.1370498291 250.129770992 -45.8015267176 7.70229007634 END
START -1.39342536621 -7.01501086426 7.31428607178 250.129770992 -52.534351145 3.41984732824 END
START 3.58651408691 -10.405200415 11.3173912476 250.129770992 -53.4732824427 5.69465648855 END
START 1.5083470459 -9.60314285889 9.57441243896 250.129770992 -61.7786259542 8.97709923664 END
START -4.44124407959 -14.4801316406 7.88650026855 250.129770992 -51.5954198473 1.22900763359 END
START -2.00873519287 -4.44124407959 10.8098204956 250.129770992 -48.5267175573 7.96183206107 END
START 1.1540052002 -8.71968244629 9.57680664062 250.129770992 -50.2366412214 15.2061068702 END
START -1.12766898193 -6.23210692139 7.62074388428 250.129770992 -52.5190839695 12.0763358779 END
START 2.4875755249 -5.45877978516 3.42849677734 250.129770992 -48.6106870229 8.71755725191 END
START -1.49877023926 -7.49863959961 6.50983431396 250.129770992 -49.9160305344 2.32824427481 END
START 2.04225401611 -5.38934793701 7.2951324585 250.129770992 -51.2671755725 0.839694656489 END
START -7.00303985596 -0.756567724609 4.90811340332 250.129770992 -47.6106870229 -4.61832061069 END
START 5.53778843994 -17.7984951416 10.3597105835 250.129770992 -57.9694656489 7.51908396947 END
START 6.64630380859 -7.3909005249 5.44920297852 250.129770992 -51.465648855 3.26717557252 END
START 4.2544963501 -7.56807144775 3.27287366943 250.129770992 -57.6717557252 19.106870229 END
START -5.50187541504 -15.8687686035 3.02627089844 250.129770992 -55.0534351145 12.5038167939 END
START -4.21618912354 -8.75798967285 4.42687886963 250.129770992 -58.0610687023 -1.06870229008 END
START -0.46686932373 -10.9630494019 8.24802471924 250.129770992 -61.3282442748 4.97709923664 END
START -3.80917484131 -3.87142408447 7.41244833984 250.129770992 -71.2824427481 0.236641221374 END
START -3.77805021973 -9.40921252441 8.90403597412 250.129770992 -75.4427480916 11.1679389313 END
START 4.24491954346 -6.56490095215 7.16345136719 250.129770992 -77.3816793893 -0.854961832061 END
START -4.17788189697 -9.96227310791 4.27604416504 250.129770992 -93.2824427481 5.41984732824 END
START -10.3716815918 -7.99423934326 7.34541069336 250.129770992 -104.458015267 15.3893129771 END
START 3.03105930176 -8.71968244629 11.1234609131 250.129770992 -96.641221374 2.42748091603 END
START 1.67833536377 -9.05008227539 10.6206785645 250.129770992 -104.702290076 16.7251908397 END
START 1.00556469727 -9.5480762207 11.6262432617 250.129770992 -104.572519084 4.99236641221 END
START 4.34068760986 -16.0219975098 7.51300480957 250.129770992 -104.022900763 -3.31297709924 END
START 6.46434448242 -13.7570827393 9.34217487793 250.129770992 -103.671755725 7.97709923664 END
START 4.57771357422 -4.22337172852 3.86424147949 250.129770992 -104.320610687 19.3664122137 END
START 12.3468979614 -9.83538041992 12.3947819946 250.129770992 -88.6564885496 9.10687022901 END
START 11.0037508301 -16.8288434692 14.8943285278 250.129770992 -72.1297709924 11.1603053435 END
START 4.89614239502 -11.7435591431 10.3309801636 250.129770992 -61.9160305344 10.8702290076 END
START 7.41005413818 -10.8648871338 11.0588174683 250.129770992 -58.2900763359 13.5114503817 END
START 7.66383951416 -15.0140386108 7.68299312744 250.129770992 -46.5190839695 13.0458015267 END
START 8.80108530273 -6.90248338623 8.21690009766 250.129770992 -46.1908396947 10.1908396947 END
START 2.01831199951 -10.6948988159 11.659762085 250.129770992 -31.3435114504 16.572519084 END
START 5.25527264404 -6.742071875 6.7181298584 250.129770992 -45.9312977099 2.54961832061 END
START -3.064578125 -6.11239683838 11.3030260376 250.129770992 -46.786259542 11.679389313 END
START -1.65678754883 -11.3580926758 9.06205328369 250.129770992 -56.4885496183 15.3511450382 END
START -2.26730897217 -7.38132371826 4.2664673584 250.129770992 -62.1984732824 13.534351145 END
START -1.472434021 -8.56166513672 10.9893856201 250.129770992 -65.1526717557 3.69465648855 END