START 6.44040246582 -14.4897084473 3.31596929932 250.129770992 -60.3129770992 14.1526717557 END
START 5.39174213867 -11.2766898193 10.1418382324 250.129770992 -69.6870229008 6.00763358779 END
START 3.17471140137 -16.5223856567 5.81551583252 250.129770992 -72.4503816794 6.42748091603 END
START 4.96557424316 -10.3884410034 7.88889447021 250.129770992 -80.4427480916 0.809160305344 END
START -2.10689746094 -3.79002122803 10.1202904175 250.129770992 -68.8625954198 2.54961832061 END
START -3.77565601807 -15.1552965088 4.96078583984 250.129770992 -73.679389313 7.78625954198 END
START 1.09415015869 -10.3597105835 13.0603700562 250.129770992 -79.9618320611 5.70229007634 END
START -2.76769711914 -11.4227361206 6.22971271973 250.129770992 -66.641221374 2.98473282443 END
START -0.392649072266 3.51708223877 8.22408270264 250.129770992 -73.0839694656 8.49618320611 END
START 0.727837304687 -11.6621562866 5.04458289795 250.129770992 -88.7022900763 13.1908396947 END
START -0.598550415039 -8.47547387695 6.63672700195 250.129770992 -81.8549618321 1.12977099237 END
START -2.70305367432 -8.2623899292 9.16021555176 250.129770992 -101.664122137 2.32061068702 END
START -0.15083470459 -9.61990227051 6.00705196533 250.129770992 -89.5954198473 1.79389312977 END
START 9.62229647217 -9.5361052124 9.73242974854 250.129770992 -94.1297709924 0.580152671756 END
START -6.66785162354 -14.7818010498 7.26879624023 250.129770992 -97.4351145038 0.36641221374 END
START 2.35828863525 -0.837970581055 5.77720860596 250.129770992 -102.198473282 3.98473282443 END
START 0.0646434448242 -11.0085392334 3.91451971436 250.129770992 -105.870229008 15.5496183206 END
START 3.56017786865 -9.16739815674 9.06444748535 250.129770992 -104.122137405 3.02290076336 END
START 3.15555778809 -9.94551369629 14.9039053345 250.129770992 -103.603053435 14.9923664122 END
START 3.89057769775 -6.88811817627 3.3470939209 250.129770992 -106.358778626 12.320610687 END
START -2.4516625 -13.0005150146 4.47715710449 250.129770992 -104.503816794 19.5648854962 END
START -1.68551796875 -8.15465085449 2.91374342041 250.129770992 -104.824427481 3.71755725191 END
START -2.77966812744 -11.3413332642 13.0555816528 250.129770992 -98.6030534351 8.3893129771 END
START 8.84418093262 -7.80509741211 12.265495105 250.129770992 -104.038167939 15.4809160305 END
START 8.37970581055 -14.2670476929 5.03261188965 250.129770992 -88.3129770992 11.4580152672 END
START 1.57299049072 -9.05008227539 8.11873782959 250.129770992 -98.5954198473 15.0076335878 END
START 1.15161099854 -1.23540805664 6.28956776123 250.129770992 -96.7938931298 6.41221374046 END
START -0.897825622559 -4.33111080322 5.76763179932 250.129770992 -98.3435114504 6.19847328244 END
START 5.39892474365 -13.4745669434 11.4610433472 250.129770992 -107.442748092 13.3435114504 END
START -3.15555778809 -10.1681744507 8.88248815918 250.129770992 -91.7175572519 3.73282442748 END
START -5.5880666748 -7.31428607178 4.22816013184 250.129770992 -107.366412214 18.2519083969 END
START -3.45722719727 -9.04529387207 9.22485899658 250.129770992 -93.9083969466 9.76335877863 END
START -5.882553479 -8.32703337402 8.27914934082 250.129770992 -101.244274809 6.8320610687 END
START -0.849941589355 -14.7554648315 13.1082540894 250.129770992 -103.839694656 17.4351145038 END
START 0.677559069824 -6.88332977295 10.7978494873 250.129770992 -104.0 15.4045801527 END
START -2.94486804199 -1.85790048828 10.9079827637 250.129770992 -104.679389313 9.51145038168 END
START -7.83622203369 -3.41652576904 13.9342536621 250.129770992 -104.595419847 12.7938931298 END
START 3.87142408447 -7.13711514893 8.09958421631 250.129770992 -102.41221374 7.61832061069 END
START 1.29526309814 -0.715866296387 10.4075946167 250.129770992 -103.79389313 13.9847328244 END
START -1.27850368652 -14.4729490356 7.19218178711 250.129770992 -84.320610687 4.95419847328 END
START 3.79959803467 -2.40856687012 9.45470235596 250.129770992 -89.0534351145 7.62595419847 END
START 12.3014081299 -14.1952216431 7.61116707764 250.129770992 -75.106870229 11.3816793893 END
START 6.12915625 -12.392387793 7.86974085693 250.129770992 -62.9923664122 13.2290076336 END
START 12.0931125854 -9.60074865723 8.5688477417 250.129770992 -45.3282442748 6.12977099237 END
START 16.3859161621 -9.63666168213 16.2231104492 250.129770992 -52.5190839695 7.37404580153 END
START 10.2328178955 -10.6972930176 2.63362182617 250.129770992 -39.6946564885 7.36641221374 END
START 4.77164390869 -5.37019432373 8.99501563721 250.129770992 -35.7938931298 17.0763358779 END
START 7.0844427124 -10.0269165527 7.49145699463 250.129770992 -35.8625954198 4.45801526718 END
START 8.49941589355 -1.63763393555 6.07648381348 250.129770992 -45.0763358779 3.49618320611 END
START -2.05183082275 -3.96479794922 2.24336695557 250.129770992 -48.106870229 3.7786259542 END
START 11.3772462891 -6.11479104004 8.74123026123 250.129770992 -62.106870229 -2.04580152672 END
START 1.66397015381 -9.81383260498 16.0603047363 250.129770992 -60.427480916 2.06106870229 END
START -0.371101257324 -5.54736524658 2.82755216064 250.129770992 -67.213740458 9.78625954198 END
START 2.26012636719 -11.2216231812 -0.342370837402 250.129770992 -66.0076335878 1.51145038168 END
START 1.08457335205 -8.70771143799 7.20654699707 250.129770992 -64.0610687023 9.29770992366 END
START -2.65277543945 -13.3021844238 8.32942757568 250.129770992 -66.3511450382 7.2213740458 END
START -8.55448253174 -8.81305631104 9.99579193115 250.129770992 -73.5419847328 2.41221374046 END
START 1.94888015137 -13.1776859375 9.40921252441 250.129770992 -65.2977099237 4.96946564885 END
START -8.58560715332 -11.0564232666 12.2631009033 250.129770992 -68.7480916031 7.12213740458 END
START 2.96162745361 -3.17949980469 14.0204449219 250.129770992 -75.3129770992 16.9847328244 END
START -0.651222851562 -6.7899559082 12.9286889648 250.129770992 -73.7099236641 3.99236641221 END
START 0.818816967773 -8.38210001221 5.13316835937 250.129770992 -68.572519084 6.88549618321 END
START -3.12922156982 -7.59919606934 8.37731160889 250.129770992 -67.0534351145 9.76335877863 END
START -3.3351229126 -16.2183220459 5.64552751465 250.129770992 -70.1984732824 8.91603053435 END
START -1.73579620361 -9.68215151367 -0.756567724609 250.129770992 -67.7175572519 8.91603053435 END
START -5.07331331787 -12.0667763672 8.20971749268 250.129770992 -62.572519084 3.54198473282 END
START 6.34942280273 -6.50265170898 9.95987890625 250.129770992 -54.2442748092 18.427480916 END
START 4.27364996338 -14.08987677 9.560047229 250.129770992 -52.4198473282 5.09923664122 END
START 1.62326872559 -14.5375924805 10.1538092407 250.129770992 -54.5419847328 12.0305343511 END
START -3.3590649292 -7.10120212402 4.903325 250.129770992 -55.7022900763 0.541984732824 END
START 5.52581743164 -3.11485635986 9.01416925049 250.129770992 -52.0 11.572519084 END
START 2.59770880127 -4.8434699585 10.3214033569 250.129770992 -60.2671755725 5.82442748092 END
START -0.665588061523 -14.2909897095 6.59841977539 250.129770992 -61.1374045802 10.0839694656 END
START -3.76847341309 -5.7987564209 6.59363137207 250.129770992 -66.9770992366 2.89312977099 END
START -4.74770189209 -11.152191333 8.30069715576 250.129770992 -60.3969465649 0.687022900763 END
START 2.47799871826 -11.1138841064 10.8289741089 250.129770992 -56.8778625954 15.0229007634 END
START -2.29603939209 -9.92157167969 5.66946953125 250.129770992 -56.213740458 5.65648854962 END
START -1.69270057373 -10.8720697388 5.81791003418 250.129770992 -54.465648855 3.1679389313 END
START -10.6278611694 -10.8768581421 8.15704505615 250.129770992 -53.6183206107 8.32061068702 END
START 4.01028778076 -11.0779710815 2.06140762939 250.129770992 -59.0687022901 8.28244274809 END
START -3.01908829346 -9.4523081543 8.55927093506 250.129770992 -63.3053435115 -2.06106870229 END
START -2.32476981201 -5.65271011963 19.5582333618 250.129770992 -70.5572519084 14.4122137405 END
START -1.17076461182 -4.98233365479 10.8744639404 250.129770992 -69.7938931298 4.30534351145 END
START 3.49074602051 -3.16513459473 8.39646522217 250.129770992 -80.8091603053 3.29007633588 END
START -5.69341154785 -10.2830961304 6.43800826416 250.129770992 -85.4809160305 17.6870229008 END
START 0.684741674805 -8.57842454834 8.42758984375 250.129770992 -78.2213740458 12.5114503817 END
START 6.74686027832 -5.1858407959 8.3102739624 250.129770992 -88.2671755725 10.8015267176 END
START 5.87537087402 -4.52982954102 8.11634362793 250.129770992 -85.3358778626 10.1374045802 END
START 1.29526309814 -13.6469494629 6.23928952637 250.129770992 -92.6335877863 16.641221374 END
START 1.27850368652 -17.8296197632 2.51870014648 250.129770992 -95.0687022901 9.09923664122 END
START 6.06690700684 -14.575899707 12.1984574585 250.129770992 -82.2900763359 9.0534351145 END
START 13.4218945068 -7.15387456055 9.44512554932 250.129770992 -83.2442748092 5.18320610687 END
START 8.11873782959 -8.86812294922 7.9319901001 250.129770992 -54.3893129771 8.52671755725 END
START 5.62397969971 -11.0444522583 10.7092640259 250.129770992 -44.3893129771 14.0229007634 END
START -1.27610948486 -7.9559321167 2.0733786377 250.129770992 -33.8167938931 7.51908396947 END
START 6.76840809326 -14.6118127319 11.9997387207 250.129770992 -34.4580152672 18.572519084 END
START 6.64151540527 -9.83538041992 2.4756045166 250.129770992 -35.9389312977 12.7709923664 END
START 2.98317526855 -10.6278611694 8.74123026123 250.129770992 -32.4427480916 11.1526717557 END
START 1.01992990723 -14.3388737427 15.3276790283 250.129770992 -44.4351145038 6.29007633588 END
START 2.04464821777 -4.77164390869 5.81551583252 250.129770992 -47.4732824427 -5.67938931298 END
START -6.61757338867 -11.7244055298 15.2319109619 250.129770992 -55.4809160305 -4.86259541985 END
START -2.27927998047 -5.19302340088 13.4721727417 250.129770992 -57.7786259542 14.9465648855 END
START 6.93360800781 -10.3549221802 14.1497318115 250.129770992 -61.8702290076 6.90839694656 END
START 5.14753356934 -4.47715710449 5.16908138428 250.129770992 -70.2671755725 9.96183206107 END