START 2.85628258057 -10.8936175537 9.64145008545 250.129770992 -87.3664122137 1.53435114504 END
START 5.4803276001 -9.22485899658 1.86747729492 250.129770992 -80.9007633588 1.36641221374 END
START 9.00459244385 -9.4642791626 7.34062229004 250.129770992 -65.0916030534 5.72519083969 END
START -0.423773693848 -10.7523596558 8.10916102295 250.129770992 -62.6564885496 2.40458015267 END
START -2.56897838135 -8.88488236084 12.3468979614 250.129770992 -78.7709923664 10.7709923664 END
START -2.1811177124 -10.800243689 4.6447512207 250.129770992 -98.1908396947 6.32824427481 END
START -1.86508309326 -12.9191121582 9.52652840576 250.129770992 -86.6641221374 8.77099236641 END
START -2.78445653076 -4.80755693359 5.5641246582 250.129770992 -76.3435114504 9.35877862595 END
START -2.74854350586 -9.61032546387 5.60482608643 250.129770992 -80.9007633588 3.96946564885 END
START 0.644040246582 -8.03015236816 9.30386765137 250.129770992 -81.534351145 2.03816793893 END
START 0.639251843262 -10.5751887329 6.33984599609 250.129770992 -78.3358778626 6.32061068702 END
START -0.61052142334 -6.20337650146 6.13394465332 250.129770992 -95.0152671756 14.9541984733 END
START 1.1779472168 -12.3588689697 11.4849853638 250.129770992 -79.893129771 14.4198473282 END
START 2.58094938965 -12.7108166138 5.31512768555 250.129770992 -90.4809160305 13.1832061069 END
START -1.99676418457 -6.30153876953 6.47870969238 250.129770992 -75.1297709924 6.31297709924 END
START 2.64080443115 -9.98621512451 8.54969412842 250.129770992 -79.6106870229 2.73282442748 END
START -1.22583125 -6.02620557861 3.95282694092 250.129770992 -92.6641221374 -1.18320610687 END
START -0.902614025879 -5.45399138184 2.75572611084 250.129770992 -76.679389313 10.9923664122 END
START 3.72298358154 -7.65905111084 10.8265799072 250.129770992 -74.893129771 -1.19847328244 END
START 7.96550892334 -11.145008728 3.90733710937 250.129770992 -79.2519083969 10.3740458015 END
START -2.03028300781 -10.1490208374 7.21851800537 250.129770992 -83.4122137405 12.8549618321 END
START 0.718260498047 -18.0115790894 5.63355650635 250.129770992 -80.7175572519 13.6335877863 END
START 2.31279880371 -5.27921466064 5.43244356689 250.129770992 -88.0076335878 5.12977099237 END
START -3.6894647583 -12.2343704834 8.92079538574 250.129770992 -88.0305343511 7.2213740458 END
START -1.98958157959 -0.890643017578 8.0157871582 250.129770992 -82.0 0.381679389313 END
START 3.55538946533 -11.1258551147 17.7553995117 250.129770992 -99.2442748092 3.25190839695 END
START 2.37504804687 -8.61433757324 9.55765302734 250.129770992 -104.259541985 1.77099236641 END
START 9.81143840332 -10.5704003296 10.7499654541 250.129770992 -94.0076335878 0.557251908397 END
START 4.54419475098 -10.6015249512 4.94642062988 250.129770992 -99.679389313 7.51908396947 END
START 3.37343013916 -13.0962830811 9.21288798828 250.129770992 -98.6641221374 7.9465648855 END
START -3.58411988525 -5.01345827637 7.39329472656 250.129770992 -87.0534351145 11.6946564885 END
START -2.41096107178 -7.59919606934 7.36217010498 250.129770992 -97.7022900763 9.29007633588 END
START -3.83311685791 -7.28076724854 8.07564219971 250.129770992 -96.7786259542 9.65648854962 END
START 6.30153876953 -3.16034619141 6.35660540771 250.129770992 -94.0687022901 15.0458015267 END
START 2.14999309082 -9.35175168457 7.41963094482 250.129770992 -94.0763358779 8.62595419847 END
START -1.02950671387 -16.5846348999 16.8408144775 250.129770992 -94.1297709924 8.58778625954 END
START 1.47003981934 -12.8233440918 8.24323631592 250.129770992 -101.290076336 10.2290076336 END
START -1.08696755371 -8.66461580811 8.49462749023 250.129770992 -93.1450381679 4.29770992366 END
START -3.84508786621 -10.9247421753 14.8201082764 250.129770992 -81.679389313 -0.297709923664 END
START -1.40779057617 -9.52174000244 9.7946789917 250.129770992 -91.7175572519 4.46564885496 END
START -5.79636221924 -7.41723674316 10.539275708 250.129770992 -100.79389313 5.34351145038 END
START 7.33583388672 -12.512097876 6.45476767578 250.129770992 -92.8244274809 0.450381679389 END
START -2.76530291748 -11.3126028442 5.4563855835 250.129770992 -92.8396946565 8.90076335878 END
START -0.265756384277 -5.89691868896 8.3222449707 250.129770992 -104.259541985 5.10687022901 END
START 6.4475850708 -9.76355437012 5.69580574951 250.129770992 -103.244274809 -1.00763358779 END
START 2.28406838379 -5.37498272705 5.11401474609 250.129770992 -101.900763359 12.320610687 END
START 1.27610948486 -7.88171186523 8.14986245117 250.129770992 -99.5648854962 3.4427480916 END
START 2.65038123779 -7.24006582031 7.42920775146 250.129770992 -96.6183206107 -0.0687022900763 END
START -2.57616098633 -3.26808526611 7.17063397217 250.129770992 -100.435114504 8.90076335878 END
START -1.39821376953 -9.21288798828 8.04691177979 250.129770992 -85.679389313 3.0534351145 END
START -2.93529123535 -11.9255184692 3.98873996582 250.129770992 -94.5572519084 2.84732824427 END
START -2.75333190918 -4.98472785645 4.5489831543 250.129770992 -94.0152671756 8.29770992366 END
START -2.72460148926 -14.6788503784 6.09803162842 250.129770992 -81.0992366412 12.0916030534 END
START 2.60249720459 -5.06852491455 4.43166727295 250.129770992 -84.8396946565 8.27480916031 END
START -1.27610948486 -6.41646044922 9.67257470703 250.129770992 -71.7328244275 8.88549618321 END
START 0.749385119629 -3.79241542969 13.0843120728 250.129770992 -62.0 4.61832061069 END
START 4.05817181396 -8.59518395996 12.1338140137 250.129770992 -58.5877862595 2.24427480916 END
START 3.24174904785 -7.15866296387 11.6956751099 250.129770992 -61.0458015267 8.96183206107 END
START 5.28879146729 -9.86171663818 6.33984599609 250.129770992 -58.1221374046 9.74809160305 END
START 4.06774862061 -7.30949766846 -0.31124621582 250.129770992 -56.8015267176 7.87022900763 END
START 0.500388146973 -8.18098707275 4.97036264648 250.129770992 -50.8625954198 22.5267175573 END
START 1.61608612061 -10.4913916748 4.75488449707 250.129770992 -55.0458015267 14.8244274809 END
START 4.68545264893 -11.6262432617 7.54173522949 250.129770992 -60.3969465649 6.64122137405 END
START -1.93690914307 -9.09557210693 5.87297667236 250.129770992 -63.1374045802 7.17557251908 END
START 4.70460626221 -8.99501563721 11.3006318359 250.129770992 -64.6030534351 6.0 END
START -1.9105729248 -13.5799118164 6.92881960449 250.129770992 -71.8473282443 9.01526717557 END
START -0.61770402832 -5.72453616943 10.1681744507 250.129770992 -85.9007633588 12.0687022901 END
START 2.28406838379 -10.9702320068 9.03092866211 250.129770992 -77.4732824427 9.98473282443 END
START -2.46842191162 -10.6877162109 7.25203682861 250.129770992 -74.5419847328 2.57251908397 END
START 1.71664259033 -6.21774171143 7.30470926514 250.129770992 -79.2519083969 6.09923664122 END
START -3.31836350098 -16.0363627197 8.6047607666 250.129770992 -72.534351145 9.50381679389 END
START -7.55370623779 -8.8992475708 7.69017573242 250.129770992 -74.8244274809 14.7328244275 END
START 1.4604630127 -15.0451632324 9.28471403809 250.129770992 -87.1526717557 15.3435114504 END
START 3.88818349609 -10.3597105835 2.93529123535 250.129770992 -86.7557251908 9.0 END
START 5.16908138428 -13.3668278687 13.2399351807 250.129770992 -84.4427480916 11.9160305344 END
START -1.52989486084 -8.9112185791 8.43716665039 250.129770992 -91.6106870229 19.0 END
START -0.289698400879 -6.56250675049 11.2024695679 250.129770992 -78.3053435115 -3.32061068702 END
START -2.698265271 -12.2750719116 7.22809481201 250.129770992 -66.893129771 6.47328244275 END
START -1.16837041016 -7.49145699463 10.2064816772 250.129770992 -57.6488549618 -3.23664122137 END
START 5.86818826904 -6.36618221436 13.9007348389 250.129770992 -61.534351145 8.98473282443 END
START 3.50271702881 -7.44117875977 9.73003554687 250.129770992 -65.3358778626 0.572519083969 END
START 1.30244570312 -15.6341368408 9.23443580322 250.129770992 -64.641221374 3.27480916031 END