START 3.32075770264 -6.55292994385 8.5209637085 250.129770992 -72.3511450382 7.70992366412 END
START 1.09175595703 -9.15542714844 8.70292303467 250.129770992 -74.4961832061 10.7480916031 END
START -0.339976635742 -13.1633207275 8.23605371094 250.129770992 -72.9236641221 13.1526717557 END
START -3.28963308105 -12.7898252686 5.95916793213 250.129770992 -79.6564885496 2.4427480916 END
START 1.04626612549 -13.1058598877 4.62799180908 250.129770992 -76.786259542 13.2290076336 END
START 8.25281312256 -0.486022937012 6.88572397461 250.129770992 -72.5267175573 6.86259541985 END
START 3.96479794922 -15.4258412964 8.71968244629 250.129770992 -73.4503816794 2.31297709924 END
START -2.44687409668 -9.24640681152 7.18499918213 250.129770992 -77.7099236641 -0.618320610687 END
START -0.737414111328 -11.8680576294 4.34308181152 250.129770992 -88.3053435115 2.67175572519 END
START 8.88967076416 -7.98945093994 10.793061084 250.129770992 -85.4961832061 7.14503816794 END
START 4.08211383057 -1.01035310059 6.22492431641 250.129770992 -80.2671755725 4.54961832061 END
START -1.32638771973 -12.0619879639 5.95916793213 250.129770992 -74.1832061069 2.76335877863 END
START -1.62326872559 -9.00698664551 7.07007750244 250.129770992 -85.0 7.30534351145 END
START -0.672770666504 -4.20421811523 5.70777675781 250.129770992 -87.9007633588 11.106870229 END
START -0.332794030762 -17.1879737183 4.97754525146 250.129770992 -76.7480916031 17.8854961832 END
START 1.36708914795 -4.61841500244 8.28154354248 250.129770992 -82.4809160305 10.8778625954 END
START -2.4636335083 -10.4506902466 9.68215151367 250.129770992 -78.6030534351 7.99236641221 END
START -7.35977590332 -14.343662146 6.22971271973 250.129770992 -78.534351145 10.1450381679 END
START 8.61433757324 -10.3788641968 9.43076033936 250.129770992 -87.6335877863 0.916030534351 END
START 3.65115753174 -5.48272180176 7.54173522949 250.129770992 -93.5801526718 2.87786259542 END
START -4.81234533691 -12.0955067871 6.52898792725 250.129770992 -94.0687022901 11.7938931298 END
START 8.21929429932 -12.6270195557 7.80270321045 250.129770992 -95.7938931298 1.51145038168 END
START -2.73896669922 -8.74841286621 10.4435076416 250.129770992 -86.7251908397 -2.61832061069 END
START -4.82431634521 -7.77876119385 7.86974085693 250.129770992 -84.4885496183 11.6183206107 END
START 4.2784383667 -12.4833674561 6.36139381104 250.129770992 -85.3435114504 11.6106870229 END
START 1.96324536133 -7.61116707764 8.84896933594 250.129770992 -89.0152671756 0.274809160305 END
START 7.11796153564 -9.60074865723 6.62954439697 250.129770992 -89.3511450382 11.1526717557 END
START 0.557848986816 -4.29998618164 9.56483563232 250.129770992 -97.0916030534 -0.480916030534 END
START -0.847547387695 -12.0859299805 8.21929429932 250.129770992 -90.0534351145 15.4503816794 END
START 7.65426270752 -9.41400092773 12.1002951904 250.129770992 -91.358778626 5.64885496183 END
START 6.50025750732 -11.5208983887 7.23048901367 250.129770992 -94.0152671756 21.786259542 END
START 3.16274039307 -6.77559069824 8.60236656494 250.129770992 -86.4580152672 5.98473282443 END
START -0.553060583496 -7.83622203369 2.18590611572 250.129770992 -84.6030534351 3.65648854962 END
START 0.220266552734 -8.83220992432 7.44117875977 250.129770992 -85.0916030534 0.297709923664 END
START 5.03261188965 -10.172962854 7.96550892334 250.129770992 -87.4122137405 6.90076335878 END
START 1.20428343506 -6.7660138916 5.80593902588 250.129770992 -83.8778625954 3.32061068702 END
START 5.59285507812 -14.2383172729 9.58638344727 250.129770992 -70.572519084 -2.79389312977 END
START -2.32716401367 -12.6413847656 4.63996281738 250.129770992 -75.8320610687 -2.43511450382 END
START -6.26323154297 -11.8608750244 8.29590875244 250.129770992 -82.3129770992 4.61832061069 END
START -1.66875855713 -8.25281312256 7.22330640869 250.129770992 -85.4427480916 12.213740458 END
START 3.15555778809 -11.2958434326 10.9008001587 250.129770992 -87.2824427481 5.62595419847 END
START 1.41736738281 -12.0835357788 4.08450803223 250.129770992 -75.641221374 7.54198473282 END
START -0.91458503418 -1.47003981934 10.4698438599 250.129770992 -77.9770992366 2.52671755725 END
START -6.95994422607 -9.04289967041 6.24168372803 250.129770992 -67.5114503817 2.52671755725 END
START 3.13161577148 -11.6334258667 8.89206496582 250.129770992 -72.1297709924 0.832061068702 END
START 2.95444484863 -7.25921943359 3.40216055908 250.129770992 -66.6259541985 2.0534351145 END
START 0.0861912597656 -13.7977841675 7.99902774658 250.129770992 -61.7938931298 3.13740458015 END
START 8.67419261475 -8.04930598145 11.3724578857 250.129770992 -58.358778626 5.8320610687 END
START 1.22583125 -4.34547601318 3.3590649292 250.129770992 -57.6870229008 15.6030534351 END
START 7.46512077637 -8.60954916992 9.47864437256 250.129770992 -57.6946564885 8.0534351145 END
START 5.87297667236 -2.32237561035 9.41639512939 250.129770992 -64.5572519084 6.82442748092 END
START 8.03015236816 -16.5319624634 9.92875428467 250.129770992 -48.5190839695 5.89312977099 END
START 10.8505219238 -12.2128226685 8.75559547119 250.129770992 -48.6259541985 11.1145038168 END
START 1.78607443848 -13.476961145 7.43399615479 250.129770992 -53.8702290076 4.43511450382 END
START 7.34062229004 -8.09000740967 8.31266816406 250.129770992 -67.9618320611 11.641221374 END
START 2.36307703857 -8.59039555664 6.66066901855 250.129770992 -76.1984732824 -5.25190839695 END
START 6.742071875 -14.6908213867 14.2670476929 250.129770992 -72.4198473282 2.85496183206 END
START 2.38701905518 -10.2783077271 11.025298645 250.129770992 -69.1374045802 9.3893129771 END
START -3.26090266113 -7.49624539795 8.64546219482 250.129770992 -75.641221374 13.9160305344 END
START 2.28406838379 -12.0811415771 5.95916793213 250.129770992 -74.6564885496 2.91603053435 END
START -2.67911165771 -6.99106884766 5.76763179932 250.129770992 -77.7786259542 12.2748091603 END
START 0.201112939453 -13.1681091309 8.03494077148 250.129770992 -77.320610687 17.2290076336 END
START -0.325611425781 -12.8424977051 0.799663354492 250.129770992 -77.1450381679 6.67175572519 END
START 6.36618221436 -14.709975 5.46596239014 250.129770992 -79.8702290076 3.36641221374 END
START 5.40610734863 -12.7754600586 5.269637854 250.129770992 -87.0839694656 6.15267175573 END
START 0.981622680664 -7.34541069336 4.90093079834 250.129770992 -72.4885496183 0.328244274809 END
START 5.71974776611 -11.6837041016 5.14753356934 250.129770992 -77.7938931298 14.9618320611 END
START 5.84424625244 -8.78432589111 7.79552060547 250.129770992 -81.3358778626 0.763358778626 END
START -4.41969626465 -6.92881960449 10.2304236938 250.129770992 -64.5114503817 14.9618320611 END
START 3.95761534424 -1.96324536133 5.04458289795 250.129770992 -77.0992366412 19.0458015267 END
START 0.402225878906 -5.34864650879 4.55616575928 250.129770992 -68.8473282443 15.7404580153 END
START 7.18260498047 -6.56968935547 12.2487356934 250.129770992 -61.9923664122 8.10687022901 END
START -6.26323154297 -8.23365950928 4.43406147461 250.129770992 -65.7480916031 9.3893129771 END
START -0.294486804199 -9.53131680908 4.14675727539 250.129770992 -58.6335877863 8.12977099237 END
START -6.90966599121 -7.42441934814 6.79474431152 250.129770992 -73.7328244275 8.16030534351 END
START 2.42293208008 -12.2343704834 4.96078583984 250.129770992 -62.0610687023 15.7175572519 END
START -6.03817658691 -12.1266314087 10.1011368042 250.129770992 -62.1145038168 -0.870229007634 END
START -1.38863696289 -7.77157858887 6.11957944336 250.129770992 -68.4580152672 4.56488549618 END
START 0.31124621582 -14.0539637451 1.35032973633 250.129770992 -54.5038167939 9.59541984733 END
START -0.61770402832 -18.8687032837 9.26795462646 250.129770992 -43.8396946565 12.5267175573 END
START 2.06140762939 -15.5120325562 5.94240852051 250.129770992 -60.5267175573 9.52671755725 END
START -3.13161577148 -10.5656119263 7.77157858887 250.129770992 -62.358778626 13.3740458015 END
START 0.536301171875 -7.48666859131 5.07810172119 250.129770992 -59.4198473282 14.8549618321 END
START -5.97113894043 -9.43554874268 6.11957944336 250.129770992 -73.7633587786 8.31297709924 END
START -3.93127912598 -15.3731688599 9.97903251953 250.129770992 -70.358778626 2.48854961832 END
START -10.7140524292 -8.16901606445 12.3349269531 250.129770992 -65.4045801527 3.70229007634 END
START -6.19858809814 -10.9750204102 11.2359883911 250.129770992 -75.3740458015 3.84732824427 END
START 1.22822545166 -10.2830961304 10.5704003296 250.129770992 -86.7480916031 5.47328244275 END
START -2.03507141113 -13.1561381226 7.26640203857 250.129770992 -82.9465648855 0.129770992366 END
START 3.03824190674 -12.2295820801 9.83298621826 250.129770992 -86.6870229008 7.64122137405 END
START 3.9360675293 -4.15633408203 8.2384479126 250.129770992 -77.7709923664 11.2595419847 END
START 14.5232272705 -10.905588562 6.06211860352 250.129770992 -78.7404580153 11.4580152672 END
START 5.84185205078 -11.7004635132 9.76355437012 250.129770992 -74.4961832061 17.4351145038 END
START 9.49540378418 -12.6509615723 6.7061588501 250.129770992 -67.5038167939 3.8320610687 END
START 7.33343968506 -10.9582609985 10.4650554565 250.129770992 -60.1221374046 12.6564885496 END
START 7.44836136475 -16.5247798584 11.0588174683 250.129770992 -49.4885496183 3.73282442748 END
START 0.193930334473 -12.5599819092 9.60074865723 250.129770992 -60.3740458015 -1.8320610687 END
START 12.4474544312 -13.7115929077 3.51708223877 250.129770992 -50.5038167939 7.35114503817 END
START 3.10767375488 -11.0372696533 5.77002600098 250.129770992 -65.3969465649 5.72519083969 END
START 3.37821854248 -10.0652237793 4.97993945312 250.129770992 -59.7404580153 -0.320610687023 END
START -2.08295544434 -6.07648381348 5.26724365234 250.129770992 -62.213740458 -3.87022900763 END
START 0.821211169434 -11.8393272095 9.30386765137 250.129770992 -75.0610687023 -0.984732824427 END
START -5.30076247559 -9.69412252197 8.68376942139 250.129770992 -71.7022900763 7.56488549618 END
START -3.80199223633 -4.20900651855 6.94797321777 250.129770992 -72.9389312977 7.31297709924 END
START 4.06296021729 -7.04134708252 8.27914934082 250.129770992 -64.6717557252 5.0 END
START 3.57214887695 -7.17781657715 5.72693037109 250.129770992 -72.9618320611 5.70229007634 END
START 0.45250411377 -3.79241542969 5.44680877686 250.129770992 -68.5801526718 6.46564885496 END