START 3.6176387085 -13.5823060181 12.4809732544 250.129770992 -73.2442748092 0.0229007633588 END
START -0.0215478149414 -5.18823499756 12.0859299805 250.129770992 -83.9923664122 10.8320610687 END
START 6.59363137207 -10.7140524292 8.14986245117 250.129770992 -98.679389313 8.09923664122 END
START -2.82515795898 -12.7898252686 6.56729515381 250.129770992 -85.0381679389 1.77099236641 END
START -0.16041151123 -8.12831463623 8.63349118652 250.129770992 -82.2748091603 1.03053435115 END
START 0.251391174316 -10.0317049561 7.26640203857 250.129770992 -86.3282442748 5.19083969466 END
START -3.69185895996 -13.3069728271 15.0068560059 250.129770992 -80.0839694656 15.7022900763 END
START 5.06613071289 -14.2957781128 7.10359632568 250.129770992 -63.1297709924 5.62595419847 END
START -4.81234533691 -7.86734665527 6.21774171143 250.129770992 -70.7557251908 2.67175572519 END
START -2.5115175415 -5.53539423828 7.28555565186 250.129770992 -84.0992366412 12.7938931298 END
START -0.840364782715 -9.29189664307 8.76756647949 250.129770992 -87.7633587786 15.6106870229 END
START 5.39653054199 -8.8992475708 2.82515795898 250.129770992 -79.6870229008 16.7709923664 END
START 1.82917006836 -8.39885942383 5.56173045654 250.129770992 -80.8625954198 16.6259541985 END
START 1.22343704834 -8.99022723389 9.64145008545 250.129770992 -79.1679389313 8.09923664122 END
START 3.21541282959 -9.7707369751 9.15303294678 250.129770992 -82.106870229 8.77099236641 END
START 4.45082088623 -14.3723925659 6.45237347412 250.129770992 -90.3129770992 9.23664122137 END
START -4.656722229 -4.47476290283 4.47476290283 250.129770992 -97.7251908397 -0.526717557252 END
START 4.93684382324 -7.55849464111 6.4116720459 250.129770992 -102.65648855 11.0458015267 END
START -1.1659762085 -9.33738647461 9.29907924805 250.129770992 -99.320610687 9.06106870229 END
START 7.64708010254 -11.1881043579 4.55616575928 250.129770992 -93.6030534351 6.4427480916 END
START 3.90254870605 -8.25281312256 5.03740029297 250.129770992 -103.709923664 7.90076335878 END
START -1.68312376709 -7.12993254395 7.6973583374 250.129770992 -104.038167939 15.1679389313 END
START -0.586579406738 -7.47709178467 7.71411774902 250.129770992 -104.145038168 1.35877862595 END
START -1.86987149658 -5.99508095703 10.5799771362 250.129770992 -104.923664122 10.7175572519 END
START 8.93994899902 -10.3501337769 7.40526573486 250.129770992 -102.511450382 -1.70229007634 END
START 2.87064779053 -9.86171663818 5.94480272217 250.129770992 -104.786259542 -2.48091603053 END
START 4.39814844971 -11.3580926758 5.75805499268 250.129770992 -89.6030534351 22.0610687023 END
START -2.26252056885 -10.8553103271 12.737152832 250.129770992 -81.5267175573 10.3129770992 END
START -0.500388146973 -6.69179364014 5.81791003418 250.129770992 -89.7251908397 11.4427480916 END
START -1.06302553711 -10.2184526855 5.96156213379 250.129770992 -83.7175572519 3.64885496183 END
START 0.624886633301 -12.24394729 6.68700523682 250.129770992 -82.1145038168 10.3053435115 END
START -0.191536132812 -12.5432224976 13.8001783691 250.129770992 -98.0152671756 9.81679389313 END
START -1.11090957031 -11.1402203247 6.09563742676 250.129770992 -105.152671756 4.56488549618 END
START -3.88818349609 -0.45250411377 10.9319247803 250.129770992 -104.366412214 18.5114503817 END
START 0.114921679688 -3.55299526367 9.78031378174 250.129770992 -104.534351145 1.80152671756 END
START 1.28329208984 -6.02620557861 12.5863181274 250.129770992 -103.801526718 5.0 END
START -5.94001431885 -10.8672813354 7.14908615723 250.129770992 -103.938931298 2.67938931298 END
START 6.82586893311 -7.43160195312 8.38688841553 250.129770992 -101.748091603 5.45038167939 END
START -0.524330163574 -9.78031378174 6.49786330566 250.129770992 -104.541984733 4.25190839695 END
START 6.32069238281 -10.4219598267 9.79228479004 250.129770992 -98.1984732824 -4.31297709924 END
START 6.62715019531 -5.94959112549 8.55208833008 250.129770992 -93.8015267176 9.72519083969 END
START 5.46596239014 -11.0851536865 13.1058598877 250.129770992 -67.4961832061 7.06870229008 END
START 8.42040723877 -8.13789144287 7.22570061035 250.129770992 -55.9923664122 7.11450381679 END
START 10.2783077271 -9.5001921875 9.21288798828 250.129770992 -33.8015267176 0.427480916031 END
START 7.16584556885 -11.2335941895 7.04613548584 250.129770992 -32.3282442748 3.75572519084 END
START -0.928950244141 -7.0844427124 9.66539210205 250.129770992 -34.9465648855 10.0610687023 END
START 13.9414362671 -11.3054202393 4.77164390869 250.129770992 -35.9007633588 1.12213740458 END
START 8.40125362549 -4.26886156006 6.32548078613 250.129770992 -42.6259541985 6.43511450382 END
START 8.08761320801 -4.91050760498 11.3509100708 250.129770992 -33.9465648855 -3.12977099237 END
START -1.1659762085 -8.85854614258 11.8536924194 250.129770992 -58.2748091603 12.0839694656 END
START -7.23527741699 -7.96072052002 9.28231983643 250.129770992 -56.5648854962 8.67938931298 END
START 1.13006318359 -8.79150849609 8.6406737915 250.129770992 -59.213740458 12.2900763359 END
START -3.44046778564 -10.4435076416 5.21217701416 250.129770992 -63.4427480916 -0.603053435115 END
START 1.09175595703 -9.70130512695 10.8217915039 250.129770992 -61.465648855 6.15267175573 END
START 0.629675036621 -9.41160672607 8.45871446533 250.129770992 -50.1450381679 13.2671755725 END
START 2.87783039551 -10.1921164673 9.09796630859 250.129770992 -56.7328244275 12.9236641221 END
START 3.85227047119 -11.0923362915 10.6398321777 250.129770992 -60.0610687023 -3.45801526718 END
START -3.69664736328 -4.54180054932 5.37737692871 250.129770992 -72.1908396947 0.229007633588 END
START 0.222660754395 -8.90882437744 7.01740506592 250.129770992 -59.6183206107 5.96946564885 END
START -0.15083470459 -7.22330640869 12.4570312378 250.129770992 -60.2213740458 0.534351145038 END
START -4.67348164062 -10.4147772217 6.76122548828 250.129770992 -62.2519083969 -2.03816793893 END
START 1.34793553467 -10.5440641113 6.56250675049 250.129770992 -62.6870229008 -0.0916030534351 END
START 2.70305367432 -7.01740506592 11.8656634277 250.129770992 -64.7633587786 6.91603053435 END
START -4.81473953857 -9.07402429199 9.18415756836 250.129770992 -63.9160305344 9.01526717557 END
START -2.89219560547 -11.7052519165 3.43328518066 250.129770992 -61.3511450382 9.35877862595 END
START 8.35576379395 -3.9360675293 7.38132371826 250.129770992 -49.0763358779 -4.6106870229 END
START -4.17309349365 -8.827421521 6.27759675293 250.129770992 -66.9007633588 10.2290076336 END
START -2.84431157227 -8.18098707275 6.18661708984 250.129770992 -64.5877862595 6.7786259542 END
START 5.71495936279 -6.12676204834 7.75481917725 250.129770992 -59.9160305344 9.98473282443 END
START 4.39096584473 -10.5775829346 7.15626876221 250.129770992 -49.534351145 9.27480916031 END
START -1.15161099854 -6.30153876953 8.91600698242 250.129770992 -59.4732824427 8.29007633588 END
START 2.82515795898 -10.3429511719 11.4801969604 250.129770992 -53.3740458015 6.12977099237 END
START -3.36624753418 -7.20894119873 5.1738697876 250.129770992 -66.3893129771 14.8549618321 END
START 1.35751234131 -9.5480762207 6.23689532471 250.129770992 -66.893129771 9.23664122137 END
START -3.90494290771 -0.244208569336 8.72686505127 250.129770992 -71.3740458015 -2.8320610687 END
START 1.31202250977 -1.65199914551 5.10204373779 250.129770992 -69.6259541985 2.89312977099 END
START -0.648828649902 -7.83622203369 12.9622077881 250.129770992 -93.0534351145 -0.679389312977 END
START 1.32159931641 -9.43794294434 11.0564232666 250.129770992 -86.465648855 1.64885496183 END
START -2.25773216553 -8.31266816406 12.026074939 250.129770992 -85.1374045802 7.74045801527 END
START 6.17464608154 -12.7227876221 4.42209046631 250.129770992 -89.8702290076 11.6488549618 END
START 1.7669208252 -14.4370360107 4.95599743652 250.129770992 -101.572519084 5.06106870229 END
START 4.13478626709 -8.43956085205 7.72369455566 250.129770992 -93.5877862595 3.03816793893 END
START 13.8863696289 -8.66222160645 6.75883128662 250.129770992 -79.8091603053 -5.38167938931 END
START 7.01022246094 -7.73805976562 7.35019909668 250.129770992 -70.7633587786 7.57251908397 END
START 16.4529538086 -6.91924279785 8.05888278809 250.129770992 -53.9007633588 -0.450381679389 END
START 6.55053574219 -14.2694418945 7.05331809082 250.129770992 -47.0839694656 9.65648854962 END
START 2.21463653564 -12.617442749 11.8177793945 250.129770992 -34.3893129771 3.64122137405 END
START 1.35751234131 -10.307038147 11.6956751099 250.129770992 -40.2824427481 8.26717557252 END
START 1.34314713135 -10.7427828491 10.2232410889 250.129770992 -50.9312977099 5.9465648855 END
START -3.38540114746 -7.51539901123 8.12352623291 250.129770992 -47.9923664122 3.87786259542 END
START -1.19949503174 -9.35414588623 5.18105239258 250.129770992 -53.3129770992 7.35114503817 END
START 5.20020600586 -10.0915599976 8.38449421387 250.129770992 -63.7328244275 8.20610687023 END
START 7.28555565186 -16.9701013672 4.76206710205 250.129770992 -64.0687022901 6.63358778626 END
START -3.50032282715 -4.73573088379 6.61996759033 250.129770992 -70.1603053435 0.587786259542 END
START -0.861912597656 -6.93600220947 7.43160195312 250.129770992 -67.9465648855 2.03053435115 END