START 3.9959225708 -6.54814154053 7.65426270752 250.129770992 -98.6183206107 13.2824427481 END
START -2.27927998047 -12.138602417 7.18021077881 250.129770992 -88.7480916031 -2.51908396947 END
START -3.29442148437 -11.3604868774 1.8267758667 250.129770992 -85.1374045802 4.96183206107 END
START 4.55137735596 -11.9518546875 7.97029732666 250.129770992 -83.320610687 12.213740458 END
START 9.15063874512 -12.4857616577 7.16823977051 250.129770992 -85.0458015267 4.6106870229 END
START -4.90571920166 -9.7707369751 4.18745870361 250.129770992 -91.427480916 12.1221374046 END
START 0.92416184082 -9.35414588623 4.40772525635 250.129770992 -98.8167938931 8.25190839695 END
START -1.81959326172 -7.53694682617 8.96389101563 250.129770992 -94.0839694656 2.81679389313 END
START -1.03429511719 -7.44357296143 7.55131203613 250.129770992 -93.427480916 6.04580152672 END
START -1.5442600708 -11.2168347778 7.18739338379 250.129770992 -90.2671755725 4.4427480916 END
START 2.4516625 -12.1122661987 7.97508572998 250.129770992 -96.7404580153 4.0 END
START -3.77565601807 -9.06923588867 5.69341154785 250.129770992 -88.2824427481 9.14503816794 END
START -0.248996972656 -4.80276853027 5.19062919922 250.129770992 -100.671755725 -2.50381679389 END
START 8.53532891846 -15.0858646606 8.51138690186 250.129770992 -103.916030534 9.1679389313 END
START -1.14442839355 -8.62630858154 5.516240625 250.129770992 -104.427480916 3.17557251908 END
START 3.22259543457 -7.79552060547 5.93283171387 250.129770992 -98.534351145 3.25954198473 END
START 3.01908829346 -8.10676682129 4.8913539917 250.129770992 -104.213740458 -1.9465648855 END
START 6.53856473389 -1.71664259033 9.5001921875 250.129770992 -101.526717557 6.60305343511 END
START 6.46195028076 -8.57603034668 1.30962830811 250.129770992 -100.824427481 4.2213740458 END
START 2.20984813232 -3.62003291016 4.9751510498 250.129770992 -84.6946564885 6.48091603053 END
START -4.17309349365 -9.14345614014 7.0844427124 250.129770992 -82.4351145038 5.72519083969 END
START 4.55616575928 -9.77791958008 7.39329472656 250.129770992 -82.0229007634 4.40458015267 END
START -5.25048424072 -6.375759021 11.8872112427 250.129770992 -78.7633587786 2.40458015267 END
START -2.34152922363 -9.04529387207 9.10514891357 250.129770992 -82.1450381679 -3.57251908397 END
START -1.31441671143 -14.5663229004 12.2367646851 250.129770992 -90.9160305344 3.14503816794 END
START -10.0436759644 -9.09557210693 13.3931640869 250.129770992 -94.8549618321 4.38167938931 END
START -4.99430466309 -1.83395847168 8.11873782959 250.129770992 -104.580152672 2.52671755725 END
START -1.5322890625 -9.46188496094 8.17619866943 250.129770992 -104.34351145 11.427480916 END
START 2.17872351074 -9.63426748047 8.11873782959 250.129770992 -104.450381679 11.2213740458 END
START -0.739808312988 -11.4682259521 11.1138841064 250.129770992 -104.389312977 2.23664122137 END
START 0.284909997559 -6.20337650146 12.018892334 250.129770992 -103.381679389 8.69465648855 END
START -1.57299049072 -4.56813676758 8.51378110352 250.129770992 -104.06870229 1.32061068702 END
START -0.107739074707 -6.65348641357 6.72531246338 250.129770992 -96.1755725191 11.6030534351 END
START -0.0239420166016 -11.4586491455 5.25287844238 250.129770992 -104.175572519 8.30534351145 END
START 7.93438430176 -12.011709729 4.50349332275 250.129770992 -92.9923664122 10.5114503817 END
START 2.2170307373 -11.1162783081 6.05493599854 250.129770992 -75.320610687 5.60305343511 END
START 3.46201560059 -11.1186725098 10.4411134399 250.129770992 -72.0763358779 0.030534351145 END
START -0.124498486328 -7.06528909912 3.91930811768 250.129770992 -49.3511450382 -1.35114503817 END
START 4.44124407959 -8.77474908447 8.69334622803 250.129770992 -53.0992366412 7.26717557252 END
START 4.18267030029 -8.15465085449 7.92720169678 250.129770992 -35.1221374046 -3.06106870229 END
START 14.8679923096 -7.62074388428 12.0643821655 250.129770992 -23.1755725191 -2.32061068702 END
START 1.82438166504 -12.3373211548 6.1650692749 250.129770992 -34.8396946565 -0.435114503817 END
START 5.24809003906 -11.0995188965 10.9247421753 250.129770992 -31.8702290076 -2.37404580153 END
START 5.56173045654 -9.25119521484 7.96311472168 250.129770992 -34.6106870229 2.31297709924 END
START 0.644040246582 -7.13950935059 8.14507404785 250.129770992 -37.9236641221 2.88549618321 END
START 0.802057556152 -7.05571229248 9.37090529785 250.129770992 -35.9694656489 3.03053435115 END
START 0.737414111328 -8.72207664795 9.39005891113 250.129770992 -40.5801526718 -0.870229007634 END
START 1.26892687988 -8.05409438477 7.108384729 250.129770992 -55.3664122137 4.82442748092 END
START 1.07499654541 -18.0810109375 9.48343277588 250.129770992 -42.9465648855 -1.21374045802 END
START 1.97282216797 -4.83868155518 16.8168724609 250.129770992 -63.4122137405 -1.51145038168 END
START 0.354341845703 -5.5760956665 5.52342322998 250.129770992 -58.9160305344 1.53435114504 END
START -1.14682259521 -16.7402580078 7.75003077393 250.129770992 -60.3969465649 13.1145038168 END
START 0.258573779297 -11.5496288086 6.80910952148 250.129770992 -62.3740458015 12.0152671756 END
START -4.96557424316 -8.99501563721 11.01811604 250.129770992 -68.4503816794 17.3816793893 END
START -3.3231519043 -4.43884987793 9.99100352783 250.129770992 -69.2748091603 7.78625954198 END
START 3.7134067749 -10.1226846191 5.04937130127 250.129770992 -77.1145038168 -3.07633587786 END
START 7.24964262695 -10.067617981 8.84418093262 250.129770992 -76.213740458 3.47328244275 END
START 0.675164868164 -10.539275708 11.5520230103 250.129770992 -68.8167938931 12.9160305344 END
START 4.16591088867 -7.86016405029 5.40610734863 250.129770992 -76.2519083969 5.90076335878 END
START -3.71819517822 -5.91846650391 7.78354959717 250.129770992 -74.2213740458 6.07633587786 END
START -0.131681091309 -6.84502254639 4.85304676514 250.129770992 -76.2213740458 6.70229007634 END
START 0.60573302002 -10.3333743652 6.46434448242 250.129770992 -74.1603053435 0.12213740458 END
START -3.20823022461 -8.41801303711 5.74368978271 250.129770992 -70.4961832061 9.38167938931 END
START -9.1697923584 -6.34224019775 8.08282480469 250.129770992 -81.0916030534 5.48091603053 END
START 0.244208569336 -4.34787021484 9.96706151123 250.129770992 -73.0 -3.48091603053 END
START -2.45645090332 -14.7841952515 6.48589229736 250.129770992 -65.0152671756 7.80916030534 END
START 7.84340463867 -12.4139356079 4.96796844482 250.129770992 -75.0305343511 0.63358778626 END
START 2.07816704102 -7.57764825439 6.50025750732 250.129770992 -69.2748091603 -0.24427480916 END
START 0.244208569336 -14.3053549194 8.59757816162 250.129770992 -74.0992366412 9.45038167939 END
START 3.77805021973 -9.82580361328 7.35019909668 250.129770992 -60.7633587786 4.11450381679 END
START 5.60961448975 -12.4426660278 4.72854827881 250.129770992 -65.0305343511 6.3893129771 END
START -2.33195241699 -11.4730143555 8.18098707275 250.129770992 -70.0305343511 2.49618320611 END
START -1.54186586914 -5.61440289307 4.05338341064 250.129770992 -64.1450381679 2.09160305344 END
START 2.87304199219 -13.7403233276 7.06289489746 250.129770992 -63.7251908397 16.7557251908 END
START -5.00388146973 -2.54503636475 6.12436784668 250.129770992 -67.2213740458 3.19847328244 END
START 0.627280834961 -10.6278611694 5.62158549805 250.129770992 -58.4045801527 3.35114503817 END
START -6.72052406006 -4.44124407959 12.1793038452 250.129770992 -80.2061068702 9.22900763359 END
START -7.94874951172 -11.3676694824 4.86262357178 250.129770992 -100.114503817 4.48091603053 END
START -7.02698187256 -8.05648858643 8.89685336914 250.129770992 -95.2213740458 4.01526717557 END
START -1.79565124512 -17.5686517822 8.34379278564 250.129770992 -97.0076335878 5.08396946565 END
START -0.045489831543 -4.2305543335 10.3214033569 250.129770992 -97.5877862595 4.0 END
START -5.29836827393 -11.391611499 7.69975253906 250.129770992 -98.6183206107 2.01526717557 END
START 3.57693728027 -8.88009395752 11.5232925903 250.129770992 -96.0152671756 4.41221374046 END
START 8.9351605957 -10.6470147827 8.16662186279 250.129770992 -99.2671755725 4.1679389313 END
START 4.34308181152 -11.9901619141 8.94952580566 250.129770992 -96.8015267176 10.8778625954 END
START -2.05183082275 -13.0172744263 8.5209637085 250.129770992 -73.0916030534 5.39694656489 END
START -2.54982476807 -9.5361052124 4.80516273193 250.129770992 -100.259541985 12.8167938931 END
START 7.62074388428 -6.64869801025 5.15232197266 250.129770992 -94.6488549618 8.72519083969 END
START 9.36611689453 -6.55292994385 2.88980140381 250.129770992 -81.0534351145 5.93129770992 END
START 10.2543657104 -7.76918438721 3.72298358154 250.129770992 -78.8473282443 10.8167938931 END
START 6.70855305176 -10.5201220947 3.7253777832 250.129770992 -63.2977099237 10.5954198473 END
START 11.3054202393 -14.10424198 12.6725093872 250.129770992 -55.8320610687 5.46564885496 END
START 8.15225665283 -5.86579406738 7.89368287354 250.129770992 -49.465648855 11.6717557252 END
START 2.26252056885 -11.6430026733 2.15238729248 250.129770992 -53.3664122137 7.70229007634 END
START 5.25527264404 -4.38617744141 4.70460626221 250.129770992 -43.9465648855 5.45801526718 END
START 4.07971962891 -10.0221281494 4.75967290039 250.129770992 -53.2977099237 7.90076335878 END
START 10.9582609985 -6.87135876465 14.4059113892 250.129770992 -45.2366412214 8.84732824427 END
START -0.967257470703 -14.1832506348 10.5416699097 250.129770992 -37.320610687 3.76335877863 END
START -1.69988317871 -11.6908867065 12.1745154419 250.129770992 -42.1832061069 1.96946564885 END
START 8.03733497314 -11.2288057861 14.2598650879 250.129770992 -46.9694656489 8.09923664122 END
START 9.56962403564 -12.3516863647 4.58968458252 250.129770992 -46.213740458 8.02290076336 END
START 3.57454307861 -8.44434925537 2.48278712158 250.129770992 -47.1908396947 12.0763358779 END
START 2.43250888672 -17.654843042 8.23605371094 250.129770992 -53.8320610687 7.3893129771 END
START 4.08929643555 -4.24013114014 5.97353314209 250.129770992 -53.9312977099 11.1145038168 END
START 2.24815535889 -11.3365448608 7.0844427124 250.129770992 -56.0458015267 5.06870229008 END
START 1.98958157959 -8.48505068359 12.3445037598 250.129770992 -58.3435114504 -1.16030534351 END
START 4.27125576172 -13.9988971069 2.62883342285 250.129770992 -76.4580152672 3.24427480916 END
START 2.00873519287 -16.7043449829 9.55047042236 250.129770992 -76.0229007634 4.12977099237 END
START -4.47715710449 -15.4665427246 1.58974990234 250.129770992 -71.358778626 10.0305343511 END