START 3.17710560303 -16.6301247314 11.5592056152 250.129770992 -81.3816793893 3.3358778626 END
START 4.28562097168 -8.75320126953 7.74045396729 250.129770992 -80.1832061069 10.2061068702 END
START 6.60799658203 -5.4803276001 5.17865819092 250.129770992 -94.0916030534 4.29007633588 END
START 3.3231519043 -8.9351605957 9.10275471191 250.129770992 -95.2519083969 14.2671755725 END
START -2.71263048096 -10.0700121826 5.93283171387 250.129770992 -92.534351145 7.17557251908 END
START -0.488417138672 -11.0755768799 4.41011945801 250.129770992 -80.5114503817 3.63358778626 END
START -2.05661922607 -12.2774661133 12.2822545166 250.129770992 -92.7709923664 14.9083969466 END
START 3.15555778809 -9.92396588135 13.2854250122 250.129770992 -85.2290076336 -4.15267175573 END
START -8.95192000732 -11.4251303223 10.038887561 250.129770992 -69.4503816794 12.4885496183 END
START 3.81875164795 -5.03261188965 7.75960758057 250.129770992 -74.786259542 3.81679389313 END
START -0.91219083252 -10.5704003296 4.68305844727 250.129770992 -76.1679389313 13.0534351145 END
START -1.2378022583 -5.67425793457 10.2878845337 250.129770992 -91.5572519084 0.18320610687 END
START -2.75333190918 -16.2087452393 8.50659849854 250.129770992 -93.3511450382 12.3053435115 END
START -0.0119710083008 -8.8633345459 6.57687196045 250.129770992 -91.2977099237 2.99236641221 END
START -1.92733233643 -16.2135336426 8.96149681396 250.129770992 -87.9160305344 3.7786259542 END
START 2.7700913208 -9.95748470459 4.8674119751 250.129770992 -78.1297709924 4.35877862595 END
START 1.63763393555 -8.74123026123 4.02225878906 250.129770992 -71.3893129771 6.64885496183 END
START -3.95282694092 -5.49948121338 10.919953772 250.129770992 -82.9236641221 -3.50381679389 END
START 0.964863269043 -9.53371101074 5.94001431885 250.129770992 -80.786259542 16.1908396947 END
START 5.14513936768 -8.5688477417 7.00782825928 250.129770992 -93.4961832061 4.54198473282 END
START 6.5074401123 -5.48990440674 9.62229647217 250.129770992 -84.2366412214 12.2900763359 END
START 3.70382996826 -11.3676694824 7.17063397217 250.129770992 -62.7022900763 6.49618320611 END
START 2.10689746094 -7.9200190918 5.69819995117 250.129770992 -54.1526717557 9.20610687023 END
START 1.62805712891 -12.6533557739 7.41244833984 250.129770992 -72.5648854962 12.7099236641 END
START 3.56017786865 -1.65199914551 8.14986245117 250.129770992 -55.2595419847 6.35877862595 END
START 0.30885201416 -10.4913916748 11.3940057007 250.129770992 -64.0076335878 3.9465648855 END
START -1.98239897461 -3.62482131348 11.1114899048 250.129770992 -52.4427480916 2.21374045802 END
START 0.201112939453 -9.09796630859 6.11239683838 250.129770992 -53.8015267176 8.4427480916 END
START -1.35751234131 -12.363657373 12.3899935913 250.129770992 -31.3816793893 3.77099236641 END
START -0.265756384277 -5.65749852295 9.26316622314 250.129770992 -28.7633587786 6.84732824427 END
START -5.37019432373 -3.44525618896 5.57848986816 250.129770992 -22.1832061069 4.82442748092 END
START 5.4444145752 -12.6725093872 11.7459533447 250.129770992 -20.6030534351 2.3358778626 END
START -2.5115175415 -10.5416699097 9.35175168457 250.129770992 -33.0763358779 8.5572519084 END
START -1.11809217529 -10.4219598267 6.67264002686 250.129770992 -35.0839694656 5.61832061069 END
START 6.32787498779 -4.38138903809 4.79798012695 250.129770992 -34.4885496183 3.06870229008 END
START -2.29843359375 -8.65982740479 8.51617530518 250.129770992 -30.9236641221 9.65648854962 END
START 4.90811340332 -16.0818525513 7.6135612793 250.129770992 -32.893129771 7.30534351145 END
START -0.519541760254 -8.44434925537 6.26801994629 250.129770992 -32.0839694656 -2.38167938931 END
START 2.55461317139 -4.20661231689 7.69017573242 250.129770992 -32.6183206107 8.01526717557 END
START 5.64073911133 -8.81305631104 11.1019130981 250.129770992 -42.4503816794 2.14503816794 END
START 0.629675036621 -10.0317049561 5.61679709473 250.129770992 -41.2977099237 -1.75572519084 END
START 0.232237561035 -9.25119521484 4.99669886475 250.129770992 -33.9160305344 12.7099236641 END
START 2.99754047852 -12.0164981323 7.9918451416 250.129770992 -44.2824427481 12.7022900763 END
START -1.46285721436 -6.91684859619 0.375889660645 250.129770992 -49.7404580153 13.6870229008 END
START -4.3502644165 -3.56257207031 7.29034405518 250.129770992 -56.1221374046 17.7786259542 END
START 6.4595560791 -9.56483563232 4.40293685303 250.129770992 -59.5114503817 8.2213740458 END
START 1.18034141846 -17.4657011108 11.0971246948 250.129770992 -52.7633587786 2.69465648855 END
START -1.63523973389 -13.9055232422 7.68299312744 250.129770992 -64.893129771 26.3053435115 END
START 3.60327349854 -9.38766470947 4.92487281494 250.129770992 -71.9923664122 -2.6106870229 END
START 4.28083256836 -4.65432802734 5.38934793701 250.129770992 -72.6641221374 3.65648854962 END
START 5.07810172119 -10.4219598267 8.26717833252 250.129770992 -82.5648854962 12.7175572519 END
START 3.40934316406 -12.2463414917 15.2893718018 250.129770992 -85.6488549618 4.88549618321 END
START 0.423773693848 -10.2016932739 6.4236430542 250.129770992 -90.3893129771 5.5572519084 END
START -0.00718260498047 -8.89206496582 7.72848295898 250.129770992 -103.053435115 9.50381679389 END
START -2.71981308594 -7.35977590332 3.96719215088 250.129770992 -103.984732824 -3.90076335878 END
START 1.26892687988 -13.0747352661 7.81706842041 250.129770992 -104.549618321 1.51145038168 END
START 1.15639940186 -11.3580926758 6.97430943604 250.129770992 -102.86259542 9.93129770992 END
START 5.21217701416 -6.80910952148 10.0867715942 250.129770992 -105.160305344 -4.32824427481 END
START -1.95845695801 -6.26083734131 7.93917270508 250.129770992 -119.847328244 -0.992366412214 END
START 3.66312854004 -10.3429511719 9.12909093018 250.129770992 -122.175572519 12.3740458015 END
START 1.26653267822 -9.61990227051 6.83783994141 250.129770992 -117.190839695 4.47328244275 END
START -2.29364519043 -11.9303068726 5.14035096436 250.129770992 -104.908396947 2.51908396947 END
START -4.5968671875 -3.57454307861 4.49152231445 250.129770992 -107.977099237 3.93893129771 END
START 5.58088406982 -6.16267507324 8.43237824707 250.129770992 -119.824427481 3.06870229008 END
START 5.37737692871 -16.0962177612 5.83227524414 250.129770992 -117.511450382 7.08396946565 END
START 5.10922634277 -12.0428343506 5.67425793457 250.129770992 -106.396946565 0.259541984733 END
START -1.8986019165 -12.1098719971 10.6398321777 250.129770992 -104.442748092 8.14503816794 END
START 2.3918074585 -9.70848773193 5.90649549561 250.129770992 -103.877862595 -2.41221374046 END
START -4.21618912354 -2.80839854736 5.46596239014 250.129770992 -105.328244275 -3.35114503817 END
START 1.39581956787 -9.50498059082 6.77080229492 250.129770992 -103.687022901 5.2213740458 END
START -0.60573302002 -11.0731826782 8.46829127197 250.129770992 -95.0763358779 5.82442748092 END
START 5.36301171875 -12.8951701416 5.5521536499 250.129770992 -80.641221374 8.20610687023 END
START 5.96395633545 -10.2328178955 12.3516863647 250.129770992 -71.7175572519 8.70992366412 END
START -0.62009822998 -19.5917521851 7.98945093994 250.129770992 -69.4503816794 14.358778626 END
START 1.13724578857 -13.49850896 12.6078659424 250.129770992 -60.0763358779 4.07633587786 END
START 3.09091434326 -2.94965644531 14.5304098755 250.129770992 -61.1908396947 0.549618320611 END
START 2.04943662109 -5.52581743164 8.8753055542 250.129770992 -39.1374045802 16.320610687 END
START 0.0359130249023 -13.4673843384 10.046070166 250.129770992 -38.213740458 5.6106870229 END
START 1.45088620605 -12.1146604004 7.8960770752 250.129770992 -38.2519083969 -2.23664122137 END
START 3.0406361084 -6.86657036133 7.19218178711 250.129770992 -33.7022900763 10.2213740458 END
START 5.48751020508 -11.4849853638 6.90966599121 250.129770992 -31.8091603053 8.80916030534 END
START 3.52665904541 -10.2328178955 8.57363614502 250.129770992 -29.0076335878 7.11450381679 END
START 7.58004245605 -10.5440641113 4.51067592773 250.129770992 -34.7022900763 8.45801526718 END
START -3.59848509521 -6.98628044434 5.69101734619 250.129770992 -21.0610687023 5.51908396947 END
START 5.96874473877 -10.0580411743 9.58159504395 250.129770992 -27.9465648855 9.46564885496 END
START 2.50912333984 -9.17936916504 8.19056387939 250.129770992 -24.2900763359 0.160305343511 END
START 4.49631071777 -12.124237207 8.38210001221 250.129770992 -33.4045801527 7.41984732824 END
START 2.93768543701 -11.1737391479 6.41406624756 250.129770992 -33.0687022901 2.74045801527 END
START 1.36469494629 -8.24084211426 4.18267030029 250.129770992 -32.3358778626 -2.0534351145 END
START 2.87304199219 -12.9215063599 5.32949289551 250.129770992 -29.4809160305 6.24427480916 END
START 2.74375510254 -10.2112700806 11.5711766235 250.129770992 -40.2671755725 -1.40458015267 END
START 1.04387192383 -10.3501337769 7.80749161377 250.129770992 -52.641221374 -1.74809160305 END
START 9.41878933105 -8.51856950684 6.16746347656 250.129770992 -48.0 8.34351145038 END
START 1.19949503174 -9.22246479492 6.24407792969 250.129770992 -46.1145038168 5.54198473282 END
START 4.39575424805 -13.3692220703 5.1858407959 250.129770992 -58.2595419847 3.54961832061 END
START -3.71101257324 -5.45399138184 5.93283171387 250.129770992 -56.0610687023 7.14503816794 END
START -3.14837518311 -11.0636058716 6.14352145996 250.129770992 -64.0458015267 7.00763358779 END
START 5.89931289062 -10.3764699951 6.4356140625 250.129770992 -67.534351145 9.3358778626 END
START 3.19147081299 -11.9710083008 8.17141026611 250.129770992 -77.5190839695 -1.84732824427 END
START 1.95366855469 -13.5775176147 4.30477458496 250.129770992 -80.8625954198 7.35877862595 END
START -6.93121380615 -10.0819831909 5.16668718262 250.129770992 -88.9160305344 5.61832061069 END
START -1.46285721436 -5.34385810547 12.0955067871 250.129770992 -92.320610687 2.03816793893 END
START 8.66461580811 -8.31985076904 8.2623899292 250.129770992 -88.1526717557 2.84732824427 END
START 0.265756384277 -10.0293107544 3.19147081299 250.129770992 -105.427480916 6.1679389313 END
START -0.497993945312 -7.91044228516 7.19697019043 250.129770992 -104.717557252 -1.87022900763 END
START -0.220266552734 -4.91290180664 8.79629689941 250.129770992 -104.648854962 5.47328244275 END
START 3.04542451172 -7.33343968506 4.73094248047 250.129770992 -104.27480916 7.87786259542 END
START -3.17231719971 -15.8615859985 3.76368500977 250.129770992 -104.030534351 11.213740458 END
START -0.426167895508 -10.6685625977 10.6637741943 250.129770992 -104.083969466 6.04580152672 END
START -2.84431157227 -11.9279126709 6.43082565918 250.129770992 -105.06870229 7.79389312977 END
START 4.39575424805 -7.86734665527 4.46039769287 250.129770992 -104.534351145 7.64122137405 END
START 3.06697232666 -11.4969563721 9.93114848633 250.129770992 -103.839694656 2.34351145038 END
START -5.05655390625 -10.6374379761 11.7411649414 250.129770992 -104.496183206 11.3053435115 END
START 0.833182177734 -16.1273423828 4.84586416016 250.129770992 -102.282442748 4.70229007634 END
START 3.61285030518 -8.84657513428 11.9327010742 250.129770992 -105.473282443 11.320610687 END
START -1.8148048584 -12.011709729 10.6901104126 250.129770992 -104.58778626 -0.473282442748 END
START -0.60573302002 -8.80347950439 8.57363614502 250.129770992 -103.763358779 3.3893129771 END
START 0.189141931152 -11.6860983032 7.67820472412 250.129770992 -105.335877863 6.56488549618 END
START 4.32392819824 -9.39724151611 5.67425793457 250.129770992 -97.7938931298 18.1908396947 END
START 6.21774171143 -7.25921943359 8.69813463135 250.129770992 -88.2671755725 -2.62595419847 END
START 7.87931766357 -10.0029745361 10.7643306641 250.129770992 -87.5648854962 -3.49618320611 END
START -4.18506450195 -12.0284691406 12.6030775391 250.129770992 -74.4809160305 0.427480916031 END
START 0.268150585937 -11.8560866211 7.42920775146 250.129770992 -78.1297709924 7.10687022901 END
START 1.05105452881 -12.3061965332 6.84262834473 250.129770992 -73.9618320611 9.85496183206 END
START 7.72369455566 -13.9246768555 12.1481792236 250.129770992 -68.7938931298 3.09923664122 END
START -0.948103857422 -4.62799180908 7.90565388184 250.129770992 -71.6335877863 0.251908396947 END
START 4.9512090332 -2.00155258789 9.02614025879 250.129770992 -67.3969465649 8.67175572519 END
START 8.79869110107 -7.16345136719 13.3261264404 250.129770992 -61.5419847328 9.09160305344 END
START 0.430956298828 -5.56651885986 7.71890615234 250.129770992 -62.2900763359 3.90839694656 END
START 14.6022359253 -6.44279666748 5.64313331299 250.129770992 -57.2900763359 -2.20610687023 END