START 0.524330163574 -8.34858118896 7.25921943359 250.129770992 -88.1908396947 3.06870229008 END
START 4.68545264893 -9.44273134766 11.7244055298 250.129770992 -97.6488549618 8.90839694656 END
START -1.39342536621 -10.5895539429 9.34935748291 250.129770992 -104.824427481 6.21374045802 END
START -2.59052619629 -11.8656634277 11.9518546875 250.129770992 -104.213740458 0.320610687023 END
START 4.56574256592 -13.5487871948 3.22977803955 250.129770992 -93.9465648855 8.70992366412 END
START 3.90015450439 -6.96712683105 7.9798741333 250.129770992 -100.709923664 13.4885496183 END
START -8.98304462891 -11.3580926758 5.75805499268 250.129770992 -96.9847328244 6.8320610687 END
START 9.13627353516 -4.39575424805 8.45871446533 250.129770992 -79.6183206107 3.77099236641 END
START 2.57855518799 -5.59285507812 8.33900438232 250.129770992 -78.9389312977 3.67938931298 END
START -8.83220992432 -7.0126166626 8.37012900391 250.129770992 -70.8473282443 1.39694656489 END
START 8.14267984619 -10.4650554565 8.24084211426 250.129770992 -69.0610687023 0.419847328244 END
START 2.34152922363 -0.802057556152 6.29196196289 250.129770992 -85.2748091603 -0.358778625954 END
START -0.0957680664062 -10.8026378906 9.60553706055 250.129770992 -83.9923664122 1.58015267176 END
START 5.80593902588 -11.3078144409 6.70376464844 250.129770992 -81.0763358779 10.9312977099 END
START 0.816422766113 -11.6860983032 8.30787976074 250.129770992 -93.2213740458 1.0 END
START -1.25935007324 -8.39646522217 6.82108052979 250.129770992 -90.6259541985 7.34351145038 END
START 9.80425579834 -11.7100403198 11.8584808228 250.129770992 -83.5419847328 5.71755725191 END
START 2.7700913208 -5.04458289795 1.87944830322 250.129770992 -78.5572519084 10.0 END
START 1.88423670654 -8.10676682129 9.1338793335 250.129770992 -74.641221374 9.1679389313 END
START 6.54095893555 -5.04937130127 4.53222374268 250.129770992 -76.3435114504 15.1145038168 END
START 1.67354696045 -2.98556947021 6.12676204834 250.129770992 -85.7099236641 13.3893129771 END
START -0.579396801758 -8.94473740234 8.82502731934 250.129770992 -71.6717557252 6.24427480916 END
START -2.58094938965 -10.2495773071 12.1840922485 250.129770992 -60.9160305344 -0.297709923664 END
START 5.36061751709 -5.29357987061 8.62391437988 250.129770992 -50.9312977099 1.16030534351 END
START 7.12514414062 -9.38766470947 6.05972440186 250.129770992 -32.7938931298 10.7633587786 END
START 10.6541973877 1.75016141357 12.8089788818 250.129770992 -31.7786259542 7.64122137405 END
START 4.07253702393 -9.63666168213 9.27034882812 250.129770992 -33.3282442748 6.70992366412 END
START 7.82664522705 -9.84495722656 8.48983908691 250.129770992 -26.786259542 -3.48091603053 END
START 0.91697923584 -9.1697923584 7.74045396729 250.129770992 -11.9160305344 6.13740458015 END
START 4.33350500488 -11.0636058716 10.2184526855 250.129770992 -18.9160305344 0.931297709924 END
START 3.90973131104 -10.2687309204 7.39808312988 250.129770992 -7.58015267176 -1.12213740458 END
START 7.24485422363 -10.6134959595 9.98621512451 250.129770992 -11.1221374046 5.9465648855 END
START 2.15478149414 -9.96706151123 8.30069715576 250.129770992 -30.679389313 8.03053435115 END
START 1.19470662842 -8.11873782959 1.85311208496 250.129770992 -26.5572519084 3.74809160305 END
START 8.40125362549 -13.2135989624 0.181959326172 250.129770992 -17.0534351145 6.19847328244 END
START 4.22816013184 -9.69891092529 9.87608184814 250.129770992 -25.3358778626 9.56488549618 END
START 4.91290180664 -7.16345136719 4.78361491699 250.129770992 -28.213740458 4.8320610687 END
START -2.62165081787 -12.1050835937 9.72764134521 250.129770992 -39.2595419847 12.5648854962 END
START 0.335188232422 -7.25443103027 5.61919129639 250.129770992 -47.7251908397 -3.03816793893 END
START 2.22660754395 -10.180145459 14.0587521484 250.129770992 -66.4961832061 9.31297709924 END
START 1.03908352051 -2.2170307373 8.65743320312 250.129770992 -72.0381679389 4.15267175573 END
START -1.52271225586 -6.10282003174 1.29047469482 250.129770992 -79.0610687023 -1.39694656489 END
START -2.06380183105 -11.5065331787 9.45949075928 250.129770992 -82.4198473282 11.8854961832 END
START -0.196324536133 -5.01106407471 4.656722229 250.129770992 -77.9312977099 8.6641221374 END
START 3.89297189941 -15.2247283569 5.44920297852 250.129770992 -78.5877862595 13.641221374 END
START 0.526724365234 -12.2247936768 11.6932809082 250.129770992 -84.6106870229 7.48091603053 END
START -6.84741674805 -10.2567599121 7.15387456055 250.129770992 -89.1221374046 5.10687022901 END
START -2.87543619385 -10.5201220947 10.6781394043 250.129770992 -108.770992366 -1.26717557252 END
START -2.54264216309 -11.4107651123 6.22492431641 250.129770992 -94.9083969466 10.1755725191 END
START -2.76290871582 -7.3549875 5.27442625732 250.129770992 -104.167938931 6.61832061069 END
START 5.66946953125 -14.3221143311 6.99106884766 250.129770992 -104.717557252 12.2366412214 END
START 0.936132849121 -11.8608750244 4.37660063477 250.129770992 -104.244274809 17.2671755725 END
START -3.430890979 -15.6939918823 8.79869110107 250.129770992 -103.755725191 3.0 END
START 10.4554786499 -6.57208355713 8.02536396484 250.129770992 -105.038167939 9.01526717557 END
START -2.1212626709 -7.39568892822 4.78600911865 250.129770992 -104.374045802 3.29007633588 END
START -6.78037910156 -5.51384642334 4.07014282227 250.129770992 -103.885496183 6.64885496183 END
START 1.13006318359 -11.0564232666 5.22414802246 250.129770992 -104.190839695 -0.30534351145 END
START 4.29998618164 -9.30386765137 6.56250675049 250.129770992 -103.740458015 -0.564885496183 END
START -3.39737215576 -8.69574042969 5.52342322998 250.129770992 -104.328244275 1.59541984733 END
START 7.18260498047 -5.51384642334 7.84579884033 250.129770992 -98.9007633588 -1.54961832061 END
START 5.66468112793 -8.83220992432 13.3668278687 250.129770992 -81.0458015267 17.9694656489 END
START -0.849941589355 -14.082694165 7.56088884277 250.129770992 -57.6870229008 3.09923664122 END
START 5.92564910889 -13.6828624878 10.9008001587 250.129770992 -55.3893129771 2.87786259542 END
START 4.9272670166 -10.6972930176 7.46751497803 250.129770992 -54.6335877863 0.778625954198 END
START 6.43800826416 -7.31428607178 7.9798741333 250.129770992 -45.7786259542 4.99236641221 END
START 0.349553442383 -9.66539210205 6.3877300293 250.129770992 -32.6717557252 4.06870229008 END
START 9.8186210083 -9.08599530029 6.73249506836 250.129770992 -28.8549618321 4.91603053435 END
START 6.81150372314 -14.949395166 12.8520745117 250.129770992 -12.0305343511 5.35877862595 END
START -0.703895288086 -9.4762501709 6.23450112305 250.129770992 -18.9847328244 7.95419847328 END
START 2.89937821045 -11.7100403198 5.64073911133 250.129770992 -6.03816793893 4.54198473282 END
START 0.0287304199219 -10.2495773071 4.9272670166 250.129770992 -14.572519084 1.8320610687 END
START 3.71819517822 -8.82023891602 7.58243665771 250.129770992 -23.9465648855 -5.48854961832 END
START -1.8028338501 -9.22007059326 7.65665690918 250.129770992 -19.4809160305 4.79389312977 END
START -0.861912597656 -14.8344734863 13.8169377808 250.129770992 -23.8244274809 7.64885496183 END
START -0.0694318481445 -9.27274302979 6.17225187988 250.129770992 -36.7633587786 4.53435114504 END
START 4.31195718994 -9.32780966797 8.50181009521 250.129770992 -28.465648855 10.679389313 END
START 4.53461794434 -10.0652237793 6.42603725586 250.129770992 -40.572519084 6.93129770992 END
START -0.735019909668 -9.79946739502 4.94163222656 250.129770992 -44.1526717557 10.1297709924 END
START -3.71101257324 -12.7419412354 6.88572397461 250.129770992 -40.5190839695 8.78625954198 END
START 6.0573302002 -12.1721212402 7.13950935059 250.129770992 -40.106870229 -3.56488549618 END
START -3.42370837402 -10.1298672241 6.12197364502 250.129770992 -51.7938931298 9.11450381679 END
START 5.49708701172 -10.4554786499 6.44040246582 250.129770992 -56.0687022901 3.70229007634 END
START -1.41736738281 -10.41238302 6.25126053467 250.129770992 -65.3816793893 2.18320610687 END
START -2.62643922119 -5.20260020752 10.1298672241 250.129770992 -60.1679389313 6.41984732824 END
START 0.426167895508 -10.4028062134 5.8107274292 250.129770992 -68.2671755725 8.5572519084 END
START -3.06936652832 -7.48188018799 1.96085115967 250.129770992 -79.8625954198 3.00763358779 END
START -1.01753570557 -9.33259807129 5.45159718018 250.129770992 -77.2213740458 3.52671755725 END
START -7.40047733154 -5.72453616943 9.49779798584 250.129770992 -83.4122137405 11.7328244275 END
START 10.651803186 -8.49223328857 10.3501337769 250.129770992 -88.0839694656 10.5190839695 END
START -1.69030637207 -11.4778027588 3.48116921387 250.129770992 -103.396946565 16.1297709924 END
START 4.09408483887 -14.4346418091 3.39018955078 250.129770992 -101.404580153 -3.6641221374 END
START 4.88177718506 -7.59919606934 5.60003768311 250.129770992 -104.358778626 -2.75572519084 END
START 4.68545264893 -12.145785022 11.8417214111 250.129770992 -104.763358779 7.21374045802 END
START 6.06451280518 -6.65827481689 7.96072052002 250.129770992 -104.702290076 1.03816793893 END
START 2.69108266602 -10.6015249512 7.76200178223 250.129770992 -103.740458015 0.671755725191 END
START -0.687135876465 -11.7842605713 8.79390269775 250.129770992 -103.923664122 4.16030534351 END
START 0.107739074707 -6.48828649902 6.6822168335 250.129770992 -104.419847328 9.54961832061 END
START 2.11408006592 -7.15626876221 8.06367119141 250.129770992 -104.633587786 6.25190839695 END
START -0.998382092285 -10.4602670532 7.52976422119 250.129770992 -104.488549618 3.36641221374 END
START 1.19231242676 -12.4330892212 8.36534060059 250.129770992 -98.2519083969 16.3969465649 END
START 4.81713374023 -6.65348641357 13.6900450928 250.129770992 -104.053435115 6.35877862595 END
START -4.94642062988 -13.3452800537 3.76847341309 250.129770992 -101.312977099 5.79389312977 END
START -4.72615407715 -6.33505759277 6.62715019531 250.129770992 -97.3969465649 4.88549618321 END
START 2.57137258301 -6.99346304932 12.3564747681 250.129770992 -87.8015267176 7.23664122137 END
START 7.28076724854 -9.84495722656 5.4444145752 250.129770992 -79.1145038168 4.34351145038 END
START 1.21146604004 -7.90086547852 7.36935270996 250.129770992 -99.9618320611 6.40458015267 END
START 2.51870014648 -15.0116444092 8.33182177734 250.129770992 -101.503816794 19.0839694656 END
START 0.845153186035 -8.51138690186 1.66397015381 250.129770992 -106.748091603 1.36641221374 END
START 2.39899006348 -6.79235010986 13.2423293823 250.129770992 -98.6641221374 4.90076335878 END
START 5.516240625 -10.6637741943 9.58159504395 250.129770992 -77.2595419847 11.5038167939 END
START 2.17393510742 -14.6094185303 9.03571706543 250.129770992 -63.1145038168 3.04580152672 END
START 3.064578125 -13.4242887085 7.33583388672 250.129770992 -78.1221374046 -0.564885496183 END
START 0.699106884766 -15.7562411255 6.92163699951 250.129770992 -66.6183206107 3.15267175573 END
START -2.72699569092 -9.63426748047 7.88889447021 250.129770992 -73.9923664122 8.76335877863 END
START 8.40125362549 -9.41160672607 6.52180532227 250.129770992 -57.1221374046 5.39694656489 END
START 4.48673391113 -12.1146604004 7.05571229248 250.129770992 -42.8778625954 0.587786259542 END
START 1.75255561523 -10.1250788208 7.83382783203 250.129770992 -46.0534351145 6.10687022901 END
START 1.30962830811 -16.7929304443 5.97113894043 250.129770992 -48.9312977099 2.06870229008 END
START -0.77093293457 -14.7746184448 4.78600911865 250.129770992 -43.4732824427 6.62595419847 END
START 4.77643231201 -9.64623848877 10.2830961304 250.129770992 -56.4580152672 3.61832061069 END
START 2.80839854736 -7.56328304443 11.0827594849 250.129770992 -50.8549618321 10.8091603053 END