START -1.77410343018 -5.23611903076 11.8465098145 250.129770992 -72.1984732824 4.36641221374 END
START -2.55461317139 -5.50187541504 6.72531246338 250.129770992 -76.8396946565 -1.92366412214 END
START -0.0359130249023 -11.6789156982 10.9295305786 250.129770992 -41.8549618321 12.1679389313 END
START 0.509964953613 -13.864821814 7.20654699707 250.129770992 -55.1374045802 7.4427480916 END
START -2.52588275146 -15.337255835 7.03895288086 250.129770992 -78.9770992366 14.5954198473 END
START 3.89536610107 -9.4642791626 6.90966599121 250.129770992 -84.3893129771 9.50381679389 END
START 3.23696064453 -1.50355864258 9.29668504639 250.129770992 -63.5114503817 -2.19847328244 END
START 4.58729038086 -7.86734665527 9.45470235596 250.129770992 -59.3816793893 16.4580152672 END
START -3.33751711426 -9.34217487793 5.46117398682 250.129770992 -62.7404580153 -0.343511450382 END
START -0.371101257324 -13.4003466919 7.76679018555 250.129770992 -68.0687022901 12.9160305344 END
START -0.483628735352 -2.48039291992 4.07493122559 250.129770992 -63.0305343511 9.09160305344 END
START 3.68707055664 -6.3637880127 12.5025210693 250.129770992 -76.7480916031 4.16030534351 END
START 2.63122762451 -7.49145699463 11.6645504883 250.129770992 -72.572519084 9.48854961832 END
START 1.96803376465 -9.62469067383 2.50912333984 250.129770992 -76.9541984733 5.21374045802 END
START 5.34385810547 -4.26407315674 7.16345136719 250.129770992 -63.3893129771 -3.76335877863 END
START 4.24970794678 -9.29189664307 8.67898101807 250.129770992 -44.4122137405 16.4961832061 END
START -2.25054956055 -9.23683000488 6.85938775635 250.129770992 -70.679389313 6.79389312977 END
START -3.26569106445 -1.5322890625 9.38527050781 250.129770992 -85.2442748092 -2.35114503817 END
START 3.00951148682 -12.7251818237 9.80186159668 250.129770992 -82.213740458 3.77099236641 END
START 2.88980140381 -9.77313117676 8.04930598145 250.129770992 -77.1221374046 8.84732824427 END
START 7.92241329346 -8.07803640137 8.52814631348 250.129770992 -85.8854961832 12.6870229008 END
START -5.94480272217 -11.159373938 10.172962854 250.129770992 -79.4045801527 8.97709923664 END
START 0.579396801758 -3.9480385376 6.05493599854 250.129770992 -71.1984732824 15.3969465649 END
START 0.514753356934 -3.4428619873 11.166556543 250.129770992 -61.2977099237 -0.526717557252 END
START -1.34793553467 -6.02620557861 6.25604893799 250.129770992 -67.2442748092 5.97709923664 END
START -0.0359130249023 1.67354696045 12.990938208 250.129770992 -61.2366412214 6.29007633588 END
START -4.62799180908 -7.52258161621 6.57926616211 250.129770992 -47.1450381679 9.90839694656 END
START -9.31583865967 -8.19774648437 9.02374605713 250.129770992 -63.2900763359 4.06870229008 END
START 10.9486841919 -10.8672813354 7.90565388184 250.129770992 -63.1145038168 14.8167938931 END
START 2.65277543945 -2.79163913574 9.80904420166 250.129770992 -56.8015267176 16.4351145038 END
START 2.30082779541 -4.3382934082 4.91050760498 250.129770992 -57.9465648855 2.41984732824 END
START 3.0526071167 -8.16662186279 10.1705686523 250.129770992 -37.9694656489 3.22900763359 END
START 0.505176550293 -4.18027609863 11.0276928467 250.129770992 -34.0381679389 9.21374045802 END
START 4.63996281738 -7.87692346191 7.38850632324 250.129770992 -23.3435114504 1.46564885496 END
START 2.7700913208 -3.30160408936 5.4803276001 250.129770992 -30.3435114504 4.12213740458 END
START 2.45645090332 -9.19134017334 3.15316358643 250.129770992 -32.2442748092 10.1526717557 END
START -0.205901342773 -8.42519564209 7.39808312988 250.129770992 -35.1374045802 6.41984732824 END
START 3.80917484131 -8.46110866699 11.6334258667 250.129770992 -43.4580152672 10.1374045802 END
START -3.96719215088 -6.36139381104 11.6023012451 250.129770992 -40.2442748092 9.64122137405 END
START -1.87705410156 -11.3963999023 10.1705686523 250.129770992 -42.9923664122 5.58015267176 END
START 12.6437789673 -10.053252771 7.67581052246 250.129770992 -35.9541984733 11.0610687023 END
START -1.40300217285 -8.19295808105 8.78193168945 250.129770992 -38.1145038168 11.3358778626 END
START 2.20266552734 -4.37899483643 1.22822545166 250.129770992 -39.3816793893 0.435114503817 END
START 5.54736524658 -15.3755630615 5.12837995605 250.129770992 -32.5267175573 2.0534351145 END
START 1.42454998779 -5.19302340088 5.32709869385 250.129770992 -31.9160305344 -2.92366412214 END
START 7.97269152832 -10.1969048706 8.10437261963 250.129770992 -38.4809160305 12.4885496183 END
START -2.5115175415 -12.1194488037 4.13239206543 250.129770992 -51.358778626 11.4045801527 END
START -3.46680400391 -13.9797434937 1.55383687744 250.129770992 -54.0305343511 7.70229007634 END
START -0.486022937012 -8.75798967285 7.08683691406 250.129770992 -69.0687022901 12.2671755725 END
START 3.87142408447 -10.7954552856 6.00226356201 250.129770992 -66.9770992366 7.20610687023 END
START -2.33434661865 -5.47553919678 5.54736524658 250.129770992 -74.1603053435 1.5572519084 END
START 2.56658417969 -16.3116959106 7.91044228516 250.129770992 -80.7709923664 10.1603053435 END
START -2.48278712158 -7.9559321167 6.51222851562 250.129770992 -72.1297709924 6.79389312977 END
START -2.04464821777 -8.04930598145 6.7899559082 250.129770992 -77.1221374046 7.58778625954 END
START 3.60087929687 -10.0628295776 7.3789295166 250.129770992 -88.8625954198 13.641221374 END
START 2.12844527588 -10.1562034424 6.88332977295 250.129770992 -82.4732824427 21.5572519084 END
START -1.99676418457 -10.7427828491 7.48906279297 250.129770992 -91.1297709924 4.52671755725 END
START 3.49314022217 -10.0293107544 9.62708487549 250.129770992 -91.6030534351 3.38167938931 END
START -2.27449157715 -4.52025273438 4.19224710693 250.129770992 -99.3511450382 7.62595419847 END
START 3.83790526123 -11.3604868774 2.55700737305 250.129770992 -104.854961832 3.6641221374 END
START 3.56975467529 -8.5209637085 11.4706201538 250.129770992 -103.93129771 -1.39694656489 END
START 0.998382092285 -6.7660138916 6.09803162842 250.129770992 -104.770992366 11.786259542 END
START 0.438138903809 -10.9151653687 0.61530982666 250.129770992 -105.198473282 11.9389312977 END
START -5.26724365234 -12.2319762817 7.85298144531 250.129770992 -105.099236641 6.78625954198 END
START -7.08923111572 -10.3094323486 12.8017962769 250.129770992 -104.442748092 -0.0534351145038 END
START -5.94001431885 -4.74051928711 5.5521536499 250.129770992 -103.832061069 3.97709923664 END
START 0.234631762695 -11.757924353 13.1345903076 250.129770992 -104.297709924 0.557251908397 END
START -2.05901342773 -13.6684972778 8.5449057251 250.129770992 -105.198473282 -0.824427480916 END
START -10.4698438599 -8.80108530273 11.4275245239 250.129770992 -105.20610687 9.54961832061 END
START -1.48201082764 -8.44195505371 9.61032546387 250.129770992 -104.396946565 2.06870229008 END
START 3.16513459473 -5.60003768311 9.03811126709 250.129770992 -92.4427480916 4.25190839695 END
START 8.8872765625 -10.6685625977 8.93755479736 250.129770992 -81.7480916031 4.61832061069 END
START 1.2856862915 -4.57531937256 10.2591541138 250.129770992 -77.6106870229 8.53435114504 END
START 0.0359130249023 -10.5440641113 5.58088406982 250.129770992 -55.0229007634 2.95419847328 END
START 5.1379567627 -5.04218869629 12.0236807373 250.129770992 -50.6488549618 12.1832061069 END
START 4.60644399414 -6.16267507324 12.9191121582 250.129770992 -50.1984732824 0.75572519084 END
START -2.15478149414 -4.96078583984 8.70292303467 250.129770992 -46.5496183206 3.23664122137 END
START 10.1107136108 -15.2319109619 10.9415015869 250.129770992 -40.3053435115 12.5267175573 END
START 0.799663354492 -6.59123717041 6.48110389404 250.129770992 -34.3358778626 6.54961832061 END
START 3.91451971436 -8.91840118408 5.1618987793 250.129770992 -33.9541984733 7.7786259542 END
START 6.59841977539 -1.93451494141 5.39413634033 250.129770992 -41.8091603053 19.3511450382 END
START 0.679953271484 -3.86663568115 17.6500546387 250.129770992 -42.2061068702 6.72519083969 END
START 2.77487972412 -7.90325968018 11.7028577148 250.129770992 -31.3816793893 6.20610687023 END
START 2.19548292236 -6.49068070068 10.2735193237 250.129770992 -48.8244274809 2.18320610687 END
START 3.81156904297 -8.87051715088 6.97191523437 250.129770992 -38.9923664122 0.259541984733 END
START 8.11634362793 -7.10599052734 9.71806453857 250.129770992 -46.2977099237 -4.78625954198 END
START 5.17147558594 -11.8082025879 6.50504591064 250.129770992 -39.8091603053 -1.93893129771 END
START 1.24019645996 -6.742071875 8.00860455322 250.129770992 -40.7251908397 10.4427480916 END
START 7.87452926025 -9.51934580078 7.75721337891 250.129770992 -42.5267175573 10.7328244275 END
START 6.95515582275 -5.38695373535 5.57848986816 250.129770992 -45.2748091603 0.740458015267 END
START -0.0215478149414 -9.47385596924 11.5975128418 250.129770992 -45.7175572519 4.41221374046 END
START 5.53778843994 -14.8201082764 8.52814631348 250.129770992 -49.6183206107 5.82442748092 END
START -4.60404979248 -5.08528432617 12.519280481 250.129770992 -63.0687022901 0.977099236641 END
START 0.91697923584 -8.09000740967 8.52814631348 250.129770992 -60.8778625954 7.29007633588 END
START -4.88895979004 -11.3628810791 6.50983431396 250.129770992 -60.572519084 0.290076335878 END
START -3.70622416992 -15.8280671753 9.5361052124 250.129770992 -64.0458015267 3.5572519084 END
START 0.442927307129 -5.41089575195 5.77242020264 250.129770992 -72.6030534351 7.41221374046 END
START 5.05415970459 -8.79629689941 3.75410820312 250.129770992 -76.6183206107 2.69465648855 END
START -2.88740720215 -3.44765039062 9.8425630249 250.129770992 -69.7709923664 3.9465648855 END
START 0.960074865723 -13.9486188721 4.99909306641 250.129770992 -84.9312977099 7.04580152672 END
START 2.29364519043 -10.0700121826 9.71327613525 250.129770992 -92.5954198473 11.4885496183 END
START -3.10527955322 -14.9326357544 13.3524626587 250.129770992 -95.8320610687 -3.19847328244 END
START -2.32955821533 -4.14196887207 6.09803162842 250.129770992 -108.320610687 4.7786259542 END
START -0.469263525391 -7.49385119629 2.67671745605 250.129770992 -107.083969466 2.70229007634 END
START -1.98718737793 -8.8992475708 12.871228125 250.129770992 -104.27480916 -0.679389312977 END
START 1.72861359863 -15.4617543213 8.61433757324 250.129770992 -104.671755725 6.95419847328 END
START -3.62721551514 -11.0588174683 5.40131894531 250.129770992 -104.732824427 6.32061068702 END
START -2.1811177124 -10.3932294067 9.58638344727 250.129770992 -103.778625954 5.25954198473 END
START -1.97761057129 -11.0444522583 8.64306799316 250.129770992 -103.061068702 -1.46564885496 END
START -1.27132108154 -9.69651672363 7.59440766602 250.129770992 -103.770992366 8.32061068702 END
START 3.31836350098 -3.79480963135 9.02374605713 250.129770992 -100.007633588 -5.20610687023 END
START 6.02620557861 -14.3460563477 9.8665050415 250.129770992 -84.3358778626 3.54961832061 END
START -5.10204373779 -9.1219083252 10.9151653687 250.129770992 -93.8396946565 6.03053435115 END
START 3.87142408447 -11.0420580566 6.25844313965 250.129770992 -97.8396946565 8.67175572519 END
START -1.40539637451 -9.64145008545 11.2240173828 250.129770992 -95.7633587786 9.58015267176 END
START -2.36068283691 -10.8648871338 6.98149204102 250.129770992 -92.9694656489 2.80152671756 END
START -0.0790086547852 -12.4737906494 7.08204851074 250.129770992 -101.86259542 0.503816793893 END
START 0.486022937012 -5.94719692383 10.3285859619 250.129770992 -96.2824427481 10.7099236641 END
START -0.332794030762 -3.44046778564 14.0635405518 250.129770992 -90.4580152672 -0.801526717557 END
START 2.25294376221 -6.01184036865 15.8855280151 250.129770992 -92.8167938931 4.64885496183 END
START 0.189141931152 -10.0580411743 9.4283661377 250.129770992 -101.824427481 9.89312977099 END
START 0.359130249023 -2.50433493652 10.8217915039 250.129770992 -84.0305343511 5.68702290076 END
START -7.17063397217 -12.4330892212 6.02381137695 250.129770992 -95.4351145038 7.03053435115 END
START 7.26879624023 -16.0770641479 5.8226984375 250.129770992 -72.0839694656 1.65648854962 END
START 5.02064088135 -15.3109196167 10.5416699097 250.129770992 -59.8396946565 1.42748091603 END
START 7.20415279541 -18.0953761475 6.03099398193 250.129770992 -67.0305343511 2.78625954198 END
START 3.18189400635 -7.77636699219 6.31829818115 250.129770992 -69.9847328244 10.9007633588 END
START 1.81719906006 -4.903325 10.0724063843 250.129770992 -64.4809160305 11.641221374 END
START 2.95205064697 -4.58250197754 10.8672813354 250.129770992 -57.1908396947 8.19847328244 END
START 17.2645881714 -9.41160672607 4.49631071777 250.129770992 -63.1450381679 -5.46564885496 END
START 5.94001431885 -11.4323129272 9.89762966309 250.129770992 -66.3358778626 8.12213740458 END
START 1.99676418457 -8.11155522461 8.99980404053 250.129770992 -54.1297709924 9.19847328244 END
START -0.433350500488 -5.49469281006 6.60560238037 250.129770992 -64.7557251908 11.4580152672 END
START -0.471657727051 -10.6901104126 11.7890489746 250.129770992 -59.2595419847 -2.13740458015 END
START 4.80037432861 -8.46829127197 4.10366164551 250.129770992 -59.7022900763 -2.48091603053 END