START -2.31279880371 -4.50349332275 7.967903125 250.129770992 -80.8167938931 14.9312977099 END
START -1.93690914307 -5.56173045654 2.18830031738 250.129770992 -71.893129771 -5.80916030534 END
START -5.69819995117 -3.97916315918 5.8466404541 250.129770992 -77.4198473282 6.92366412214 END
START 0.268150585937 -10.5799771362 6.41885465088 250.129770992 -78.3664122137 21.4198473282 END
START -1.92972653809 -9.05487067871 14.3173259277 250.129770992 -72.8778625954 8.59541984733 END
START 2.26012636719 -11.1857101562 5.69580574951 250.129770992 -76.0229007634 -0.129770992366 END
START -5.66228692627 -8.76277807617 3.23456644287 250.129770992 -84.9312977099 4.03053435115 END
START 6.57926616211 -18.133683374 6.68700523682 250.129770992 -73.3969465649 3.2213740458 END
START -6.46673868408 -11.5687824219 8.21211169434 250.129770992 -61.6488549618 -3.7786259542 END
START -1.81001645508 -4.20421811523 7.15626876221 250.129770992 -64.1221374046 -1.78625954198 END
START 4.31195718994 -8.8513635376 8.37012900391 250.129770992 -66.2366412214 -3.70229007634 END
START -2.06619603271 -12.8999585449 13.0268512329 250.129770992 -69.0992366412 14.8473282443 END
START 1.96803376465 -14.2335288696 9.83298621826 250.129770992 -65.0229007634 0.870229007634 END
START 0.651222851562 -10.1107136108 7.25921943359 250.129770992 -56.2366412214 5.32061068702 END
START -5.66946953125 -7.46272657471 4.58729038086 250.129770992 -52.8778625954 20.0534351145 END
START 10.7403886475 -5.04218869629 6.16028087158 250.129770992 -48.3893129771 1.49618320611 END
START -3.50032282715 -9.93114848633 11.7603185547 250.129770992 -53.0992366412 6.18320610687 END
START 5.12837995605 -8.48026228027 5.71017095947 250.129770992 -46.9847328244 13.6717557252 END
START 2.76769711914 -10.3644989868 12.0500169556 250.129770992 -59.7480916031 6.81679389313 END
START 9.85932243652 -8.63109698486 13.8600334106 250.129770992 -65.786259542 15.0839694656 END
START 1.30483990479 -0.945709655762 8.43477244873 250.129770992 -59.1984732824 15.7633587786 END
START 0.878672009277 -11.8345388062 6.04775339355 250.129770992 -58.5648854962 15.1984732824 END
START 0.45489831543 -11.3437274658 6.29675036621 250.129770992 -54.7709923664 1.51145038168 END
START 1.81001645508 -4.48194550781 8.64785639648 250.129770992 -58.0687022901 9.34351145038 END
START 4.9751510498 -7.15148035889 7.51779321289 250.129770992 -69.2671755725 5.26717557252 END
START 2.89458980713 -7.01501086426 4.06535441895 250.129770992 -77.1374045802 3.06870229008 END
START 1.22822545166 -11.9853735107 8.67658681641 250.129770992 -79.4809160305 4.98473282443 END
START 0.335188232422 -9.90481226807 9.84016882324 250.129770992 -71.641221374 4.63358778626 END
START 1.08217915039 -7.39808312988 0.076614453125 250.129770992 -80.9465648855 3.00763358779 END
START 9.27992563477 -14.0276275269 7.18499918213 250.129770992 -71.0 6.56488549618 END
START 7.40526573486 -11.9350952759 2.82755216064 250.129770992 -74.0763358779 0.145038167939 END
START 2.74136090088 -9.90720646973 7.9559321167 250.129770992 -70.5954198473 8.4427480916 END
START 1.42694418945 -12.9286889648 10.1849338623 250.129770992 -75.465648855 -2.50381679389 END
START -1.82917006836 -11.6549736816 1.93212073975 250.129770992 -77.9618320611 13.8091603053 END
START -3.88339509277 -10.2184526855 4.77643231201 250.129770992 -77.572519084 10.4198473282 END
START -3.55060106201 -10.1705686523 6.88332977295 250.129770992 -86.1297709924 -3.88549618321 END
START 2.39420166016 -6.97909783936 8.75320126953 250.129770992 -91.9770992366 -4.31297709924 END
START 1.8626888916 -10.4602670532 4.46518609619 250.129770992 -90.3358778626 14.1297709924 END
START 0.833182177734 -10.7595422607 8.41322463379 250.129770992 -90.4809160305 4.69465648855 END
START 5.30555087891 -10.1777512573 4.69263525391 250.129770992 -99.6335877863 -1.74045801527 END
START -1.51074124756 -9.65820949707 4.61841500244 250.129770992 -98.3435114504 3.90076335878 END
START -3.54102425537 -8.14986245117 7.36217010498 250.129770992 -101.007633588 8.51145038168 END
START 0.270544787598 -1.20667763672 8.60954916992 250.129770992 -99.3511450382 2.1679389313 END
START 0.531512768555 -7.20415279541 4.87459458008 250.129770992 -98.106870229 2.22900763359 END
START 4.97036264648 -10.180145459 11.4466781372 250.129770992 -99.2824427481 1.8320610687 END
START 0.380678063965 -7.14908615723 11.1809217529 250.129770992 -88.5419847328 2.04580152672 END
START 0.15801730957 -5.52581743164 5.50187541504 250.129770992 -107.213740458 5.03053435115 END
START 7.18499918213 -7.77876119385 5.55933625488 250.129770992 -94.1832061069 -1.69465648855 END
START 0.368707055664 -12.4761848511 11.3868230957 250.129770992 -104.580152672 1.24427480916 END
START -2.94007963867 -11.6262432617 14.4992852539 250.129770992 -81.9465648855 0.610687022901 END
START -2.99754047852 -6.19379969482 5.62637390137 250.129770992 -88.7404580153 14.8167938931 END
START 6.68700523682 -8.08761320801 11.4371013306 250.129770992 -83.4351145038 -2.80152671756 END
START 3.63200391846 -12.7970078735 14.9039053345 250.129770992 -88.9618320611 3.88549618321 END
START -0.16041151123 -9.34696328125 9.08120689697 250.129770992 -96.1603053435 2.96946564885 END
START -0.670376464844 -7.51779321289 10.158597644 250.129770992 -92.8549618321 7.80152671756 END
START 0.428562097168 -6.54095893555 10.5368815063 250.129770992 -89.6030534351 -2.7786259542 END
START 2.99035787354 -8.97346782227 10.1753570557 250.129770992 -79.641221374 3.45801526718 END
START 3.15795198975 -9.71088193359 13.9031290405 250.129770992 -80.0763358779 14.3816793893 END
START 1.73579620361 -2.17154090576 12.4019645996 250.129770992 -68.7175572519 -3.07633587786 END
START -1.82917006836 -13.5823060181 3.75410820312 250.129770992 -65.7328244275 10.9923664122 END
START -2.1212626709 -16.2973307007 15.8951048218 250.129770992 -64.7404580153 7.53435114504 END
START 9.95987890625 -0.378283862305 5.93043751221 250.129770992 -49.6717557252 -2.6106870229 END
START 2.54743056641 -10.7499654541 10.9798088135 250.129770992 -54.5954198473 8.69465648855 END
START -2.96402165527 -15.8591917969 4.86022937012 250.129770992 -53.8854961832 14.786259542 END
START 13.2495119873 -15.2941602051 7.47948598633 250.129770992 -60.2366412214 4.32824427481 END
START 4.35265861816 -4.07971962891 10.3477395752 250.129770992 -54.6106870229 9.11450381679 END
START 2.96162745361 -8.84657513428 11.0540290649 250.129770992 -46.6946564885 7.14503816794 END
START 0.555454785156 -9.62229647217 6.11957944336 250.129770992 -52.9618320611 3.22900763359 END
START -5.52102902832 -16.0507279297 4.87220037842 250.129770992 -53.3664122137 3.32824427481 END
START -3.26090266113 -12.871228125 6.75883128662 250.129770992 -54.7022900763 2.58778625954 END
START 2.8299463623 -10.1705686523 12.8017962769 250.129770992 -56.0992366412 5.96183206107 END
START -4.6327802124 -3.35427652588 4.81713374023 250.129770992 -64.5190839695 5.03816793893 END
START -3.86663568115 -6.3997010376 5.34864650879 250.129770992 -72.9541984733 10.8473282443 END
START -1.5562310791 -12.2200052734 4.92008441162 250.129770992 -71.5190839695 2.80152671756 END
START 3.84987626953 -11.4993505737 9.1219083252 250.129770992 -72.6106870229 19.3816793893 END
START -4.13478626709 -10.7595422607 2.4277204834 250.129770992 -79.1145038168 19.1984732824 END
START 4.74770189209 -9.45949075928 5.44680877686 250.129770992 -74.4198473282 6.25190839695 END
START -3.99352836914 -11.2216231812 6.73967767334 250.129770992 -79.893129771 9.86259541985 END
START 0.366312854004 -7.73566556396 4.55855996094 250.129770992 -76.5496183206 6.06106870229 END
START -0.205901342773 -13.7499001343 7.52497581787 250.129770992 -98.6946564885 7.40458015267 END
START 5.81551583252 -8.12831463623 3.12203896484 250.129770992 -87.0229007634 10.6946564885 END
START -7.75721337891 -13.2997902222 4.18027609863 250.129770992 -92.1679389313 12.9541984733 END
START 8.32703337402 -9.37569370117 5.92804331055 250.129770992 -94.3435114504 4.36641221374 END
START -1.06541973877 -13.1800801392 4.77643231201 250.129770992 -93.2977099237 8.8320610687 END
START 3.21541282959 -10.1011368042 5.72453616943 250.129770992 -94.5877862595 3.09923664122 END
START -3.77565601807 -12.1673328369 2.70544787598 250.129770992 -99.9541984733 2.74045801527 END
START 4.03422979736 -10.1394440308 6.94318481445 250.129770992 -106.076335878 2.40458015267 END
START -4.0557776123 -11.1402203247 7.67102211914 250.129770992 -92.358778626 11.2900763359 END
START -0.802057556152 -2.29125098877 6.44519086914 250.129770992 -99.2977099237 -1.88549618321 END
START -4.25689055176 -16.1273423828 3.39018955078 250.129770992 -103.480916031 7.75572519084 END
START -5.76523759766 -13.9318594604 6.13873305664 250.129770992 -95.0916030534 8.51908396947 END
START -1.15161099854 -7.43878455811 10.5033626831 250.129770992 -100.526717557 12.4045801527 END
START 3.97676895752 -6.32787498779 9.29907924805 250.129770992 -80.8091603053 11.1374045802 END
START 1.2737152832 -17.4848547241 3.39737215576 250.129770992 -86.0916030534 9.0 END
START 1.80043964844 -11.4754085571 6.85938775635 250.129770992 -97.0992366412 15.320610687 END
START -1.592144104 -12.3253501465 4.07493122559 250.129770992 -93.679389313 9.45801526718 END
START -1.54904847412 -0.404620080566 11.1330377197 250.129770992 -98.7480916031 9.32824427481 END
START -3.3351229126 -7.43160195312 8.76038387451 250.129770992 -91.2061068702 2.03053435115 END
START 1.74297880859 -12.2798603149 7.49385119629 250.129770992 -81.9694656489 2.20610687023 END
START 1.30483990479 -5.59285507812 7.9200190918 250.129770992 -80.3969465649 10.1297709924 END
START -5.36061751709 -5.02782348633 7.52018741455 250.129770992 -69.8702290076 5.45801526718 END
START 6.50265170898 -9.16021555176 6.80432111816 250.129770992 -78.9236641221 4.93129770992 END
START 1.49398183594 -7.18021077881 14.1425492065 250.129770992 -69.320610687 -2.98473282443 END
START 1.87226569824 -7.11796153564 9.84016882324 250.129770992 -68.9083969466 12.6030534351 END
START 5.97353314209 -6.67742843018 10.2687309204 250.129770992 -83.1450381679 11.534351145 END
START -1.29286889648 -3.15316358643 9.93593688965 250.129770992 -74.4885496183 -5.38167938931 END
START 0.842758984375 -7.89847127686 4.39575424805 250.129770992 -65.1679389313 11.3893129771 END
START -4.12520946045 -9.62947907715 4.92008441162 250.129770992 -68.6259541985 6.50381679389 END