START 0.14604630127 -7.07726010742 6.40448944092 250.129770992 -95.0152671756 11.6946564885 END
START 0.277727392578 -8.73883605957 13.350068457 250.129770992 -94.0687022901 4.06106870229 END
START 8.51138690186 -6.44279666748 5.13077415771 250.129770992 -95.6183206107 5.10687022901 END
START 6.17464608154 -7.08683691406 1.37427175293 250.129770992 -82.1526717557 1.79389312977 END
START -1.08457335205 -2.54982476807 12.6485673706 250.129770992 -84.2977099237 2.87022900763 END
START 3.69185895996 -8.33900438232 7.9439611084 250.129770992 -84.4122137405 6.08396946565 END
START -2.1811177124 -6.05493599854 5.96156213379 250.129770992 -94.0305343511 3.62595419847 END
START -0.167594116211 -3.41173736572 10.3453453735 250.129770992 -94.5114503817 3.32824427481 END
START -2.46842191162 -9.79707319336 10.7020814209 250.129770992 -92.2977099237 0.618320610687 END
START 4.40054265137 -15.6317426392 7.37174691162 250.129770992 -84.3511450382 1.09923664122 END
START -0.962469067383 -7.0245876709 6.1052142334 250.129770992 -88.0534351145 6.84732824427 END
START 5.33188709717 -8.98065042725 9.48343277588 250.129770992 -63.0992366412 5.51908396947 END
START -0.814028564453 -9.25119521484 9.1338793335 250.129770992 -90.2519083969 2.9465648855 END
START -4.28801517334 -8.13310303955 1.42694418945 250.129770992 -68.9160305344 12.534351145 END
START 2.89698400879 -8.96389101563 7.25682523193 250.129770992 -65.5496183206 9.92366412214 END
START 0.189141931152 -6.45716187744 4.25210214844 250.129770992 -76.3053435115 -1.09160305344 END
START -2.24815535889 -3.48356341553 7.74045396729 250.129770992 -70.427480916 8.97709923664 END
START 2.13562788086 -9.02614025879 9.58159504395 250.129770992 -68.213740458 6.25954198473 END
START 3.44046778564 -8.46110866699 9.8545340332 250.129770992 -51.4198473282 4.17557251908 END
START 4.8314989502 -11.039663855 12.9574193848 250.129770992 -40.8549618321 10.8625954198 END
START 1.50116444092 -11.2886608276 7.71172354736 250.129770992 -31.8091603053 10.9923664122 END
START 5.42765516357 -2.77487972412 11.0755768799 250.129770992 -21.534351145 11.0992366412 END
START -3.49074602051 -12.9502367798 12.2583125 250.129770992 -25.1832061069 -2.43511450382 END
START 3.6415807251 -9.14106193848 9.84495722656 250.129770992 -44.7175572519 12.5267175573 END
START 0.656011254883 -9.27034882812 4.55137735596 250.129770992 -54.0687022901 9.02290076336 END
START 6.7899559082 -9.4882211792 15.7442701172 250.129770992 -44.9618320611 4.51145038168 END
START 0.75896192627 -5.71017095947 10.3429511719 250.129770992 -36.8244274809 1.93129770992 END
START 0.991199487305 -9.79228479004 8.76277807617 250.129770992 -7.39694656489 -0.36641221374 END
START 1.63045133057 -7.96072052002 11.899182251 250.129770992 -18.6564885496 13.2595419847 END
START 7.41963094482 -10.6757452026 9.2416184082 250.129770992 -29.5496183206 4.75572519084 END
START 8.99980404053 -5.8705824707 9.55047042236 250.129770992 -33.9847328244 7.57251908397 END
START 3.3351229126 -7.12514414062 14.7889836548 250.129770992 -34.0534351145 6.73282442748 END
START 4.84586416016 -12.1098719971 6.53617053223 250.129770992 -35.6183206107 2.89312977099 END
START 0.246602770996 -14.1162129883 10.6230727661 250.129770992 -32.9312977099 6.01526717557 END
START 3.33751711426 -18.4257759766 7.0844427124 250.129770992 -25.8091603053 5.64122137405 END
START 4.74770189209 -16.1345249878 5.29597407227 250.129770992 -34.1297709924 3.96183206107 END
START 5.06613071289 -11.0420580566 7.6614453125 250.129770992 -36.572519084 10.7709923664 END
START -1.98958157959 -3.7493197998 10.6206785645 250.129770992 -41.3740458015 8.74809160305 END
START -3.04303031006 -11.5208983887 5.14753356934 250.129770992 -46.7022900763 15.9847328244 END
START 4.36702382812 -12.4737906494 3.11964476318 250.129770992 -58.4503816794 -0.274809160305 END
START 1.46285721436 -13.5511813965 2.59770880127 250.129770992 -55.2824427481 9.5572519084 END
START -1.13963999023 -7.24485422363 0.957680664062 250.129770992 -69.9847328244 4.0 END
START 4.48194550781 -7.50103380127 6.15788666992 250.129770992 -70.2519083969 12.8015267176 END
START 4.84586416016 -13.8767928223 0.928950244141 250.129770992 -78.9770992366 5.16030534351 END
START 5.91128389893 -11.765106958 5.2337248291 250.129770992 -95.1297709924 19.4122137405 END
START 1.5682020874 -10.1753570557 8.90164177246 250.129770992 -96.320610687 11.3511450382 END
START 1.75494981689 -1.80522805176 3.02627089844 250.129770992 -100.519083969 0.587786259542 END
START -0.380678063965 -13.2040221558 5.38455953369 250.129770992 -102.496183206 5.25190839695 END
START -4.75967290039 -4.08450803223 6.94557901611 250.129770992 -104.946564885 8.67175572519 END
START -1.15879360352 -13.6493436646 7.74524237061 250.129770992 -104.458015267 5.36641221374 END
START 7.80030900879 -13.3883756836 4.66629903564 250.129770992 -104.694656489 9.99236641221 END
START 0.15801730957 -4.76924970703 6.82586893311 250.129770992 -105.381679389 15.7022900763 END
START 1.88902510986 -13.1776859375 6.43082565918 250.129770992 -105.221374046 5.56488549618 END
START -0.234631762695 -9.73003554687 9.49779798584 250.129770992 -109.374045802 8.42748091603 END
START 6.57687196045 -9.61750806885 11.8082025879 250.129770992 -104.954198473 3.78625954198 END
START -4.19464130859 -10.060435376 17.9660892578 250.129770992 -114.86259542 8.42748091603 END
START -0.720654699707 -5.94001431885 9.07402429199 250.129770992 -105.20610687 11.0305343511 END
START -5.91367810059 -3.61524450684 11.0588174683 250.129770992 -104.244274809 4.21374045802 END
START -1.60650931396 -10.8289741089 4.31195718994 250.129770992 -104.488549618 7.5572519084 END
START -3.26808526611 -10.4004120117 7.25443103027 250.129770992 -97.5648854962 4.24427480916 END
START -0.988805285645 -15.5886470093 8.53054051514 250.129770992 -99.1679389313 2.56488549618 END
START 7.05331809082 -12.1649386353 7.84340463867 250.129770992 -99.4427480916 -3.35114503817 END
START 4.41969626465 -10.8864349487 9.65581529541 250.129770992 -86.2671755725 10.9312977099 END
START 0.600944616699 -12.8137672852 8.41801303711 250.129770992 -100.213740458 4.18320610687 END
START 2.4756045166 -11.8896054443 8.51378110352 250.129770992 -83.6259541985 2.31297709924 END
START -0.656011254883 -8.66701000977 13.5775176147 250.129770992 -86.0305343511 11.5038167939 END
START 15.203180542 -6.52419952393 13.0651584595 250.129770992 -84.3282442748 5.26717557252 END
START 5.77720860596 -9.97663831787 13.1465613159 250.129770992 -59.5801526718 11.9847328244 END
START 8.27675513916 -17.3148664062 7.73805976562 250.129770992 -43.8854961832 10.3740458015 END
START -2.80361014404 -11.2958434326 6.79713851318 250.129770992 -40.1755725191 -3.00763358779 END
START 0.905008227539 -6.08366641846 7.23527741699 250.129770992 -31.6335877863 15.6106870229 END
START 3.44525618896 -7.51061060791 6.60081397705 250.129770992 -29.3511450382 5.0 END
START 5.09007272949 -12.5336456909 12.3875993896 250.129770992 -38.1526717557 5.64885496183 END
START 3.24414324951 -8.26957253418 7.74045396729 250.129770992 -27.3282442748 0.656488549618 END
START -5.83706364746 -6.7061588501 7.3909005249 250.129770992 -27.9007633588 0.679389312977 END
START -0.861912597656 -12.6701151855 10.9079827637 250.129770992 -29.2900763359 14.0992366412 END
START -0.0383072265625 -12.7922194702 4.25210214844 250.129770992 -36.213740458 4.65648854962 END
START -3.28484467773 -14.4442186157 4.34308181152 250.129770992 -40.358778626 -2.51145038168 END
START 4.04141240234 -11.8105967896 5.8346694458 250.129770992 -31.572519084 10.0229007634 END
START -3.10527955322 -12.4785790527 6.55771834717 250.129770992 -32.9541984733 4.17557251908 END
START 1.06063133545 -9.44512554932 3.39258375244 250.129770992 -29.4961832061 7.29007633588 END
START -4.14196887207 -6.62715019531 8.56645354004 250.129770992 -36.0305343511 10.3740458015 END
START 0.749385119629 -10.2352120972 8.9231895874 250.129770992 -51.4961832061 16.8244274809 END
START 7.66383951416 -13.4099234985 7.67102211914 250.129770992 -58.0916030534 0.496183206107 END
START 5.5760956665 -13.3859814819 5.24809003906 250.129770992 -63.1908396947 4.8320610687 END
START 1.89620771484 -2.37025964355 5.11640894775 250.129770992 -60.4045801527 5.19083969466 END
START 6.02859978027 -12.2271878784 5.88015927734 250.129770992 -72.3664122137 6.36641221374 END
START 5.69101734619 -13.0483990479 8.947131604 250.129770992 -74.1984732824 14.3129770992 END
START 5.00148726807 -7.25682523193 5.54736524658 250.129770992 -72.9389312977 10.5877862595 END
START -4.73812508545 -11.5208983887 3.45962139893 250.129770992 -77.9694656489 11.4351145038 END
START -2.4516625 -14.0348101318 11.8728460327 250.129770992 -86.4580152672 7.87786259542 END
START -0.811634362793 -10.8433393188 5.55933625488 250.129770992 -95.7328244275 7.12977099237 END
START 3.96479794922 -7.26879624023 9.43794294434 250.129770992 -97.7099236641 3.93893129771 END
START 1.36948334961 -5.35822331543 8.38210001221 250.129770992 -96.1603053435 9.58015267176 END
START 0.622492431641 -9.95269630127 4.49391651611 250.129770992 -103.885496183 4.36641221374 END
START -8.5089927002 -11.3149970459 6.89530078125 250.129770992 -104.290076336 7.90839694656 END
START -0.184353527832 -7.86255825195 11.7387707397 250.129770992 -105.06870229 5.64885496183 END
START -3.09570274658 -7.02698187256 6.76840809326 250.129770992 -104.755725191 4.3358778626 END
START -0.629675036621 -9.33978067627 2.53785375977 250.129770992 -108.007633588 9.52671755725 END
START -1.55144267578 -11.2575362061 7.6853873291 250.129770992 -107.312977099 3.69465648855 END
START -0.46686932373 -10.7116582275 5.82030423584 250.129770992 -101.748091603 6.27480916031 END
START -2.33195241699 -11.0851536865 9.79946739502 250.129770992 -104.129770992 4.18320610687 END
START -1.08696755371 -6.92642540283 7.41963094482 250.129770992 -104.427480916 10.4503816794 END
START 0.30166940918 -13.2854250122 10.5201220947 250.129770992 -104.236641221 5.59541984733 END
START -1.68312376709 -11.2264115845 7.98705673828 250.129770992 -104.664122137 12.6564885496 END
START -0.402225878906 -5.26006104736 13.6589204712 250.129770992 -103.091603053 -2.20610687023 END
START 1.64002813721 -6.00465776367 9.85692823486 250.129770992 -104.702290076 18.6488549618 END
START -1.95845695801 -9.29429084473 8.8753055542 250.129770992 -105.419847328 2.32824427481 END
START -1.98000477295 -11.525686792 6.82586893311 250.129770992 -98.2748091603 11.8473282443 END
START -0.354341845703 -11.9518546875 9.10275471191 250.129770992 -93.1221374046 5.7786259542 END
START -0.316034619141 -15.1169892822 12.6820861938 250.129770992 -94.0839694656 8.45038167939 END
START 0.972045874023 -7.19697019043 10.2711251221 250.129770992 -84.3053435115 -3.51145038168 END
START 13.5248451782 -10.9558667969 12.5767413208 250.129770992 -75.0152671756 9.29770992366 END
START 9.91917747803 -4.32153399658 8.8753055542 250.129770992 -84.1297709924 20.8473282443 END
START 6.07408961182 -10.2519715088 8.42519564209 250.129770992 -80.1297709924 4.54198473282 END
START 2.29364519043 -8.85854614258 5.8586114624 250.129770992 -80.2595419847 2.35877862595 END
START 6.32069238281 -11.2958434326 6.15070406494 250.129770992 -65.9618320611 -2.65648854962 END
START 7.83143363037 -4.25689055176 9.77791958008 250.129770992 -56.9923664122 11.641221374 END
START 2.31758720703 -11.2048637695 7.23527741699 250.129770992 -60.8473282443 0.679389312977 END
START 4.97993945312 -10.9917798218 7.94635531006 250.129770992 -61.9618320611 4.16030534351 END
START 2.41814367676 -11.7196171265 6.98628044434 250.129770992 -57.0534351145 5.14503816794 END
START -0.418985290527 -11.6238490601 4.04141240234 250.129770992 -54.7404580153 11.8244274809 END