START -1.09175595703 -6.00226356201 5.94719692383 250.129770992 -67.8854961832 11.3893129771 END
START 5.1618987793 -12.7634890503 4.53222374268 250.129770992 -78.641221374 5.65648854962 END
START 1.64721074219 -8.78911429443 7.06768330078 250.129770992 -70.2061068702 8.83969465649 END
START -0.126892687988 -8.8393925293 10.6829278076 250.129770992 -75.5496183206 11.8320610687 END
START 6.33984599609 -13.6996218994 10.0101571411 250.129770992 -70.4885496183 -1.87786259542 END
START 4.47715710449 -9.22485899658 7.28555565186 250.129770992 -67.7328244275 6.09923664122 END
START -0.574608398438 -10.3309801636 11.1833159546 250.129770992 -56.7404580153 6.48854961832 END
START -3.90973131104 -10.1633860474 12.3205617432 250.129770992 -54.786259542 10.5038167939 END
START 1.24498486328 -11.5831476318 6.53617053223 250.129770992 -54.5801526718 8.62595419847 END
START 3.40216055908 -5.48272180176 6.45237347412 250.129770992 -38.7404580153 12.9770992366 END
START -3.33272871094 -7.50103380127 6.95515582275 250.129770992 -49.4961832061 13.0 END
START -9.44991395264 -10.9989624268 10.8241857056 250.129770992 -43.5801526718 2.31297709924 END
START 0.60812722168 -8.15943925781 8.31985076904 250.129770992 -46.6717557252 13.3511450382 END
START -1.61848032227 -4.41490786133 8.90882437744 250.129770992 -43.641221374 10.0458015267 END
START 12.5527993042 -7.69975253906 8.42519564209 250.129770992 -37.7251908397 6.47328244275 END
START 7.09162531738 -12.004527124 8.84418093262 250.129770992 -37.4045801527 10.0763358779 END
START 1.83635267334 -1.93930334473 7.0365586792 250.129770992 -34.679389313 22.6106870229 END
START 12.0452285522 -8.75798967285 12.5216746826 250.129770992 -38.0229007634 19.0305343511 END
START 8.87291135254 -13.618219043 7.46033237305 250.129770992 -39.8854961832 0.900763358779 END
START 2.23379014893 -11.8489040161 18.3491615234 250.129770992 -33.2290076336 5.64122137405 END
START 0.732625708008 -2.11647426758 10.1514150391 250.129770992 -29.6335877863 20.2061068702 END
START -4.537012146 -9.1697923584 5.18823499756 250.129770992 -33.213740458 9.06870229008 END
START 1.32159931641 -15.6317426392 13.0986772827 250.129770992 -34.4732824427 5.6641221374 END
START 1.63045133057 -8.31266816406 5.7508723877 250.129770992 -40.2824427481 19.572519084 END
START -2.4516625 -3.35188232422 3.30639249268 250.129770992 -46.8091603053 3.28244274809 END
START 10.7978494873 -10.3692873901 7.3789295166 250.129770992 -49.1297709924 6.12977099237 END
START 4.58010777588 -10.2280294922 6.89051237793 250.129770992 -52.786259542 8.79389312977 END
START 1.45567460937 -2.96641585693 7.18978758545 250.129770992 -54.7709923664 7.70992366412 END
START 0.833182177734 -8.11155522461 1.75255561523 250.129770992 -50.8244274809 9.92366412214 END
START 2.68868846436 -11.2695072144 9.29907924805 250.129770992 -49.6564885496 6.2213740458 END
START 2.46123930664 -6.84502254639 2.31998140869 250.129770992 -52.0 14.6946564885 END
START -7.6375032959 -15.4952731445 11.1282493164 250.129770992 -56.2519083969 9.4427480916 END
START 5.27682045898 -8.51617530518 4.93684382324 250.129770992 -65.8244274809 4.75572519084 END
START 2.37504804687 -9.29668504639 7.71890615234 250.129770992 -63.7480916031 4.70992366412 END
START 2.53306535645 -4.86262357178 11.5496288086 250.129770992 -66.1908396947 4.00763358779 END
START -1.2856862915 -11.63821427 8.50181009521 250.129770992 -79.4732824427 8.25190839695 END
START -2.7820623291 -7.73805976562 9.84974562988 250.129770992 -78.106870229 9.04580152672 END
START 3.44525618896 -12.7012398071 9.52174000244 250.129770992 -79.3740458015 6.0534351145 END
START 0.931344445801 -11.9350952759 7.59440766602 250.129770992 -84.0152671756 6.09160305344 END
START 1.5322890625 -12.251129895 7.64708010254 250.129770992 -79.9923664122 -0.732824427481 END
START -1.99197578125 -11.6406084717 13.1609265259 250.129770992 -83.7709923664 -9.62595419847 END
START 0.00718260498047 -8.38210001221 6.56968935547 250.129770992 -98.9770992366 2.48091603053 END
START -4.14915147705 -13.6804682861 3.09091434326 250.129770992 -105.13740458 6.70229007634 END
START -2.46602770996 -13.0675526611 7.81706842041 250.129770992 -103.641221374 13.3129770992 END
START -1.87226569824 -2.02070620117 4.54658895264 250.129770992 -102.381679389 -1.63358778626 END
START -3.92649072266 -7.57764825439 9.67018050537 250.129770992 -105.450381679 13.8396946565 END
START 3.19625921631 -9.43315454102 5.79396801758 250.129770992 -105.351145038 9.93893129771 END
START 1.05344873047 -9.27513723145 6.3637880127 250.129770992 -104.122137405 16.1297709924 END
START 1.63284553223 -6.71094725342 8.05409438477 250.129770992 -104.404580153 6.15267175573 END
START -2.42293208008 -8.3102739624 6.1171852417 250.129770992 -104.167938931 2.02290076336 END
START -4.84107575684 -13.3979524902 7.52497581787 250.129770992 -104.954198473 8.51908396947 END
START -3.37821854248 -9.94072529297 12.3492921631 250.129770992 -105.190839695 9.64885496183 END
START 0.265756384277 -11.0516348633 6.00705196533 250.129770992 -90.893129771 10.6183206107 END
START 4.09408483887 -11.5544172119 6.26323154297 250.129770992 -104.534351145 7.75572519084 END
START 5.71256516113 -6.18422288818 5.66707532959 250.129770992 -104.58778626 7.71755725191 END
START 2.84431157227 -13.3189438354 10.5751887329 250.129770992 -105.083969466 2.86259541985 END
START 2.68150585937 -8.03494077148 5.83945784912 250.129770992 -96.9694656489 12.1908396947 END
START 4.49152231445 -6.18422288818 8.20971749268 250.129770992 -90.7709923664 4.64122137405 END
START -0.119710083008 -7.33343968506 11.3700636841 250.129770992 -94.5801526718 9.49618320611 END
START -3.82832845459 -10.180145459 5.58567247314 250.129770992 -91.5190839695 15.1221374046 END
START 2.04225401611 -12.1888806519 6.85220515137 250.129770992 -89.427480916 6.1679389313 END
START 6.33505759277 -4.71178886719 7.75242497559 250.129770992 -85.3664122137 8.78625954198 END
START 1.5801730957 -4.96078583984 7.4148425415 250.129770992 -89.6259541985 7.03053435115 END
START -0.0550666381836 -5.65749852295 13.49850896 250.129770992 -67.0839694656 3.58015267176 END
START -5.05655390625 -8.12592043457 5.04458289795 250.129770992 -63.1603053435 19.320610687 END
START 8.51378110352 -9.42118353271 11.1258551147 250.129770992 -56.4885496183 4.81679389313 END
START 0.998382092285 -5.17626398926 4.55855996094 250.129770992 -53.893129771 2.98473282443 END
START 2.88261879883 -10.5177278931 5.72932457275 250.129770992 -46.3129770992 12.0687022901 END
START 4.32392819824 -6.4475850708 8.18098707275 250.129770992 -48.0687022901 7.48091603053 END
START 7.28076724854 -15.1792385254 16.4840784302 250.129770992 -46.1145038168 2.16030534351 END
START 3.81396324463 -12.9023527466 6.56968935547 250.129770992 -48.6946564885 3.43511450382 END
START -0.30406361084 -7.38132371826 9.8305920166 250.129770992 -42.3053435115 13.786259542 END
START 5.06613071289 -13.0507932495 6.47392128906 250.129770992 -33.2366412214 2.80152671756 END
START 1.50116444092 -12.6461731689 4.903325 250.129770992 -27.6030534351 8.29770992366 END
START 2.99514627686 -10.3309801636 6.90248338623 250.129770992 -31.5877862595 9.62595419847 END
START 5.5282116333 -9.76355437012 10.8265799072 250.129770992 -44.3664122137 14.2061068702 END
START 2.99035787354 -9.20091697998 6.02381137695 250.129770992 -34.2366412214 15.0305343511 END
START 0.411802685547 -7.13472094727 3.48835181885 250.129770992 -40.1908396947 5.21374045802 END
START -0.363918652344 -7.90565388184 5.53060583496 250.129770992 -45.2748091603 1.35877862595 END
START 2.84670577393 -15.3564094482 12.0595937622 250.129770992 -46.0916030534 11.2977099237 END
START -3.94564433594 -13.371616272 5.96874473877 250.129770992 -52.358778626 5.79389312977 END
START -2.33674082031 -5.97592734375 13.9797434937 250.129770992 -40.8015267176 14.7480916031 END
START 4.30716878662 -11.0995188965 7.21372960205 250.129770992 -47.9312977099 10.4427480916 END
START -2.02549460449 -9.85692823486 5.02303508301 250.129770992 -55.2824427481 7.41984732824 END
START -2.62404501953 -6.7181298584 7.49624539795 250.129770992 -63.2595419847 9.76335877863 END
START 0.962469067383 -12.5623761108 4.40533105469 250.129770992 -63.6259541985 7.3358778626 END
START 7.42920775146 -11.3652752808 0.660799658203 250.129770992 -53.358778626 -2.40458015267 END
START 1.98479317627 -1.07739074707 6.81629212646 250.129770992 -61.0839694656 0.0610687022901 END
START -1.70467158203 -6.15788666992 6.28477935791 250.129770992 -60.4351145038 15.3282442748 END
START 0.641646044922 -15.8783454102 7.71890615234 250.129770992 -78.1297709924 7.27480916031 END
START 6.34702860107 -8.72447084961 6.52180532227 250.129770992 -73.106870229 13.1755725191 END
START -1.71903679199 -4.98712205811 5.63116230469 250.129770992 -81.0610687023 6.30534351145 END
START -1.472434021 -9.69172832031 5.39892474365 250.129770992 -89.893129771 3.48854961832 END
START -1.79565124512 -9.80665 7.14908615723 250.129770992 -79.4885496183 0.389312977099 END
START -5.94240852051 -13.4961147583 11.3868230957 250.129770992 -89.786259542 9.23664122137 END
START 4.32392819824 -13.9797434937 5.97592734375 250.129770992 -93.4885496183 13.4198473282 END
START 6.73249506836 -10.9534725952 7.11556733398 250.129770992 -104.778625954 0.0458015267176 END
START 4.70460626221 -13.5152683716 7.49863959961 250.129770992 -96.1450381679 5.41221374046 END
START 1.13006318359 -6.32548078613 10.0484643677 250.129770992 -102.732824427 4.12977099237 END
START 1.05584293213 -9.86171663818 7.03895288086 250.129770992 -103.877862595 8.80916030534 END
START 5.03261188965 -13.1776859375 3.29681568604 250.129770992 -103.679389313 0.916030534351 END
START -7.33343968506 -5.84903465576 0.316034619141 250.129770992 -104.083969466 11.3511450382 END
START 3.30160408936 -14.2407114746 8.85854614258 250.129770992 -105.526717557 8.23664122137 END
START -0.450109912109 -10.1322614258 9.40681832275 250.129770992 -105.236641221 0.435114503817 END
START -1.06063133545 -5.12119735107 6.70855305176 250.129770992 -105.34351145 10.3969465649 END
START 3.49553442383 -8.18816967773 3.2992098877 250.129770992 -105.007633588 13.2213740458 END
START 5.5521536499 -12.3588689697 8.68137521973 250.129770992 -104.839694656 -0.786259541985 END
START -2.89698400879 -12.9334773682 10.2447889038 250.129770992 -104.519083969 6.54961832061 END
START 10.2591541138 -8.48983908691 2.24576115723 250.129770992 -104.458015267 13.5038167939 END
START 0.596156213379 -10.2184526855 7.10120212402 250.129770992 -103.809160305 0.725190839695 END
START 10.6565915894 -11.8872112427 10.2519715088 250.129770992 -104.030534351 3.93893129771 END
START 5.2097828125 -14.7698300415 11.9925561157 250.129770992 -93.4809160305 6.41984732824 END
START 3.924096521 -9.47146176758 5.91846650391 250.129770992 -97.7022900763 11.320610687 END
START 2.12844527588 -10.1202904175 9.02135185547 250.129770992 -95.641221374 5.19083969466 END
START 0.553060583496 -8.76756647949 3.80917484131 250.129770992 -80.7022900763 8.17557251908 END
START -3.71819517822 -12.6054717407 10.314220752 250.129770992 -98.7251908397 2.14503816794 END
START -1.61848032227 -4.12760366211 3.71580097656 250.129770992 -83.4580152672 2.74809160305 END
START -0.735019909668 -15.061922644 6.22971271973 250.129770992 -74.3816793893 10.2213740458 END
START -0.581791003418 -11.2958434326 5.05894810791 250.129770992 -74.0992366412 1.42748091603 END
START -1.73100780029 -10.6422263794 6.28956776123 250.129770992 -78.4885496183 9.95419847328 END
START 1.87705410156 -5.26484945068 6.76361968994 250.129770992 -68.7709923664 9.93129770992 END
START 0.380678063965 -18.021155896 11.9231242676 250.129770992 -74.213740458 4.84732824427 END
START 1.52989486084 -10.5225162964 9.38766470947 250.129770992 -72.5648854962 11.1908396947 END
START -4.99430466309 -9.4523081543 5.40610734863 250.129770992 -79.4122137405 9.88549618321 END
START 3.6535517334 -2.41335527344 7.05810649414 250.129770992 -78.4885496183 6.83969465649 END
START 1.37427175293 -10.3094323486 9.05487067871 250.129770992 -79.3435114504 1.36641221374 END
START 6.30872137451 -13.3883756836 6.70855305176 250.129770992 -63.786259542 9.19083969466 END