START -2.24336695557 -11.9039706543 12.5240688843 250.129770992 -87.8473282443 10.7099236641 END
START -7.47230338135 -3.87621248779 4.44363828125 250.129770992 -90.5572519084 2.36641221374 END
START -8.67658681641 -9.69891092529 4.05338341064 250.129770992 -76.7022900763 -0.450381679389 END
START 6.33984599609 -10.9774146118 9.16739815674 250.129770992 -77.0610687023 8.12977099237 END
START -0.77332713623 -11.7076461182 7.57764825439 250.129770992 -82.786259542 2.09160305344 END
START -9.28950244141 -9.40442412109 7.86495245361 250.129770992 -76.9083969466 14.5648854962 END
START -1.72382519531 -4.76446130371 11.4323129272 250.129770992 -76.9160305344 6.84732824427 END
START -6.0573302002 -10.0077629395 11.1354319214 250.129770992 -82.0687022901 -0.763358778626 END
START 0.342370837402 -11.0492406616 7.88171186523 250.129770992 -90.0 -0.671755725191 END
START -0.483628735352 -7.77636699219 8.07324799805 250.129770992 -83.4198473282 2.79389312977 END
START 1.37666595459 -14.69560979 5.84185205078 250.129770992 -89.6259541985 4.21374045802 END
START -0.0622492431641 -7.60398447266 5.74608398437 250.129770992 -80.3358778626 4.42748091603 END
START 2.34392342529 -5.83227524414 9.11711992188 250.129770992 -80.2824427481 1.19847328244 END
START 0.521935961914 -0.430956298828 8.68855782471 250.129770992 -86.7938931298 16.5877862595 END
START -2.77727392578 -6.0932432251 7.06528909912 250.129770992 -76.6335877863 13.7099236641 END
START 0.258573779297 -10.0269165527 6.09563742676 250.129770992 -81.9389312977 4.3893129771 END
START 12.6222311523 -8.05170018311 10.1969048706 250.129770992 -85.0229007634 17.3435114504 END
START -7.67820472412 -8.52814631348 5.53539423828 250.129770992 -80.7709923664 9.27480916031 END
START 4.12042105713 -9.1817633667 6.8138979248 250.129770992 -66.7099236641 5.48091603053 END
START -1.91775552979 -7.54891783447 4.86262357178 250.129770992 -72.1374045802 -2.20610687023 END
START 9.01177504883 -9.76116016846 8.24563051758 250.129770992 -51.9160305344 0.732824427481 END
START 3.41652576904 -8.91600698242 5.37258852539 250.129770992 -64.5267175573 8.09923664122 END
START 7.60398447266 -18.1049529541 6.67264002686 250.129770992 -40.4732824427 14.786259542 END
START -0.873883605957 -7.7332713623 9.45949075928 250.129770992 -48.465648855 13.0534351145 END
START 1.63045133057 -10.8481277222 5.70059415283 250.129770992 -47.2442748092 -0.717557251908 END
START -2.48518132324 -4.5848961792 12.3157733398 250.129770992 -49.2366412214 11.3893129771 END
START -0.134075292969 -6.76840809326 7.46033237305 250.129770992 -33.0687022901 4.14503816794 END
START 4.5848961792 -10.8217915039 3.98873996582 250.129770992 -33.0992366412 5.88549618321 END
START 0.361524450684 -8.40125362549 8.48505068359 250.129770992 -36.1526717557 5.42748091603 END
START -1.39103116455 -7.98945093994 9.50737479248 250.129770992 -34.6183206107 0.435114503817 END
START 0.519541760254 -12.5887123291 15.442600708 250.129770992 -28.8320610687 5.12977099237 END
START 5.43723197021 -5.31512768555 15.2869776001 250.129770992 -23.465648855 13.8625954198 END
START -2.80121594238 -10.8337625122 11.2335941895 250.129770992 -22.2748091603 3.78625954198 END
START 9.88087025146 -9.96945571289 8.40843623047 250.129770992 -34.3053435115 11.5877862595 END
START 6.05972440186 -9.12669672852 6.26083734131 250.129770992 -33.5877862595 10.9847328244 END
START -3.65834013672 -7.18978758545 6.50983431396 250.129770992 -33.9770992366 -1.82442748092 END
START 2.99754047852 -6.12197364502 14.216769458 250.129770992 -36.3282442748 11.3358778626 END
START 1.34314713135 -12.0212865356 6.3877300293 250.129770992 -35.5190839695 5.18320610687 END
START -2.99035787354 -10.3860468018 5.39892474365 250.129770992 -41.7099236641 -3.12213740458 END
START 0.371101257324 -10.3237975586 5.56651885986 250.129770992 -45.3511450382 0.648854961832 END
START -3.06936652832 -5.82030423584 5.29357987061 250.129770992 -36.6564885496 2.72519083969 END
START 2.81558115234 -8.21211169434 7.98466253662 250.129770992 -37.2824427481 14.1984732824 END
START 5.1379567627 -9.17936916504 6.98149204102 250.129770992 -35.6106870229 -0.274809160305 END
START 5.05415970459 -7.72608875732 11.5592056152 250.129770992 -42.4809160305 18.7557251908 END
START 1.28329208984 -11.1761333496 7.601590271 250.129770992 -50.7786259542 3.5572519084 END
START 3.97437475586 -13.244723584 5.31033928223 250.129770992 -49.3358778626 1.6641221374 END
START -1.05105452881 -12.5647703125 13.0436106445 250.129770992 -64.9160305344 3.16030534351 END
START 5.65510432129 -12.0739589722 4.98472785645 250.129770992 -61.8702290076 12.8702290076 END
START 3.02387669678 -12.9885440063 7.24724842529 250.129770992 -70.3435114504 5.03053435115 END
START -0.790086547852 -13.8480624023 5.60243188477 250.129770992 -72.2671755725 10.1908396947 END
START 2.90895501709 -10.0412817627 8.69334622803 250.129770992 -69.2061068702 2.3358778626 END
START -3.27526787109 -11.3365448608 5.96874473877 250.129770992 -75.1908396947 0.0916030534351 END
START -0.0263362182617 -10.6087075562 12.8808049316 250.129770992 -79.1679389313 1.43511450382 END
START 0.524330163574 -6.56011254883 6.68939943848 250.129770992 -91.106870229 -2.69465648855 END
START -1.70945998535 -7.05810649414 7.52258161621 250.129770992 -84.3129770992 4.98473282443 END
START 6.32787498779 -8.0157871582 2.81558115234 250.129770992 -101.954198473 11.6259541985 END
START -2.817975354 -8.72207664795 6.84502254639 250.129770992 -104.099236641 4.93893129771 END
START -2.65995804443 -14.8560213013 5.63595070801 250.129770992 -104.664122137 2.37404580153 END
START -2.17872351074 -11.04684646 5.4563855835 250.129770992 -103.816793893 1.74809160305 END
START -1.53707746582 -5.87297667236 6.82826313477 250.129770992 -104.099236641 -0.534351145038 END
START 3.11725056152 -8.55208833008 5.98071574707 250.129770992 -104.816793893 4.2213740458 END
START 3.83790526123 -11.1162783081 10.7691190674 250.129770992 -111.641221374 11.0687022901 END
START -0.186747729492 -8.15465085449 6.02381137695 250.129770992 -104.190839695 8.37404580153 END
START 0.557848986816 -11.4155535156 10.1059252075 250.129770992 -103.450381679 10.3435114504 END
START 2.39420166016 -5.89691868896 6.10042583008 250.129770992 -108.687022901 5.69465648855 END
START 1.68791217041 -9.17458076172 7.02219346924 250.129770992 -104.610687023 11.5801526718 END
START -0.744596716309 -11.3963999023 11.0300870483 250.129770992 -103.816793893 1.17557251908 END
START 3.30160408936 -11.8105967896 10.8074262939 250.129770992 -102.0 5.06106870229 END
START 4.80037432861 -9.71088193359 12.0332575439 250.129770992 -104.916030534 8.56488549618 END
START 5.2217538208 -12.0356517456 11.5496288086 250.129770992 -106.572519084 10.9236641221 END
START -1.89141931152 -11.2264115845 4.42209046631 250.129770992 -104.076335878 6.40458015267 END
START -0.92655604248 -8.75320126953 12.8616513184 250.129770992 -105.427480916 6.52671755725 END
START -3.26808526611 -5.60243188477 8.88009395752 250.129770992 -103.20610687 3.52671755725 END
START 1.65678754883 -6.93360800781 8.52335791016 250.129770992 -98.5419847328 5.15267175573 END
START -0.713472094727 -10.0149455444 7.03895288086 250.129770992 -88.3435114504 3.25190839695 END
START -7.15626876221 -8.73883605957 7.26161363525 250.129770992 -93.8091603053 14.4045801527 END
START 5.58567247314 -9.26795462646 7.25682523193 250.129770992 -87.7557251908 15.2442748092 END
START 5.24330163574 -9.4283661377 14.5184388672 250.129770992 -75.5496183206 9.43511450382 END
START 1.37906015625 -11.2766898193 5.26006104736 250.129770992 -74.9465648855 15.7251908397 END
START -1.13963999023 -6.35421120605 14.3029607178 250.129770992 -70.2442748092 7.09160305344 END
START -0.612915625 -5.11401474609 6.69179364014 250.129770992 -60.8244274809 8.64885496183 END
START 3.78283862305 -5.38216533203 7.26161363525 250.129770992 -55.2061068702 3.97709923664 END
START 2.71502468262 -12.2032458618 7.79073220215 250.129770992 -40.7175572519 5.47328244275 END
START 3.95522114258 -15.7873657471 5.11162054443 250.129770992 -35.2290076336 17.3664122137 END
START 9.04050546875 -8.77953748779 12.1936690552 250.129770992 -33.572519084 -0.312977099237 END
START -3.14598098145 -11.2575362061 11.511321582 250.129770992 -32.9083969466 -2.54198473282 END
START 3.42849677734 -7.68778153076 7.601590271 250.129770992 -30.6259541985 10.5267175573 END
START 8.41322463379 -9.59835445557 6.85699355469 250.129770992 -34.9389312977 4.92366412214 END
START 4.5489831543 -17.3986634644 5.97592734375 250.129770992 -38.8167938931 7.13740458015 END
START 1.86987149658 -12.1026893921 4.81234533691 250.129770992 -39.1526717557 6.37404580153 END
START 3.36864173584 -3.18428820801 9.46906756592 250.129770992 -32.4045801527 6.56488549618 END
START 2.71502468262 -11.4155535156 2.55461317139 250.129770992 -29.9847328244 4.1679389313 END
START 0.191536132812 -11.8177793945 5.84903465576 250.129770992 -33.4885496183 3.91603053435 END
START 0.888248815918 -9.84495722656 9.74200655518 250.129770992 -42.9541984733 0.0992366412214 END
START 3.6535517334 -10.6446205811 6.95036741943 250.129770992 -31.7480916031 6.2213740458 END
START 2.20984813232 -19.0746046265 6.22013591309 250.129770992 -31.641221374 -3.51145038168 END
START 3.01190568848 -10.3932294067 4.83868155518 250.129770992 -31.5954198473 5.14503816794 END
START 3.91930811768 -10.2160584839 6.53377633057 250.129770992 -37.5648854962 2.97709923664 END
START -2.30082779541 -10.6039191528 6.09803162842 250.129770992 -50.5190839695 4.51908396947 END
START 6.85220515137 -5.93522591553 7.09880792236 250.129770992 -57.6488549618 2.82442748092 END
START 4.23773693848 -11.6142722534 5.71017095947 250.129770992 -56.0763358779 3.04580152672 END
START 4.08450803223 -9.59596025391 7.94874951172 250.129770992 -54.2671755725 14.2671755725 END
START 0.883460412598 -2.95205064697 6.78516750488 250.129770992 -60.9770992366 11.534351145 END
START -5.32231029053 -9.62229647217 5.48990440674 250.129770992 -56.679389313 -1.11450381679 END
START 5.77242020264 -4.9272670166 8.97586202393 250.129770992 -66.9541984733 9.03816793893 END
START 3.33751711426 -8.9112185791 2.8299463623 250.129770992 -61.5038167939 6.76335877863 END
START 3.55299526367 -15.2007863403 0.902614025879 250.129770992 -63.6564885496 0.977099236641 END
START -3.7493197998 -8.58321295166 7.94874951172 250.129770992 -67.427480916 6.29007633588 END
START -2.57616098633 -13.3931640869 5.2217538208 250.129770992 -68.5114503817 9.57251908397 END
START -1.54186586914 -14.4418244141 7.24485422363 250.129770992 -87.7786259542 -0.69465648855 END
START -2.65756384277 -16.3595799438 5.34864650879 250.129770992 -80.6106870229 4.34351145038 END
START 3.73256038818 -15.6915976807 7.9559321167 250.129770992 -79.7175572519 8.37404580153 END
START 3.19625921631 -15.9836902832 7.90086547852 250.129770992 -94.213740458 14.8702290076 END
START 1.07739074707 -11.4418897339 7.35977590332 250.129770992 -101.977099237 11.427480916 END
START 10.0724063843 -12.6222311523 6.00944616699 250.129770992 -89.9312977099 5.87786259542 END
START -2.34631762695 -12.1553618286 3.88818349609 250.129770992 -89.7175572519 5.89312977099 END
START 3.79720383301 -16.6875855713 1.95606275635 250.129770992 -98.6870229008 9.38167938931 END
START 5.97592734375 -13.5870944214 0.742202514648 250.129770992 -104.160305344 12.2061068702 END
START -6.38294162598 -15.1241718872 6.52180532227 250.129770992 -104.870229008 13.2519083969 END
START -4.18506450195 -7.82664522705 2.50433493652 250.129770992 -105.076335878 10.0839694656 END
START 3.84029946289 -10.2567599121 7.46751497803 250.129770992 -105.06870229 2.23664122137 END
START 1.61608612061 -5.94959112549 4.9512090332 250.129770992 -103.709923664 5.27480916031 END
START 2.18351191406 -15.95017146 0.253785375977 250.129770992 -104.511450382 10.1145038168 END
START 5.44202037354 -10.7260234375 5.91607230225 250.129770992 -104.610687023 9.52671755725 END
START 0.15322890625 -13.2279641724 6.55532414551 250.129770992 -102.20610687 15.106870229 END
START 10.7020814209 -10.5727945312 7.23767161865 250.129770992 -105.167938931 4.13740458015 END
START 1.05105452881 -9.97184991455 9.19134017334 250.129770992 -103.992366412 6.54198473282 END
START 0.0957680664062 -9.90241806641 6.90008918457 250.129770992 -103.885496183 15.5572519084 END
START 3.06218392334 -5.51384642334 6.58405456543 250.129770992 -104.015267176 5.86259541985 END
START 7.52258161621 -10.4004120117 6.16985767822 250.129770992 -102.824427481 4.70229007634 END
START 2.44208569336 -9.29668504639 7.2951324585 250.129770992 -104.41221374 3.29770992366 END
START 2.77487972412 -3.98155736084 0.416591088867 250.129770992 -104.160305344 8.47328244275 END
START -2.70065947266 -11.0205102417 10.3237975586 250.129770992 -112.786259542 10.2671755725 END
START 0.0694318481445 -12.3899935913 9.57680664062 250.129770992 -104.41221374 6.57251908397 END
START 5.31273348389 -8.62391437988 7.53455262451 250.129770992 -116.435114504 1.06870229008 END
START -4.15633408203 -10.3836526001 8.10437261963 250.129770992 -116.511450382 5.77099236641 END
START -1.42215578613 -8.49223328857 5.89691868896 250.129770992 -101.770992366 5.54961832061 END
START 3.76368500977 -9.94551369629 5.75326658936 250.129770992 -103.770992366 0.664122137405 END
START -3.48835181885 -5.19302340088 12.519280481 250.129770992 -104.244274809 8.36641221374 END
START -0.426167895508 -6.73488927002 5.93043751221 250.129770992 -104.045801527 10.7022900763 END
START 2.09971485596 -14.6166011353 7.79791480713 250.129770992 -91.465648855 5.60305343511 END
START 5.53539423828 -8.58800135498 7.33343968506 250.129770992 -95.534351145 -3.75572519084 END
START 5.90649549561 -10.5105452881 12.6749035889 250.129770992 -96.6870229008 8.11450381679 END
START 0.0167594116211 -7.28555565186 1.25216746826 250.129770992 -103.351145038 14.9236641221 END
START 1.81241065674 -8.69334622803 11.2455651978 250.129770992 -88.7175572519 6.18320610687 END
START 0.550666381836 -18.5263324463 12.610260144 250.129770992 -76.6641221374 5.30534351145 END
START 2.30082779541 -10.9415015869 7.51300480957 250.129770992 -85.2519083969 10.9694656489 END
START 5.20738861084 -13.5607582031 9.40202991943 250.129770992 -81.2900763359 4.68702290076 END
START 4.41490786133 -13.0675526611 7.55131203613 250.129770992 -73.5496183206 -3.39694656489 END
START 8.08521900635 -12.5288572876 7.45314976807 250.129770992 -68.4885496183 9.87786259542 END
START 12.5456166992 -8.57842454834 11.0755768799 250.129770992 -69.6870229008 8.32061068702 END
START -0.0861912597656 -8.9231895874 5.78917961426 250.129770992 -55.4961832061 3.0 END
START 9.05008227539 -11.518504187 10.6254669678 250.129770992 -56.3358778626 2.9465648855 END
START -1.65918175049 -3.86424147949 6.37815322266 250.129770992 -53.1450381679 7.73282442748 END
START 2.98078106689 -3.67509954834 6.24886633301 250.129770992 -53.3664122137 9.42748091603 END
START -1.40539637451 -10.3668931885 6.95276162109 250.129770992 -45.5114503817 2.85496183206 END
START 11.8321446045 -6.61039078369 10.4411134399 250.129770992 -46.0534351145 11.2595419847 END
START 10.0005803345 -9.47864437256 6.35899960937 250.129770992 -45.8702290076 -0.213740458015 END
START 7.32386287842 -12.3397153564 12.8089788818 250.129770992 -32.1450381679 3.90076335878 END