START -0.505176550293 -7.68059892578 8.23365950928 250.129770992 -96.2213740458 3.40458015267 END
START 4.93684382324 -1.93690914307 11.772289563 250.129770992 -99.4427480916 2.06106870229 END
START 2.01112939453 -2.36068283691 6.91684859619 250.129770992 -89.4122137405 -2.48854961832 END
START -1.16118780518 -7.16345136719 11.9231242676 250.129770992 -64.1603053435 7.22900763359 END
START 1.98239897461 -4.85783516846 9.24880101318 250.129770992 -62.2977099237 -0.412213740458 END
START 2.7461493042 -8.14746824951 8.03733497314 250.129770992 -59.9618320611 3.41221374046 END
START -2.0733786377 -10.5727945312 7.967903125 250.129770992 -74.8549618321 2.65648854962 END
START 3.69664736328 -12.8353151001 8.8154505127 250.129770992 -51.5801526718 8.58778625954 END
START 2.64798703613 -5.31752188721 15.8208845703 250.129770992 -47.7480916031 9.36641221374 END
START -0.0550666381836 -5.84185205078 4.33589920654 250.129770992 -48.4961832061 17.7251908397 END
START -2.68390006104 -12.6725093872 8.25760152588 250.129770992 -43.106870229 4.01526717557 END
START 3.24653745117 -10.7763016724 13.9246768555 250.129770992 -41.2595419847 14.6030534351 END
START -2.50433493652 -9.70848773193 6.59602557373 250.129770992 -44.4427480916 6.4427480916 END
START -2.51391174316 -3.86663568115 4.76924970703 250.129770992 -51.8702290076 -3.52671755725 END
START -3.69425316162 -11.9590372925 5.66468112793 250.129770992 -54.427480916 5.31297709924 END
START -1.39581956787 -9.63666168213 7.9200190918 250.129770992 -51.9312977099 7.47328244275 END
START -3.12682736816 -10.8577045288 10.3932294067 250.129770992 -57.2290076336 -2.0 END
START -3.58172568359 -0.399831677246 8.30069715576 250.129770992 -59.8778625954 8.02290076336 END
START 1.52989486084 -14.3987287842 11.7124345215 250.129770992 -50.8320610687 7.34351145038 END
START 11.3173912476 -8.64306799316 4.06774862061 250.129770992 -59.0229007634 8.65648854962 END
START -2.817975354 -10.0245223511 4.49631071777 250.129770992 -59.0381679389 9.65648854962 END
START 1.25695587158 -14.8847517212 6.52180532227 250.129770992 -65.6946564885 3.37404580153 END
START -1.03429511719 -9.37090529785 7.14908615723 250.129770992 -75.7175572519 0.0610687022901 END
START -1.70945998535 -9.89044705811 6.33266339111 250.129770992 -91.1832061069 5.95419847328 END
START 5.13077415771 -7.93917270508 6.8138979248 250.129770992 -85.7786259542 5.84732824427 END
START -0.725443103027 -8.23365950928 1.56101948242 250.129770992 -89.8091603053 11.2061068702 END
START -4.50109912109 -4.96557424316 3.4428619873 250.129770992 -87.572519084 10.534351145 END
START -0.895431420898 -8.30548555908 5.75566079102 250.129770992 -81.7557251908 2.19083969466 END
START 0.670376464844 -9.4283661377 8.37731160889 250.129770992 -90.1755725191 7.03053435115 END
START 2.42532628174 -2.12605107422 7.76200178223 250.129770992 -84.2595419847 11.0 END
START 3.12203896484 -1.72621939697 5.70538255615 250.129770992 -85.1450381679 9.59541984733 END
START 3.50750543213 -7.19936439209 5.77242020264 250.129770992 -90.1984732824 6.58015267176 END
START -2.29843359375 -7.6734163208 10.3261917603 250.129770992 -92.3129770992 11.6030534351 END
START 5.18344659424 -3.05739552002 14.1090303833 250.129770992 -69.7022900763 6.8320610687 END
START 7.42202514648 -9.77552537842 6.89290657959 250.129770992 -56.8854961832 13.2290076336 END
START -0.363918652344 -5.08528432617 6.21534750977 250.129770992 -64.2977099237 2.89312977099 END
START 3.16992299805 -11.8824228394 9.49779798584 250.129770992 -48.0076335878 11.9083969466 END
START 4.34308181152 -11.3293622559 10.8146088989 250.129770992 -43.6946564885 20.1297709924 END
START 1.7788918335 -4.17788189697 6.02620557861 250.129770992 -51.465648855 6.50381679389 END
START -2.60489140625 -1.9105729248 12.1218430054 250.129770992 -45.427480916 -0.030534351145 END
START 2.38462485352 -7.72369455566 7.62074388428 250.129770992 -29.6335877863 9.36641221374 END
START 6.11479104004 -5.67665213623 8.92797799072 250.129770992 -32.0992366412 12.8320610687 END
START -0.0430956298828 -6.67503422852 8.76277807617 250.129770992 -39.6488549618 3.62595419847 END
START -5.56651885986 -10.898405957 2.65277543945 250.129770992 -41.0152671756 9.41221374046 END
START -7.92959589844 -5.61200869141 8.20732329102 250.129770992 -35.572519084 15.1297709924 END
START -1.18512982178 -2.32237561035 9.06923588867 250.129770992 -48.7022900763 15.3358778626 END
START -0.782903942871 -13.117830896 2.00873519287 250.129770992 -43.3664122137 5.52671755725 END
START -0.577002600098 -13.4458365234 9.81143840332 250.129770992 -49.4809160305 7.6641221374 END
START -3.46440980225 -10.9965682251 5.91846650391 250.129770992 -48.9923664122 9.5572519084 END
START 2.12365687256 -12.87841073 7.85298144531 250.129770992 -55.5267175573 1.59541984733 END
START -3.41173736572 -7.84819304199 2.38701905518 250.129770992 -65.9541984733 7.4427480916 END
START 3.24893165283 -11.1857101562 6.4236430542 250.129770992 -65.8854961832 5.32061068702 END
START 2.77966812744 -14.6860329834 2.99035787354 250.129770992 -83.7709923664 5.61832061069 END
START -1.05584293213 -9.1338793335 5.62158549805 250.129770992 -81.5877862595 2.36641221374 END
START -2.12365687256 -9.98142672119 4.79798012695 250.129770992 -97.4122137405 5.6106870229 END
START 2.29843359375 -11.7172229248 5.42526096191 250.129770992 -90.0458015267 9.03053435115 END
START -1.39581956787 -12.7108166138 7.15626876221 250.129770992 -100.122137405 12.1679389313 END
START 0.572214196777 -10.553640918 10.5081510864 250.129770992 -104.213740458 4.87022900763 END
START 5.28639726562 -11.7627127563 10.1298672241 250.129770992 -104.015267176 15.3816793893 END
START 1.35032973633 -16.7977188477 6.82347473145 250.129770992 -104.122137405 -3.38167938931 END
START -5.31273348389 -9.28231983643 6.62715019531 250.129770992 -101.969465649 13.9083969466 END
START -0.9193734375 -9.38048210449 6.69179364014 250.129770992 -104.244274809 19.213740458 END
START -2.65516964111 -5.78439121094 11.9757967041 250.129770992 -104.061068702 7.3358778626 END
START 0.0981622680664 -6.72291826172 11.7698953613 250.129770992 -104.167938931 9.31297709924 END
START -6.8138979248 -10.9702320068 11.4849853638 250.129770992 -104.213740458 3.35877862595 END
START 8.38449421387 -6.7660138916 6.86657036133 250.129770992 -103.923664122 6.22900763359 END
START 3.17471140137 -8.2264769043 9.03332286377 250.129770992 -103.702290076 -2.74809160305 END
START 3.0166940918 -7.58004245605 9.62708487549 250.129770992 -104.236641221 7.45801526718 END
START -2.77966812744 3.21301862793 8.21929429932 250.129770992 -104.557251908 8.06870229008 END
START 3.37582434082 -12.8281324951 8.18098707275 250.129770992 -103.969465649 8.0 END
START -3.3830069458 -10.9750204102 13.1010714844 250.129770992 -101.885496183 12.9312977099 END
START 0.383072265625 -6.66785162354 7.78594379883 250.129770992 -104.007633588 -1.28244274809 END
START 1.78607443848 -11.2766898193 10.4842090698 250.129770992 -105.442748092 0.854961832061 END
START 4.8674119751 -5.34146390381 7.65905111084 250.129770992 -83.572519084 3.96183206107 END
START 4.33111080322 -11.7028577148 11.9542488892 250.129770992 -91.8854961832 10.4885496183 END
START 1.76931502686 -10.6254669678 8.66222160645 250.129770992 -93.8854961832 -2.74809160305 END
START 5.20738861084 -8.62391437988 6.05254179687 250.129770992 -87.0992366412 3.85496183206 END
START -0.387860668945 -12.6222311523 17.1329070801 250.129770992 -69.0687022901 16.7328244275 END
START 4.97275684814 -5.88015927734 5.30076247559 250.129770992 -72.0305343511 2.96946564885 END
START 7.18978758545 -13.7427175293 4.74530769043 250.129770992 -74.0534351145 -0.465648854962 END
START 11.1330377197 -8.92079538574 8.76277807617 250.129770992 -55.6106870229 13.7099236641 END
START 2.93529123535 -16.4888668335 10.5895539429 250.129770992 -42.679389313 6.00763358779 END
START 1.50355864258 -14.5687171021 7.2831614502 250.129770992 -48.9541984733 2.0534351145 END
START 6.83065733643 -9.1338793335 4.41490786133 250.129770992 -33.9923664122 2.98473282443 END
START -2.48278712158 -4.72615407715 11.2455651978 250.129770992 -40.8625954198 1.32824427481 END
START -0.780509741211 -7.80030900879 9.46667336426 250.129770992 -37.8549618321 9.19083969466 END
START -0.799663354492 -4.22816013184 7.10599052734 250.129770992 -38.8854961832 4.71755725191 END
START 5.26006104736 -11.3652752808 9.35893428955 250.129770992 -49.4198473282 7.54198473282 END
START -0.241814367676 -3.45483299561 8.63109698486 250.129770992 -34.8473282443 5.15267175573 END
START -8.22887110596 -7.93438430176 5.42286676025 250.129770992 -40.6030534351 10.6259541985 END
START 2.20745393066 -8.89206496582 1.54665427246 250.129770992 -40.1221374046 2.19083969466 END
START 1.16358200684 -7.0605006958 8.334215979 250.129770992 -39.8854961832 2.01526717557 END
START -0.339976635742 -12.3804167847 7.41723674316 250.129770992 -39.0076335878 8.99236641221 END
START 9.05247647705 -10.0963484009 5.72214196777 250.129770992 -52.2900763359 9.81679389313 END
START -7.32146867676 -5.52581743164 12.2463414917 250.129770992 -43.3664122137 15.1450381679 END
START -2.50912333984 -3.86184727783 7.15866296387 250.129770992 -47.8473282443 13.0687022901 END
START 6.21534750977 -7.44836136475 0.859518395996 250.129770992 -60.893129771 14.7938931298 END
START 3.9121255127 -12.0739589722 13.7810247559 250.129770992 -56.8702290076 6.3893129771 END
START -5.36540592041 -8.65743320312 7.81467421875 250.129770992 -66.0839694656 2.43511450382 END
START 2.29125098877 -14.0707231567 6.46913288574 250.129770992 -73.1908396947 4.0534351145 END
START 5.79157381592 -7.60877287598 7.62313808594 250.129770992 -67.0839694656 9.0534351145 END
START -6.72052406006 -11.4993505737 10.5344873047 250.129770992 -73.1832061069 7.82442748092 END
START 3.92649072266 -14.9134821411 8.40364782715 250.129770992 -72.358778626 10.2595419847 END
START 1.38384855957 -6.99346304932 11.8034141846 250.129770992 -75.0229007634 6.60305343511 END
START -1.20667763672 -5.90888969727 6.63672700195 250.129770992 -87.3129770992 16.7557251908 END
START -0.612915625 -13.8935522339 7.66862791748 250.129770992 -72.2671755725 4.32824427481 END
START -2.73178409424 -11.4538607422 5.52102902832 250.129770992 -93.7328244275 -1.89312977099 END
START -1.34554133301 -6.04775339355 10.9558667969 250.129770992 -105.916030534 13.2366412214 END
START 5.64073911133 -9.34696328125 8.25281312256 250.129770992 -102.351145038 5.3893129771 END
START 0.46447512207 -14.223952063 6.63433280029 250.129770992 -91.5572519084 3.0534351145 END
START 5.44680877686 -8.41801303711 6.7779848999 250.129770992 -104.458015267 9.32061068702 END
START 3.75410820312 -6.59123717041 5.07331331787 250.129770992 -104.282442748 7.29007633588 END
START -3.46440980225 -9.63426748047 6.73249506836 250.129770992 -104.175572519 8.10687022901 END
START 3.09809694824 -10.9151653687 3.78044442139 250.129770992 -103.648854962 15.1832061069 END
START 1.03668931885 -13.3189438354 3.21062442627 250.129770992 -103.885496183 7.87786259542 END
START -1.64002813721 -8.13789144287 7.35259329834 250.129770992 -104.618320611 6.85496183206 END
START -0.0287304199219 -13.8672160156 5.93283171387 250.129770992 -101.65648855 10.465648855 END
START 0.641646044922 -15.2797949951 5.97113894043 250.129770992 -105.099236641 -3.60305343511 END
START 0.509964953613 -8.80587370605 4.74530769043 250.129770992 -104.717557252 18.5648854962 END
START -1.64960494385 -8.334215979 15.6796266724 250.129770992 -104.969465649 3.64885496183 END
START 0.280121594238 -4.92487281494 7.6973583374 250.129770992 -105.328244275 2.90839694656 END
START 1.00556469727 -9.53371101074 6.7899559082 250.129770992 -104.687022901 -3.08396946565 END
START -0.814028564453 -12.3468979614 7.71651195068 250.129770992 -97.6488549618 6.56488549618 END
START 4.72615407715 -11.6406084717 9.23683000488 250.129770992 -106.755725191 7.59541984733 END
START -2.99754047852 -8.88248815918 4.25210214844 250.129770992 -87.5954198473 0.908396946565 END
START 3.21062442627 -4.79319172363 5.02064088135 250.129770992 -93.8549618321 7.37404580153 END
START -1.95845695801 -14.2838071045 5.57130726318 250.129770992 -82.679389313 11.6030534351 END
START 4.30716878662 -5.68144053955 9.18655177002 250.129770992 -104.13740458 -0.290076335878 END
START 3.93846173096 -6.28238515625 8.64546219482 250.129770992 -84.5038167939 8.79389312977 END
START 1.59693250732 -12.7395470337 6.97430943604 250.129770992 -83.6717557252 8.50381679389 END
START 5.7748144043 -2.97838686523 12.7850368652 250.129770992 -89.1755725191 7.85496183206 END
START 1.99197578125 -10.6470147827 10.651803186 250.129770992 -72.3435114504 11.7786259542 END
START 1.41497318115 -10.1681744507 11.2144405762 250.129770992 -69.5190839695 3.8320610687 END
START 1.24259066162 -8.08521900635 9.8305920166 250.129770992 -65.2366412214 5.64122137405 END
START 1.53707746582 -8.11155522461 10.0173397461 250.129770992 -63.8854961832 8.74809160305 END
START 5.03261188965 -16.287753894 13.1561381226 250.129770992 -65.6870229008 9.81679389313 END
START 0.92416184082 -12.0643821655 3.64636912842 250.129770992 -56.8473282443 4.26717557252 END