START 1.10851536865 -7.74045396729 7.29034405518 250.129770992 -96.8778625954 3.23664122137 END
START -3.53863005371 -10.5129394897 8.80108530273 250.129770992 -90.9923664122 11.4885496183 END
START -0.969651672363 -3.85227047119 7.23767161865 250.129770992 -86.0610687023 9.77099236641 END
START -0.653617053223 -8.73883605957 6.52659372559 250.129770992 -91.7404580153 8.67938931298 END
START 1.66397015381 -11.8369330078 8.59518395996 250.129770992 -95.1679389313 2.32061068702 END
START -6.49068070068 -5.2217538208 9.41878933105 250.129770992 -91.0534351145 5.41221374046 END
START -2.34392342529 -14.8991169312 7.64468590088 250.129770992 -100.190839695 9.51908396947 END
START -1.48919343262 -15.8352497803 8.33661018066 250.129770992 -89.1221374046 5.81679389313 END
START -1.69270057373 -6.56011254883 12.3684457764 250.129770992 -78.6946564885 6.23664122137 END
START 8.42758984375 -4.84825836182 6.39491263428 250.129770992 -77.3893129771 2.27480916031 END
START 2.42532628174 -10.8912233521 6.38533582764 250.129770992 -66.8702290076 9.12977099237 END
START -3.23696064453 -8.62630858154 6.43800826416 250.129770992 -63.9923664122 2.59541984733 END
START 3.35667072754 -6.55771834717 11.511321582 250.129770992 -61.106870229 4.90076335878 END
START 2.4037784668 -11.1186725098 8.69574042969 250.129770992 -71.465648855 9.53435114504 END
START 0.359130249023 -11.5711766235 7.7332713623 250.129770992 -52.213740458 6.09923664122 END
START -0.351947644043 -13.2902134155 5.05415970459 250.129770992 -60.2900763359 4.01526717557 END
START -0.593762011719 -9.37090529785 10.2160584839 250.129770992 -45.7938931298 -2.35877862595 END
START 6.79474431152 -10.6422263794 8.87769975586 250.129770992 -35.0076335878 13.5038167939 END
START 8.30787976074 -9.22725319824 2.70305367432 250.129770992 -34.8244274809 5.32061068702 END
START 8.75559547119 -19.1081234497 11.4203419189 250.129770992 -40.4580152672 10.8244274809 END
START 0.134075292969 -5.70298835449 9.10514891357 250.129770992 -34.0458015267 0.381679389313 END
START -0.270544787598 -8.65503900146 7.17302817383 250.129770992 -41.427480916 4.58778625954 END
START 6.78756170654 -1.80522805176 9.22246479492 250.129770992 -27.1984732824 3.25954198473 END
START 12.0667763672 -0.335188232422 9.42118353271 250.129770992 -25.1755725191 5.29007633588 END
START 5.31273348389 -7.63271489258 6.82108052979 250.129770992 -34.2213740458 4.86259541985 END
START 6.4715270874 -9.11233151855 10.5273046997 250.129770992 -37.1297709924 8.86259541985 END
START -0.991199487305 -17.1903679199 12.4306950195 250.129770992 -41.7251908397 4.19847328244 END
START 1.38384855957 -12.7323644287 2.90656081543 250.129770992 -38.8854961832 3.79389312977 END
START 2.92810863037 -8.57363614502 7.35977590332 250.129770992 -45.9236641221 5.49618320611 END
START 12.0236807373 -9.27274302979 13.230358374 250.129770992 -46.7709923664 6.47328244275 END
START -2.09013804932 -11.6046954468 8.5089927002 250.129770992 -43.3282442748 3.13740458015 END
START 0.517147558594 -5.50187541504 7.34541069336 250.129770992 -42.8244274809 8.92366412214 END
START 1.35272393799 -3.52905324707 4.43645567627 250.129770992 -50.7633587786 -2.48091603053 END
START 0.778115539551 -10.2016932739 6.1530982666 250.129770992 -38.8625954198 14.7709923664 END
START 0.656011254883 -7.16105716553 4.53222374268 250.129770992 -52.1145038168 5.68702290076 END
START 2.70784207764 -6.72770666504 10.0795889893 250.129770992 -68.1297709924 16.8473282443 END
START -2.70305367432 -2.95444484863 5.66468112793 250.129770992 -59.427480916 6.6106870229 END
START -0.193930334473 -9.07402429199 5.68622894287 250.129770992 -65.0992366412 10.1832061069 END
START -1.13006318359 -9.48103857422 6.34702860107 250.129770992 -73.1908396947 12.213740458 END
START 1.00317049561 -3.40455476074 4.78122071533 250.129770992 -74.7938931298 8.77099236641 END
START 0.869095202637 -6.17943448486 3.00951148682 250.129770992 -76.3969465649 10.2824427481 END
START 0.497993945312 -12.4713964478 13.0100918213 250.129770992 -74.1374045802 7.06870229008 END
START 1.77649763184 -13.3093670288 7.1203557373 250.129770992 -90.0229007634 6.90839694656 END
START -3.66791694336 -9.06923588867 8.20732329102 250.129770992 -94.3969465649 5.50381679389 END
START -0.0622492431641 -12.4618196411 6.13873305664 250.129770992 -97.0610687023 4.88549618321 END
START 0.984016882324 -11.1019130981 6.26801994629 250.129770992 -101.114503817 5.98473282443 END
START -1.86987149658 -5.22654222412 7.78115539551 250.129770992 -104.290076336 7.79389312977 END
START -4.90093079834 -14.1473376099 9.76116016846 250.129770992 -104.20610687 3.75572519084 END
START 2.74375510254 -9.85692823486 7.75003077393 250.129770992 -101.748091603 -1.41221374046 END
START -4.53940634766 -7.09162531738 10.8744639404 250.129770992 -104.083969466 1.08396946565 END
START -0.131681091309 -9.64623848877 2.50433493652 250.129770992 -104.549618321 -3.40458015267 END
START -7.03416447754 -7.71651195068 7.42202514648 250.129770992 -102.366412214 9.70229007634 END
START -3.44525618896 -10.9798088135 5.82988104248 250.129770992 -107.145038168 9.25190839695 END
START 5.36780012207 -6.34702860107 1.42454998779 250.129770992 -104.442748092 5.29770992366 END
START -0.292092602539 -8.13549724121 8.33661018066 250.129770992 -104.213740458 3.71755725191 END
START -5.04458289795 -6.53138212891 9.5241342041 250.129770992 -93.9083969466 3.98473282443 END
START 2.33195241699 -8.58800135498 8.9231895874 250.129770992 -106.160305344 13.1679389313 END
START 5.81312163086 -10.1346556274 5.86818826904 250.129770992 -96.9847328244 2.91603053435 END
START 9.5720182373 -10.5033626831 15.562310791 250.129770992 -103.984732824 9.32061068702 END
START -3.73974299316 -13.4218945068 11.9542488892 250.129770992 -90.1755725191 9.73282442748 END
START 2.41335527344 -10.2783077271 13.3859814819 250.129770992 -90.2442748092 7.41221374046 END
START 7.50821640625 -12.3995703979 9.99579193115 250.129770992 -77.3816793893 10.5496183206 END
START 8.67179841309 -10.6350437744 8.13310303955 250.129770992 -69.0152671756 8.15267175573 END
START 3.05739552002 -5.41807835693 9.98142672119 250.129770992 -73.3664122137 -3.50381679389 END
START 0.653617053223 -8.62630858154 13.4817495483 250.129770992 -61.0992366412 3.46564885496 END
START 4.08211383057 -10.0700121826 10.3597105835 250.129770992 -52.572519084 3.47328244275 END
START 3.67031114502 -12.5360398926 6.59363137207 250.129770992 -44.0687022901 9.47328244275 END
START 1.60650931396 -4.01507618408 12.6772977905 250.129770992 -32.9236641221 4.19083969466 END
START 7.84819304199 -6.79474431152 11.8417214111 250.129770992 -30.427480916 2.45801526718 END
START 3.33751711426 -6.71334145508 7.20415279541 250.129770992 -34.5496183206 3.04580152672 END
START 11.2431709961 -4.74291348877 5.11401474609 250.129770992 -29.106870229 12.7709923664 END
START 2.1811177124 -8.42519564209 6.04775339355 250.129770992 -36.0076335878 4.67938931298 END
START 0.811634362793 -10.419565625 7.14908615723 250.129770992 -29.1679389313 9.60305343511 END
START 2.44687409668 -6.15070406494 7.18021077881 250.129770992 -34.572519084 6.31297709924 END
START 1.58496149902 -6.74446607666 11.3197854492 250.129770992 -37.9465648855 3.30534351145 END
START 0.110133276367 -9.60074865723 10.3214033569 250.129770992 -33.3816793893 3.34351145038 END
START 4.00310517578 -7.74524237061 8.90164177246 250.129770992 -30.534351145 5.8320610687 END
START 1.44609780273 -14.5064678589 7.52258161621 250.129770992 -36.2519083969 0.30534351145 END
START -2.67671745605 -7.11077893066 13.1896569458 250.129770992 -43.0839694656 -2.46564885496 END
START -5.31273348389 -6.69179364014 6.495469104 250.129770992 -52.6946564885 -3.40458015267 END
START 2.87304199219 -8.17380446777 3.42370837402 250.129770992 -55.3358778626 2.56488549618 END
START 4.56813676758 -2.86585938721 7.0485296875 250.129770992 -69.1603053435 12.8778625954 END
START -1.21146604004 -8.52335791016 10.2830961304 250.129770992 -67.4732824427 6.25190839695 END
START 5.82988104248 -12.3085907349 10.7834842773 250.129770992 -66.0992366412 10.641221374 END
START 2.34631762695 -4.96796844482 4.49631071777 250.129770992 -70.9465648855 5.03053435115 END
START -5.64313331299 -11.0827594849 4.32871660156 250.129770992 -81.1450381679 5.67175572519 END
START 8.6287027832 -10.2304236938 2.0733786377 250.129770992 -90.0839694656 13.9923664122 END
START 2.65756384277 -8.58081875 5.82748684082 250.129770992 -96.786259542 11.1297709924 END
START -3.85466467285 -9.34456907959 5.84424625244 250.129770992 -84.8549618321 9.65648854962 END
START -0.974440075684 -5.57848986816 5.95677373047 250.129770992 -91.2442748092 -2.79389312977 END
START -1.83156427002 -9.13148513184 7.01022246094 250.129770992 -92.1984732824 2.57251908397 END
START 3.15316358643 -7.39568892822 4.903325 250.129770992 -96.4503816794 1.86259541985 END
START 3.28245047607 -16.3667625488 3.87381828613 250.129770992 -104.763358779 13.6030534351 END
START 1.57538469238 -8.63109698486 11.1689507446 250.129770992 -104.671755725 5.71755725191 END
START 1.8028338501 -10.8768581421 11.1713449463 250.129770992 -104.816793893 13.8015267176 END
START -1.35990654297 -1.54665427246 11.2072579712 250.129770992 -104.93129771 12.3435114504 END
START 1.52510645752 -10.8720697388 6.42603725586 250.129770992 -104.396946565 7.60305343511 END
START 4.0198645874 -3.66791694336 8.12053348083 250.129770992 -104.41221374 16.8473282443 END
START -0.380678063965 -6.56968935547 12.5623761108 250.129770992 -104.595419847 10.4122137405 END
START -3.48835181885 -1.97761057129 8.67419261475 250.129770992 -97.5648854962 10.2061068702 END
START -0.15322890625 -15.3683804565 11.7746837646 250.129770992 -103.916030534 4.77099236641 END
START 0.14844050293 -6.15788666992 9.22246479492 250.129770992 -96.7022900763 18.0229007634 END
START 0.634463439941 -9.83538041992 8.06845959473 250.129770992 -88.6259541985 5.51908396947 END
START -0.162805712891 -10.6206785645 7.13950935059 250.129770992 -90.7099236641 0.320610687023 END
START 2.41814367676 -10.5009684814 8.6047607666 250.129770992 -75.4427480916 0.81679389313 END
START -0.0526724365234 -12.2152168701 12.8664397217 250.129770992 -82.0992366412 10.1679389313 END
START -1.59693250732 -4.64953962402 9.94790789795 250.129770992 -65.3511450382 1.41221374046 END
START -0.988805285645 -10.4363250366 5.5880666748 250.129770992 -67.4045801527 6.54198473282 END
START 0.845153186035 -9.44991395264 7.85776984863 250.129770992 -76.6183206107 5.5572519084 END
START 3.51229383545 -8.49223328857 11.7124345215 250.129770992 -62.7022900763 -2.93893129771 END
START 7.12514414062 -13.5463929932 5.67186373291 250.129770992 -72.0229007634 12.358778626 END
START 6.88093557129 -11.1258551147 10.285490332 250.129770992 -60.9618320611 18.1450381679 END
START 6.85459935303 -6.52659372559 5.48511600342 250.129770992 -64.3511450382 9.47328244275 END
START 10.0173397461 -13.0340338379 6.18422288818 250.129770992 -59.6488549618 7.06870229008 END
START 3.92170231934 -7.73087716064 6.12197364502 250.129770992 -59.8244274809 5.56488549618 END
START 5.30076247559 -10.0293107544 8.334215979 250.129770992 -60.5419847328 14.3053435115 END
START 7.91762489014 -11.3341506592 8.88248815918 250.129770992 -47.0458015267 -2.13740458015 END
START 5.28400306396 -8.51138690186 8.41801303711 250.129770992 -27.8854961832 5.50381679389 END
START 3.24174904785 -10.8170031006 6.42124885254 250.129770992 -25.7786259542 2.9465648855 END