START 3.28245047607 -11.877634436 6.34702860107 250.129770992 -104.259541985 7.39694656489 END
START -1.9105729248 -8.20732329102 5.89213028564 250.129770992 -104.221374046 14.6335877863 END
START -5.90888969727 0.684741674805 5.41089575195 250.129770992 -101.06870229 3.35877862595 END
START -1.05344873047 -8.61194337158 5.68383474121 250.129770992 -105.702290076 6.82442748092 END
START 3.02148249512 -14.6644851685 7.57285985107 250.129770992 -86.0458015267 18.3816793893 END
START -0.584185205078 -8.50420429687 7.35019909668 250.129770992 -99.6641221374 9.26717557252 END
START 1.85311208496 -5.48990440674 8.46829127197 250.129770992 -93.0229007634 6.67175572519 END
START -3.23456644287 -13.723563916 10.2160584839 250.129770992 -91.1297709924 3.32824427481 END
START 2.30801040039 -9.46188496094 7.17063397217 250.129770992 -92.0610687023 9.09923664122 END
START -0.962469067383 -10.8433393188 8.14746824951 250.129770992 -84.5877862595 9.25190839695 END
START 3.40216055908 -10.5632177246 14.0132623169 250.129770992 -92.9923664122 11.6259541985 END
START -1.75734401855 -9.46906756592 7.43160195312 250.129770992 -87.8549618321 5.39694656489 END
START -1.61608612061 -9.27274302979 8.44913765869 250.129770992 -66.6030534351 8.19847328244 END
START 2.37025964355 -9.30865605469 10.4482960449 250.129770992 -65.9618320611 2.61832061069 END
START -2.87783039551 -10.2902787354 10.3285859619 250.129770992 -62.3511450382 -0.832061068702 END
START -2.11647426758 -3.40216055908 4.6088381958 250.129770992 -58.4427480916 11.2061068702 END
START 6.23450112305 -7.88650026855 9.49300958252 250.129770992 -58.9923664122 11.0916030534 END
START -4.34308181152 -13.1992337524 5.88015927734 250.129770992 -53.7480916031 0.259541984733 END
START 3.52426484375 -14.470554834 11.9518546875 250.129770992 -56.9236641221 9.13740458015 END
START 6.16267507324 -6.34224019775 12.5168862793 250.129770992 -45.2213740458 9.0 END
START 3.39018955078 -9.26077202148 12.4426660278 250.129770992 -46.2519083969 2.81679389313 END
START 4.5848961792 -12.9741787964 8.01818135986 250.129770992 -45.2366412214 5.81679389313 END
START 3.22259543457 -10.4913916748 5.94240852051 250.129770992 -38.4045801527 8.96183206107 END
START 4.05098920898 -11.413159314 7.9439611084 250.129770992 -46.8778625954 4.74045801527 END
START -0.169988317871 -7.24006582031 8.76517227783 250.129770992 -38.4427480916 2.83969465649 END
START 2.4756045166 -8.54729992676 10.8481277222 250.129770992 -33.4885496183 7.22900763359 END
START -0.948103857422 -6.69658204346 7.52737001953 250.129770992 -34.534351145 2.19083969466 END
START 1.838746875 -8.71728824463 8.19295808105 250.129770992 -33.5877862595 -3.88549618321 END
START 5.39892474365 -12.8065846802 14.9039053345 250.129770992 -33.1297709924 7.50381679389 END
START 2.03985981445 -6.82347473145 12.3612631714 250.129770992 -22.320610687 3.0 END
START 1.43652099609 -8.04930598145 6.61757338867 250.129770992 -27.5496183206 1.41221374046 END
START 0.823605371094 -7.3549875 13.7211697144 250.129770992 -33.9770992366 0.687022900763 END
START 2.96641585693 -12.2152168701 6.36139381104 250.129770992 -32.3435114504 11.1526717557 END
START 1.94169754639 -8.36294639893 10.5081510864 250.129770992 -31.9618320611 4.77099236641 END
START 4.8793829834 -15.6628672607 8.8513635376 250.129770992 -33.3053435115 11.6946564885 END
START -0.526724365234 -7.70693514404 10.2352120972 250.129770992 -44.0839694656 13.6946564885 END
START -1.55383687744 -6.91445439453 7.4268135498 250.129770992 -32.0229007634 8.12977099237 END
START 4.99191046143 -5.20020600586 9.57441243896 250.129770992 -37.3435114504 1.79389312977 END
START 0.897825622559 -12.018892334 12.1960632568 250.129770992 -41.8244274809 4.50381679389 END
START -0.15322890625 -12.1170546021 11.0157218384 250.129770992 -35.3969465649 7.32824427481 END
START 1.75973822021 -15.1409312988 1.98000477295 250.129770992 -38.106870229 8.58015267176 END
START 0.495599743652 -10.3118265503 9.92875428467 250.129770992 -52.6106870229 2.47328244275 END
START 3.46201560059 -9.67018050537 4.63038601074 250.129770992 -48.9847328244 15.106870229 END
START 4.17069929199 -7.65905111084 10.3429511719 250.129770992 -51.2748091603 9.09160305344 END
START 3.7134067749 -4.18985290527 6.68461103516 250.129770992 -57.572519084 13.0458015267 END
START 2.23618435059 -10.8098204956 5.00388146973 250.129770992 -52.6259541985 4.90076335878 END
START 5.94480272217 -12.8017962769 6.37336481934 250.129770992 -58.572519084 -2.48091603053 END
START -3.77086761475 -6.61039078369 11.286266626 250.129770992 -53.0992366412 6.7786259542 END
START 6.56968935547 -10.7475712524 6.96473262939 250.129770992 -66.0381679389 6.01526717557 END
START -0.854729992676 -0.15801730957 4.50828172607 250.129770992 -61.7480916031 -0.404580152672 END
START 5.24090743408 -12.7682774536 3.17949980469 250.129770992 -61.6946564885 8.77099236641 END
START -0.885854614258 -9.41878933105 10.3405569702 250.129770992 -60.8320610687 14.7175572519 END
START 0.122104284668 -8.2504189209 9.39484731445 250.129770992 -60.2290076336 3.93893129771 END
START 1.10372696533 -5.05415970459 -1.62087452393 250.129770992 -66.2442748092 -0.541984732824 END
START 4.09647904053 -10.7044756226 9.12909093018 250.129770992 -72.9694656489 17.9541984733 END
START 1.53707746582 -9.07402429199 9.41400092773 250.129770992 -58.6488549618 10.2366412214 END
START 2.13802208252 -10.5033626831 3.66791694336 250.129770992 -73.2366412214 1.96946564885 END
START 4.35505281982 -5.88015927734 6.13873305664 250.129770992 -71.0916030534 5.32824427481 END
START -1.78607443848 -11.7267997314 10.778695874 250.129770992 -76.641221374 0.977099236641 END
START 3.77086761475 -13.723563916 2.46842191162 250.129770992 -74.1603053435 12.4198473282 END
START -2.33913502197 -5.83706364746 5.18105239258 250.129770992 -81.9847328244 7.25954198473 END
START 3.81156904297 -14.1760680298 5.76523759766 250.129770992 -67.572519084 5.57251908397 END
START -1.37427175293 -7.44836136475 6.86417615967 250.129770992 -74.2977099237 6.64885496183 END
START 1.78846864014 -10.3860468018 1.76213242187 250.129770992 -81.0687022901 8.46564885496 END
START 4.00071097412 -11.6908867065 6.42843145752 250.129770992 -81.8015267176 13.679389313 END
START -6.78037910156 -11.8680576294 7.55610043945 250.129770992 -96.679389313 19.3511450382 END
START 5.00866987305 -9.41160672607 7.92241329346 250.129770992 -92.1908396947 13.1145038168 END
START -0.31124621582 -9.83298621826 3.26329686279 250.129770992 -95.6564885496 5.99236641221 END
START 5.49948121338 -2.92332022705 4.75488449707 250.129770992 -94.5801526718 5.87022900763 END
START 1.84114107666 -4.99669886475 7.35738170166 250.129770992 -92.3282442748 10.8778625954 END
START -2.08295544434 -14.8177140747 14.844050293 250.129770992 -104.778625954 5.39694656489 END
START 0.131681091309 -12.4761848511 4.64953962402 250.129770992 -104.27480916 5.19083969466 END
START -2.81318695068 -9.22007059326 15.3923224731 250.129770992 -99.3664122137 16.7404580153 END
START -6.14830986328 -8.67658681641 3.93367332764 250.129770992 -104.198473282 4.71755725191 END
START 0.366312854004 -9.89523546143 10.3812583984 250.129770992 -104.625954198 -2.10687022901 END
START 7.44117875977 -8.65025059814 6.42843145752 250.129770992 -103.977099237 6.68702290076 END
START 2.04943662109 -9.18415756836 6.28956776123 250.129770992 -104.480916031 8.23664122137 END
START 1.42933839111 -4.23773693848 8.80108530273 250.129770992 -104.366412214 8.85496183206 END
START 0.579396801758 -10.4099888184 7.33583388672 250.129770992 -105.755725191 11.7480916031 END
START 2.62643922119 -9.23204160156 4.47715710449 250.129770992 -98.0610687023 8.75572519084 END
START -4.86501777344 -10.3046439453 8.91600698242 250.129770992 -102.396946565 1.51145038168 END
START -5.28400306396 -8.17619866943 6.67982263184 250.129770992 -96.9847328244 9.71755725191 END
START -5.20738861084 -11.4394955322 8.78672009277 250.129770992 -91.8702290076 3.03053435115 END
START 6.33266339111 -6.49786330566 1.12288057861 250.129770992 -97.6946564885 16.7099236641 END
START 1.60172091064 -5.36780012207 12.7994020752 250.129770992 -78.5801526718 1.54961832061 END
START 6.78277330322 -12.7898252686 12.1170546021 250.129770992 -79.3053435115 11.0152671756 END
START 0.122104284668 -8.0397291748 7.36456430664 250.129770992 -79.8854961832 2.74045801527 END
START -3.43807358398 -8.37491740723 8.43477244873 250.129770992 -65.9236641221 -0.923664122137 END
START 3.90973131104 -10.1202904175 13.6756798828 250.129770992 -64.0305343511 5.04580152672 END
START 1.07499654541 -10.6254669678 8.92079538574 250.129770992 -53.641221374 13.786259542 END
START 13.603853833 -13.6373726562 12.1050835937 250.129770992 -56.3358778626 2.62595419847 END
START -0.45250411377 -10.0987426025 10.2543657104 250.129770992 -58.0763358779 4.21374045802 END
START 1.33835872803 -10.7140524292 12.9430541748 250.129770992 -40.2671755725 2.37404580153 END
START 7.69975253906 -4.92487281494 10.1107136108 250.129770992 -45.9618320611 14.320610687 END
START 3.42370837402 -6.33266339111 7.69975253906 250.129770992 -45.3740458015 7.29770992366 END
START 15.090653064 -15.2223341553 6.78756170654 250.129770992 -54.3969465649 2.3358778626 END
START 11.1162783081 -7.98226833496 3.32554610596 250.129770992 -51.320610687 10.3358778626 END
START 2.39420166016 -15.1864211304 7.1203557373 250.129770992 -45.5648854962 4.10687022901 END
START 5.24090743408 -1.25216746826 11.4778027588 250.129770992 -36.6564885496 6.58015267176 END
START 0.0143652099609 -4.043806604 5.66228692627 250.129770992 -48.5877862595 19.2290076336 END
START 2.48996972656 -13.0388222412 10.1370498291 250.129770992 -49.0534351145 0.572519083969 END
START 1.51792385254 -8.39407102051 6.3877300293 250.129770992 -44.641221374 8.16030534351 END
START 8.81305631104 -0.349553442383 7.58722506104 250.129770992 -57.4732824427 9.59541984733 END
START -2.65516964111 -10.4171714233 11.293449231 250.129770992 -57.2213740458 -3.68702290076 END
START -2.25773216553 -10.4291424316 2.77727392578 250.129770992 -60.8625954198 3.48091603053 END
START 6.1650692749 -7.25203682861 8.18338127441 250.129770992 -68.0839694656 -1.03816793893 END
START 0.746990917969 -8.13310303955 3.7493197998 250.129770992 -51.5190839695 4.32824427481 END
START -0.270544787598 -4.94642062988 3.42610257568 250.129770992 -73.2595419847 5.36641221374 END
START -4.42927307129 -1.58256729736 13.0460048462 250.129770992 -79.213740458 15.0076335878 END
START -10.0987426025 -10.9822030151 9.5720182373 250.129770992 -69.5419847328 10.2519083969 END
START -0.409408483887 -13.1992337524 6.15549246826 250.129770992 -85.5954198473 6.39694656489 END
START 5.43004936523 -16.2350814575 5.41568415527 250.129770992 -86.6946564885 -1.52671755725 END
START 3.91691391602 -8.89445916748 4.6686932373 250.129770992 -91.5038167939 11.0458015267 END
START -2.67432325439 -5.02542928467 9.28950244141 250.129770992 -81.7404580153 5.43511450382 END
START -1.95127435303 -6.89769498291 9.94072529297 250.129770992 -76.2900763359 -1.65648854962 END
START 5.73171877441 -3.35667072754 3.35667072754 250.129770992 -101.65648855 4.93893129771 END
START -0.586579406738 -4.58010777588 1.54665427246 250.129770992 -93.2213740458 0.030534351145 END
START -4.72136567383 -5.65749852295 6.47392128906 250.129770992 -104.755725191 1.19847328244 END
START 0.0957680664062 -10.5201220947 4.33111080322 250.129770992 -102.41221374 9.64122137405 END
START 0.359130249023 -9.35893428955 8.46350286865 250.129770992 -102.190839695 2.92366412214 END
START 4.58010777588 -4.58968458252 5.21457121582 250.129770992 -106.595419847 18.7557251908 END
START -1.35751234131 -10.539275708 5.98071574707 250.129770992 -104.083969466 -0.412213740458 END
START 1.5682020874 -8.66701000977 12.4953384644 250.129770992 -101.427480916 14.5572519084 END
START 4.89614239502 -5.26484945068 4.26886156006 250.129770992 -95.2671755725 10.8473282443 END
START -0.60573302002 -8.51617530518 9.10754311523 250.129770992 -100.091603053 1.68702290076 END
START -6.19379969482 -6.83544573975 6.27041414795 250.129770992 -95.9312977099 10.2061068702 END
START -5.762843396 -8.37012900391 11.7459533447 250.129770992 -86.2671755725 -3.90839694656 END
START 4.20182391357 -10.0795889893 6.03338818359 250.129770992 -99.3511450382 10.7633587786 END
START 9.1338793335 -7.51061060791 12.4809732544 250.129770992 -86.8625954198 8.98473282443 END
START 2.44447989502 -9.71567033691 11.8465098145 250.129770992 -97.5801526718 8.31297709924 END
START 7.44357296143 -9.16021555176 6.46195028076 250.129770992 -82.4503816794 0.740458015267 END
START 3.79241542969 -3.82114584961 15.8544033936 250.129770992 -88.572519084 -3.81679389313 END
START -1.67115275879 -9.49300958252 9.08360109863 250.129770992 -81.5114503817 7.37404580153 END
START 12.3397153564 -12.998120813 15.4306296997 250.129770992 -75.9618320611 11.0152671756 END
START 2.04704241943 -15.9908728882 8.14028564453 250.129770992 -70.534351145 5.20610687023 END
START 8.30309135742 -8.79869110107 5.19062919922 250.129770992 -68.2061068702 13.5877862595 END
START 2.21224233398 -9.91438907471 8.89206496582 250.129770992 -56.5190839695 0.236641221374 END
START 10.9295305786 -12.5240688843 9.21528218994 250.129770992 -60.9236641221 6.38167938931 END
START 5.05655390625 -9.63666168213 8.04930598145 250.129770992 -58.3282442748 7.32061068702 END
START 3.66312854004 -10.4387192383 13.3476742554 250.129770992 -61.2519083969 5.99236641221 END
START 1.7669208252 -11.4394955322 10.292672937 250.129770992 -56.6641221374 10.1221374046 END
START 9.30626185303 -16.5223856567 5.30555087891 250.129770992 -48.6259541985 5.58778625954 END
START 7.38611212158 -4.24731374512 6.65109221191 250.129770992 -54.213740458 5.77099236641 END
START 3.78283862305 -10.4387192383 8.58560715332 250.129770992 -44.7099236641 1.0534351145 END