START -3.47877501221 -3.05021291504 6.16746347656 250.129770992 -91.1145038168 15.320610687 END
START 0.110133276367 -13.2710598022 4.35984122314 250.129770992 -84.2671755725 11.9465648855 END
START 0.265756384277 -5.10204373779 8.38928261719 250.129770992 -77.5038167939 8.2213740458 END
START -0.471657727051 -6.495469104 12.0931125854 250.129770992 -80.2290076336 -3.80916030534 END
START 5.30076247559 -8.75559547119 8.16183345947 250.129770992 -76.2061068702 4.80916030534 END
START -0.363918652344 -10.5129394897 5.68144053955 250.129770992 -76.7175572519 0.465648854962 END
START 7.30949766846 -10.5775829346 10.5344873047 250.129770992 -73.6717557252 2.3893129771 END
START 10.1466266357 -8.35336959229 11.6693388916 250.129770992 -67.8549618321 5.98473282443 END
START 7.91044228516 -7.33343968506 7.6135612793 250.129770992 -58.1984732824 6.32824427481 END
START 0.507570751953 -7.49624539795 7.22809481201 250.129770992 -51.0076335878 4.35114503817 END
START 1.16118780518 -9.95987890625 9.42118353271 250.129770992 -50.7022900763 8.00763358779 END
START -1.71903679199 -7.28794985352 2.77966812744 250.129770992 -38.2748091603 3.69465648855 END
START -0.275333190918 -10.1442324341 15.8591917969 250.129770992 -43.7633587786 -1.64122137405 END
START -2.53545955811 -13.9941087036 8.60715496826 250.129770992 -41.2671755725 9.87786259542 END
START 2.12605107422 -7.09162531738 4.22097752686 250.129770992 -44.5877862595 5.5572519084 END
START -2.53545955811 -9.01895765381 6.45716187744 250.129770992 -49.8473282443 5.23664122137 END
START 8.82502731934 -9.96945571289 5.2337248291 250.129770992 -46.1374045802 13.5877862595 END
START 0.873883605957 -7.79312640381 5.85382305908 250.129770992 -43.2977099237 9.02290076336 END
START 10.0748005859 -4.78840332031 5.56891306152 250.129770992 -44.465648855 9.48854961832 END
START 5.67665213623 -6.61757338867 6.61278498535 250.129770992 -46.4351145038 12.9694656489 END
START 1.22583125 -14.0108681152 7.61595548096 250.129770992 -47.0458015267 9.10687022901 END
START 7.18499918213 -11.0540290649 10.5081510864 250.129770992 -55.4351145038 4.7786259542 END
START 1.2617442749 -5.8586114624 5.57130726318 250.129770992 -52.2519083969 13.9083969466 END
START -3.39018955078 -3.14837518311 6.07887801514 250.129770992 -53.9541984733 12.0458015267 END
START -2.89698400879 -13.9581956787 8.49223328857 250.129770992 -59.0916030534 0.167938931298 END
START 3.03824190674 -9.56962403564 9.67736311035 250.129770992 -52.6259541985 6.88549618321 END
START -2.67192905273 -9.48343277588 11.1833159546 250.129770992 -54.1221374046 10.7022900763 END
START -1.21625444336 -8.25520732422 13.962984082 250.129770992 -66.0305343511 0.274809160305 END
START 4.2784383667 -15.0786820557 7.14190355225 250.129770992 -53.7709923664 2.4427480916 END
START -2.35110603027 -3.9121255127 8.66222160645 250.129770992 -64.3740458015 5.70992366412 END
START 1.84832368164 -8.76996068115 4.73333668213 250.129770992 -76.2061068702 -0.519083969466 END
START -1.03908352051 -5.37977113037 7.89847127686 250.129770992 -84.320610687 6.29007633588 END
START -3.17710560303 -6.19379969482 5.77002600098 250.129770992 -80.5648854962 6.87786259542 END
START -3.0885201416 -7.56088884277 3.84029946289 250.129770992 -86.9923664122 1.37404580153 END
START 1.35511813965 -8.64546219482 6.87854136963 250.129770992 -81.8778625954 2.37404580153 END
START 8.40125362549 -2.76051451416 1.58256729736 250.129770992 -88.5114503817 2.21374045802 END
START 0.407014282227 -8.39885942383 7.00782825928 250.129770992 -88.2900763359 1.09160305344 END
START -1.55383687744 -8.88967076416 6.07648381348 250.129770992 -96.9923664122 -0.496183206107 END
START -0.378283862305 -10.9582609985 10.4243540283 250.129770992 -93.893129771 7.53435114504 END
START 1.68072956543 -5.1618987793 9.34456907959 250.129770992 -104.709923664 12.6946564885 END
START -2.99514627686 -9.7467949585 3.90733710937 250.129770992 -104.961832061 9.30534351145 END
START -1.99915838623 -8.34379278564 9.70609353027 250.129770992 -104.916030534 13.5190839695 END
START 4.74051928711 -11.1545855347 5.59524927979 250.129770992 -95.8320610687 8.3893129771 END
START 6.58884296875 -11.4969563721 2.81079274902 250.129770992 -98.4961832061 6.32824427481 END
START -0.818816967773 -14.0755115601 6.99346304932 250.129770992 -104.58778626 8.25954198473 END
START 3.13400997314 -8.66701000977 11.04684646 250.129770992 -104.534351145 10.5801526718 END
START -1.48679923096 -19.1464306763 9.46906756592 250.129770992 -103.79389313 5.99236641221 END
START 5.94480272217 -8.04691177979 8.00860455322 250.129770992 -102.977099237 9.32824427481 END
START -5.58327827148 -10.5296989014 7.71890615234 250.129770992 -105.129770992 8.60305343511 END
START 1.28089788818 -13.8456682007 8.13070883789 250.129770992 -106.0 16.213740458 END
START -2.35589443359 -10.4099888184 5.86579406738 250.129770992 -103.984732824 -2.45801526718 END
START -0.0550666381836 -11.0564232666 14.0204449219 250.129770992 -104.229007634 8.6641221374 END
START 4.98712205811 -8.07803640137 10.3214033569 250.129770992 -85.0992366412 -3.45038167939 END
START 1.58256729736 -10.8529161255 10.3094323486 250.129770992 -76.5801526718 10.2671755725 END
START -2.56897838135 -11.0157218384 4.76206710205 250.129770992 -85.5648854962 7.06870229008 END
START 4.33350500488 -11.4754085571 6.39491263428 250.129770992 -75.4809160305 8.65648854962 END
START -4.58250197754 -11.1402203247 7.43878455811 250.129770992 -70.1832061069 5.48091603053 END
START -0.361524450684 -11.518504187 10.9462899902 250.129770992 -60.4732824427 6.06870229008 END
START 7.87931766357 -15.4402065063 4.63517441406 250.129770992 -52.8702290076 4.64885496183 END
START 1.76931502686 -12.0164981323 7.32625708008 250.129770992 -56.7404580153 6.32061068702 END
START -1.7669208252 -2.7581203125 16.6037885132 250.129770992 -49.5572519084 0.198473282443 END
START 6.80910952148 -11.540052002 6.14830986328 250.129770992 -55.7557251908 1.71755725191 END
START 4.23294853516 -14.5854765137 11.1258551147 250.129770992 -43.4045801527 2.61832061069 END
START 4.2305543335 -9.20331118164 3.08133753662 250.129770992 -50.1526717557 18.1908396947 END
START 6.60320817871 -7.65905111084 6.71334145508 250.129770992 -50.6564885496 13.9847328244 END
START -2.42532628174 -11.7267997314 8.75798967285 250.129770992 -51.3282442748 8.40458015267 END
START 7.08923111572 -4.29998618164 9.65820949707 250.129770992 -49.1908396947 5.74809160305 END
START -0.555454785156 -9.03332286377 0.0718260498047 250.129770992 -54.8396946565 8.2213740458 END
START 1.29526309814 -8.77953748779 6.47870969238 250.129770992 -38.8244274809 -0.832061068702 END
START 2.53545955811 -4.71897147217 7.65426270752 250.129770992 -55.7480916031 5.92366412214 END
START -2.89219560547 -8.77953748779 5.94959112549 250.129770992 -48.5496183206 4.63358778626 END
START -0.447715710449 -12.9957266113 8.63109698486 250.129770992 -54.213740458 5.56488549618 END
START 2.1452046875 -17.5064025391 6.60799658203 250.129770992 -54.2519083969 1.39694656489 END
START -0.402225878906 -6.72531246338 9.84735142822 250.129770992 -52.7557251908 4.86259541985 END
START -3.09570274658 -9.82580361328 6.66306322021 250.129770992 -63.0916030534 10.5954198473 END
START -0.553060583496 -16.8192666626 7.80988581543 250.129770992 -65.1755725191 7.32824427481 END
START -4.10366164551 -12.1218430054 8.47307967529 250.129770992 -65.7709923664 -0.923664122137 END
START -0.995987890625 -9.08838950195 6.15070406494 250.129770992 -71.0763358779 7.90839694656 END
START 1.8626888916 -10.4554786499 6.4475850708 250.129770992 -74.1374045802 3.72519083969 END
START 1.61369191895 -9.51455739746 3.24174904785 250.129770992 -75.0916030534 15.5572519084 END
START 1.69748897705 -10.4387192383 15.456965918 250.129770992 -81.7099236641 -2.37404580153 END
START 5.54497104492 -15.7442701172 7.91762489014 250.129770992 -88.9618320611 13.679389313 END
START -3.77086761475 -7.37414111328 10.0173397461 250.129770992 -98.8549618321 -3.25190839695 END
START 1.98958157959 -8.79629689941 4.3023803833 250.129770992 -95.6488549618 12.0839694656 END
START 6.88572397461 -8.82263311768 11.9710083008 250.129770992 -104.312977099 12.0687022901 END
START 11.3173912476 -3.97676895752 6.91924279785 250.129770992 -105.374045802 6.77099236641 END
START 9.94790789795 -11.3628810791 8.42519564209 250.129770992 -104.351145038 -2.26717557252 END
START 1.09893856201 -8.42280144043 4.99430466309 250.129770992 -104.832061069 10.4427480916 END
START 3.51708223877 -12.026074939 10.4387192383 250.129770992 -105.305343511 8.27480916031 END
START 0.076614453125 -13.8456682007 7.40765993652 250.129770992 -102.748091603 8.23664122137 END