START 4.63996281738 -9.26795462646 8.47547387695 250.129770992 -79.4580152672 2.28244274809 END
START -0.277727392578 -8.96628521729 9.06923588867 250.129770992 -83.5267175573 11.3282442748 END
START 2.83952316895 -6.06690700684 6.18422288818 250.129770992 -81.6946564885 13.1832061069 END
START -1.16118780518 -11.0276928467 5.00627567139 250.129770992 -80.0305343511 12.8320610687 END
START 2.53067115479 -8.82502731934 17.4585185059 250.129770992 -86.5114503817 -1.09923664122 END
START -0.265756384277 -5.36301171875 8.53054051514 250.129770992 -86.2824427481 1.81679389313 END
START -2.35828863525 -9.93114848633 6.55292994385 250.129770992 -95.8244274809 7.98473282443 END
START 8.5209637085 -8.67419261475 6.94557901611 250.129770992 -81.1755725191 6.21374045802 END
START -7.59919606934 -7.9918451416 5.03500609131 250.129770992 -79.3816793893 6.96183206107 END
START 2.27209737549 -11.0755768799 7.58722506104 250.129770992 -83.0992366412 0.93893129771 END
START -4.043806604 -8.38449421387 11.8369330078 250.129770992 -71.7328244275 2.23664122137 END
START -1.16118780518 0.268150585937 13.9151000488 250.129770992 -74.1526717557 5.21374045802 END
START -6.10042583008 -6.79953271484 7.27597884521 250.129770992 -72.7938931298 1.9465648855 END
START -6.32069238281 -10.0724063843 5.97113894043 250.129770992 -65.1374045802 0.0152671755725 END
START 0.0550666381836 -14.1545202148 5.65031591797 250.129770992 -67.8320610687 2.54961832061 END
START -3.38540114746 -8.19535228271 8.09240161133 250.129770992 -59.2824427481 12.2595419847 END
START -4.49391651611 -10.5344873047 14.5495634888 250.129770992 -60.9847328244 13.1984732824 END
START -1.60650931396 0.852335791016 9.10514891357 250.129770992 -49.3969465649 4.12977099237 END
START 4.05817181396 -9.06444748535 14.5375924805 250.129770992 -50.213740458 5.92366412214 END
START -1.43173259277 -11.1282493164 6.4116720459 250.129770992 -49.1450381679 -1.9465648855 END
START 3.0166940918 -10.9223479736 11.8010199829 250.129770992 -39.4122137405 6.34351145038 END
START 6.0693012085 -13.6134306396 7.05810649414 250.129770992 -31.4809160305 10.1374045802 END
START 4.29998618164 -10.1035310059 10.2184526855 250.129770992 -32.5038167939 2.40458015267 END
START 9.10993731689 -13.2902134155 10.5656119263 250.129770992 -28.7557251908 14.9236641221 END
START 1.35272393799 -9.51934580078 7.59440766602 250.129770992 -30.7251908397 8.1679389313 END
START -1.10851536865 -11.0492406616 7.11077893066 250.129770992 -34.0152671756 4.26717557252 END
START 10.3237975586 -2.60967980957 8.06606539307 250.129770992 -29.786259542 0.106870229008 END
START 2.4875755249 -5.40850155029 13.7762363525 250.129770992 -34.679389313 7.90839694656 END
START 14.5806881104 -9.5480762207 5.53778843994 250.129770992 -35.5419847328 8.93129770992 END
START 3.91691391602 -9.99818613281 6.68939943848 250.129770992 -45.4427480916 5.2213740458 END
START -2.28885678711 -12.4737906494 5.31752188721 250.129770992 -38.2213740458 4.29770992366 END
START 2.99754047852 -6.30393297119 6.84981094971 250.129770992 -41.5190839695 9.48091603053 END
START 0.30885201416 -12.5456166992 5.59285507812 250.129770992 -39.0687022901 4.87022900763 END
START -5.14753356934 -10.2807019287 4.25928475342 250.129770992 -38.3282442748 0.435114503817 END
START -3.42131417236 -10.4435076416 2.53545955811 250.129770992 -39.2290076336 6.78625954198 END
START 3.311180896 -13.6732856812 7.74284816895 250.129770992 -44.2595419847 6.54961832061 END
START -1.81241065674 -12.0955067871 1.56580788574 250.129770992 -54.6183206107 3.13740458015 END
START -0.902614025879 -7.85298144531 5.89691868896 250.129770992 -70.9312977099 -2.35114503817 END
START 3.04542451172 -3.62242711182 8.55448253174 250.129770992 -65.4045801527 -2.12213740458 END
START 10.651803186 -7.96550892334 4.47476290283 250.129770992 -66.213740458 11.7633587786 END
START 6.78516750488 -5.99747515869 5.74368978271 250.129770992 -79.0076335878 8.29007633588 END
START -1.2617442749 -8.0397291748 4.72854827881 250.129770992 -77.7099236641 -3.32061068702 END
START 2.86585938721 -9.17218656006 3.82114584961 250.129770992 -85.9389312977 15.1832061069 END
START 4.06535441895 -11.997344519 11.9877677124 250.129770992 -98.9312977099 11.1603053435 END
START 0.782903942871 -7.50342800293 6.35181700439 250.129770992 -91.6870229008 -3.52671755725 END
START -0.648828649902 -9.89284125977 4.3502644165 250.129770992 -97.106870229 3.3358778626 END
START 0.75896192627 -13.0938888794 4.81473953857 250.129770992 -104.641221374 1.14503816794 END
START 5.62397969971 -13.7762363525 5.17147558594 250.129770992 -104.229007634 3.78625954198 END
START 4.29998618164 -3.04303031006 5.72453616943 250.129770992 -104.213740458 -1.3893129771 END
START 8.88488236084 -7.0365586792 6.44279666748 250.129770992 -104.152671756 5.8320610687 END
START -1.34314713135 -7.93438430176 5.5880666748 250.129770992 -105.053435115 5.64122137405 END
START -9.40442412109 -14.2000100464 8.49941589355 250.129770992 -114.984732824 11.534351145 END
START -3.63918652344 -10.5440641113 10.0149455444 250.129770992 -112.763358779 7.36641221374 END
START 1.39103116455 -5.08289012451 10.2807019287 250.129770992 -110.282442748 12.5801526718 END
START 5.71735356445 -8.18338127441 11.7483475464 250.129770992 -110.580152672 3.74045801527 END
START 2.43011468506 -8.97586202393 12.27267771 250.129770992 -104.923664122 -3.39694656489 END
START 4.2664673584 -18.6604077393 6.52659372559 250.129770992 -104.41221374 2.17557251908 END
START 2.53545955811 -9.62708487549 7.92480749512 250.129770992 -104.305343511 9.46564885496 END
START 2.4396914917 -9.89762966309 8.75320126953 250.129770992 -98.2366412214 10.465648855 END
START 1.90578452148 -6.98628044434 15.2055747437 250.129770992 -104.458015267 7.01526717557 END
START 7.95832631836 -14.963760376 9.82580361328 250.129770992 -104.519083969 5.90076335878 END
START 6.79953271484 -12.5863181274 12.1936690552 250.129770992 -104.938931298 4.31297709924 END
START 4.67348164062 -10.905588562 6.46913288574 250.129770992 -79.4122137405 -0.870229007634 END
START -2.46842191162 -5.24809003906 8.61433757324 250.129770992 -62.2213740458 3.92366412214 END
START 7.78594379883 -6.46913288574 11.1928927612 250.129770992 -59.3435114504 5.20610687023 END
START 1.19710083008 -13.8791870239 12.124237207 250.129770992 -52.0458015267 11.2595419847 END
START 5.64552751465 -14.0156565186 10.7523596558 250.129770992 -37.3358778626 12.4732824427 END
START 8.3102739624 -10.4530844482 8.6526447998 250.129770992 -37.8778625954 8.79389312977 END
START 6.96233842773 -7.53455262451 8.65503900146 250.129770992 -30.4045801527 2.29007633588 END
START 3.95522114258 -5.10683214111 10.2902787354 250.129770992 -37.5190839695 6.06870229008 END
START 6.81629212646 -10.5057568848 6.96233842773 250.129770992 -33.4045801527 6.48091603053 END
START 6.75164868164 -14.9517893677 12.0931125854 250.129770992 -27.9389312977 7.32824427481 END
START 5.06373651123 -10.8600987305 8.91840118408 250.129770992 -19.679389313 7.49618320611 END
START -3.58411988525 -9.30865605469 6.88572397461 250.129770992 -27.4885496183 3.15267175573 END
START 1.17315881348 -10.0771947876 8.39885942383 250.129770992 -36.9083969466 7.80916030534 END
START 5.65510432129 -6.55771834717 11.5304751953 250.129770992 -38.5190839695 5.54961832061 END
START 1.88184250488 -3.53623585205 8.2983029541 250.129770992 -34.679389313 9.6106870229 END
START -2.73657249756 -9.62469067383 4.40533105469 250.129770992 -33.8778625954 0.648854961832 END
START 8.87051715088 -17.6716024536 3.95282694092 250.129770992 -42.4351145038 9.48091603053 END
START -1.53947166748 -10.6254669678 8.5209637085 250.129770992 -41.0534351145 9.22900763359 END
START 2.20027132568 -12.2583125 7.6375032959 250.129770992 -52.5267175573 2.70229007634 END
START 9.29668504639 -7.3669585083 10.2495773071 250.129770992 -58.2671755725 4.31297709924 END
START 2.93050283203 -2.23139594727 5.71974776611 250.129770992 -63.641221374 3.75572519084 END
START -4.06296021729 -6.56011254883 5.18105239258 250.129770992 -59.1984732824 6.64885496183 END
START 5.43723197021 -4.20421811523 5.03740029297 250.129770992 -59.3664122137 2.09160305344 END
START 0.847547387695 -13.6014596313 9.5001921875 250.129770992 -66.4198473282 9.01526717557 END
START -1.94888015137 -7.06768330078 6.19140549316 250.129770992 -78.5801526718 2.52671755725 END
START -0.378283862305 -8.13310303955 6.69897624512 250.129770992 -82.1526717557 10.5038167939 END
START -2.67432325439 -11.6142722534 6.40688364258 250.129770992 -83.3053435115 1.52671755725 END
START 1.69748897705 -17.7027270752 0.359130249023 250.129770992 -82.320610687 -5.64885496183 END
START 2.15238729248 -8.66461580811 6.7899559082 250.129770992 -88.7328244275 -2.98473282443 END
START 3.40216055908 -12.1793038452 6.22971271973 250.129770992 -98.3893129771 -4.82442748092 END
START -2.73896669922 -11.4179477173 4.56334836426 250.129770992 -107.114503817 8.10687022901 END
START -1.54186586914 -14.3101433228 6.32308658447 250.129770992 -104.076335878 12.9312977099 END
START 3.76847341309 -7.00782825928 4.77643231201 250.129770992 -104.992366412 2.13740458015 END
START 5.21935961914 -14.575899707 5.8466404541 250.129770992 -105.122137405 -2.3893129771 END
START -4.13478626709 -5.52581743164 8.93037219238 250.129770992 -104.320610687 3.19847328244 END
START 1.92733233643 -4.34547601318 3.43328518066 250.129770992 -103.86259542 10.3282442748 END
START -6.56968935547 -9.71806453857 6.72770666504 250.129770992 -104.045801527 7.12977099237 END
START 0.0909796630859 -12.0643821655 6.56968935547 250.129770992 -104.923664122 7.62595419847 END
START 0.375889660645 -11.6023012451 6.45237347412 250.129770992 -91.0381679389 -3.63358778626 END
START -1.57299049072 -10.9367131836 5.77960280762 250.129770992 -89.7328244275 8.03053435115 END
START 5.44680877686 -9.95987890625 5.88494768066 250.129770992 -95.679389313 4.52671755725 END
START -0.660799658203 -4.70939466553 8.01099875488 250.129770992 -93.6488549618 5.8320610687 END
START -4.58729038086 -9.59596025391 7.40526573486 250.129770992 -105.450381679 7.90076335878 END
START 6.0932432251 -8.06606539307 12.0069213257 250.129770992 -104.679389313 8.00763358779 END
START 0.632069238281 -9.38048210449 5.80354482422 250.129770992 -107.41221374 5.0 END
START -3.6296097168 -6.77080229492 4.55137735596 250.129770992 -104.251908397 5.29007633588 END
START -0.46208092041 -11.8680576294 10.3980178101 250.129770992 -83.8320610687 8.8320610687 END
START 1.96803376465 -14.0300217285 1.41736738281 250.129770992 -67.5801526718 11.1984732824 END
START 6.88332977295 -8.0277581665 10.4411134399 250.129770992 -83.358778626 8.88549618321 END
START 3.36145913086 -7.11556733398 6.73728347168 250.129770992 -79.7251908397 3.08396946565 END
START -0.588973608398 -1.20428343506 11.0229044434 250.129770992 -75.7328244275 3.79389312977 END
START -0.282515795898 -4.73812508545 5.04937130127 250.129770992 -86.4198473282 -3.2213740458 END
START 4.59447298584 -3.35427652588 7.71651195068 250.129770992 -61.1984732824 -2.36641221374 END
START 0.696712683105 -11.5855418335 8.09240161133 250.129770992 -65.0229007634 5.06870229008 END
START 8.01099875488 -13.4673843384 14.0204449219 250.129770992 -59.5038167939 4.42748091603 END
START -1.73579620361 -11.2192289795 6.66066901855 250.129770992 -48.0458015267 6.70229007634 END