START -1.70467158203 -10.1897222656 8.42280144043 250.129770992 -99.1145038168 6.96946564885 END
START 7.15626876221 -7.66383951416 5.28879146729 250.129770992 -91.5114503817 -1.58015267176 END
START 3.47159240723 -13.7953899658 9.57680664062 250.129770992 -95.5648854962 7.56488549618 END
START -3.17949980469 2.98078106689 8.85854614258 250.129770992 -85.7328244275 6.92366412214 END
START 5.37019432373 -9.76834277344 3.37343013916 250.129770992 -88.2442748092 -0.160305343511 END
START -4.17548769531 -10.673351001 13.1369845093 250.129770992 -83.7557251908 8.41221374046 END
START -0.524330163574 -4.62559760742 10.9750204102 250.129770992 -83.534351145 1.45801526718 END
START -3.50032282715 -3.22498963623 7.37174691162 250.129770992 -67.0229007634 10.6183206107 END
START -3.42131417236 -8.35815799561 11.1330377197 250.129770992 -72.5801526718 6.57251908397 END
START -2.24336695557 -14.2909897095 11.9135474609 250.129770992 -77.2595419847 15.8473282443 END
START -2.09253225098 -9.98621512451 11.0013566284 250.129770992 -76.8091603053 -2.80916030534 END
START 1.27132108154 -6.63672700195 6.08366641846 250.129770992 -69.0305343511 3.64122137405 END
START -1.15161099854 -10.3692873901 6.45476767578 250.129770992 -72.7328244275 5.37404580153 END
START 5.37258852539 -8.8753055542 9.32780966797 250.129770992 -51.534351145 6.83969465649 END
START 0.76853873291 -6.34942280273 8.56645354004 250.129770992 -75.9389312977 7.29007633588 END
START 2.38462485352 -10.7068698242 7.50103380127 250.129770992 -53.7175572519 12.4351145038 END
START -3.56496627197 -15.5120325562 8.76038387451 250.129770992 -58.106870229 3.17557251908 END
START 0.864306799316 -10.4315366333 5.65510432129 250.129770992 -46.3740458015 8.62595419847 END
START 8.98543883057 -5.86818826904 4.16112248535 250.129770992 -40.7709923664 4.13740458015 END
START 3.98155736084 -11.3796404907 9.55525882568 250.129770992 -32.1679389313 4.8320610687 END
START -0.0957680664062 -12.6940572021 10.3621047852 250.129770992 -36.4580152672 -0.824427480916 END
START -0.682347473145 -6.39730683594 6.33266339111 250.129770992 -24.5648854962 -0.0687022900763 END
START -3.00711728516 -5.47314499512 9.97424411621 250.129770992 -26.1374045802 16.1603053435 END
START 4.42448466797 -6.85459935303 8.77714328613 250.129770992 -23.6335877863 6.40458015267 END
START 2.77966812744 -11.884817041 4.80276853027 250.129770992 -23.0534351145 9.12213740458 END
START 6.79953271484 -7.41963094482 8.08761320801 250.129770992 -24.5190839695 4.12977099237 END
START 4.87220037842 1.12048637695 11.2599304077 250.129770992 -20.7175572519 2.01526717557 END
START 2.18830031738 -16.7546232178 6.15549246826 250.129770992 -10.1832061069 9.88549618321 END
START -1.32878192139 -11.0899420898 7.38132371826 250.129770992 -6.40458015267 -1.51145038168 END
START 2.37025964355 -13.2112047607 7.75960758057 250.129770992 -17.0687022901 13.0229007634 END
START 8.17141026611 -5.80115062256 6.11000263672 250.129770992 -25.7633587786 7.11450381679 END
START 8.29112034912 -8.47307967529 1.78128603516 250.129770992 -27.3893129771 6.22900763359 END
START -1.1899182251 -7.8960770752 5.56173045654 250.129770992 -37.9847328244 14.6030534351 END
START 5.20020600586 -12.9646019897 9.06444748535 250.129770992 -39.7404580153 13.0687022901 END
START 3.9600095459 -4.33111080322 9.40921252441 250.129770992 -49.8549618321 24.8702290076 END
START 3.66073433838 -6.95515582275 7.26879624023 250.129770992 -60.9541984733 6.54961832061 END
START -3.25132585449 -11.4203419189 1.09893856201 250.129770992 -71.1450381679 5.53435114504 END
START -1.86747729492 -11.2120463745 3.80678063965 250.129770992 -73.2900763359 7.13740458015 END
START -7.23767161865 -13.3620394653 7.6853873291 250.129770992 -81.9312977099 7.76335877863 END
START -2.39899006348 -6.41885465088 8.01339295654 250.129770992 -72.0610687023 5.03816793893 END
START -0.636857641602 -8.38210001221 -0.16041151123 250.129770992 -82.0458015267 -0.0152671755725 END
START 3.08133753662 -11.1952869629 9.94072529297 250.129770992 -92.6335877863 0.030534351145 END
START -1.62326872559 -13.2734540039 9.70609353027 250.129770992 -89.4961832061 -0.511450381679 END
START -2.85388837891 -13.3117612305 7.74045396729 250.129770992 -100.053435115 8.16030534351 END
START 3.50271702881 -13.251906189 9.37090529785 250.129770992 -105.511450382 3.38167938931 END
START 4.38857164307 -5.41328995361 10.0700121826 250.129770992 -104.06870229 2.32061068702 END
START -2.70305367432 -10.5991307495 2.60010300293 250.129770992 -104.442748092 4.74809160305 END
START 1.49877023926 -5.20499440918 7.49863959961 250.129770992 -104.167938931 -1.26717557252 END
START 1.61129771729 -9.28710823975 6.74446607666 250.129770992 -104.229007634 3.72519083969 END
START -2.98317526855 -14.5543518921 10.0293107544 250.129770992 -108.824427481 -2.96183206107 END
START 2.57616098633 -8.99740983887 5.18105239258 250.129770992 -105.061068702 8.93129770992 END
START -0.641646044922 -5.77242020264 7.46990917969 250.129770992 -103.503816794 4.88549618321 END
START 0.658405456543 -11.8656634277 6.38294162598 250.129770992 -105.160305344 6.64885496183 END
START -2.99035787354 -4.18985290527 14.3819693726 250.129770992 -104.595419847 7.74045801527 END
START -5.2456958374 -6.28477935791 4.05338341064 250.129770992 -104.312977099 7.67175572519 END
START -3.0286651001 -16.9940433838 6.08606062012 250.129770992 -103.854961832 11.0458015267 END
START 1.32159931641 -2.1452046875 7.35977590332 250.129770992 -94.6259541985 4.0534351145 END
START 0.545877978516 -9.07881269531 10.9774146118 250.129770992 -88.1679389313 12.0992366412 END
START 3.49314022217 -7.32625708008 8.98065042725 250.129770992 -49.4351145038 4.6106870229 END
START 2.80839854736 -11.8177793945 7.45793817139 250.129770992 -56.9007633588 3.51908396947 END
START -2.94247384033 -6.07648381348 3.11964476318 250.129770992 -58.1526717557 6.09160305344 END
START -5.59764348145 -3.64876333008 7.96072052002 250.129770992 -67.2977099237 1.87786259542 END
START 4.19703551025 -3.61524450684 13.5248451782 250.129770992 -56.7404580153 18.2290076336 END
START 1.04626612549 -13.9438304687 9.19134017334 250.129770992 -57.8473282443 19.5114503817 END
START 6.09084902344 -9.35175168457 13.6086422363 250.129770992 -50.0305343511 14.8244274809 END
START -0.713472094727 -12.2990139282 16.2350814575 250.129770992 -46.5877862595 5.88549618321 END
START 5.13316835937 -5.02064088135 9.79946739502 250.129770992 -34.4732824427 4.95419847328 END
START 3.42849677734 -7.25682523193 8.56405933838 250.129770992 -32.106870229 9.81679389313 END
START 2.38701905518 -15.6341368408 8.48026228027 250.129770992 -32.1374045802 6.87022900763 END
START 5.8226984375 -10.0364933594 11.5424462036 250.129770992 -26.5190839695 13.427480916 END
START 2.3798364502 -12.3205617432 8.22408270264 250.129770992 -29.0763358779 -0.351145038168 END
START 0.232237561035 -4.53222374268 4.69981785889 250.129770992 -28.358778626 5.18320610687 END
START 2.54503636475 -12.2032458618 5.65271011963 250.129770992 -30.4885496183 8.98473282443 END
START 0.469263525391 -3.12922156982 6.99825145264 250.129770992 -40.5496183206 -0.198473282443 END
START 1.23301385498 -7.16345136719 5.45159718018 250.129770992 -27.3740458015 12.0152671756 END
START 2.31519300537 -7.86734665527 6.66785162354 250.129770992 -38.7557251908 12.9541984733 END
START 1.63523973389 -8.40125362549 3.25132585449 250.129770992 -34.2290076336 3.12977099237 END
START -1.83156427002 -10.4554786499 8.91600698242 250.129770992 -39.2824427481 12.0076335878 END
START -0.45968671875 -12.1577560303 5.71017095947 250.129770992 -52.4503816794 7.85496183206 END
START -8.20971749268 -9.30865605469 1.99197578125 250.129770992 -63.465648855 13.0381679389 END
START -0.816422766113 -8.38928261719 3.98155736084 250.129770992 -53.8320610687 6.36641221374 END
START 3.40934316406 -13.3452800537 0.548272180176 250.129770992 -66.7328244275 7.45038167939 END
START -2.2170307373 -12.5647703125 4.8314989502 250.129770992 -61.4580152672 4.3358778626 END
START 1.00317049561 -10.4554786499 1.03190091553 250.129770992 -69.320610687 13.9923664122 END
START -0.203507141113 -8.16901606445 6.92642540283 250.129770992 -74.6335877863 9.11450381679 END
START -1.33357032471 -13.491326355 9.08838950195 250.129770992 -85.3969465649 6.12977099237 END
START -2.28167418213 -15.7801831421 2.53067115479 250.129770992 -80.5954198473 6.70992366412 END
START 2.19548292236 -5.06134230957 -0.237025964355 250.129770992 -89.1603053435 3.3358778626 END
START -2.58334359131 -4.24731374512 5.99029255371 250.129770992 -88.8091603053 10.1374045802 END
START -0.440533105469 -8.33182177734 4.00549937744 250.129770992 -92.5114503817 2.06870229008 END
START 0.220266552734 -7.9439611084 7.17063397217 250.129770992 -96.534351145 2.89312977099 END
START 2.4995465332 -9.74918916016 1.54904847412 250.129770992 -104.160305344 13.4885496183 END
START -2.88980140381 -9.59596025391 11.1210667114 250.129770992 -103.877862595 8.95419847328 END
START -0.136469494629 -7.3071034668 8.39646522217 250.129770992 -105.305343511 7.47328244275 END
START -3.02387669678 -11.2886608276 9.61511386719 250.129770992 -102.557251908 10.7328244275 END
START -7.10120212402 -8.00621035156 9.20331118164 250.129770992 -102.549618321 10.213740458 END
START 2.00155258789 -10.6134959595 14.8488386963 250.129770992 -104.679389313 15.1526717557 END
START -1.61848032227 -7.87213505859 9.05965908203 250.129770992 -104.221374046 7.19847328244 END
START 1.61369191895 -14.3915461792 6.56490095215 250.129770992 -101.969465649 11.4885496183 END
START -2.68390006104 -7.04613548584 3.12922156982 250.129770992 -104.709923664 5.04580152672 END
START -1.60172091064 -8.54251152344 5.90170709229 250.129770992 -105.519083969 9.32061068702 END
START 2.49475812988 -11.7770779663 16.5481233246 250.129770992 -91.1603053435 7.12977099237 END
START 5.40131894531 -6.4834980957 9.80425579834 250.129770992 -92.6106870229 0.824427480916 END
START 5.2337248291 -10.0843773926 13.4362597168 250.129770992 -75.5267175573 16.1603053435 END
START 0.275333190918 -7.4028715332 9.04050546875 250.129770992 -76.6488549618 8.52671755725 END
START -3.79241542969 -16.1441017944 13.6206132446 250.129770992 -83.3511450382 17.0 END
START 4.8793829834 -5.94959112549 10.5704003296 250.129770992 -64.8167938931 5.31297709924 END
START 0.486022937012 -12.0955067871 8.13310303955 250.129770992 -59.4961832061 6.74809160305 END
START 2.31519300537 -3.45004459229 9.8784760498 250.129770992 -62.0534351145 -0.297709923664 END
START 8.37731160889 -9.32541546631 7.15387456055 250.129770992 -52.9618320611 8.58778625954 END
START 7.87452926025 -6.69897624512 7.07486590576 250.129770992 -56.0381679389 10.7022900763 END
START 8.61912597656 -11.286266626 10.5153336914 250.129770992 -55.7099236641 -2.65648854962 END
START 0.284909997559 -9.8545340332 9.8545340332 250.129770992 -55.6183206107 5.77099236641 END
START 5.46356818848 -7.9559321167 8.48265648193 250.129770992 -58.9465648855 0.549618320611 END
START -1.37427175293 -5.11162054443 7.34062229004 250.129770992 -50.9618320611 7.5572519084 END
START 13.8863696289 -12.9047469482 9.49540378418 250.129770992 -51.3282442748 9.53435114504 END
START 5.26724365234 -8.72925925293 7.12753834229 250.129770992 -52.2213740458 -3.80152671756 END
START 1.78607443848 -10.1226846191 3.90733710937 250.129770992 -57.7328244275 -2.93893129771 END
START 1.93930334473 -9.22485899658 4.80276853027 250.129770992 -64.5572519084 8.89312977099 END
START 10.6470147827 -17.3196548096 12.0212865356 250.129770992 -55.7099236641 3.9465648855 END
START 3.9480385376 -13.2614829956 8.27196673584 250.129770992 -63.6870229008 4.64122137405 END