START -7.56328304443 -4.03662399902 7.85776984863 250.129770992 -72.7633587786 7.20610687023 END
START 8.3222449707 -7.67581052246 11.7555301514 250.129770992 -87.6335877863 6.04580152672 END
START 4.92966121826 -12.6605383789 11.159373938 250.129770992 -78.8167938931 9.28244274809 END
START -0.670376464844 -10.9103769653 12.9262947632 250.129770992 -79.6259541985 1.4427480916 END
START 3.63200391846 -7.33583388672 7.65186850586 250.129770992 -78.4809160305 -0.419847328244 END
START 0.713472094727 -5.74129558105 6.3997010376 250.129770992 -83.2595419847 6.12213740458 END
START 0.237025964355 -13.843273999 12.0883241821 250.129770992 -78.0687022901 18.8473282443 END
START 5.882553479 -2.33434661865 9.8545340332 250.129770992 -85.7099236641 11.534351145 END
START 4.8913539917 -4.91290180664 5.51145222168 250.129770992 -79.3511450382 11.3435114504 END
START -0.342370837402 -3.31596929932 4.56813676758 250.129770992 -77.7938931298 4.81679389313 END
START 7.50103380127 -9.68693991699 10.4363250366 250.129770992 -69.5954198473 12.4732824427 END
START -1.69509477539 -8.06606539307 13.7475059326 250.129770992 -74.9083969466 14.1679389313 END
START -0.756567724609 -11.7890489746 5.41807835693 250.129770992 -78.5877862595 -1.7786259542 END
START 4.07253702393 -7.18499918213 6.97191523437 250.129770992 -75.0 10.2900763359 END
START -2.22181914063 -4.31195718994 10.8888291504 250.129770992 -66.3358778626 12.893129771 END
START -2.89219560547 -6.12197364502 3.50750543213 250.129770992 -63.8244274809 10.9007633588 END
START 0.395043273926 -15.0954414673 4.59447298584 250.129770992 -63.5419847328 4.40458015267 END
START -0.902614025879 -14.3652099609 6.15549246826 250.129770992 -67.2442748092 1.70229007634 END
START 5.96395633545 -7.50103380127 7.9439611084 250.129770992 -53.5038167939 1.98473282443 END
START 3.1244331665 -4.28083256836 10.666168396 250.129770992 -57.2442748092 7.82442748092 END
START -0.684741674805 -1.92733233643 8.48026228027 250.129770992 -50.3893129771 1.58015267176 END
START 6.30393297119 -9.54089361572 6.79235010986 250.129770992 -44.106870229 5.52671755725 END
START -0.45250411377 -9.52892260742 13.1992337524 250.129770992 -36.6564885496 -1.03053435115 END
START 2.75333190918 -8.78432589111 14.2191636597 250.129770992 -52.2595419847 10.7633587786 END
START 3.50750543213 -7.18021077881 6.35899960937 250.129770992 -39.0610687023 14.9847328244 END
START 5.25287844238 -3.15076938477 10.0125513428 250.129770992 -42.4809160305 8.60305343511 END
START 5.8466404541 -10.0795889893 8.8513635376 250.129770992 -44.4045801527 8.31297709924 END
START 3.7373487915 -10.1992990723 5.00388146973 250.129770992 -51.2595419847 -0.809160305344 END
START -2.80361014404 -9.46906756592 10.2304236938 250.129770992 -40.1908396947 11.5877862595 END
START 2.1212626709 -11.0085392334 8.98543883057 250.129770992 -40.8625954198 6.2213740458 END
START 1.77410343018 -9.96466730957 6.50504591064 250.129770992 -58.3435114504 13.4809160305 END
START -1.63523973389 -10.1490208374 8.69813463135 250.129770992 -47.0152671756 0.259541984733 END
START 1.08696755371 -16.6492783447 5.01824667969 250.129770992 -50.3282442748 12.1374045802 END
START 3.22738383789 -4.60644399414 7.08204851074 250.129770992 -47.106870229 21.0152671756 END
START 3.49553442383 -8.45153186035 6.10042583008 250.129770992 -52.8091603053 6.74809160305 END
START 1.01753570557 -6.03099398193 6.90966599121 250.129770992 -61.6564885496 7.12977099237 END
START 3.47159240723 -7.74045396729 7.45793817139 250.129770992 -56.8854961832 5.27480916031 END
START -2.44687409668 -9.40921252441 1.5083470459 250.129770992 -63.1221374046 -2.83969465649 END
START -7.11317313232 -13.5727292114 8.19774648437 250.129770992 -62.8625954198 8.85496183206 END
START 1.5442600708 -10.9654436035 3.63918652344 250.129770992 -75.2290076336 3.59541984733 END
START -2.74375510254 -9.79228479004 8.53054051514 250.129770992 -70.7709923664 3.59541984733 END
START 1.96563956299 -8.98543883057 6.14352145996 250.129770992 -82.0 -0.908396946565 END
START 2.25533796387 -10.8816465454 7.61116707764 250.129770992 -80.7099236641 2.7786259542 END
START 7.38371791992 -12.0524111572 4.46279189453 250.129770992 -75.6564885496 6.75572519084 END
START 3.65594593506 -8.14028564453 5.48272180176 250.129770992 -89.3053435115 1.69465648855 END
START 6.04296499023 -9.29668504639 5.29357987061 250.129770992 -84.4427480916 -1.48091603053 END
START 1.36948334961 -6.79953271484 6.25126053467 250.129770992 -85.893129771 6.76335877863 END
START 4.80755693359 -7.81946262207 6.46434448242 250.129770992 -79.3740458015 3.3893129771 END
START 3.39258375244 -12.8975643433 11.3317564575 250.129770992 -91.7709923664 -0.114503816794 END
START -0.644040246582 -10.2759135254 7.45793817139 250.129770992 -90.3893129771 10.8625954198 END
START -2.91134921875 -17.0682636353 7.16823977051 250.129770992 -97.3969465649 5.98473282443 END
START -2.00873519287 -10.4459018433 7.59201346436 250.129770992 -99.5114503817 -0.664122137405 END
START 4.5489831543 -13.0938888794 6.84981094971 250.129770992 -106.687022901 18.3816793893 END
START 7.58483085937 -11.413159314 5.28879146729 250.129770992 -107.106870229 7.12977099237 END
START 0.450109912109 -9.84974562988 4.61362659912 250.129770992 -104.328244275 9.17557251908 END
START 1.01992990723 -6.49307490234 13.8025725708 250.129770992 -103.671755725 3.84732824427 END
START 0.785298144531 -5.64552751465 5.85382305908 250.129770992 -95.8396946565 11.6106870229 END
START -2.38701905518 -11.7914431763 5.94001431885 250.129770992 -105.351145038 4.8320610687 END
START 5.32470449219 -2.31040460205 6.54574733887 250.129770992 -103.34351145 14.3435114504 END
START 3.1124621582 -11.5831476318 4.0318355957 250.129770992 -104.229007634 2.74809160305 END
START -1.52989486084 -10.3908352051 4.86501777344 250.129770992 -104.450381679 6.0534351145 END
START 4.65193382568 -9.14106193848 7.11077893066 250.129770992 -97.3358778626 8.25190839695 END
START 3.54102425537 -9.10514891357 5.08767852783 250.129770992 -96.6183206107 5.13740458015 END
START 3.70382996826 -6.78516750488 5.51145222168 250.129770992 -102.885496183 8.2213740458 END
START -1.04626612549 -11.2886608276 9.06684168701 250.129770992 -85.5954198473 3.42748091603 END
START 2.73896669922 -6.7540428833 11.2671130127 250.129770992 -84.3740458015 10.7099236641 END
START -0.356736047363 -7.51779321289 7.10120212402 250.129770992 -90.213740458 11.7480916031 END
START -4.51785853271 -7.28555565186 8.00142194824 250.129770992 -79.1755725191 9.78625954198 END
START 3.16034619141 -11.1426145264 8.61912597656 250.129770992 -68.3816793893 3.26717557252 END
START 0.380678063965 -12.7850368652 4.68305844727 250.129770992 -74.9465648855 9.92366412214 END
START 1.20428343506 -9.06205328369 10.9008001587 250.129770992 -75.8625954198 2.52671755725 END
START -1.33596452637 -11.5999070435 11.3365448608 250.129770992 -73.4732824427 11.6946564885 END
START -0.220266552734 -12.7634890503 7.108384729 250.129770992 -59.8015267176 18.4961832061 END
START -2.14999309082 -3.82832845459 11.3628810791 250.129770992 -72.7328244275 2.70229007634 END
START 4.94881483154 -5.92564910889 7.95832631836 250.129770992 -58.1984732824 9.3893129771 END
START 1.92733233643 -19.5510507568 9.35175168457 250.129770992 -57.7786259542 13.0992366412 END
START 1.28089788818 -7.85058724365 4.86501777344 250.129770992 -53.8473282443 15.2671755725 END
START 4.41251365967 -4.51546433105 13.5631524048 250.129770992 -59.6870229008 9.02290076336 END
START 1.56580788574 -10.7260234375 13.110648291 250.129770992 -53.9618320611 2.99236641221 END
START 7.59680186768 -8.09479581299 9.44512554932 250.129770992 -52.6183206107 4.79389312977 END
START 7.0126166626 -5.48511600342 6.91924279785 250.129770992 -56.9465648855 17.0229007634 END
START -2.98317526855 -10.6829278076 12.9933324097 250.129770992 -54.0152671756 8.71755725191 END
START 3.20583602295 -9.24880101318 4.93684382324 250.129770992 -45.4351145038 7.81679389313 END
START 2.63841022949 -9.11711992188 13.2088105591 250.129770992 -58.786259542 13.6946564885 END
START -4.13239206543 -14.942212561 7.85058724365 250.129770992 -52.7404580153 6.3358778626 END
START -0.565031591797 -10.2304236938 6.65348641357 250.129770992 -51.9236641221 9.97709923664 END
START -4.14915147705 -11.0516348633 5.98789835205 250.129770992 -49.4732824427 7.69465648855 END
START 5.80354482422 -7.85776984863 6.06451280518 250.129770992 -53.1755725191 1.35877862595 END
START 8.66461580811 -5.10204373779 5.2576668457 250.129770992 -49.1603053435 5.43511450382 END
START 9.07163009033 -5.10443793945 9.93833109131 250.129770992 -55.7099236641 -3.06106870229 END
START -2.80121594238 -11.8560866211 8.15943925781 250.129770992 -61.213740458 -5.09923664122 END
START 5.45399138184 -10.1155020142 5.2337248291 250.129770992 -65.3129770992 -1.29007633588 END
START 1.87944830322 -6.31350977783 6.78756170654 250.129770992 -66.3969465649 4.69465648855 END
START 2.21942493896 -12.2080342651 5.71735356445 250.129770992 -67.7099236641 5.5572519084 END
START 11.6813098999 -9.62469067383 8.77474908447 250.129770992 -73.1297709924 -0.36641221374 END
START 5.58088406982 -2.55461317139 8.5688477417 250.129770992 -66.6488549618 19.2900763359 END
START 3.78044442139 -13.5942770264 5.83227524414 250.129770992 -63.8702290076 10.1603053435 END
START 3.32554610596 -1.30723410645 8.08282480469 250.129770992 -74.2977099237 10.5648854962 END
START -0.612915625 -9.39963571777 6.76840809326 250.129770992 -73.2900763359 12.3511450382 END
START 6.52659372559 -10.8864349487 9.2416184082 250.129770992 -73.7022900763 9.80152671756 END
START 10.0364933594 -9.78749638672 8.40843623047 250.129770992 -70.9923664122 8.30534351145 END
START -1.32638771973 -8.30309135742 5.22893642578 250.129770992 -83.8702290076 6.09160305344 END
START -0.476446130371 -6.07648381348 8.05170018311 250.129770992 -88.7709923664 7.98473282443 END
START 0.797269152832 -18.2725470703 5.40371314697 250.129770992 -77.465648855 -3.06870229008 END
START -6.05493599854 -3.45004459229 9.7946789917 250.129770992 -79.1984732824 3.68702290076 END
START 3.92649072266 -8.47786807861 6.61996759033 250.129770992 -94.0305343511 13.5038167939 END
START -3.08373173828 -5.34146390381 1.44849200439 250.129770992 -97.0229007634 -2.10687022901 END
START 4.66629903564 -10.172962854 10.038887561 250.129770992 -91.3664122137 10.1679389313 END
START -3.11485635986 -16.4266175903 12.6940572021 250.129770992 -96.6183206107 3.50381679389 END
START 1.60890351563 -4.97275684814 9.00938084717 250.129770992 -101.259541985 7.73282442748 END
START -1.38624276123 -10.7739074707 10.2519715088 250.129770992 -99.6030534351 -3.79389312977 END
START 3.83072265625 -3.97676895752 1.68072956543 250.129770992 -86.7709923664 2.17557251908 END
START -4.64235701904 -8.5568767334 8.96867941895 250.129770992 -96.0916030534 16.1450381679 END
START -1.52750065918 -6.5074401123 4.20421811523 250.129770992 -101.839694656 8.23664122137 END
START 6.43321986084 -4.89374819336 8.15704505615 250.129770992 -91.3969465649 6.06106870229 END
START 6.36618221436 -6.63912120361 7.53215842285 250.129770992 -78.3282442748 18.1908396947 END
START 3.14598098145 -12.1936690552 8.14746824951 250.129770992 -83.8778625954 12.9007633588 END
START -6.14591566162 -11.8297504028 10.4363250366 250.129770992 -94.3129770992 8.95419847328 END
START 4.52025273438 -14.0156565186 8.24323631592 250.129770992 -97.3358778626 6.39694656489 END
START 0.0574608398438 -13.7810247559 10.1250788208 250.129770992 -101.34351145 2.48091603053 END
START -0.754173522949 -12.3899935913 5.96635053711 250.129770992 -100.633587786 -0.587786259542 END
START 5.71974776611 -5.45159718018 5.29118566895 250.129770992 -84.8091603053 14.320610687 END
START -1.98239897461 -6.08606062012 10.5608235229 250.129770992 -84.3511450382 4.31297709924 END
START 4.47715710449 -11.6238490601 11.4921679687 250.129770992 -78.0076335878 4.53435114504 END
START -2.20266552734 -8.40125362549 7.45075556641 250.129770992 -71.8625954198 7.41984732824 END
START -0.136469494629 -11.5592056152 14.7626474365 250.129770992 -78.1526717557 10.8320610687 END
START -1.77170922852 -8.97107362061 9.89044705811 250.129770992 -77.5114503817 9.97709923664 END
START 1.21146604004 -5.16668718262 6.3877300293 250.129770992 -84.465648855 5.87786259542 END
START 3.87142408447 -10.2040874756 8.16183345947 250.129770992 -77.5419847328 13.6564885496 END
START -6.20577070312 -13.357251062 4.97275684814 250.129770992 -73.0381679389 4.36641221374 END
START 12.6030775391 -12.6844803955 9.31344445801 250.129770992 -68.6106870229 9.87786259542 END
START 2.71741888428 -11.0229044434 12.5312514893 250.129770992 -64.8167938931 3.12213740458 END
START 1.25695587158 -6.20577070312 6.04057078857 250.129770992 -64.5648854962 14.3129770992 END