START -2.66235224609 -9.76594857178 11.145008728 250.129770992 -97.7709923664 2.9465648855 END
START 3.25132585449 -10.4028062134 5.36301171875 250.129770992 -91.4122137405 4.1679389313 END
START 7.28076724854 -15.6724440674 4.30477458496 250.129770992 -83.8854961832 -1.73282442748 END
START -1.89381351318 -2.14281048584 7.99423934326 250.129770992 -78.9847328244 7.78625954198 END
START -3.83311685791 -12.0691705688 4.43884987793 250.129770992 -75.0458015267 9.30534351145 END
START -1.89620771484 -11.6190606567 4.98951625977 250.129770992 -74.5496183206 -4.32824427481 END
START -0.222660754395 -12.7610948486 7.50821640625 250.129770992 -66.5801526718 17.3816793893 END
START 5.52342322998 -10.1633860474 9.2535894165 250.129770992 -51.7938931298 13.1221374046 END
START -3.19865341797 -8.89206496582 7.71172354736 250.129770992 -54.1755725191 0.618320610687 END
START 0.533906970215 -7.70214674072 6.61996759033 250.129770992 -45.1221374046 11.1526717557 END
START -3.17471140137 -13.6134306396 9.23683000488 250.129770992 -44.8396946565 2.0 END
START -3.77086761475 -10.6015249512 7.17063397217 250.129770992 -55.0 11.0687022901 END
START -0.174776721191 -10.0748005859 8.19774648437 250.129770992 -68.3969465649 2.72519083969 END
START 1.23540805664 -4.3622354248 11.0995188965 250.129770992 -83.5954198473 2.93893129771 END
START 3.99352836914 -9.46667336426 6.22253011475 250.129770992 -63.8167938931 3.12977099237 END
START 3.85705887451 -3.96240374756 13.7115929077 250.129770992 -48.0534351145 9.45801526718 END
START -1.14203419189 -6.47631549072 14.9972791992 250.129770992 -43.8625954198 13.1526717557 END
START -1.1779472168 -5.47793339844 6.33026918945 250.129770992 -55.1984732824 8.46564885496 END
START 8.79150849609 -17.1975505249 7.16823977051 250.129770992 -58.1526717557 1.12977099237 END
START 1.32878192139 -6.04296499023 15.682020874 250.129770992 -47.9847328244 7.35877862595 END
START 1.61608612061 -7.3430164917 15.0236154175 250.129770992 -48.2366412214 0.770992366412 END
START 1.2976572998 -1.23301385498 5.07091911621 250.129770992 -36.3053435115 0.725190839695 END
START 0.572214196777 -10.5871597412 5.08289012451 250.129770992 -35.5572519084 -0.160305343511 END
START 3.61045610352 -6.03817658691 7.85776984863 250.129770992 -34.893129771 0.236641221374 END
START 5.87297667236 -2.22421334229 7.29034405518 250.129770992 -44.9007633588 2.48854961832 END
START 2.40617266846 -8.62152017822 11.1833159546 250.129770992 -48.5801526718 3.39694656489 END
START 8.09240161133 -11.145008728 2.96641585693 250.129770992 -29.3358778626 3.48854961832 END
START -3.9839515625 -10.1346556274 10.9031943604 250.129770992 -43.2671755725 -2.23664122137 END
START 2.70784207764 -9.58638344727 7.55370623779 250.129770992 -50.1450381679 14.5877862595 END
START 6.61278498535 -13.9965029053 7.37174691162 250.129770992 -52.3358778626 11.4961832061 END
START -0.00239420166016 -14.2838071045 6.0812722168 250.129770992 -53.1450381679 24.2061068702 END
START 0.517147558594 -11.3437274658 8.3461869873 250.129770992 -53.2671755725 6.64885496183 END
START -2.90895501709 -16.5774522949 3.71580097656 250.129770992 -61.7786259542 7.13740458015 END
START -1.01992990723 -9.36611689453 4.75249029541 250.129770992 -59.427480916 6.19847328244 END
START 5.8346694458 -10.553640918 6.26083734131 250.129770992 -61.4809160305 3.87786259542 END
START 2.4037784668 -11.1282493164 7.75242497559 250.129770992 -67.2977099237 10.465648855 END
START -2.22900174561 -8.98783303223 13.4889321533 250.129770992 -81.1755725191 6.16030534351 END
START -6.04775339355 -11.997344519 9.2655604248 250.129770992 -89.4351145038 11.0381679389 END
START 10.8098204956 -9.39724151611 7.46990917969 250.129770992 -76.4885496183 12.8015267176 END
START -1.29286889648 -8.47068547363 0.699106884766 250.129770992 -99.5038167939 11.0992366412 END
START -5.26245524902 -5.54257684326 6.31111557617 250.129770992 -106.916030534 -0.87786259542 END
START -1.51313544922 -8.11634362793 3.58411988525 250.129770992 -102.961832061 4.8320610687 END
START 3.42131417236 -11.7244055298 3.19147081299 250.129770992 -93.2442748092 11.3129770992 END
START -0.840364782715 -9.49300958252 10.1226846191 250.129770992 -105.396946565 0.587786259542 END
START 3.06697232666 -6.89530078125 11.3796404907 250.129770992 -105.099236641 0.221374045802 END
START 2.58573779297 -9.60553706055 6.60560238037 250.129770992 -104.786259542 3.42748091603 END
START 1.41736738281 -8.87051715088 8.01099875488 250.129770992 -117.557251908 0.969465648855 END
START 3.73016618652 -12.2678893066 14.7003981934 250.129770992 -102.290076336 10.358778626 END
START 7.99663354492 -14.4825258423 4.76446130371 250.129770992 -105.175572519 8.92366412214 END
START 0.414196887207 -11.1976811646 8.48026228027 250.129770992 -104.847328244 12.0992366412 END
START 2.1452046875 -9.72524714355 6.19379969482 250.129770992 -104.458015267 10.0305343511 END
START 5.86339986572 -5.94959112549 10.778695874 250.129770992 -104.251908397 5.54961832061 END
START -7.25443103027 -4.00071097412 7.46512077637 250.129770992 -104.549618321 1.99236641221 END
START -4.656722229 -10.7379944458 9.76116016846 250.129770992 -104.145038168 4.0 END
START 1.69509477539 -12.1002951904 10.046070166 250.129770992 -104.198473282 0.931297709924 END
START 1.78846864014 -4.79558592529 13.2662713989 250.129770992 -94.6259541985 -1.20610687023 END
START -2.93529123535 -2.62404501953 4.47476290283 250.129770992 -77.427480916 11.5572519084 END
START 2.57855518799 -10.8146088989 10.1059252075 250.129770992 -73.5038167939 9.14503816794 END
START 9.48582697754 -12.6796919922 14.5040736572 250.129770992 -91.9389312977 11.2213740458 END
START 9.64863269043 -10.2136642822 11.899182251 250.129770992 -89.0458015267 26.4503816794 END
START 1.34554133301 -12.0691705688 8.33182177734 250.129770992 -71.5419847328 13.4427480916 END
START 0.746990917969 -7.01501086426 12.2295820801 250.129770992 -67.0992366412 10.8015267176 END
START 1.8267758667 -10.3716815918 1.33596452637 250.129770992 -59.0992366412 2.69465648855 END
START 9.8545340332 -10.0508585693 11.8249619995 250.129770992 -53.0458015267 8.77099236641 END
START 9.51455739746 -8.88488236084 5.5521536499 250.129770992 -34.4580152672 13.6183206107 END
START 0.849941589355 -11.2695072144 8.93994899902 250.129770992 -37.0458015267 6.82442748092 END
START 7.05810649414 -12.8496803101 6.81150372314 250.129770992 -40.5114503817 10.9312977099 END
START 4.55137735596 -13.4937205566 7.12993254395 250.129770992 -36.8320610687 6.68702290076 END
START 0.469263525391 -5.38455953369 7.3190744751 250.129770992 -31.2900763359 4.4427480916 END
START 5.68622894287 -10.2902787354 4.32392819824 250.129770992 -30.6030534351 4.86259541985 END
START -0.361524450684 -7.37174691162 6.30872137451 250.129770992 -39.9465648855 4.35114503817 END
START 8.04451757812 -13.0938888794 3.96479794922 250.129770992 -34.4885496183 7.83969465649 END
START 11.4275245239 -1.38863696289 7.70454094238 250.129770992 -32.6106870229 17.0305343511 END
START 5.86818826904 -6.32787498779 3.83072265625 250.129770992 -38.2671755725 5.82442748092 END
START 5.31991608887 -9.63426748047 4.56334836426 250.129770992 -40.4122137405 -1.58015267176 END
START 3.39737215576 -11.8728460327 3.54820686035 250.129770992 -49.679389313 5.78625954198 END
START 10.8888291504 -12.7754600586 3.38540114746 250.129770992 -42.3358778626 3.75572519084 END
START -4.96078583984 -3.86184727783 3.03105930176 250.129770992 -50.6641221374 5.34351145038 END
START 1.94888015137 -5.56173045654 4.05817181396 250.129770992 -55.2366412214 7.3358778626 END
START -0.380678063965 -12.490550061 6.40448944092 250.129770992 -63.7709923664 3.10687022901 END
START 1.11330377197 -14.5687171021 10.7284176392 250.129770992 -72.3816793893 5.23664122137 END
START -10.0819831909 -0.191536132812 9.39005891113 250.129770992 -76.0534351145 17.5038167939 END
START 2.98796367187 -11.271901416 4.29998618164 250.129770992 -72.2671755725 17.6488549618 END
START 2.7700913208 -14.717157605 10.2304236938 250.129770992 -82.0687022901 8.3893129771 END
START 0.00957680664062 -10.405200415 5.42047255859 250.129770992 -83.9618320611 6.32061068702 END
START -5.72214196777 -3.39976635742 8.08043060303 250.129770992 -98.9770992366 0.0916030534351 END
START 0.648828649902 -12.737152832 13.1010714844 250.129770992 -95.427480916 12.3129770992 END
START -0.62009822998 -11.9518546875 9.79228479004 250.129770992 -103.961832061 -1.82442748092 END
START 0.972045874023 -13.0292454346 7.40047733154 250.129770992 -99.9618320611 -0.465648854962 END
START -1.69988317871 -9.92875428467 6.28238515625 250.129770992 -98.3969465649 -1.19847328244 END
START 3.06936652832 -12.0524111572 4.02225878906 250.129770992 -102.763358779 5.41221374046 END
START 4.35984122314 -1.68791217041 5.85621726074 250.129770992 -104.122137405 4.24427480916 END
START -1.67354696045 -0.509964953613 6.35181700439 250.129770992 -97.0763358779 3.36641221374 END
START 6.89530078125 -9.74918916016 7.44596716309 250.129770992 -104.435114504 -4.87022900763 END
START -2.84909997559 -8.31985076904 7.56088884277 250.129770992 -104.740458015 8.40458015267 END
START 3.06936652832 -13.1872627441 4.94402642822 250.129770992 -105.366412214 0.519083969466 END
START -0.948103857422 -13.9390420654 4.98472785645 250.129770992 -104.20610687 8.29007633588 END
START -2.30082779541 -10.187328064 11.3533042725 250.129770992 -102.435114504 -1.61832061069 END
START -5.65749852295 -8.01099875488 5.87537087402 250.129770992 -104.549618321 2.69465648855 END
START -0.210689746094 -8.76996068115 9.80186159668 250.129770992 -92.2900763359 4.78625954198 END
START -4.26167895508 -11.3221796509 8.57842454834 250.129770992 -87.0610687023 -6.39694656489 END
START 6.87614716797 -6.23689532471 9.75637176514 250.129770992 -104.480916031 8.68702290076 END
START -3.82832845459 -3.9839515625 4.58968458252 250.129770992 -104.145038168 17.1832061069 END
START 4.86980617676 -13.1968395508 5.69580574951 250.129770992 -103.992366412 6.0 END
START 6.38533582764 -9.64384428711 7.79552060547 250.129770992 -86.7938931298 8.23664122137 END
START -0.713472094727 -3.75171400146 6.50025750732 250.129770992 -79.7786259542 6.21374045802 END
START 3.11485635986 -0.533906970215 7.58722506104 250.129770992 -74.3816793893 11.2977099237 END
START 11.8584808228 -9.26795462646 7.95353791504 250.129770992 -75.427480916 -2.25954198473 END
START 13.3165496338 -10.912771167 8.95670841064 250.129770992 -61.213740458 2.74045801527 END