START -2.25054956055 -6.17943448486 9.95509050293 250.129770992 -99.1603053435 7.93893129771 END
START 3.59848509521 -5.32949289551 10.9726262085 250.129770992 -80.6946564885 6.71755725191 END
START -5.51863482666 -11.1928927612 4.17069929199 250.129770992 -81.358778626 8.29007633588 END
START -1.56580788574 -6.4595560791 10.5608235229 250.129770992 -87.9923664122 6.17557251908 END
START 0.986411083984 -7.27597884521 7.9559321167 250.129770992 -85.7938931298 6.82442748092 END
START 0.859518395996 -7.19218178711 8.81066210937 250.129770992 -90.7709923664 8.30534351145 END
START 1.94169754639 -11.0276928467 11.9135474609 250.129770992 -86.1297709924 1.54198473282 END
START -0.275333190918 -4.12999786377 5.90888969727 250.129770992 -76.2671755725 11.6335877863 END
START 2.55461317139 -16.54153927 5.43004936523 250.129770992 -82.427480916 6.21374045802 END
START 3.32794030762 -12.8329208984 9.96706151123 250.129770992 -81.3358778626 17.3816793893 END
START -1.81001645508 -12.6006833374 13.491326355 250.129770992 -82.9083969466 8.38167938931 END
START 6.46673868408 -7.11796153564 9.84495722656 250.129770992 -83.4961832061 19.3053435115 END
START -6.25844313965 -7.71651195068 5.35582911377 250.129770992 -70.4732824427 3.58778625954 END
START 3.57214887695 -11.3437274658 7.90086547852 250.129770992 -80.893129771 -0.717557251908 END
START -3.86663568115 -6.78756170654 10.1394440308 250.129770992 -85.6641221374 15.4961832061 END
START 0.0502782348633 -8.14267984619 3.36385333252 250.129770992 -81.0687022901 17.1221374046 END
START -2.67671745605 -5.34864650879 5.12598575439 250.129770992 -76.1374045802 4.26717557252 END
START -0.656011254883 -9.37329949951 10.8744639404 250.129770992 -67.6946564885 -2.42748091603 END
START 5.30794508057 -5.2576668457 9.27274302979 250.129770992 -62.5877862595 10.4580152672 END
START 0.603338818359 -6.60799658203 6.58166036377 250.129770992 -63.7022900763 7.70229007634 END
START 1.95845695801 -14.2838071045 8.77714328613 250.129770992 -59.5801526718 5.9465648855 END
START 1.69270057373 -13.2207815674 5.23611903076 250.129770992 -56.1755725191 0.656488549618 END
START 4.79558592529 -7.11556733398 11.4562549438 250.129770992 -55.8854961832 13.1526717557 END
START 5.01585247803 -5.62637390137 3.53863005371 250.129770992 -49.1603053435 10.5038167939 END
START 3.73256038818 -10.5105452881 6.18661708984 250.129770992 -43.7709923664 3.27480916031 END
START 1.70706578369 -9.07881269531 12.2607067017 250.129770992 -44.4045801527 3.21374045802 END
START 3.22259543457 -5.10204373779 18.5047846313 250.129770992 -37.8015267176 24.0305343511 END
START 1.13485158691 -4.50828172607 8.19774648437 250.129770992 -40.1526717557 2.99236641221 END
START -2.30801040039 -5.50905802002 12.018892334 250.129770992 -39.7022900763 2.35114503817 END
START 4.12520946045 -13.8935522339 6.04296499023 250.129770992 -44.0305343511 5.02290076336 END
START 0.0191536132812 -12.3899935913 4.20421811523 250.129770992 -45.8015267176 6.93129770992 END
START 4.00310517578 -8.84896933594 10.2950671387 250.129770992 -41.8702290076 10.4122137405 END
START 3.48116921387 -8.73883605957 12.5982891357 250.129770992 -49.0458015267 8.00763358779 END
START 6.50265170898 -4.90093079834 1.97521636963 250.129770992 -43.9389312977 3.35114503817 END
START 9.55525882568 -8.09240161133 3.311180896 250.129770992 -53.9083969466 7.41984732824 END
START 3.51708223877 -4.2425253418 7.56807144775 250.129770992 -52.8473282443 2.53435114504 END
START -1.06781394043 -17.3866924561 7.93917270508 250.129770992 -52.2519083969 14.8015267176 END
START 1.72382519531 -8.82263311768 12.6820861938 250.129770992 -61.3664122137 7.30534351145 END
START 3.84748206787 -11.7291939331 6.64390960693 250.129770992 -64.6870229008 -2.47328244275 END
START -2.93768543701 -10.1681744507 7.69256993408 250.129770992 -70.7938931298 0.374045801527 END
START 2.06140762939 -11.9518546875 4.75967290039 250.129770992 -65.679389313 3.47328244275 END
START -3.14598098145 -14.4849200439 5.52102902832 250.129770992 -69.5648854962 -3.87022900763 END
START 0.744596716309 -13.3955582886 5.99986936035 250.129770992 -67.7480916031 3.24427480916 END
START 1.30723410645 -7.49145699463 9.67736311035 250.129770992 -74.2213740458 10.0763358779 END
START -0.691924279785 -6.87614716797 3.14598098145 250.129770992 -73.6106870229 -3.57251908397 END
START 8.93994899902 -14.2598650879 5.70538255615 250.129770992 -87.2977099237 1.40458015267 END
START 4.04141240234 -6.09084902344 7.63271489258 250.129770992 -84.5190839695 5.16030534351 END
START -6.85938775635 -12.0476227539 10.2112700806 250.129770992 -84.7709923664 3.26717557252 END
START 1.56101948242 -5.20499440918 8.01099875488 250.129770992 -80.9083969466 -2.89312977099 END
START 1.16358200684 -7.49863959961 12.8017962769 250.129770992 -86.4961832061 3.16030534351 END
START -4.31195718994 -2.54024796143 8.72447084961 250.129770992 -84.0381679389 6.48091603053 END
START -2.7581203125 -14.9326357544 8.28154354248 250.129770992 -99.8015267176 12.465648855 END
START 4.23773693848 -11.6023012451 6.52659372559 250.129770992 -99.1984732824 -3.03816793893 END
START -0.497993945312 -10.0556469727 9.27034882812 250.129770992 -98.2748091603 8.12977099237 END
START 0.196324536133 -14.4178823975 6.85459935303 250.129770992 -97.9312977099 5.46564885496 END
START -5.36540592041 -10.8553103271 15.2845833984 250.129770992 -104.633587786 6.15267175573 END
START 4.75967290039 -6.39730683594 9.76355437012 250.129770992 -104.198473282 -3.17557251908 END
START -6.6702458252 -11.1904985596 7.90325968018 250.129770992 -104.954198473 1.73282442748 END
START 3.81156904297 -11.7028577148 8.60236656494 250.129770992 -96.5572519084 4.45801526718 END
START 1.62566292725 -5.27921466064 10.9893856201 250.129770992 -104.27480916 16.6106870229 END
START -4.53461794434 -11.5376578003 6.61996759033 250.129770992 -104.259541985 9.86259541985 END
START 0.29927520752 -5.33188709717 6.05014759521 250.129770992 -104.022900763 15.3282442748 END
START 2.81079274902 -16.5199914551 8.66222160645 250.129770992 -103.236641221 8.52671755725 END
START -2.91134921875 -12.6485673706 5.38695373535 250.129770992 -103.190839695 8.38167938931 END
START 2.40138426514 -11.2910550293 12.1146604004 250.129770992 -103.992366412 -0.69465648855 END
START -2.68390006104 -8.61912597656 2.86585938721 250.129770992 -98.6717557252 6.57251908397 END
START -0.658405456543 -4.12281525879 9.16260975342 250.129770992 -103.183206107 5.84732824427 END
START 4.29998618164 -8.74362446289 6.61278498535 250.129770992 -92.3129770992 2.25190839695 END
START 6.42603725586 1.592144104 10.1777512573 250.129770992 -87.534351145 8.3893129771 END
START 1.07020814209 -5.41807835693 10.2184526855 250.129770992 -77.4351145038 0.0381679389313 END
START 4.8434699585 -8.99980404053 9.66539210205 250.129770992 -87.358778626 6.01526717557 END
START 8.63827958984 -7.81946262207 7.58722506104 250.129770992 -63.4351145038 8.40458015267 END
START 6.75643708496 -5.57130726318 4.43406147461 250.129770992 -79.2824427481 4.39694656489 END
START -2.45884510498 -9.40681832275 5.04458289795 250.129770992 -65.0992366412 2.93893129771 END
START 5.61679709473 -6.52419952393 6.52659372559 250.129770992 -62.8854961832 8.49618320611 END
START -1.86987149658 -8.11394942627 12.2247936768 250.129770992 -68.427480916 -0.625954198473 END
START 1.52989486084 -9.31105025635 6.74925447998 250.129770992 -54.465648855 2.63358778626 END
START 9.08360109863 -13.8983406372 6.16028087158 250.129770992 -53.3664122137 12.4503816794 END
START -3.0406361084 -9.7467949585 11.0612116699 250.129770992 -37.2366412214 5.67938931298 END
START 8.8513635376 -15.7969425537 1.90339031982 250.129770992 -52.3435114504 20.1679389313 END
START 3.3470939209 -12.5695587158 5.97353314209 250.129770992 -44.3053435115 -1.13740458015 END
START 7.33583388672 -8.31985076904 7.84819304199 250.129770992 -53.2595419847 20.7557251908 END
START 2.14041628418 -6.39012423096 5.14753356934 250.129770992 -49.5114503817 4.03816793893 END
START -1.17315881348 -11.271901416 9.30386765137 250.129770992 -47.7480916031 2.09160305344 END
START 1.22343704834 -15.4737253296 7.56567724609 250.129770992 -54.5190839695 4.03816793893 END
START 0.720654699707 -9.23443580322 3.89776030273 250.129770992 -49.0839694656 -2.88549618321 END
START -1.37906015625 -10.1538092407 7.53694682617 250.129770992 -57.9694656489 4.26717557252 END
START 7.19218178711 -10.5799771362 13.5463929932 250.129770992 -52.3358778626 16.7938931298 END
START 2.93768543701 -4.69742365723 4.30716878662 250.129770992 -58.9694656489 5.02290076336 END
START 8.05648858643 -7.79312640381 6.4356140625 250.129770992 -53.6335877863 4.74045801527 END
START -5.149927771 -5.88015927734 8.05409438477 250.129770992 -55.7480916031 2.92366412214 END