START -1.53707746582 -12.5168862793 9.22007059326 250.129770992 -46.1832061069 4.25190839695 END
START -0.991199487305 -10.2878845337 -0.883460412598 250.129770992 -42.4198473282 -3.87022900763 END
START 12.3588689697 -8.28154354248 6.51222851562 250.129770992 -42.1145038168 13.8396946565 END
START 7.61116707764 -2.95444484863 5.82748684082 250.129770992 -43.8167938931 -0.0763358778626 END
START -0.684741674805 -9.42357773437 9.87608184814 250.129770992 -53.0534351145 11.3129770992 END
START 0.624886633301 -12.9382657715 2.18351191406 250.129770992 -50.7022900763 10.7709923664 END
START 6.54814154053 -10.0317049561 2.95444484863 250.129770992 -54.0076335878 13.5801526718 END
START 5.11640894775 -4.23534273682 10.6948988159 250.129770992 -58.6259541985 6.81679389313 END
START 1.5562310791 -8.76517227783 9.73721815186 250.129770992 -57.5496183206 8.56488549618 END
START 4.00310517578 -10.8529161255 8.0397291748 250.129770992 -61.679389313 5.80916030534 END
START 0.840364782715 -8.16901606445 5.04937130127 250.129770992 -63.6717557252 -3.87786259542 END
START -0.565031591797 -9.87368764648 5.74847818604 250.129770992 -59.4503816794 7.46564885496 END
START -2.27449157715 -10.1202904175 5.69580574951 250.129770992 -52.0152671756 14.1526717557 END
START -1.92254393311 -10.7834842773 5.80115062256 250.129770992 -71.1221374046 12.786259542 END
START 4.17069929199 -11.0133276367 6.0932432251 250.129770992 -69.4045801527 -0.618320610687 END
START -6.86178195801 -14.0060797119 3.67509954834 250.129770992 -69.6641221374 3.06106870229 END
START 2.08056124268 -7.84579884033 9.70130512695 250.129770992 -82.0458015267 4.8320610687 END
START 0.548272180176 -10.1969048706 5.08049592285 250.129770992 -96.8015267176 11.8778625954 END
START -0.993593688965 -9.47864437256 6.25365473633 250.129770992 -89.7557251908 3.23664122137 END
START -2.09253225098 -8.30069715576 9.50976899414 250.129770992 -88.3893129771 7.9465648855 END
START -0.366312854004 -8.74841286621 7.7093293457 250.129770992 -101.366412214 14.1679389313 END
START 0.749385119629 -13.7929957642 4.89614239502 250.129770992 -104.58778626 10.9160305344 END
START -3.10767375488 -5.70538255615 10.6446205811 250.129770992 -89.6106870229 -2.91603053435 END
START -2.74854350586 -9.10993731689 2.07577283936 250.129770992 -99.3129770992 9.81679389313 END
START -1.05344873047 -9.31344445801 5.67186373291 250.129770992 -103.610687023 11.358778626 END
START 4.86501777344 -10.41238302 7.49385119629 250.129770992 -104.664122137 5.59541984733 END
START -2.11886846924 -12.5264630859 7.23288321533 250.129770992 -104.465648855 11.4427480916 END
START -2.36547124023 -10.314220752 8.99980404053 250.129770992 -96.7633587786 8.3358778626 END
START -1.93690914307 -7.08683691406 7.49385119629 250.129770992 -91.7175572519 11.786259542 END
START 7.67102211914 -9.43554874268 8.27914934082 250.129770992 -104.267175573 8.60305343511 END
START 1.93930334473 -8.49223328857 3.62242711182 250.129770992 -99.2977099237 8.59541984733 END
START -0.251391174316 -10.5847655396 7.13711514893 250.129770992 -104.091603053 11.5419847328 END
START -2.26730897217 -12.0404401489 12.9933324097 250.129770992 -106.938931298 -3.48091603053 END
START 7.721300354 -11.9781909058 8.65503900146 250.129770992 -103.854961832 2.61832061069 END
START -3.72777198486 -4.14915147705 7.09880792236 250.129770992 -102.488549618 7.59541984733 END
START 1.70227738037 -7.75242497559 10.419565625 250.129770992 -101.664122137 4.04580152672 END
START -3.88100089111 -9.97184991455 7.59919606934 250.129770992 -82.465648855 7.87786259542 END
START 5.85382305908 -5.66468112793 14.2431056763 250.129770992 -66.6564885496 7.78625954198 END
START -1.21864864502 -9.71806453857 11.7866547729 250.129770992 -66.7633587786 20.2061068702 END
START 2.66714064941 -16.4122523804 11.3868230957 250.129770992 -59.1297709924 7.77099236641 END
START -0.555454785156 -8.50181009521 9.49061538086 250.129770992 -66.1526717557 14.0992366412 END
START 1.79804544678 -13.745111731 8.66222160645 250.129770992 -68.2900763359 7.86259541985 END
START 2.03267720947 -11.8297504028 9.43794294434 250.129770992 -67.4198473282 6.0 END
START -6.20816490479 -10.7571480591 9.7587659668 250.129770992 -59.0610687023 16.2748091603 END
START 0.811634362793 -11.0636058716 6.16746347656 250.129770992 -55.8549618321 4.75572519084 END
START 0.107739074707 -14.9110879395 13.2255699707 250.129770992 -57.2824427481 4.80152671756 END
START 4.2305543335 -6.34702860107 9.38048210449 250.129770992 -53.1450381679 13.2366412214 END
START 7.46272657471 -6.02859978027 2.32955821533 250.129770992 -51.1374045802 14.8702290076 END
START -5.10204373779 -6.69658204346 8.40125362549 250.129770992 -44.9312977099 11.679389313 END
START 0.493205541992 -7.20415279541 11.1258551147 250.129770992 -41.1908396947 11.1526717557 END
START -0.629675036621 -9.26795462646 3.78283862305 250.129770992 -35.6564885496 10.0381679389 END
START 0.196324536133 -7.2951324585 3.56975467529 250.129770992 -45.1908396947 7.96183206107 END
START -2.79163913574 -8.82023891602 9.5720182373 250.129770992 -29.7175572519 6.51908396947 END
START -1.22104284668 -7.04613548584 12.7922194702 250.129770992 -32.6259541985 1.76335877863 END
START -2.36786544189 -9.560047229 7.15148035889 250.129770992 -30.0916030534 4.64122137405 END
START -3.47638081055 -2.69587106934 7.69017573242 250.129770992 -32.1908396947 5.32824427481 END
START -6.19379969482 -9.89284125977 1.87944830322 250.129770992 -27.8015267176 14.2824427481 END
START 0.349553442383 -10.5057568848 6.64390960693 250.129770992 -25.7633587786 2.16030534351 END
START 2.20745393066 -4.35984122314 8.73404765625 250.129770992 -31.7022900763 14.4503816794 END
START 2.47799871826 -1.38863696289 8.08282480469 250.129770992 -34.572519084 4.23664122137 END
START 2.53067115479 -11.6406084717 5.82988104248 250.129770992 -31.4122137405 11.9389312977 END
START 6.78037910156 -9.15063874512 11.8896054443 250.129770992 -31.3129770992 6.3893129771 END
START 4.92247861328 -3.63439812012 6.25604893799 250.129770992 -35.8702290076 -5.15267175573 END
START -1.46764561768 -7.68299312744 4.49152231445 250.129770992 -29.1221374046 10.9770992366 END
START 8.42040723877 -10.9845972168 11.0731826782 250.129770992 -36.2213740458 5.16030534351 END
START 3.40934316406 -13.6014596313 8.07324799805 250.129770992 -30.0305343511 11.6488549618 END
START -1.19710083008 -4.85065256348 6.93600220947 250.129770992 -35.9007633588 -4.96183206107 END
START 3.95761534424 -4.62320340576 1.64481654053 250.129770992 -34.6641221374 8.67175572519 END
START 3.23217224121 -7.44357296143 7.15866296387 250.129770992 -34.8702290076 10.9923664122 END
START 6.50983431396 -5.48990440674 8.41083043213 250.129770992 -33.0839694656 0.717557251908 END
START -0.488417138672 -13.1657149292 11.7890489746 250.129770992 -40.6870229008 8.29770992366 END
START 4.2185833252 -9.4642791626 6.56250675049 250.129770992 -38.6335877863 17.0152671756 END
START 0.363918652344 -7.71172354736 9.60314285889 250.129770992 -37.7099236641 9.22900763359 END
START 2.21463653564 -6.7181298584 8.67179841309 250.129770992 -40.5496183206 11.106870229 END
START 5.77002600098 -17.0467158203 7.19697019043 250.129770992 -45.1755725191 3.00763358779 END
START 5.42526096191 -9.83298621826 7.24485422363 250.129770992 -48.8702290076 8.54198473282 END
START -3.64397492676 -5.34625230713 7.0844427124 250.129770992 -49.9465648855 6.30534351145 END
START 3.75410820312 -10.3644989868 5.04218869629 250.129770992 -53.2366412214 1.25954198473 END
START 0.569819995117 -11.4299187256 6.75883128662 250.129770992 -56.4045801527 9.00763358779 END
START 1.31202250977 -10.6494089844 6.67503422852 250.129770992 -65.0763358779 -4.91603053435 END
START 3.3710359375 -11.4682259521 7.74763657227 250.129770992 -65.3969465649 5.97709923664 END
START -4.21618912354 -7.60877287598 11.025298645 250.129770992 -57.1755725191 4.79389312977 END
START 4.44603248291 -10.6901104126 6.31111557617 250.129770992 -59.4885496183 14.1450381679 END
START 1.57059628906 -11.03248125 10.1011368042 250.129770992 -67.3053435115 4.27480916031 END
START 13.6780740845 -11.5615998169 7.84340463867 250.129770992 -71.8625954198 9.35114503817 END
START -0.0909796630859 -15.9573540649 12.0380459473 250.129770992 -75.6106870229 1.36641221374 END
START 0.423773693848 -10.898405957 6.62954439697 250.129770992 -64.8473282443 6.09160305344 END
START -3.61045610352 -11.6908867065 6.3637880127 250.129770992 -72.786259542 5.62595419847 END
START 3.6176387085 -11.2120463745 8.61433757324 250.129770992 -68.9083969466 12.5801526718 END
START 7.39568892822 -7.55370623779 5.47314499512 250.129770992 -79.0610687023 4.2213740458 END
START 3.72298358154 -4.96796844482 1.57777889404 250.129770992 -90.9236641221 0.137404580153 END
START 5.98310994873 -11.3078144409 10.658985791 250.129770992 -82.9541984733 -2.38167938931 END