START -5.13556256104 -3.45722719727 5.45877978516 250.129770992 -77.3893129771 10.2519083969 END
START 0.0407014282227 -13.371616272 4.06535441895 250.129770992 -89.2366412214 10.4732824427 END
START -0.292092602539 -6.1770402832 9.49300958252 250.129770992 -81.320610687 11.0 END
START -1.98718737793 -4.84586416016 1.98239897461 250.129770992 -81.5038167939 13.9847328244 END
START 3.9839515625 -8.38210001221 5.35104071045 250.129770992 -85.9923664122 6.39694656489 END
START -0.356736047363 -5.7508723877 9.97424411621 250.129770992 -89.1145038168 -1.81679389313 END
START 0.512359155273 -11.9183358643 8.83460412598 250.129770992 -92.4045801527 16.9236641221 END
START 2.53067115479 -9.41160672607 9.99339772949 250.129770992 -91.7099236641 21.4503816794 END
START 0.632069238281 -5.21935961914 7.61116707764 250.129770992 -92.7480916031 12.6259541985 END
START 1.52271225586 -10.8098204956 2.67671745605 250.129770992 -88.2977099237 18.6870229008 END
START 2.43011468506 -12.4857616577 8.93276639404 250.129770992 -93.8778625954 6.48091603053 END
START 3.51947644043 -8.24323631592 4.99191046143 250.129770992 -96.7786259542 12.534351145 END
START 1.71424838867 -11.0875478882 7.59440766602 250.129770992 -97.5419847328 1.52671755725 END
START -6.85938775635 -9.19134017334 9.56244143066 250.129770992 -94.0458015267 9.50381679389 END
START 5.15471617432 -14.5663229004 1.36948334961 250.129770992 -105.030534351 0.946564885496 END
START 10.1538092407 -6.25365473633 9.26316622314 250.129770992 -97.8702290076 12.0534351145 END
START -2.48278712158 -7.82664522705 11.3676694824 250.129770992 -96.4427480916 3.71755725191 END
START 3.2992098877 -8.20492908936 12.3061965332 250.129770992 -93.3893129771 -3.06870229008 END
START -0.110133276367 -17.774553125 2.91374342041 250.129770992 -107.282442748 1.92366412214 END
START 0.407014282227 -4.90093079834 13.6254016479 250.129770992 -96.6259541985 5.74809160305 END
START 1.71185418701 -7.28555565186 12.9286889648 250.129770992 -96.0305343511 9.29007633588 END
START -2.71981308594 -10.7260234375 6.71094725342 250.129770992 -91.0763358779 13.1374045802 END
START 1.2617442749 2.91613762207 6.33984599609 250.129770992 -97.572519084 7.19083969466 END
START 3.85705887451 -8.00860455322 3.37582434082 250.129770992 -86.3969465649 4.04580152672 END
START -1.08696755371 -8.71249984131 6.74446607666 250.129770992 -90.641221374 14.8549618321 END
START 3.60806190186 -11.279084021 7.70454094238 250.129770992 -85.9236641221 9.20610687023 END
START 3.66791694336 -10.0029745361 14.5495634888 250.129770992 -98.0229007634 11.0839694656 END
START -0.584185205078 -3.04781871338 7.62313808594 250.129770992 -88.0 2.17557251908 END
START -6.07887801514 -9.12909093018 8.74601866455 250.129770992 -82.2442748092 9.48854961832 END
START 5.18344659424 -8.88009395752 6.85699355469 250.129770992 -71.679389313 12.9083969466 END
START 2.88022459717 -7.96311472168 9.14345614014 250.129770992 -65.9160305344 12.3664122137 END
START 4.59207878418 -9.52652840576 9.06444748535 250.129770992 -62.3435114504 2.62595419847 END
START 1.13006318359 -11.3173912476 8.5688477417 250.129770992 -64.2671755725 4.36641221374 END
START 0.232237561035 -11.1210667114 7.6973583374 250.129770992 -60.1603053435 12.1374045802 END
START 2.0733786377 -5.70059415283 9.12669672852 250.129770992 -61.3664122137 4.51145038168 END
START 2.06380183105 -3.54341845703 16.8719390991 250.129770992 -50.8091603053 11.9770992366 END
START 1.08696755371 -13.8959464355 7.99423934326 250.129770992 -52.5877862595 2.25954198473 END
START -6.19619389648 -9.79707319336 8.45392606201 250.129770992 -43.7404580153 9.57251908397 END
START -2.89937821045 -17.4944315308 7.88889447021 250.129770992 -38.6335877863 6.56488549618 END
START -2.24097275391 -8.8513635376 8.57842454834 250.129770992 -39.2366412214 1.63358778626 END
START 2.84191737061 -16.6133653198 10.42674823 250.129770992 -40.9541984733 0.572519083969 END
START 1.06541973877 -14.2191636597 7.88410606689 250.129770992 -40.8473282443 14.106870229 END
START 1.98000477295 -10.0652237793 9.17697496338 250.129770992 -42.7709923664 3.2213740458 END
START 7.89128867187 -3.49314022217 8.29351455078 250.129770992 -48.1221374046 8.65648854962 END
START -5.00627567139 -8.05170018311 4.03901820068 250.129770992 -47.8473282443 13.427480916 END
START 3.08373173828 -14.1425492065 6.94557901611 250.129770992 -47.0839694656 5.93129770992 END
START -3.0286651001 -9.86171663818 8.54251152344 250.129770992 -54.4732824427 8.27480916031 END
START -0.15322890625 -9.45709655762 7.6614453125 250.129770992 -58.4503816794 3.84732824427 END
START -15.435418103 -12.2223994751 8.78911429443 250.129770992 -63.641221374 2.23664122137 END
START 0.347159240723 -9.63187327881 12.0500169556 250.129770992 -65.465648855 9.61832061069 END
START 0.100556469727 -6.67982263184 2.89219560547 250.129770992 -74.9236641221 7.64122137405 END
START 6.92403120117 -8.5568767334 10.4506902466 250.129770992 -66.6183206107 8.18320610687 END
START 1.57777889404 -11.6238490601 4.87698878174 250.129770992 -63.7328244275 5.50381679389 END
START 3.16992299805 -10.0029745361 5.99029255371 250.129770992 -63.6564885496 5.83969465649 END
START 2.34631762695 -9.7348239502 9.7707369751 250.129770992 -71.8396946565 0.473282442748 END
START 4.62320340576 -6.04057078857 4.49391651611 250.129770992 -66.7557251908 3.04580152672 END