START 4.06056601562 -10.8289741089 5.40610734863 250.129770992 -79.5648854962 1.29007633588 END
START -5.7748144043 -11.5831476318 5.94001431885 250.129770992 -78.2748091603 1.30534351145 END
START -1.5083470459 -9.18894597168 6.83305153809 250.129770992 -70.9312977099 8.53435114504 END
START -3.95761534424 -6.06211860352 9.2535894165 250.129770992 -78.8473282443 3.25954198473 END
START -2.34631762695 -8.2743609375 6.54335313721 250.129770992 -80.9007633588 2.93893129771 END
START -3.28245047607 -11.4586491455 5.39653054199 250.129770992 -85.5038167939 -2.59541984733 END
START -6.02620557861 -9.60314285889 8.83220992432 250.129770992 -77.2519083969 9.52671755725 END
START -2.55940157471 -8.40604202881 9.50976899414 250.129770992 -73.427480916 3.57251908397 END
START 4.12760366211 -8.09479581299 2.91134921875 250.129770992 -70.8320610687 6.1679389313 END
START 5.16429298096 -9.10275471191 4.67587584229 250.129770992 -97.1526717557 7.91603053435 END
START -0.77332713623 -14.6549083618 4.79558592529 250.129770992 -90.9618320611 6.0534351145 END
START -3.59848509521 -11.8082025879 5.54736524658 250.129770992 -89.3740458015 -1.45801526718 END
START -4.81473953857 -13.2854250122 7.4148425415 250.129770992 -84.0458015267 6.69465648855 END
START -1.38863696289 -13.4123177002 8.31266816406 250.129770992 -86.7099236641 -2.06106870229 END
START 3.67031114502 -9.53371101074 8.67419261475 250.129770992 -102.595419847 1.98473282443 END
START -0.263362182617 -11.1138841064 10.6781394043 250.129770992 -87.8625954198 2.39694656489 END
START -1.5203180542 -12.7730658569 4.50588752441 250.129770992 -90.6183206107 12.8320610687 END
START 0.900219824219 -10.8050320923 13.371616272 250.129770992 -104.473282443 7.21374045802 END
START 1.64960494385 -9.71806453857 9.62469067383 250.129770992 -105.0 -3.18320610687 END
START -1.51552965088 -9.60553706055 4.89853659668 250.129770992 -104.381679389 6.54961832061 END
START -5.52102902832 -14.9015111328 0.136469494629 250.129770992 -104.427480916 -0.335877862595 END
START -8.8992475708 -11.540052002 7.71890615234 250.129770992 -106.610687023 7.98473282443 END
START -3.81156904297 -4.41969626465 6.90966599121 250.129770992 -103.923664122 -1.41221374046 END
START -0.174776721191 -9.42597193604 6.19858809814 250.129770992 -103.72519084 11.7175572519 END
START 3.83551105957 -16.6995565796 4.81473953857 250.129770992 -111.427480916 5.03053435115 END
START -2.71981308594 -4.12760366211 7.01501086426 250.129770992 -103.687022901 5.10687022901 END
START -0.323217224121 -12.1194488037 4.72615407715 250.129770992 -103.946564885 9.92366412214 END
START 2.25294376221 -8.59039555664 8.76277807617 250.129770992 -104.236641221 12.6946564885 END
START 1.45328040771 -3.06218392334 7.50342800293 250.129770992 -104.305343511 3.30534351145 END
START 0.162805712891 -5.94719692383 12.0548053589 250.129770992 -104.809160305 7.25954198473 END
START -2.54503636475 -9.85213983154 7.51779321289 250.129770992 -105.404580153 -3.52671755725 END
START 3.84748206787 -12.0452285522 6.47631549072 250.129770992 -104.610687023 2.1679389313 END
START -3.49553442383 -13.4099234985 6.41646044922 250.129770992 -104.740458015 11.4503816794 END
START 1.59693250732 -5.21935961914 11.0851536865 250.129770992 -104.954198473 4.27480916031 END
START 4.39814844971 -11.7267997314 8.87291135254 250.129770992 -104.213740458 11.5114503817 END
START -3.50511123047 -9.21528218994 7.97747993164 250.129770992 -93.1832061069 4.97709923664 END
START -0.821211169434 -10.0077629395 14.0515695435 250.129770992 -75.4503816794 -3.00763358779 END
START 4.40533105469 -10.046070166 10.5081510864 250.129770992 -76.7480916031 -3.26717557252 END
START 4.47955130615 -9.15303294678 8.76277807617 250.129770992 -77.0381679389 11.320610687 END
START -2.71981308594 -3.0286651001 13.6469494629 250.129770992 -63.8473282443 1.70992366412 END
START 0.203507141113 -4.44363828125 6.96233842773 250.129770992 -64.6870229008 0.778625954198 END
START -5.27442625732 -7.967903125 8.96867941895 250.129770992 -59.8320610687 7.29770992366 END
START -4.49391651611 -5.11401474609 6.52180532227 250.129770992 -45.2977099237 11.0305343511 END
START 4.97754525146 -10.0795889893 6.48589229736 250.129770992 -48.5038167939 3.79389312977 END
START 2.17872351074 -2.3798364502 8.58560715332 250.129770992 -52.7251908397 13.2900763359 END
START -2.36307703857 -9.95030209961 7.19936439209 250.129770992 -46.9618320611 3.87786259542 END
START -6.988674646 -7.03177027588 7.73805976562 250.129770992 -44.7557251908 10.2519083969 END
START 2.27927998047 -9.25837781982 10.3309801636 250.129770992 -48.0305343511 8.20610687023 END
START -1.50116444092 -10.3692873901 7.9798741333 250.129770992 -45.0458015267 2.95419847328 END
START 0.646434448242 -7.96311472168 7.13472094727 250.129770992 -40.7251908397 1.75572519084 END
START 7.22809481201 -6.81868632812 6.4834980957 250.129770992 -46.1297709924 2.9465648855 END
START -1.16358200684 -9.13148513184 6.6702458252 250.129770992 -50.4732824427 5.90839694656 END
START 8.84418093262 -11.3461216675 17.3028953979 250.129770992 -52.3129770992 4.31297709924 END
START 4.86501777344 -8.73883605957 7.71411774902 250.129770992 -47.5114503817 9.46564885496 END
START 2.60489140625 -7.29034405518 7.0605006958 250.129770992 -48.213740458 -0.213740458015 END
START 0.0646434448242 -4.92966121826 3.22498963623 250.129770992 -45.641221374 0.335877862595 END
START 3.02148249512 -4.86262357178 6.52419952393 250.129770992 -51.2290076336 1.00763358779 END
START 2.15238729248 -9.09078370361 11.286266626 250.129770992 -57.4732824427 4.20610687023 END