START -3.39258375244 -3.9719805542 6.47631549072 250.129770992 -104.328244275 5.50381679389 END
START -2.1811177124 -9.16739815674 3.48356341553 250.129770992 -93.2442748092 3.49618320611 END
START 0.411802685547 -8.99980404053 8.42519564209 250.129770992 -99.572519084 4.93893129771 END
START 1.26653267822 -9.31344445801 7.3190744751 250.129770992 -90.8167938931 9.47328244275 END
START -3.04781871338 -6.70376464844 7.02219346924 250.129770992 -80.9007633588 16.9236641221 END
START 0.77332713623 -11.2431709961 7.37653531494 250.129770992 -94.8091603053 4.96946564885 END
START 4.88177718506 -13.6014596313 4.67827004395 250.129770992 -104.58778626 6.35877862595 END
START 3.69425316162 -8.71249984131 6.12915625 250.129770992 -105.030534351 10.3511450382 END
START 3.15555778809 -3.95761534424 8.02296976318 250.129770992 -96.4732824427 -4.11450381679 END
START -1.1779472168 -3.0885201416 9.28231983643 250.129770992 -104.145038168 12.3816793893 END
START -0.399831677246 -9.29907924805 8.31506236572 250.129770992 -99.4885496183 -2.45038167939 END
START -0.380678063965 -6.84741674805 3.86424147949 250.129770992 -104.557251908 -0.748091603053 END
START 0.751779321289 -5.00148726807 10.0771947876 250.129770992 -104.977099237 10.3053435115 END
START 0.825999572754 -7.06528909912 9.46188496094 250.129770992 -104.305343511 7.82442748092 END
START 4.84586416016 -10.1250788208 5.25048424072 250.129770992 -103.419847328 2.87022900763 END
START 3.24174904785 -7.40526573486 9.03092866211 250.129770992 -104.213740458 4.51145038168 END
START -1.20907183838 -14.3891519775 11.1114899048 250.129770992 -107.351145038 -2.65648854962 END
START 1.13963999023 -6.95515582275 8.68137521973 250.129770992 -109.312977099 -4.25190839695 END
START 0.129286889648 -8.20492908936 6.495469104 250.129770992 -111.72519084 7.64885496183 END
START -2.7940333374 -7.81467421875 5.85142885742 250.129770992 -101.916030534 18.9389312977 END
START 13.7690537476 -9.10993731689 7.3909005249 250.129770992 -105.389312977 8.30534351145 END
START 5.80833322754 -5.4683565918 4.98472785645 250.129770992 -105.015267176 10.2519083969 END
START 5.21217701416 -8.52575211182 6.7061588501 250.129770992 -104.106870229 8.00763358779 END
START -2.65038123779 -1.54904847412 11.9686140991 250.129770992 -104.519083969 -2.43511450382 END
START 3.36624753418 -9.193734375 8.19056387939 250.129770992 -104.870229008 5.96946564885 END
START -2.23857855225 -7.97269152832 7.19457598877 250.129770992 -103.86259542 11.572519084 END
START -0.294486804199 -7.62792648926 11.6693388916 250.129770992 -82.2061068702 7.17557251908 END
START -2.92092602539 -7.23048901367 9.4283661377 250.129770992 -68.7328244275 9.59541984733 END
START -8.57603034668 -8.01818135986 8.54729992676 250.129770992 -58.6946564885 13.5572519084 END
START -4.5250411377 -4.5489831543 3.62242711182 250.129770992 -67.1374045802 14.7633587786 END
START -5.67904633789 -9.05965908203 12.3732341797 250.129770992 -61.4427480916 2.61832061069 END
START -5.99508095703 -7.66862791748 6.97430943604 250.129770992 -76.3664122137 1.93129770992 END
START 0.124498486328 -5.61919129639 12.0739589722 250.129770992 -82.1221374046 11.8549618321 END
START -3.72298358154 -7.24006582031 7.50582220459 250.129770992 -76.8702290076 -0.969465648855 END
START -1.83395847168 -10.9822030151 14.097059375 250.129770992 -64.5190839695 0.809160305344 END
START -4.96078583984 -7.88889447021 6.9767036377 250.129770992 -66.4198473282 7.74809160305 END
START 2.52827695312 -10.7739074707 9.8186210083 250.129770992 -56.7709923664 3.9465648855 END
START 5.36540592041 -2.98317526855 11.1019130981 250.129770992 -63.1679389313 11.5190839695 END
START -1.45088620605 -6.24886633301 13.3883756836 250.129770992 -49.2824427481 3.59541984733 END
START -0.859518395996 -7.49863959961 12.9334773682 250.129770992 -49.2977099237 4.9465648855 END
START 0.703895288086 -6.69658204346 7.09880792236 250.129770992 -40.358778626 7.48854961832 END
START -3.77805021973 -4.44603248291 8.74841286621 250.129770992 -49.8015267176 1.25190839695 END
START 1.1540052002 -6.56968935547 10.0053687378 250.129770992 -52.1832061069 6.45038167939 END
START -3.00711728516 -13.4625959351 7.21372960205 250.129770992 -50.5877862595 10.5877862595 END
START -1.838746875 -7.52018741455 8.38210001221 250.129770992 -47.8854961832 3.88549618321 END
START 5.08049592285 -5.87537087402 14.0372043335 250.129770992 -46.0687022901 10.4961832061 END
START -1.29047469482 -14.5040736572 6.75883128662 250.129770992 -64.5038167939 5.13740458015 END
START 0.933738647461 -3.99113416748 3.7014357666 250.129770992 -63.3282442748 13.8625954198 END
START 0.208295544434 -9.27753143311 3.03584770508 250.129770992 -60.7022900763 8.3893129771 END
START -1.12766898193 -9.89762966309 7.94635531006 250.129770992 -75.3129770992 -5.15267175573 END
START 3.30399829102 -12.6054717407 8.19535228271 250.129770992 -78.0 8.22900763359 END
START 6.1530982666 -12.2032458618 7.53934102783 250.129770992 -66.3282442748 5.69465648855 END
START 4.47955130615 -12.3612631714 6.88093557129 250.129770992 -67.534351145 3.23664122137 END
START 1.14921679688 -10.5919481445 7.28076724854 250.129770992 -78.5496183206 10.1679389313 END
START -3.78283862305 -9.44991395264 2.05901342773 250.129770992 -74.2061068702 11.6870229008 END
START 8.5568767334 -8.89206496582 6.12436784668 250.129770992 -70.3740458015 7.77099236641 END
START 1.99197578125 -11.9710083008 1.58735570068 250.129770992 -74.2671755725 1.43511450382 END
START -2.47321031494 -7.33822808838 8.56405933838 250.129770992 -81.8167938931 17.0916030534 END
START 7.58483085937 -17.2071273315 8.14267984619 250.129770992 -72.5419847328 0.274809160305 END
START -1.69748897705 -9.31344445801 8.39407102051 250.129770992 -67.5267175573 4.87786259542 END
START 3.23696064453 -13.7666595459 4.06056601562 250.129770992 -61.0687022901 0.175572519084 END