START -4.00071097412 -6.58644876709 11.5615998169 250.129770992 -78.4809160305 3.75572519084 END
START -3.95761534424 -11.1474029297 7.93917270508 250.129770992 -72.9465648855 10.8091603053 END
START 1.15639940186 -7.42920775146 5.55933625488 250.129770992 -72.8396946565 6.1679389313 END
START -1.56101948242 -11.01811604 8.60236656494 250.129770992 -84.8778625954 5.84732824427 END
START -0.0718260498047 -7.72608875732 4.85783516846 250.129770992 -85.7251908397 -0.251908396947 END
START 5.17147558594 -12.3875993896 9.74200655518 250.129770992 -83.1526717557 8.21374045802 END
START 0.694318481445 -5.99747515869 5.43004936523 250.129770992 -93.3969465649 9.74045801527 END
START 3.84748206787 -7.71411774902 8.08043060303 250.129770992 -91.1145038168 -1.89312977099 END
START 11.1090957031 -6.77319649658 6.07169541016 250.129770992 -93.5496183206 11.1755725191 END
START 1.5083470459 -6.11957944336 6.19379969482 250.129770992 -98.3053435115 15.9389312977 END
START 0.842758984375 -13.9988971069 8.93037219238 250.129770992 -95.4045801527 -5.84732824427 END
START -5.34864650879 -11.6430026733 7.33583388672 250.129770992 -81.2366412214 10.9694656489 END
START 9.66299790039 -11.8441156128 9.42357773437 250.129770992 -91.0763358779 -1.15267175573 END
START -3.3710359375 -11.0300870483 10.5727945312 250.129770992 -101.229007634 4.46564885496 END
START -1.05344873047 -11.5711766235 6.15549246826 250.129770992 -100.664122137 7.06106870229 END
START 0.227449157715 -9.26077202148 7.73566556396 250.129770992 -103.86259542 8.58015267176 END
START -4.3382934082 -7.44117875977 11.1904985596 250.129770992 -90.5877862595 7.51145038168 END
START 4.09169063721 -11.1928927612 5.52102902832 250.129770992 -96.6870229008 -2.04580152672 END
START -3.55778366699 -10.7236292358 5.26245524902 250.129770992 -91.213740458 2.5572519084 END
START 2.39420166016 -9.21049378662 5.80354482422 250.129770992 -102.816793893 10.3740458015 END
START -1.58735570068 -7.71651195068 7.59919606934 250.129770992 -97.8091603053 2.58778625954 END
START 6.21055910645 -11.2599304077 5.85621726074 250.129770992 -104.305343511 4.09160305344 END
START 4.89853659668 -8.04691177979 8.28393774414 250.129770992 -104.236641221 5.09160305344 END
START -2.26252056885 -5.61919129639 6.02141717529 250.129770992 -103.900763359 6.4427480916 END
START -5.18823499756 -9.8186210083 5.33906970215 250.129770992 -105.335877863 3.9465648855 END
START 0.723048901367 -7.84819304199 10.4554786499 250.129770992 -104.114503817 9.64122137405 END
START 5.36061751709 -12.7179992187 1.09175595703 250.129770992 -104.732824427 9.02290076336 END
START 5.50187541504 -10.2711251221 5.70538255615 250.129770992 -103.786259542 6.64885496183 END
START 4.6447512207 -6.59363137207 8.20971749268 250.129770992 -104.480916031 12.8625954198 END
START -0.864306799316 -7.45554396973 4.54658895264 250.129770992 -104.160305344 0.473282442748 END
START -4.21140072021 -7.17781657715 6.95994422607 250.129770992 -104.320610687 9.56488549618 END
START 4.03422979736 -11.0564232666 7.52258161621 250.129770992 -104.664122137 3.30534351145 END
START -0.486022937012 -7.04613548584 4.9512090332 250.129770992 -104.664122137 7.45038167939 END
START -2.14759888916 -7.63989749756 12.3732341797 250.129770992 -104.366412214 15.1145038168 END
START -0.586579406738 -11.4251303223 10.4626612549 250.129770992 -104.122137405 -0.0458015267176 END
START -0.438138903809 -13.371616272 10.3812583984 250.129770992 -104.992366412 7.28244274809 END
START 0.871489404297 -10.6470147827 12.1745154419 250.129770992 -94.2900763359 2.52671755725 END
START -0.624886633301 -5.95198532715 10.3980178101 250.129770992 -106.694656489 2.78625954198 END
START 3.38779534912 -11.5089273804 8.3222449707 250.129770992 -80.4885496183 2.80916030534 END
START 9.06684168701 -6.66785162354 8.45632026367 250.129770992 -71.1145038168 -1.35877862595 END
START 0.976834277344 -13.1082540894 7.19936439209 250.129770992 -56.786259542 7.67938931298 END
START -2.7700913208 -5.20738861084 11.4418897339 250.129770992 -44.2519083969 -2.68702290076 END
START -1.5562310791 -14.1473376099 11.8728460327 250.129770992 -50.6335877863 5.21374045802 END
START -1.23301385498 -5.03021768799 9.88087025146 250.129770992 -46.4122137405 13.3358778626 END
START 0.775721337891 -4.14196887207 9.47146176758 250.129770992 -42.8167938931 1.82442748092 END
START -1.06541973877 -5.71256516113 10.8840407471 250.129770992 -54.5114503817 11.2213740458 END
START 3.3949779541 -8.84896933594 10.5488525146 250.129770992 -45.7251908397 -0.335877862595 END
START 2.16435830078 -7.85298144531 4.90093079834 250.129770992 -46.9007633588 12.2213740458 END
START 10.0652237793 -13.5248451782 5.37498272705 250.129770992 -43.9770992366 7.27480916031 END
START -4.88656558838 -8.6047607666 6.53856473389 250.129770992 -41.8549618321 10.213740458 END
START 0.407014282227 -2.55700737305 6.9767036377 250.129770992 -54.320610687 5.29770992366 END
START -4.78361491699 -9.69412252197 9.55286462402 250.129770992 -50.0 3.48091603053 END
START -4.86262357178 -10.8672813354 6.02620557861 250.129770992 -53.3282442748 1.96946564885 END
START -7.68299312744 -5.08289012451 6.92163699951 250.129770992 -51.106870229 6.87786259542 END
START -4.14436307373 -15.7897599487 9.32302126465 250.129770992 -51.0992366412 11.4580152672 END
START -7.11556733398 -7.62792648926 9.16500395508 250.129770992 -53.9923664122 3.10687022901 END
START -0.380678063965 -7.67820472412 6.07648381348 250.129770992 -60.4198473282 10.1908396947 END
START -0.787692346191 -8.01818135986 11.8728460327 250.129770992 -59.0229007634 0.030534351145 END
START -0.129286889648 -10.0317049561 8.61194337158 250.129770992 -63.0076335878 9.48854961832 END
START 0.378283862305 -10.3884410034 5.65749852295 250.129770992 -67.1374045802 3.34351145038 END
START 3.16513459473 -3.03824190674 6.77080229492 250.129770992 -68.8549618321 12.0229007634 END
START 7.35738170166 -8.93994899902 7.98466253662 250.129770992 -66.1832061069 4.04580152672 END
START 6.45237347412 -11.0851536865 7.47230338135 250.129770992 -64.7633587786 11.7175572519 END
START -4.75488449707 -2.95923325195 5.02303508301 250.129770992 -65.7786259542 10.4885496183 END
START 5.59524927979 -15.2606413818 4.40772525635 250.129770992 -77.3282442748 9.36641221374 END
START 1.38384855957 -7.87452926025 -0.577002600098 250.129770992 -73.1603053435 -1.32824427481 END
START 4.98951625977 -8.57124194336 5.49948121338 250.129770992 -58.7709923664 3.97709923664 END
START 1.2856862915 -10.0891657959 11.7818663696 250.129770992 -76.6488549618 13.3740458015 END
START 7.91523068848 -2.88022459717 6.84023414307 250.129770992 -75.5801526718 8.35114503817 END
START 1.95366855469 -14.2071926514 5.97592734375 250.129770992 -67.8702290076 4.79389312977 END
START -0.536301171875 -6.71334145508 4.28801517334 250.129770992 -63.427480916 6.43511450382 END
START -5.03979449463 -9.90002386475 9.30626185303 250.129770992 -77.9923664122 1.71755725191 END
START 0.421379492187 -6.62954439697 7.19697019043 250.129770992 -79.3816793893 16.3664122137 END
START 0.253785375977 -8.69813463135 10.8720697388 250.129770992 -77.3664122137 2.48091603053 END
START 7.84819304199 -9.91917747803 9.95030209961 250.129770992 -79.9465648855 3.2213740458 END
START -4.72615407715 -10.2088758789 9.560047229 250.129770992 -71.9770992366 -1.73282442748 END