START 7.6973583374 -5.89691868896 14.0132623169 250.129770992 -98.2442748092 3.09160305344 END
START -1.47003981934 -12.5456166992 9.43554874268 250.129770992 -93.6641221374 8.52671755725 END
START 3.73495458984 -6.67982263184 9.62469067383 250.129770992 -82.8702290076 2.32061068702 END
START -3.22977803955 -4.29280357666 6.61278498535 250.129770992 -74.8320610687 12.1145038168 END
START 3.04781871338 -10.7116582275 8.50659849854 250.129770992 -68.5954198473 2.16030534351 END
START 4.13718046875 -11.137826123 7.31189187012 250.129770992 -90.572519084 6.17557251908 END
START -1.2378022583 -8.0397291748 6.85459935303 250.129770992 -81.8091603053 11.9160305344 END
START 1.75494981689 -8.827421521 6.67264002686 250.129770992 -79.2748091603 16.8320610687 END
START 1.74776721191 -11.2886608276 4.81713374023 250.129770992 -77.3435114504 8.72519083969 END
START -5.19062919922 -7.33822808838 8.23126530762 250.129770992 -92.7328244275 1.35877862595 END
START -3.07176072998 -13.6804682861 6.4834980957 250.129770992 -94.893129771 14.0534351145 END
START -3.35667072754 -6.8138979248 8.25520732422 250.129770992 -99.5801526718 7.70992366412 END
START 3.7253777832 -9.19612857666 6.26562574463 250.129770992 -92.4198473282 18.5648854962 END
START -0.349553442383 -13.1465613159 7.50821640625 250.129770992 -101.687022901 8.90076335878 END
START -2.05422502441 -12.5982891357 8.38449421387 250.129770992 -96.5572519084 -1.51908396947 END
START -5.45877978516 -4.55616575928 12.2176110718 250.129770992 -104.65648855 10.534351145 END
START 1.99915838623 -13.3811930786 6.51222851562 250.129770992 -105.694656489 7.92366412214 END
START -2.0973206543 -10.6134959595 6.69658204346 250.129770992 -104.061068702 12.1221374046 END
START -1.7788918335 -8.36055219727 7.36217010498 250.129770992 -103.809160305 5.06870229008 END
START -5.93762011719 -6.80671531982 7.65426270752 250.129770992 -108.511450382 0.526717557252 END
START -3.57214887695 -16.2135336426 10.6446205811 250.129770992 -104.572519084 -2.0 END
START -1.22583125 -9.02374605713 11.5927244385 250.129770992 -104.183206107 -1.54961832061 END
START 7.58004245605 -6.07408961182 9.97663831787 250.129770992 -104.435114504 5.46564885496 END
START -0.392649072266 -2.42532628174 6.78037910156 250.129770992 -104.557251908 -2.58778625954 END
START -1.8746598999 -11.0133276367 7.95353791504 250.129770992 -106.480916031 8.64885496183 END
START -0.421379492187 -10.2950671387 8.19056387939 250.129770992 -101.702290076 3.88549618321 END
START 2.25773216553 -14.702792395 8.52335791016 250.129770992 -104.511450382 6.76335877863 END
START -1.14203419189 -7.2951324585 9.11472572021 250.129770992 -103.847328244 -0.580152671756 END
START 4.31195718994 -9.52892260742 9.05965908203 250.129770992 -104.221374046 13.1374045802 END
START 4.17548769531 -16.5223856567 8.81305631104 250.129770992 -104.290076336 6.03053435115 END
START -4.13478626709 -7.18260498047 2.54264216309 250.129770992 -104.778625954 -2.3358778626 END
START -3.02627089844 -10.0125513428 10.165780249 250.129770992 -101.229007634 13.3129770992 END
START -5.5641246582 -7.721300354 11.384428894 250.129770992 -104.381679389 13.8244274809 END
START -5.40610734863 -9.27992563477 14.2407114746 250.129770992 -96.8320610687 8.93893129771 END
START 1.50116444092 -16.2686002808 12.5623761108 250.129770992 -99.7709923664 7.88549618321 END
START 5.5760956665 -11.0229044434 6.56968935547 250.129770992 -97.8320610687 10.6641221374 END
START 3.430890979 -6.08845482178 15.3181022217 250.129770992 -93.6106870229 17.9618320611 END
START 5.29836827393 -12.3014081299 14.449007019 250.129770992 -86.8396946565 0.312977099237 END
START 3.25611425781 -6.65348641357 13.8815812256 250.129770992 -78.4580152672 12.465648855 END
START 6.10282003174 -9.96466730957 7.76679018555 250.129770992 -70.0534351145 12.7175572519 END
START -1.67115275879 -4.07971962891 13.8863696289 250.129770992 -76.5877862595 1.96946564885 END
START -5.67186373291 -8.94473740234 12.3828109863 250.129770992 -74.0152671756 11.641221374 END
START 6.63433280029 -18.2270572388 8.75798967285 250.129770992 -60.2519083969 1.10687022901 END
START -5.20499440918 -6.71334145508 6.13394465332 250.129770992 -53.4122137405 7.50381679389 END
START -1.21864864502 -6.67264002686 11.9183358643 250.129770992 -54.5954198473 1.4427480916 END
START -2.08056124268 -16.6636435547 9.82580361328 250.129770992 -43.534351145 10.6488549618 END
START -0.849941589355 -1.2737152832 8.67419261475 250.129770992 -48.0 8.52671755725 END
START 6.71573565674 -6.08366641846 17.4130286743 250.129770992 -41.1679389313 2.18320610687 END
START 0.715866296387 -19.6133 11.6549736816 250.129770992 -34.3511450382 8.25190839695 END
START 2.96162745361 -8.13070883789 10.6877162109 250.129770992 -31.9541984733 11.427480916 END
START -1.37906015625 -9.31344445801 12.7347586304 250.129770992 -39.2900763359 1.98473282443 END
START 6.77559069824 -9.92396588135 13.6589204712 250.129770992 -31.9465648855 3.01526717557 END
START 3.13161577148 -4.01028778076 11.3748520874 250.129770992 -35.2519083969 5.0534351145 END
START 3.33033450928 -8.60954916992 3.7134067749 250.129770992 -33.8320610687 -0.564885496183 END
START -0.869095202637 -5.53060583496 10.4961800781 250.129770992 -46.3511450382 15.0076335878 END
START 5.08767852783 -7.39808312988 7.48188018799 250.129770992 -46.5114503817 -0.251908396947 END
START 6.06211860352 -5.66468112793 6.41406624756 250.129770992 -37.2290076336 8.35877862595 END
START 3.12203896484 -7.02698187256 8.43477244873 250.129770992 -49.7709923664 12.7709923664 END
START -2.18351191406 -11.6118780518 6.79953271484 250.129770992 -45.9160305344 -3.7786259542 END
START 4.34308181152 -11.4418897339 2.59770880127 250.129770992 -39.2061068702 7.02290076336 END
START 1.12048637695 -5.76523759766 8.97107362061 250.129770992 -56.9083969466 7.6106870229 END
START -1.40060797119 -10.9534725952 7.39568892822 250.129770992 -55.7404580153 4.41984732824 END
START 5.19541760254 -9.83298621826 9.86411083984 250.129770992 -55.2977099237 -0.114503816794 END
START -0.430956298828 -10.4506902466 9.08838950195 250.129770992 -47.534351145 5.12977099237 END
START 3.82832845459 -3.73256038818 3.19386501465 250.129770992 -53.1679389313 9.76335877863 END
START 3.90973131104 -12.9382657715 3.13879837646 250.129770992 -57.4351145038 7.79389312977 END
START 3.98634576416 -6.59363137207 12.4091472046 250.129770992 -59.4809160305 11.1755725191 END
START 6.6941878418 -10.5584293213 10.1466266357 250.129770992 -57.9847328244 23.0381679389 END
START -2.7940333374 -7.9080480835 5.16668718262 250.129770992 -59.0610687023 5.3358778626 END
START 0.239420166016 -15.3468326416 4.66390483398 250.129770992 -56.4732824427 0.480916030534 END
START -0.622492431641 -8.73165345459 2.86346518555 250.129770992 -59.6946564885 4.31297709924 END
START 8.9231895874 -8.35336959229 6.17464608154 250.129770992 -58.3435114504 8.84732824427 END
START 1.76213242187 -5.8226984375 2.7102362793 250.129770992 -65.3969465649 11.6259541985 END
START 0.837970581055 -9.2416184082 5.43962617188 250.129770992 -62.2671755725 10.5954198473 END
START 3.17471140137 -13.7283523193 8.11634362793 250.129770992 -62.2977099237 0.847328244275 END