START -0.45489831543 -4.70221206055 8.10676682129 250.129770992 -87.5496183206 12.2824427481 END
START 4.10605584717 -8.13549724121 4.55377155762 250.129770992 -90.9236641221 15.465648855 END
START -1.28808049316 -10.0269165527 6.495469104 250.129770992 -68.1221374046 12.0534351145 END
START -2.73178409424 -8.45153186035 4.16112248535 250.129770992 -78.358778626 9.78625954198 END
START -0.91697923584 -5.33428129883 5.98789835205 250.129770992 -76.465648855 1.23664122137 END
START -5.79636221924 -2.88740720215 5.79396801758 250.129770992 -77.7404580153 5.87022900763 END
START -0.361524450684 -8.44674345703 8.37731160889 250.129770992 -79.9007633588 17.3435114504 END
START -9.41639512939 -9.05726488037 3.51708223877 250.129770992 -99.8167938931 -2.58778625954 END
START 1.18034141846 -11.0851536865 10.3860468018 250.129770992 -95.8778625954 -1.32824427481 END
START -0.15801730957 -8.18098707275 4.87220037842 250.129770992 -104.519083969 3.39694656489 END
START -9.80186159668 -10.5344873047 3.97676895752 250.129770992 -105.427480916 4.84732824427 END
START 3.20823022461 -13.0555816528 9.4882211792 250.129770992 -105.374045802 8.39694656489 END
START -4.72615407715 -5.29118566895 5.59764348145 250.129770992 -104.297709924 0.0229007633588 END
START -2.27927998047 -13.6373726562 6.22492431641 250.129770992 -104.442748092 9.09923664122 END
START 6.66066901855 -9.81383260498 9.47146176758 250.129770992 -103.847328244 7.46564885496 END
START -1.08217915039 -11.3006318359 7.96550892334 250.129770992 -104.641221374 6.83969465649 END
START -5.68383474121 -6.20577070312 4.59926138916 250.129770992 -104.618320611 -1.71755725191 END
START -0.782903942871 -11.8632692261 6.62475599365 250.129770992 -101.770992366 3.68702290076 END
START -1.68551796875 -8.73644185791 6.11479104004 250.129770992 -105.015267176 7.75572519084 END
START -1.94409174805 -10.5057568848 6.4715270874 250.129770992 -109.519083969 10.8625954198 END
START -2.01831199951 -7.98705673828 8.06845959473 250.129770992 -112.20610687 -1.52671755725 END
START -2.91853182373 -8.97346782227 6.16267507324 250.129770992 -104.72519084 4.23664122137 END
START 7.42441934814 -5.06613071289 9.00459244385 250.129770992 -115.175572519 -1.96183206107 END
START 8.07564219971 -8.3222449707 9.71327613525 250.129770992 -102.06870229 6.42748091603 END
START 1.22822545166 -1.40060797119 7.44357296143 250.129770992 -105.389312977 5.61832061069 END
START -2.22421334229 -11.4706201538 4.60644399414 250.129770992 -93.6564885496 4.88549618321 END
START -1.5442600708 -7.92720169678 10.7954552856 250.129770992 -95.8702290076 -3.56488549618 END
START -0.837970581055 -9.77552537842 9.1817633667 250.129770992 -105.122137405 15.2748091603 END
START -1.74297880859 -15.0403748291 10.8816465454 250.129770992 -95.9312977099 12.2519083969 END
START -2.4516625 -10.9510783936 13.48414375 250.129770992 -83.8091603053 8.62595419847 END
START 7.99423934326 -9.70609353027 14.9853081909 250.129770992 -68.5954198473 4.03816793893 END
START -0.416591088867 -10.8409451172 11.5687824219 250.129770992 -75.1832061069 8.82442748092 END
START 0.60812722168 -14.6118127319 13.3955582886 250.129770992 -48.9770992366 -3.64885496183 END
START 4.25928475342 -7.16345136719 3.02387669678 250.129770992 -42.0152671756 3.4427480916 END
START -5.09007272949 -7.77397279053 12.6868745972 250.129770992 -40.5877862595 0.259541984733 END
START -0.565031591797 -11.03248125 8.08282480469 250.129770992 -33.0 4.82442748092 END
START -0.969651672363 -11.7124345215 6.67982263184 250.129770992 -38.1221374046 9.25954198473 END
START -0.45729251709 -6.68700523682 6.44279666748 250.129770992 -37.7251908397 4.80152671756 END
START -0.967257470703 -8.82981572266 8.75080706787 250.129770992 -45.4809160305 11.6870229008 END
START -2.91613762207 -9.68454571533 8.08282480469 250.129770992 -29.4198473282 9.83969465649 END
START 3.05978972168 -8.66461580811 13.4721727417 250.129770992 -33.9618320611 5.54961832061 END
START -1.04147772217 -12.4713964478 7.73805976562 250.129770992 -34.0381679389 7.7786259542 END
START -2.03267720947 -9.40921252441 12.5767413208 250.129770992 -34.5267175573 5.74045801527 END
START 0.488417138672 -6.23928952637 5.61679709473 250.129770992 -42.2366412214 8.00763358779 END
START -1.79804544678 -14.1090303833 7.50342800293 250.129770992 -37.5419847328 -3.86259541985 END
START 5.08049592285 -6.68700523682 6.40927784424 250.129770992 -45.9007633588 -0.648854961832 END
START 1.88902510986 -7.22091220703 5.97353314209 250.129770992 -49.5038167939 4.3893129771 END
START -0.294486804199 -10.9462899902 7.75481917725 250.129770992 -42.7404580153 8.23664122137 END
START 7.9798741333 -10.9319247803 8.85854614258 250.129770992 -41.3969465649 8.0 END
START -2.18351191406 -10.7379944458 3.33751711426 250.129770992 -38.6335877863 13.5190839695 END
START 1.07260234375 -3.84508786621 12.4857616577 250.129770992 -43.1755725191 16.8778625954 END
START 4.69742365723 -6.8138979248 8.25999572754 250.129770992 -43.5419847328 8.52671755725 END
START -4.66629903564 -4.10845004883 12.7179992187 250.129770992 -59.9465648855 3.80152671756 END
START 0.246602770996 -11.4993505737 5.25048424072 250.129770992 -51.2900763359 0.419847328244 END
START 0.545877978516 -8.79150849609 4.72375987549 250.129770992 -63.2442748092 10.213740458 END
START -2.74136090088 -10.6015249512 4.62320340576 250.129770992 -59.2061068702 5.32824427481 END
START 3.9360675293 -14.0755115601 8.10197841797 250.129770992 -66.9618320611 11.7251908397 END