START -2.07816704102 -14.4729490356 5.38455953369 250.129770992 -57.2748091603 11.6641221374 END
START -7.07965430908 -12.5551935059 10.2376062988 250.129770992 -59.320610687 10.358778626 END
START 1.15879360352 -14.8009546631 4.82431634521 250.129770992 -66.0 3.19083969466 END
START -1.92014973145 -12.7227876221 3.84269366455 250.129770992 -64.2748091603 -0.503816793893 END
START -1.50595284424 -9.12669672852 9.50258638916 250.129770992 -58.3435114504 13.2977099237 END
START 2.71263048096 -6.14591566162 5.34625230713 250.129770992 -55.6335877863 7.52671755725 END
START -0.797269152832 -8.29590875244 8.70292303467 250.129770992 -50.572519084 1.35877862595 END
START -2.31519300537 -11.7914431763 6.71094725342 250.129770992 -65.3664122137 -3.21374045802 END
START -2.14281048584 -10.1753570557 7.36456430664 250.129770992 -66.7938931298 6.70992366412 END
START -0.30406361084 -5.47075079346 9.10036051025 250.129770992 -74.0381679389 0.381679389313 END
START -2.47799871826 -10.0700121826 4.88177718506 250.129770992 -80.1297709924 16.8320610687 END
START 1.5801730957 -8.25999572754 6.06451280518 250.129770992 -97.6030534351 7.76335877863 END
START 1.28808049316 -12.0021329224 3.06218392334 250.129770992 -93.1908396947 5.39694656489 END
START 4.02944139404 -12.3612631714 12.4881558594 250.129770992 -104.633587786 7.4427480916 END
START 5.42286676025 -9.2176763916 4.64714542236 250.129770992 -105.519083969 7.78625954198 END
START -0.0670376464844 -11.4682259521 6.88811817627 250.129770992 -104.854961832 -3.86259541985 END
START 1.93451494141 -0.46686932373 8.63349118652 250.129770992 -104.213740458 9.87786259542 END
START -3.79720383301 -9.28710823975 5.39174213867 250.129770992 -104.351145038 13.2900763359 END
START 0.967257470703 -4.01268198242 6.87614716797 250.129770992 -105.007633588 16.0305343511 END
START -0.237025964355 -11.6238490601 4.59207878418 250.129770992 -104.450381679 8.17557251908 END
START -4.12520946045 -7.06528909912 10.673351001 250.129770992 -104.236641221 2.06106870229 END
START 2.05422502441 -9.62229647217 7.82664522705 250.129770992 -108.778625954 5.41221374046 END
START 7.57525405273 -3.15316358643 6.8019269165 250.129770992 -103.633587786 6.46564885496 END
START 5.87776507568 -6.81868632812 6.69658204346 250.129770992 -103.885496183 3.51908396947 END
START 3.53144744873 -7.20654699707 12.0141039307 250.129770992 -103.992366412 -0.740458015267 END
START -2.4995465332 -6.24407792969 4.97754525146 250.129770992 -104.641221374 6.07633587786 END
START -3.53384165039 -12.3875993896 9.94072529297 250.129770992 -104.458015267 18.1145038168 END
START -5.71017095947 -7.9798741333 5.99029255371 250.129770992 -104.022900763 16.2442748092 END
START 1.84353527832 -8.28872614746 12.3540805664 250.129770992 -103.961832061 6.15267175573 END
START 2.03507141113 -10.7116582275 9.43076033936 250.129770992 -104.488549618 6.8320610687 END
START 2.35350023193 -7.52018741455 8.50659849854 250.129770992 -104.0 7.62595419847 END
START 0.399831677246 -12.6892687988 1.24259066162 250.129770992 -101.694656489 2.12213740458 END
START 1.87944830322 -14.209586853 11.4514665405 250.129770992 -101.79389313 8.43511450382 END
START -1.20907183838 -9.39484731445 13.3955582886 250.129770992 -104.114503817 6.07633587786 END
START 6.76122548828 -10.3237975586 12.2750719116 250.129770992 -80.9160305344 4.40458015267 END
START -0.76614453125 -9.88326445312 7.01501086426 250.129770992 -85.7480916031 1.30534351145 END
START -5.49469281006 -16.7713826294 9.06444748535 250.129770992 -95.3282442748 9.52671755725 END
START 7.0365586792 -8.65025059814 9.23683000488 250.129770992 -74.4351145038 -1.70229007634 END
START 6.49068070068 -4.9272670166 14.8655981079 250.129770992 -66.0763358779 2.72519083969 END
START -2.37265384521 -5.25527264404 8.8872765625 250.129770992 -65.8778625954 0.335877862595 END
START 3.83551105957 -4.5609541626 9.5001921875 250.129770992 -48.7633587786 0.511450381679 END
START -2.36547124023 -8.54011732178 5.11401474609 250.129770992 -61.7938931298 8.17557251908 END
START 2.13802208252 -8.85375773926 12.9478425781 250.129770992 -57.3358778626 19.4885496183 END
START -3.49314022217 -10.433930835 14.7075807983 250.129770992 -66.1145038168 -3.20610687023 END
START -1.61848032227 -6.61517918701 8.88248815918 250.129770992 -52.0305343511 4.09160305344 END
START -0.663193859863 -9.87129344482 4.3622354248 250.129770992 -66.6259541985 4.37404580153 END
START 0.0335188232422 -13.1705033325 8.18338127441 250.129770992 -50.5877862595 8.54198473282 END
START 0.653617053223 -8.87769975586 6.41885465088 250.129770992 -48.1908396947 3.4427480916 END
START 0.471657727051 -7.50342800293 6.41885465088 250.129770992 -46.0381679389 10.8320610687 END
START -3.44046778564 -3.24653745117 8.12113203125 250.129770992 -38.3893129771 3.9465648855 END
START 5.06373651123 -8.42280144043 6.51222851562 250.129770992 -49.358778626 21.0076335878 END
START 0.0119710083008 -10.1059252075 5.55454785156 250.129770992 -51.641221374 10.3053435115 END
START 2.63601602783 -6.81868632812 7.84819304199 250.129770992 -52.7633587786 1.68702290076 END
START 0.718260498047 -10.180145459 6.30393297119 250.129770992 -51.9083969466 10.0992366412 END
START 7.721300354 -9.74440075684 4.6447512207 250.129770992 -49.9389312977 10.1908396947 END
START -3.51947644043 -12.9047469482 6.7779848999 250.129770992 -43.8702290076 7.35877862595 END
START 3.26090266113 -8.77714328613 8.63588538818 250.129770992 -42.5038167939 14.2290076336 END
START 0.507570751953 -11.8129909912 8.58560715332 250.129770992 -43.7557251908 6.87022900763 END
START -6.17943448486 -10.4626612549 5.36780012207 250.129770992 -48.0 10.3358778626 END
START 4.35265861816 -7.50103380127 7.12274993896 250.129770992 -48.9007633588 5.27480916031 END
START -0.878672009277 -7.05810649414 7.37653531494 250.129770992 -60.3893129771 3.3893129771 END
START 8.42758984375 -12.6940572021 6.90966599121 250.129770992 -61.4198473282 11.0992366412 END
START 5.2217538208 -10.5009684814 8.58560715332 250.129770992 -51.2824427481 5.88549618321 END
START 3.84029946289 -12.8592571167 10.3573163818 250.129770992 -54.534351145 20.2519083969 END
START 6.85938775635 -11.4442839355 1.56580788574 250.129770992 -64.2213740458 -7.19083969466 END
START -2.25533796387 -9.44512554932 9.66539210205 250.129770992 -67.0839694656 2.82442748092 END
START 2.75333190918 -8.92797799072 6.66545742187 250.129770992 -69.4045801527 8.78625954198 END
START -9.17936916504 -5.73890137939 6.11239683838 250.129770992 -79.2213740458 10.2061068702 END