START 6.50504591064 -2.69347686768 9.97184991455 250.129770992 -73.427480916 4.60305343511 END
START 4.33589920654 -15.3947166748 3.7253777832 250.129770992 -88.1145038168 7.09923664122 END
START 1.89381351318 -4.04859500732 8.49462749023 250.129770992 -88.5190839695 9.27480916031 END
START -4.72854827881 -7.9200190918 8.39407102051 250.129770992 -90.0 4.5572519084 END
START -2.73657249756 -4.88177718506 2.79163913574 250.129770992 -86.534351145 3.25190839695 END
START -4.36462962646 -15.210363147 11.6286374634 250.129770992 -92.2213740458 11.5114503817 END
START -0.0407014282227 -7.10120212402 2.43729729004 250.129770992 -105.503816794 4.93893129771 END
START 4.10126744385 -5.97113894043 7.96072052002 250.129770992 -103.992366412 13.5267175573 END
START 3.16034619141 -9.44273134766 12.0979009888 250.129770992 -104.27480916 7.64885496183 END
START 1.93690914307 -13.0843120728 6.02620557861 250.129770992 -104.320610687 2.12977099237 END
START -1.06541973877 -8.87769975586 5.14753356934 250.129770992 -104.496183206 21.3664122137 END
START -8.49941589355 -4.11084425049 7.68299312744 250.129770992 -103.900763359 1.71755725191 END
START 5.04458289795 -2.58813199463 2.05183082275 250.129770992 -104.465648855 12.5190839695 END
START -5.40131894531 -15.6461078491 16.3404263306 250.129770992 -104.610687023 2.06870229008 END
START -3.79480963135 -6.08366641846 5.44920297852 250.129770992 -111.709923664 -1.29007633588 END
START -12.1769096436 -4.30477458496 6.48828649902 250.129770992 -106.870229008 8.39694656489 END
START 6.12676204834 -14.0994535767 6.91445439453 250.129770992 -104.145038168 18.5572519084 END
START -0.588973608398 -9.4642791626 6.54335313721 250.129770992 -103.923664122 7.70229007634 END
START 5.03500609131 -11.6142722534 2.53785375977 250.129770992 -102.038167939 12.5496183206 END
START 3.50750543213 -10.5919481445 5.12119735107 250.129770992 -101.93129771 4.51145038168 END
START 5.90410129395 -11.5161099854 11.7842605713 250.129770992 -109.183206107 4.4427480916 END
START -5.53778843994 -10.5871597412 5.04458289795 250.129770992 -104.603053435 6.67175572519 END
START 2.95205064697 -5.49708701172 14.1066361816 250.129770992 -104.374045802 8.45038167939 END
START 0.395043273926 -11.0061450317 12.3875993896 250.129770992 -104.366412214 10.3816793893 END
START -3.19147081299 -6.18422288818 7.52497581787 250.129770992 -103.992366412 4.57251908397 END
START 7.84101043701 -8.56645354004 7.73087716064 250.129770992 -104.015267176 1.68702290076 END
START 0.234631762695 -9.15063874512 11.5568114136 250.129770992 -104.297709924 3.77099236641 END
START 0.0670376464844 -11.7746837646 4.8674119751 250.129770992 -98.8625954198 -3.09160305344 END
START 1.8507178833 -11.0300870483 9.58159504395 250.129770992 -89.8244274809 7.97709923664 END
START 0.500388146973 -5.79396801758 8.6406737915 250.129770992 -72.4122137405 5.63358778626 END
START -9.62229647217 -9.01895765381 5.41568415527 250.129770992 -68.9312977099 14.8625954198 END
START -0.632069238281 -12.4283008179 8.2863319458 250.129770992 -59.9312977099 11.3282442748 END
START -1.70227738037 -5.28639726562 8.83699832764 250.129770992 -44.7938931298 -2.88549618321 END
START -2.88261879883 -9.33499227295 7.69975253906 250.129770992 -49.7786259542 9.61832061069 END
START -6.50025750732 -3.36624753418 8.89206496582 250.129770992 -40.893129771 6.03816793893 END
START 2.80121594238 -15.1409312988 11.0707884766 250.129770992 -39.2519083969 10.3740458015 END
START -0.694318481445 -13.0316396362 8.20971749268 250.129770992 -43.2366412214 14.8778625954 END
START -3.70382996826 -9.99339772949 6.09803162842 250.129770992 -39.7022900763 3.23664122137 END
START -7.47230338135 -12.0883241821 8.0277581665 250.129770992 -43.0534351145 -3.31297709924 END
START -5.30555087891 -6.16028087158 7.81228001709 250.129770992 -45.1221374046 6.84732824427 END
START -1.39821376953 -8.12592043457 8.14986245117 250.129770992 -39.7480916031 11.1984732824 END
START -1.86987149658 -6.95755002441 7.95353791504 250.129770992 -46.1679389313 0.961832061069 END
START -2.05422502441 -10.5967365479 1.10612116699 250.129770992 -45.9541984733 19.8167938931 END
START -0.416591088867 -9.68693991699 7.24724842529 250.129770992 -56.8778625954 5.96183206107 END
START 0.782903942871 -9.51695159912 8.80347950439 250.129770992 -42.358778626 1.09923664122 END
START -3.37821854248 -3.61524450684 8.59518395996 250.129770992 -53.320610687 11.0916030534 END
START 2.64319863281 -9.46667336426 10.2759135254 250.129770992 -53.4122137405 3.03816793893 END
START 3.95282694092 -12.5767413208 5.53778843994 250.129770992 -55.5190839695 8.46564885496 END
START 0.428562097168 -8.43237824707 10.2519715088 250.129770992 -59.534351145 -2.49618320611 END
START 0.383072265625 -12.0236807373 9.18415756836 250.129770992 -54.9236641221 1.95419847328 END
START 0.045489831543 -9.7827079834 1.94648594971 250.129770992 -61.1450381679 -2.8320610687 END
START -3.45722719727 -12.392387793 8.44674345703 250.129770992 -57.1450381679 4.20610687023 END
START -1.80762225342 -8.19774648437 5.92325490723 250.129770992 -60.4809160305 4.11450381679 END
START -1.29526309814 -3.19147081299 7.12274993896 250.129770992 -54.4732824427 14.6183206107 END
START 7.85298144531 -11.293449231 9.193734375 250.129770992 -68.0381679389 4.40458015267 END
START 9.61032546387 -5.43962617188 6.1650692749 250.129770992 -74.8549618321 1.10687022901 END
START -0.272938989258 -8.5927897583 1.5442600708 250.129770992 -69.0916030534 10.2061068702 END
START -1.33596452637 -10.2016932739 13.1274077026 250.129770992 -59.1603053435 1.29770992366 END
START 0.339976635742 -11.3533042725 8.72925925293 250.129770992 -64.2595419847 4.7786259542 END
START -2.00155258789 -6.39012423096 6.15070406494 250.129770992 -56.4885496183 13.3435114504 END
START -2.40617266846 -12.8736223267 5.66946953125 250.129770992 -75.6335877863 6.71755725191 END
START 2.13802208252 -5.39653054199 6.01423457031 250.129770992 -87.7633587786 10.3893129771 END
START 0.572214196777 -5.82509263916 8.42758984375 250.129770992 -88.9312977099 12.1755725191 END
START -2.92092602539 -12.3804167847 7.46751497803 250.129770992 -96.5114503817 4.27480916031 END
START 1.62326872559 -7.53694682617 10.0915599976 250.129770992 -84.6946564885 -1.4427480916 END
START -1.85311208496 -6.29675036621 7.3669585083 250.129770992 -93.427480916 8.93893129771 END
START -3.39258375244 -12.5288572876 7.88171186523 250.129770992 -79.2290076336 3.03816793893 END