START -1.70945998535 -9.39005891113 6.90008918457 250.129770992 -67.1908396947 -0.87786259542 END
START 1.07739074707 -2.97599266357 7.04613548584 250.129770992 -68.9312977099 5.85496183206 END
START -2.53545955811 -5.42047255859 7.45314976807 250.129770992 -68.5572519084 6.2213740458 END
START -0.864306799316 -8.90643017578 7.38371791992 250.129770992 -65.2213740458 7.64885496183 END
START -1.55383687744 -10.7164466309 7.19697019043 250.129770992 -75.2366412214 -1.47328244275 END
START -0.399831677246 -12.9167179565 7.66623371582 250.129770992 -85.0763358779 7.81679389313 END
START -0.248996972656 -12.2750719116 4.79798012695 250.129770992 -88.9847328244 12.2519083969 END
START 2.83952316895 -7.70454094238 6.22971271973 250.129770992 -100.175572519 10.2748091603 END
START 1.38384855957 -10.0771947876 8.68376942139 250.129770992 -102.0 9.03053435115 END
START -0.31364041748 -12.8975643433 5.94959112549 250.129770992 -96.3358778626 -2.58015267176 END
START -0.416591088867 -9.05247647705 5.44202037354 250.129770992 -88.8320610687 2.70992366412 END
START -3.39737215576 -6.89051237793 11.8896054443 250.129770992 -96.5038167939 2.73282442748 END
START 4.13478626709 -12.0236807373 7.79073220215 250.129770992 -99.3282442748 9.89312977099 END
START 3.47638081055 -5.92564910889 7.92959589844 250.129770992 -103.801526718 3.96946564885 END
START 0.399831677246 -11.5424462036 3.62721551514 250.129770992 -104.458015267 12.5877862595 END
START -7.15387456055 -5.86579406738 4.35744702148 250.129770992 -104.320610687 -2.39694656489 END
START 11.4179477173 -5.91607230225 6.86657036133 250.129770992 -104.175572519 8.45801526718 END
START -3.17471140137 -5.8346694458 10.6063133545 250.129770992 -104.328244275 8.81679389313 END
START -0.380678063965 -5.09725533447 5.34625230713 250.129770992 -104.839694656 3.5572519084 END
START 6.19379969482 -0.905008227539 6.54335313721 250.129770992 -103.885496183 15.0381679389 END
START -5.06373651123 -10.3237975586 7.27597884521 250.129770992 -104.755725191 8.29007633588 END
START -2.2170307373 -13.4386539185 10.6948988159 250.129770992 -101.832061069 5.60305343511 END
START -0.275333190918 -9.68933411865 6.96473262939 250.129770992 -104.503816794 7.14503816794 END
START -0.62009822998 -11.6501852783 7.13711514893 250.129770992 -104.145038168 3.00763358779 END
START 1.97761057129 -11.1138841064 6.92881960449 250.129770992 -104.778625954 11.3511450382 END
START 1.81001645508 -8.08043060303 9.51695159912 250.129770992 -97.1450381679 17.5038167939 END
START 3.82832845459 -8.09479581299 4.76685550537 250.129770992 -105.244274809 -1.77099236641 END
START 2.1691467041 -10.7834842773 11.6118780518 250.129770992 -91.9923664122 9.12213740458 END
START 1.16358200684 -6.66545742187 6.85220515137 250.129770992 -105.351145038 9.35114503817 END
START 10.9678378052 -10.3237975586 11.8345388062 250.129770992 -103.93129771 2.21374045802 END
START -0.450109912109 -5.34864650879 9.440337146 250.129770992 -104.129770992 -2.96946564885 END
START 2.03267720947 -4.49391651611 14.209586853 250.129770992 -83.8854961832 -1.82442748092 END
START -5.20738861084 -6.7540428833 4.80995113525 250.129770992 -72.4732824427 2.29770992366 END
START 3.65834013672 -4.8674119751 12.265495105 250.129770992 -74.3664122137 -1.23664122137 END
START -1.24498486328 -13.5487871948 13.5559697998 250.129770992 -54.5419847328 -3.91603053435 END
START 5.86579406738 -6.742071875 6.39491263428 250.129770992 -60.5648854962 8.28244274809 END
START -4.29998618164 -14.2814129028 9.91678327637 250.129770992 -45.3740458015 -1.43511450382 END
START 3.24414324951 -9.06444748535 3.27047946777 250.129770992 -59.0610687023 1.15267175573 END
START 3.83072265625 -4.04859500732 7.05092388916 250.129770992 -46.6641221374 -5.52671755725 END
START -2.22181914063 -4.80995113525 10.2807019287 250.129770992 -38.8473282443 10.7175572519 END
START -1.20907183838 -5.91846650391 10.4506902466 250.129770992 -34.1603053435 12.106870229 END
START -2.25294376221 -5.06852491455 12.27267771 250.129770992 -35.5114503817 3.64885496183 END
START 1.8746598999 -4.903325 3.83551105957 250.129770992 -32.9083969466 10.8167938931 END
START 8.17859287109 -15.696386084 6.69658204346 250.129770992 -33.8396946565 -0.0839694656489 END
START 1.73819040527 -12.6629325806 9.99100352783 250.129770992 -38.1450381679 7.63358778626 END
START 0.787692346191 -10.3525279785 10.2591541138 250.129770992 -46.679389313 -3.61832061069 END
START -0.181959326172 -9.90481226807 6.95036741943 250.129770992 -38.5801526718 7.91603053435 END
START 3.33751711426 -10.1178962158 7.88171186523 250.129770992 -46.0763358779 4.29007633588 END
START 1.06063133545 -6.86657036133 6.65827481689 250.129770992 -52.0229007634 9.31297709924 END
START -5.82030423584 -6.86657036133 7.98945093994 250.129770992 -52.0229007634 7.45801526718 END
START 3.31596929932 -8.43956085205 10.4004120117 250.129770992 -41.213740458 6.25954198473 END
START 5.95677373047 -5.63595070801 7.39568892822 250.129770992 -47.4503816794 -1.96183206107 END
START 1.97521636963 -12.6557499756 6.75164868164 250.129770992 -49.6335877863 5.96946564885 END
START 2.09013804932 -4.33350500488 9.46906756592 250.129770992 -46.3053435115 1.3893129771 END
START -0.186747729492 -10.8936175537 7.31668027344 250.129770992 -57.2442748092 6.42748091603 END
START -1.5322890625 -11.0971246948 5.95437952881 250.129770992 -46.572519084 19.2213740458 END
START 8.90882437744 -14.6213895386 5.35343491211 250.129770992 -41.8015267176 14.2748091603 END
START 4.80516273193 -9.31105025635 3.55538946533 250.129770992 -46.4045801527 -1.29770992366 END
START 1.06541973877 -1.8986019165 1.8746598999 250.129770992 -47.3435114504 7.53435114504 END
START 3.35427652588 -9.56483563232 4.15154567871 250.129770992 -44.3740458015 10.9694656489 END
START 2.26491477051 -9.34935748291 1.44609780273 250.129770992 -55.5419847328 9.67175572519 END