START -1.78846864014 -7.05331809082 8.25999572754 250.129770992 -75.6717557252 5.22900763359 END
START -1.44370360107 -8.44674345703 2.46602770996 250.129770992 -82.1374045802 -1.09923664122 END
START 3.55778366699 -10.8193973022 4.5489831543 250.129770992 -77.0381679389 2.0 END
START -2.87543619385 -15.9741134766 9.46667336426 250.129770992 -79.6870229008 10.4809160305 END
START -0.847547387695 -5.70777675781 10.9869914185 250.129770992 -70.427480916 8.79389312977 END
START -0.407014282227 -13.1298019043 6.94557901611 250.129770992 -79.427480916 -3.08396946565 END
START -6.93839641113 -5.58567247314 7.18499918213 250.129770992 -80.4503816794 12.2977099237 END
START 1.81241065674 -2.77727392578 8.12113203125 250.129770992 -79.5419847328 6.14503816794 END
START -5.83227524414 -14.2454998779 7.07726010742 250.129770992 -79.6259541985 -1.87786259542 END
START -1.30005150146 -9.78989058838 9.07402429199 250.129770992 -85.9083969466 4.30534351145 END
START 0.694318481445 -3.90733710937 6.85699355469 250.129770992 -96.1755725191 5.73282442748 END
START -2.32716401367 -10.1609918457 6.90966599121 250.129770992 -78.8778625954 7.40458015267 END
START -5.68383474121 -7.52737001953 6.78277330322 250.129770992 -102.427480916 11.3816793893 END
START 7.29752666016 -10.9319247803 7.0365586792 250.129770992 -93.3664122137 7.43511450382 END
START 0.421379492187 -10.9367131836 6.14591566162 250.129770992 -93.6030534351 -0.404580152672 END
START 0.392649072266 -6.79953271484 7.6853873291 250.129770992 -92.7938931298 9.23664122137 END
START 4.30716878662 -11.4778027588 4.73573088379 250.129770992 -99.0916030534 6.60305343511 END
START 0.679953271484 -13.9486188721 8.22887110596 250.129770992 -103.198473282 -1.87786259542 END
START -3.09570274658 -16.1871974243 4.9512090332 250.129770992 -104.152671756 6.46564885496 END
START -5.10443793945 -8.2384479126 4.30477458496 250.129770992 -104.114503817 9.41984732824 END
START -1.44609780273 -8.82023891602 6.94557901611 250.129770992 -102.427480916 12.4427480916 END
START 5.13556256104 -8.82502731934 7.81946262207 250.129770992 -104.595419847 11.4961832061 END
START 1.62566292725 -7.71172354736 10.651803186 250.129770992 -104.045801527 6.64885496183 END
START -3.20823022461 -10.5368815063 5.13556256104 250.129770992 -105.030534351 8.6641221374 END
START -7.46990917969 -2.71741888428 7.27358464355 250.129770992 -104.091603053 11.1297709924 END
START 3.03345350342 -10.046070166 5.5042696167 250.129770992 -103.832061069 -1.24427480916 END
START -1.05344873047 -9.2655604248 5.91846650391 250.129770992 -104.290076336 9.06870229008 END
START 10.7284176392 -8.17859287109 4.43645567627 250.129770992 -104.526717557 2.68702290076 END
START -0.835576379395 -16.0986119629 9.01416925049 250.129770992 -104.969465649 4.89312977099 END
START 1.47961662598 -6.62475599365 5.81551583252 250.129770992 -104.251908397 -5.18320610687 END
START -0.581791003418 -8.00621035156 13.8073609741 250.129770992 -105.625954198 15.3664122137 END
START 0.143652099609 -9.70848773193 12.3612631714 250.129770992 -99.7786259542 5.10687022901 END
START -2.46602770996 -13.9438304687 8.33900438232 250.129770992 -104.480916031 -1.88549618321 END
START 3.64397492676 -8.10437261963 8.66222160645 250.129770992 -103.923664122 3.13740458015 END
START -4.83628735352 -14.0587521484 7.27358464355 250.129770992 -105.732824427 6.22900763359 END
START -6.1530982666 -0.828393774414 6.53138212891 250.129770992 -99.641221374 8.73282442748 END
START -5.10204373779 -10.6446205811 8.2743609375 250.129770992 -82.1450381679 -3.80152671756 END
START 3.60806190186 -9.02853446045 7.22570061035 250.129770992 -81.1526717557 -2.74809160305 END
START -7.41005413818 -8.83220992432 7.63989749756 250.129770992 -93.786259542 10.465648855 END
START -0.356736047363 -7.25682523193 13.8169377808 250.129770992 -85.9694656489 12.8015267176 END
START 4.79079752197 -11.9111532593 9.90002386475 250.129770992 -78.0152671756 10.9618320611 END
START -0.280121594238 -9.53849941406 9.90002386475 250.129770992 -76.6183206107 6.00763358779 END
START 3.11964476318 -10.2400005005 4.95360323486 250.129770992 -75.7786259542 8.4427480916 END
START -1.8267758667 -7.601590271 8.04212337646 250.129770992 -67.7633587786 1.60305343511 END
START -2.75572611084 -4.86501777344 12.1840922485 250.129770992 -70.3435114504 2.4427480916 END
START 3.50750543213 -4.47236870117 11.2838724243 250.129770992 -76.4427480916 -0.129770992366 END
START -4.41730206299 -8.67179841309 9.68215151367 250.129770992 -68.6183206107 17.0992366412 END
START 5.82988104248 -7.04374128418 6.98149204102 250.129770992 -61.427480916 5.14503816794 END
START 6.4715270874 -9.53371101074 8.90164177246 250.129770992 -52.7786259542 4.60305343511 END
START 0.60812722168 -11.7244055298 9.80904420166 250.129770992 -54.6259541985 1.31297709924 END
START 0.993593688965 -8.92558378906 7.41244833984 250.129770992 -46.4198473282 5.47328244275 END
START 3.33991131592 -7.10120212402 7.108384729 250.129770992 -41.8396946565 7.12213740458 END
START 1.2976572998 -9.03811126709 10.8217915039 250.129770992 -32.0534351145 10.2748091603 END
START -5.40610734863 -12.0955067871 8.24563051758 250.129770992 -38.0534351145 -3.8320610687 END
START -0.162805712891 -7.94635531006 7.15148035889 250.129770992 -47.0229007634 10.8244274809 END
START -0.248996972656 -5.18105239258 7.62313808594 250.129770992 -51.213740458 -2.20610687023 END
START -4.77643231201 -3.37821854248 8.56166513672 250.129770992 -41.3435114504 3.38167938931 END
START -3.71580097656 -4.34068760986 8.70292303467 250.129770992 -45.2671755725 6.30534351145 END
START 4.37660063477 -7.14669195557 5.07570751953 250.129770992 -49.4198473282 3.12977099237 END
START -1.92972653809 -11.2910550293 6.4595560791 250.129770992 -42.1603053435 8.3358778626 END
START -1.00077629395 -13.0436106445 9.07402429199 250.129770992 -50.0763358779 15.4427480916 END
START 12.011709729 -4.86022937012 4.3143513916 250.129770992 -56.3358778626 5.54961832061 END
START 2.36786544189 -6.36857641602 3.1004911499 250.129770992 -41.7709923664 7.09160305344 END
START 1.18273562012 -17.0634752319 7.32146867676 250.129770992 -45.7786259542 3.41221374046 END
START 2.68390006104 -10.8289741089 11.2455651978 250.129770992 -49.6870229008 2.25190839695 END
START 1.8746598999 -13.4506249268 5.70777675781 250.129770992 -59.7251908397 7.75572519084 END
START 0.75896192627 -5.93283171387 9.23683000488 250.129770992 -60.641221374 6.89312977099 END
START 1.30723410645 -9.4882211792 4.903325 250.129770992 -64.1832061069 3.96183206107 END
START 2.01591779785 -3.21301862793 7.16584556885 250.129770992 -65.9618320611 12.2213740458 END
START 2.86346518555 -9.18894597168 7.75003077393 250.129770992 -60.6641221374 6.87786259542 END
START -3.79480963135 -0.60812722168 8.34139858398 250.129770992 -57.6488549618 5.67938931298 END