START -2.70305367432 -17.2190983398 10.9367131836 250.129770992 -86.679389313 2.88549618321 END
START -2.21463653564 -12.9047469482 10.1155020142 250.129770992 -97.2442748092 2.50381679389 END
START -1.22104284668 -16.5894233032 6.24647213135 250.129770992 -99.3893129771 9.77099236641 END
START 0.497993945312 -9.88087025146 4.50588752441 250.129770992 -97.4885496183 2.22900763359 END
START -2.43250888672 -4.9152960083 4.07253702393 250.129770992 -90.2366412214 9.37404580153 END
START -1.12527478027 -7.85537564697 5.76523759766 250.129770992 -98.0381679389 -5.79389312977 END
START -0.296881005859 -6.07169541016 10.7188408325 250.129770992 -88.6106870229 -1.15267175573 END
START -0.323217224121 -10.8792523438 5.30794508057 250.129770992 -104.099236641 9.71755725191 END
START 5.82748684082 -11.5783592285 6.87135876465 250.129770992 -104.450381679 6.41221374046 END
START 0.797269152832 -8.5089927002 7.77397279053 250.129770992 -103.900763359 6.81679389313 END
START 0.703895288086 -9.08360109863 13.984531897 250.129770992 -103.595419847 6.35877862595 END
START -0.186747729492 -10.5129394897 6.1411272583 250.129770992 -104.175572519 -1.90076335878 END
START 4.03901820068 -7.47709178467 4.24970794678 250.129770992 -102.396946565 10.3969465649 END
START 2.45645090332 -8.39885942383 10.299855542 250.129770992 -103.908396947 8.01526717557 END
START 5.94480272217 -7.6494743042 3.19625921631 250.129770992 -104.65648855 2.88549618321 END
START -1.53707746582 -9.82340941162 7.13711514893 250.129770992 -104.221374046 3.32061068702 END
START 6.0812722168 -5.47793339844 8.74123026123 250.129770992 -104.694656489 5.0 END
START 4.38378323975 -5.98789835205 10.2088758789 250.129770992 -104.709923664 5.72519083969 END
START -6.50983431396 -8.95431420898 10.4028062134 250.129770992 -105.007633588 0.931297709924 END
START 1.20667763672 -12.5073094727 8.09000740967 250.129770992 -100.923664122 7.88549618321 END
START 2.35828863525 -7.24964262695 6.50504591064 250.129770992 -97.9618320611 17.9160305344 END
START 3.19625921631 -8.17859287109 11.4586491455 250.129770992 -86.3740458015 5.51145038168 END
START -3.19865341797 -12.1050835937 8.24084211426 250.129770992 -90.0305343511 13.6870229008 END
START -4.02465299072 -10.680533606 9.8545340332 250.129770992 -71.3816793893 3.40458015267 END
START -2.39659586182 -14.9685487793 13.2878192139 250.129770992 -68.7480916031 7.91603053435 END
START 1.16837041016 -7.29992086182 12.6844803955 250.129770992 -72.9312977099 1.78625954198 END
START -5.7508723877 -11.750741748 4.25689055176 250.129770992 -68.4961832061 6.53435114504 END
START 3.05021291504 -18.0379153076 14.6070243286 250.129770992 -67.2213740458 14.5190839695 END
START 0.490811340332 -11.1210667114 12.1026893921 250.129770992 -63.2748091603 5.27480916031 END
START -3.34230551758 -7.88650026855 9.13866773682 250.129770992 -58.5114503817 -4.90076335878 END
START 4.59447298584 -8.10437261963 8.01339295654 250.129770992 -53.2442748092 9.2213740458 END
START 4.58729038086 -3.63439812012 5.67425793457 250.129770992 -58.2061068702 4.03816793893 END
START 7.21133540039 -9.80904420166 13.7091987061 250.129770992 -54.5190839695 9.62595419847 END
START -0.284909997559 -8.34379278564 8.24323631592 250.129770992 -37.3129770992 4.40458015267 END
START -0.328005627441 -6.48110389404 10.8050320923 250.129770992 -47.9770992366 4.37404580153 END
START 3.11006795654 -12.2559182983 11.04684646 250.129770992 -46.0229007634 2.98473282443 END
START -1.75973822021 -11.6430026733 14.1904332397 250.129770992 -53.1526717557 2.56488549618 END
START 3.68228215332 -10.0748005859 8.8154505127 250.129770992 -41.5801526718 10.7404580153 END
START 6.36857641602 -6.43321986084 3.06218392334 250.129770992 -45.3893129771 11.2519083969 END
START 5.79396801758 -10.2950671387 9.91678327637 250.129770992 -42.6335877863 9.74809160305 END
START 9.11233151855 -12.392387793 12.8424977051 250.129770992 -54.9618320611 9.49618320611 END
START -5.04937130127 -7.71651195068 8.47547387695 250.129770992 -48.2366412214 2.53435114504 END
START 6.42603725586 -8.79150849609 8.40125362549 250.129770992 -49.0610687023 13.0763358779 END
START 2.54503636475 -8.76277807617 13.251906189 250.129770992 -60.106870229 7.78625954198 END
START 3.6655227417 -11.2695072144 6.12197364502 250.129770992 -59.4427480916 11.8244274809 END
START 2.70065947266 -10.2783077271 7.34780489502 250.129770992 -59.213740458 7.2213740458 END
START 2.21224233398 -6.53856473389 5.98789835205 250.129770992 -60.4961832061 1.39694656489 END
START -8.96867941895 -13.9007348389 8.35576379395 250.129770992 -61.6335877863 7.21374045802 END
START 2.10450325928 -9.16739815674 6.58166036377 250.129770992 -56.8702290076 15.3969465649 END
START 2.62883342285 -14.6381489502 5.39413634033 250.129770992 -65.2824427481 14.9923664122 END
START -1.592144104 -9.19612857666 9.90481226807 250.129770992 -68.9160305344 2.38167938931 END
START -1.24259066162 -13.2638771973 6.77319649658 250.129770992 -73.3053435115 5.67938931298 END
START -3.21780703125 -7.23048901367 6.91206019287 250.129770992 -71.0076335878 -1.75572519084 END
START -1.03908352051 -8.39167681885 6.89530078125 250.129770992 -78.3053435115 3.86259541985 END
START -0.931344445801 -15.4856963379 4.26407315674 250.129770992 -79.3435114504 13.8702290076 END