START -11.2407767944 -4.65911643066 9.56244143066 250.129770992 -89.0916030534 2.07633587786 END
START 3.34230551758 -13.4458365234 5.31033928223 250.129770992 -74.3511450382 1.6106870229 END
START 11.152191333 -13.3740104736 11.0755768799 250.129770992 -64.5877862595 17.0916030534 END
START -1.46764561768 -9.42597193604 8.60715496826 250.129770992 -57.4732824427 6.75572519084 END
START -0.258573779297 -10.3692873901 8.6406737915 250.129770992 -46.3740458015 2.22900763359 END
START -10.912771167 -9.71567033691 3.74692559814 250.129770992 -76.1908396947 2.19083969466 END
START -3.72777198486 -9.13148513184 3.70382996826 250.129770992 -89.3511450382 7.21374045802 END
START 0.296881005859 -11.9494604858 5.87776507568 250.129770992 -79.3969465649 8.80152671756 END
START -3.08133753662 -11.3389390625 5.45399138184 250.129770992 -72.0381679389 5.60305343511 END
START -3.53384165039 -11.2527478027 7.94635531006 250.129770992 -80.5267175573 10.9694656489 END
START -3.20344182129 -9.34456907959 9.94311949463 250.129770992 -77.2671755725 11.1297709924 END
START -3.88578929443 -10.0364933594 8.97825622559 250.129770992 -79.1679389313 7.58778625954 END
START 2.24815535889 -10.1274730225 6.77319649658 250.129770992 -92.7022900763 7.74045801527 END
START 1.38863696289 -2.36786544189 7.13472094727 250.129770992 -95.2900763359 0.198473282443 END
START 0.373495458984 -15.4234470947 9.16739815674 250.129770992 -85.8702290076 5.38167938931 END
START -2.29125098877 -9.15542714844 7.94156690674 250.129770992 -96.1679389313 0.587786259542 END
START -1.87705410156 -9.54089361572 6.39491263428 250.129770992 -98.4809160305 -2.87786259542 END
START -0.493205541992 -11.7220113281 3.37343013916 250.129770992 -96.6335877863 12.9389312977 END
START 5.88494768066 -13.3309148437 8.65982740479 250.129770992 -95.106870229 2.07633587786 END
START -2.69347686768 -10.9462899902 6.09803162842 250.129770992 -88.0 2.07633587786 END
START -1.43652099609 -4.39814844971 5.06613071289 250.129770992 -99.7328244275 4.9465648855 END
START -0.909796630859 -10.7834842773 6.46195028076 250.129770992 -103.79389313 0.0992366412214 END
START -3.01429989014 -15.4114760864 6.88093557129 250.129770992 -102.679389313 12.1984732824 END
START -2.09013804932 -9.35414588623 0.754173522949 250.129770992 -105.404580153 1.69465648855 END
START 2.09971485596 -7.43399615479 7.95353791504 250.129770992 -104.381679389 7.97709923664 END
START 3.15316358643 -10.1202904175 11.1497971313 250.129770992 -104.229007634 1.48854961832 END
START -2.61207401123 -6.06211860352 6.41406624756 250.129770992 -102.847328244 7.57251908397 END
START -1.34314713135 -7.15626876221 6.31829818115 250.129770992 -104.27480916 3.54198473282 END
START -0.76614453125 -12.6964514038 10.1992990723 250.129770992 -100.86259542 4.31297709924 END
START 2.13083947754 -9.13627353516 10.4746322632 250.129770992 -104.34351145 5.2213740458 END
START -5.29118566895 -12.9167179565 1.27610948486 250.129770992 -103.740458015 -2.61832061069 END
START 3.18428820801 -11.0420580566 9.1817633667 250.129770992 -105.27480916 10.8702290076 END
START 3.36624753418 -13.7475059326 6.46434448242 250.129770992 -101.183206107 8.06870229008 END
START -9.03811126709 -9.91917747803 8.2025348877 250.129770992 -98.9847328244 -3.86259541985 END
START -2.39420166016 -11.2311999878 13.0747352661 250.129770992 -96.7709923664 9.07633587786 END
START 0.639251843262 -7.98945093994 5.31033928223 250.129770992 -92.9007633588 13.9923664122 END
START 4.48673391113 -9.95269630127 13.9462246704 250.129770992 -91.5954198473 11.8167938931 END
START -1.67833536377 -8.75080706787 8.09479581299 250.129770992 -93.7633587786 -1.82442748092 END
START -0.519541760254 -10.1274730225 8.59757816162 250.129770992 -81.893129771 0.198473282443 END
START 4.88656558838 -13.0148802246 15.9334120483 250.129770992 -88.5267175573 -2.80916030534 END
START -3.65115753174 -7.37653531494 7.54652363281 250.129770992 -72.6259541985 5.39694656489 END
START -1.36708914795 -6.76840809326 7.32625708008 250.129770992 -62.3969465649 7.74045801527 END
START 0.225054956055 -8.2983029541 8.66701000977 250.129770992 -66.8549618321 3.3358778626 END
START -4.5609541626 -8.49941589355 8.56645354004 250.129770992 -64.0534351145 16.9160305344 END
START -0.809240161133 -8.30548555908 4.20661231689 250.129770992 -59.4885496183 10.2061068702 END
START 0.694318481445 -14.6764561768 11.6430026733 250.129770992 -66.1908396947 4.09160305344 END
START 0.275333190918 -11.9039706543 6.50265170898 250.129770992 -62.5572519084 3.40458015267 END
START 3.02387669678 -10.1969048706 7.57285985107 250.129770992 -69.2748091603 4.4427480916 END
START 4.0198645874 -9.85692823486 8.70531723633 250.129770992 -62.4427480916 1.7786259542 END
START 3.72298358154 -10.6254669678 7.5896192627 250.129770992 -60.8549618321 4.77099236641 END
START 0.129286889648 -11.1138841064 5.58567247314 250.129770992 -59.5267175573 -1.19083969466 END
START -2.36307703857 -16.1536786011 6.98628044434 250.129770992 -57.4427480916 -3.25954198473 END
START -2.12844527588 -10.1538092407 5.79396801758 250.129770992 -51.8778625954 -2.3358778626 END
START 1.51792385254 -15.0212212158 8.51856950684 250.129770992 -57.786259542 6.06106870229 END
START 6.21055910645 -18.760964209 5.7748144043 250.129770992 -53.9694656489 2.95419847328 END
START 5.36780012207 -10.1897222656 7.39568892822 250.129770992 -58.2519083969 4.65648854962 END
START 2.1930887207 -11.4394955322 5.71974776611 250.129770992 -65.358778626 -3.73282442748 END
START -0.102950671387 -10.0077629395 7.22091220703 250.129770992 -66.8778625954 17.3053435115 END
START -0.682347473145 -7.91523068848 8.11155522461 250.129770992 -71.8549618321 0.30534351145 END
START -2.40138426514 -9.62229647217 4.2425253418 250.129770992 -65.5572519084 7.58778625954 END
START 11.0707884766 -8.39885942383 6.56250675049 250.129770992 -66.8778625954 0.984732824427 END
START 2.31998140869 -5.60722028809 6.04775339355 250.129770992 -76.0687022901 5.22900763359 END
START -3.60806190186 -17.9397530396 6.93839641113 250.129770992 -73.8320610687 4.51908396947 END
START 0.847547387695 -6.32308658447 9.15063874512 250.129770992 -79.427480916 3.03053435115 END
START 2.63362182617 -6.89769498291 3.96958635254 250.129770992 -85.6030534351 2.14503816794 END
START -0.280121594238 -8.74841286621 10.1394440308 250.129770992 -97.9618320611 14.4732824427 END
START 0.217872351074 -4.93205541992 4.78600911865 250.129770992 -85.4885496183 4.50381679389 END
START 4.52743533936 -13.6445552612 8.03494077148 250.129770992 -90.358778626 6.80916030534 END
START -0.885854614258 -9.28231983643 8.11634362793 250.129770992 -92.2748091603 6.35114503817 END
START -0.495599743652 -10.7212350342 14.7722242432 250.129770992 -104.977099237 10.4198473282 END
START 4.41490786133 -8.36534060059 4.65193382568 250.129770992 -95.1984732824 5.35877862595 END
START 6.742071875 -11.9518546875 14.2814129028 250.129770992 -104.045801527 3.6106870229 END
START 0.342370837402 -6.7779848999 9.30626185303 250.129770992 -98.2061068702 -1.28244274809 END
START 1.03190091553 -3.27526787109 6.35660540771 250.129770992 -96.8091603053 0.0839694656489 END
START 1.26653267822 -7.18260498047 8.16183345947 250.129770992 -104.839694656 7.25190839695 END
START -2.0733786377 -7.0724717041 7.51300480957 250.129770992 -92.6106870229 0.916030534351 END
START 6.20816490479 -10.6685625977 11.0300870483 250.129770992 -105.442748092 13.572519084 END
START -1.36708914795 -11.2240173828 6.50025750732 250.129770992 -104.290076336 9.90839694656 END
START 4.32871660156 -9.49061538086 5.64552751465 250.129770992 -95.0534351145 -1.62595419847 END
START 1.61608612061 -9.84974562988 12.2032458618 250.129770992 -92.0992366412 1.30534351145 END
START -0.031124621582 -7.26400783691 6.94557901611 250.129770992 -99.0916030534 -0.580152671756 END
START -1.64481654053 -15.2821891968 7.16584556885 250.129770992 -100.511450382 4.87786259542 END
START 3.58411988525 -11.2144405762 7.14190355225 250.129770992 -79.4732824427 6.80152671756 END
START 0.861912597656 -9.03332286377 10.7475712524 250.129770992 -83.572519084 4.09923664122 END
START 6.12436784668 -11.6190606567 9.90481226807 250.129770992 -72.8244274809 4.74045801527 END
START 2.5115175415 -5.45877978516 13.8313029907 250.129770992 -87.2595419847 5.70992366412 END
START 3.48835181885 -11.3580926758 6.7779848999 250.129770992 -78.3664122137 8.57251908397 END
START -0.665588061523 -7.62074388428 11.9350952759 250.129770992 -62.8473282443 5.67175572519 END
START 5.81791003418 -6.72052406006 10.4578728516 250.129770992 -62.534351145 2.6106870229 END
START 10.9008001587 -9.35893428955 10.8217915039 250.129770992 -59.5267175573 -4.32061068702 END
START 0.248996972656 -3.25372005615 10.5751887329 250.129770992 -52.4122137405 1.30534351145 END
START 10.0053687378 -12.026074939 7.74284816895 250.129770992 -54.6488549618 5.17557251908 END
START 3.62003291016 -9.61511386719 8.24084211426 250.129770992 -50.3053435115 6.54961832061 END