START 4.40054265137 -11.0588174683 10.2208468872 250.129770992 -73.9465648855 3.1679389313 END
START 2.43490308838 -6.22971271973 10.3692873901 250.129770992 -72.9694656489 11.6259541985 END
START 4.87220037842 -8.05648858643 6.25126053467 250.129770992 -78.3511450382 10.4885496183 END
START -1.66875855713 -11.3940057007 6.06690700684 250.129770992 -88.6870229008 -1.15267175573 END
START -2.26970317383 -13.4578075317 4.98233365479 250.129770992 -70.8091603053 2.59541984733 END
START -0.337582434082 -8.24802471924 9.33978067627 250.129770992 -67.6335877863 5.77099236641 END
START 1.68551796875 -11.7220113281 5.02542928467 250.129770992 -60.7786259542 3.46564885496 END
START -3.35667072754 -13.9510130737 6.24886633301 250.129770992 -61.5648854962 5.2213740458 END
START -4.97993945312 -8.21929429932 8.12113203125 250.129770992 -52.2366412214 4.03816793893 END
START 4.03901820068 -8.03254656982 8.42280144043 250.129770992 -51.2366412214 10.0687022901 END
START 4.37899483643 -10.1992990723 15.8855280151 250.129770992 -60.7786259542 5.3358778626 END
START 0.785298144531 -11.1282493164 8.63349118652 250.129770992 -55.3740458015 10.9007633588 END
START 0.818816967773 -9.96227310791 5.61200869141 250.129770992 -65.9541984733 2.51908396947 END
START 4.34308181152 -11.4490723389 3.07415493164 250.129770992 -72.4732824427 5.89312977099 END
START 3.94564433594 -9.33499227295 6.28717355957 250.129770992 -80.3129770992 5.27480916031 END
START -3.23696064453 -10.5416699097 5.55933625488 250.129770992 -95.2748091603 3.95419847328 END
START -1.67354696045 -12.2128226685 6.01184036865 250.129770992 -77.106870229 4.82442748092 END
START -4.58250197754 -10.8720697388 7.75960758057 250.129770992 -82.9160305344 2.37404580153 END
START -1.02711251221 -1.04626612549 4.69263525391 250.129770992 -89.8396946565 6.42748091603 END
START 5.25048424072 -9.69651672363 3.7493197998 250.129770992 -77.0381679389 7.80152671756 END
START 6.63912120361 -11.4993505737 2.43490308838 250.129770992 -90.4809160305 1.80916030534 END
START 2.99993468018 -10.2208468872 5.92086070557 250.129770992 -94.465648855 9.99236641221 END
START -2.36068283691 -10.0795889893 8.2623899292 250.129770992 -92.4885496183 8.45038167939 END
START -3.00951148682 -5.46596239014 9.99579193115 250.129770992 -103.79389313 3.39694656489 END
START 0.0861912597656 -1.47482822266 8.74123026123 250.129770992 -104.58778626 9.74045801527 END
START 2.57855518799 -6.39491263428 0.974440075684 250.129770992 -104.694656489 5.40458015267 END
START 5.75805499268 -5.64552751465 8.50420429687 250.129770992 -104.549618321 8.5572519084 END
START -3.53623585205 -14.7650416382 10.6374379761 250.129770992 -104.030534351 3.67938931298 END
START 4.15633408203 -11.5855418335 13.1968395508 250.129770992 -104.290076336 10.2519083969 END
START -0.782903942871 -10.5727945312 5.34625230713 250.129770992 -104.335877863 0.702290076336 END
START 6.47870969238 -10.3932294067 7.67581052246 250.129770992 -104.549618321 24.4198473282 END
START 4.11563265381 -9.7348239502 6.78037910156 250.129770992 -102.465648855 -1.9465648855 END
START -1.90099611816 -11.0540290649 6.45716187744 250.129770992 -96.2366412214 9.60305343511 END
START 3.79720383301 -7.35259329834 8.32942757568 250.129770992 -87.2290076336 4.13740458015 END
START 7.63510909424 -9.02853446045 5.12837995605 250.129770992 -88.358778626 10.5572519084 END
START 6.35181700439 -6.91684859619 8.6406737915 250.129770992 -77.9618320611 1.19847328244 END
START 3.07894333496 -8.86812294922 10.2567599121 250.129770992 -65.5877862595 -1.34351145038 END
START 1.06302553711 -9.79946739502 12.2128226685 250.129770992 -67.4427480916 6.59541984733 END
START 1.5442600708 -7.99663354492 6.98388624268 250.129770992 -57.5496183206 5.86259541985 END
START -2.28406838379 -8.31506236572 7.15387456055 250.129770992 -65.8320610687 7.15267175573 END
START 0.282515795898 -9.34456907959 7.76679018555 250.129770992 -53.4885496183 2.06870229008 END
START 1.13963999023 -11.2288057861 9.64145008545 250.129770992 -55.8244274809 8.60305343511 END
START 0.366312854004 -9.76116016846 10.4985742798 250.129770992 -51.0 8.19847328244 END
START -0.435744702148 -13.0938888794 6.82826313477 250.129770992 -46.213740458 13.1984732824 END
START -4.72375987549 -6.42603725586 7.04134708252 250.129770992 -37.8473282443 3.04580152672 END
START 2.817975354 -7.05331809082 6.13155045166 250.129770992 -57.213740458 8.1679389313 END
START 7.30231506348 -5.43004936523 4.88177718506 250.129770992 -41.0 6.65648854962 END
START -4.67348164062 -11.2814782227 9.00938084717 250.129770992 -49.9160305344 5.88549618321 END
START -2.10689746094 -13.0172744263 7.37414111328 250.129770992 -46.9465648855 18.6946564885 END
START -2.37504804687 -10.9893856201 8.5329347168 250.129770992 -39.2061068702 -1.70992366412 END
START 4.15872828369 -19.5103493286 3.03584770508 250.129770992 -39.320610687 -2.85496183206 END
START 0.902614025879 -12.0595937622 9.98621512451 250.129770992 -30.0534351145 0.717557251908 END
START -1.12048637695 -4.48673391113 7.18978758545 250.129770992 -37.8473282443 -1.1679389313 END
START 4.71178886719 -1.02232410889 9.08120689697 250.129770992 -26.8854961832 3.95419847328 END
START -0.509964953613 -11.7196171265 12.9717845947 250.129770992 -48.8549618321 1.93129770992 END
START -3.36385333252 -11.1258551147 7.66623371582 250.129770992 -35.641221374 6.11450381679 END
START 2.25294376221 -2.78445653076 6.4116720459 250.129770992 -45.7709923664 6.00763358779 END
START 1.13724578857 -6.11957944336 5.03021768799 250.129770992 -45.2442748092 4.30534351145 END
START 10.4219598267 -12.0284691406 3.94085593262 250.129770992 -46.786259542 -1.82442748092 END
START 2.38462485352 -11.3820346924 6.30153876953 250.129770992 -43.5496183206 13.2213740458 END
START 0.0407014282227 -10.2112700806 5.99747515869 250.129770992 -50.6717557252 -1.93893129771 END
START 2.61207401123 -7.89368287354 13.49850896 250.129770992 -44.8396946565 15.0 END
START 2.01831199951 -7.45314976807 6.95994422607 250.129770992 -55.6946564885 12.0687022901 END
START 0.744596716309 -8.03254656982 6.1052142334 250.129770992 -54.3053435115 4.8320610687 END
START -1.34314713135 -4.70221206055 8.43716665039 250.129770992 -55.6183206107 18.8854961832 END
START 5.01824667969 -12.3014081299 11.0205102417 250.129770992 -50.4503816794 9.74045801527 END
START 3.46680400391 -7.71172354736 11.8656634277 250.129770992 -50.6259541985 12.0381679389 END
START -4.40054265137 -11.6980693115 6.32787498779 250.129770992 -59.5190839695 1.82442748092 END
START -0.981622680664 -11.9686140991 8.78672009277 250.129770992 -56.2977099237 0.0152671755725 END
START -0.900219824219 -5.64073911133 8.81066210937 250.129770992 -60.358778626 -2.93129770992 END
START 1.37427175293 -15.7227223022 6.23210692139 250.129770992 -61.6030534351 -0.870229007634 END
START 0.351947644043 -11.6908867065 4.83868155518 250.129770992 -61.5954198473 6.73282442748 END
START 1.31681091309 -9.55047042236 8.12113203125 250.129770992 -65.5496183206 3.60305343511 END
START -2.73657249756 -11.5041389771 5.24330163574 250.129770992 -72.8702290076 7.62595419847 END
START 2.22900174561 -5.67186373291 9.33978067627 250.129770992 -82.3969465649 6.70992366412 END
START 0.342370837402 -9.31105025635 8.81305631104 250.129770992 -74.3740458015 11.3816793893 END
START -3.41173736572 -13.0627642578 7.27837304687 250.129770992 -82.3053435115 0.282442748092 END
START 1.58256729736 -12.1769096436 2.98078106689 250.129770992 -90.679389313 -0.931297709924 END
START 4.71178886719 -2.87783039551 5.90410129395 250.129770992 -83.3893129771 -0.00763358778626 END
START 0.629675036621 -6.52898792725 10.4770264648 250.129770992 -82.679389313 6.48854961832 END
START -2.33434661865 -2.9927520752 5.93043751221 250.129770992 -80.3740458015 10.9236641221 END
START 0.529118566895 -12.1577560303 6.59602557373 250.129770992 -88.8167938931 -3.38167938931 END
START 1.41497318115 -8.71728824463 0.76853873291 250.129770992 -95.5190839695 5.46564885496 END
START 0.931344445801 -5.39174213867 4.57053096924 250.129770992 -94.7099236641 -0.12213740458 END
START 3.03345350342 -12.2032458618 4.64953962402 250.129770992 -104.496183206 9.67175572519 END
START 5.74368978271 -8.47307967529 8.36534060059 250.129770992 -96.5648854962 -3.16030534351 END
START 7.65905111084 -9.8665050415 6.26323154297 250.129770992 -105.770992366 -1.85496183206 END
START 2.31279880371 -6.97909783936 8.2623899292 250.129770992 -103.702290076 2.63358778626 END
START 2.44687409668 -10.2807019287 9.22246479492 250.129770992 -97.4351145038 10.3435114504 END
START 0.368707055664 -15.9908728882 9.7348239502 250.129770992 -100.633587786 5.96946564885 END
START -1.61129771729 -9.82101520996 7.00782825928 250.129770992 -97.106870229 5.60305343511 END
START 2.26252056885 -9.82819781494 6.97909783936 250.129770992 -103.916030534 5.85496183206 END
START 2.85628258057 -6.08366641846 7.79791480713 250.129770992 -89.1297709924 5.3358778626 END
START 2.53067115479 -9.75158336182 7.59919606934 250.129770992 -101.618320611 0.396946564885 END
START -1.95127435303 -7.87213505859 5.86339986572 250.129770992 -103.572519084 3.72519083969 END
START 3.45483299561 -2.89937821045 11.5831476318 250.129770992 -103.86259542 2.80152671756 END
START 0.873883605957 -10.7356002441 7.52976422119 250.129770992 -104.671755725 3.9465648855 END
START 6.50983431396 -16.4385885986 6.36139381104 250.129770992 -97.641221374 11.9389312977 END
START 8.21929429932 -6.86178195801 10.4698438599 250.129770992 -90.7709923664 3.71755725191 END
START 6.29435616455 -2.17632930908 6.5074401123 250.129770992 -93.9541984733 15.3740458015 END
START 0.363918652344 -10.7356002441 7.48427438965 250.129770992 -88.7099236641 12.4732824427 END
START 4.6088381958 -7.81467421875 4.46039769287 250.129770992 -83.3893129771 -1.6106870229 END
START 1.82198746338 -6.66066901855 6.90008918457 250.129770992 -70.2290076336 0.916030534351 END
START -3.93846173096 -9.39724151611 8.14267984619 250.129770992 -75.8244274809 2.27480916031 END
START 6.56729515381 -15.5407629761 6.49786330566 250.129770992 -61.8015267176 4.99236641221 END
START 5.44920297852 -10.3836526001 6.49786330566 250.129770992 -66.1297709924 11.8625954198 END
START -1.10851536865 -8.827421521 9.34456907959 250.129770992 -57.6488549618 4.67175572519 END
START 3.30160408936 -5.16668718262 7.59201346436 250.129770992 -54.3740458015 -2.54198473282 END
START -0.00718260498047 -6.47392128906 9.12669672852 250.129770992 -60.1374045802 -2.53435114504 END
START 0.9193734375 -12.9526309814 9.8784760498 250.129770992 -48.1603053435 2.32824427481 END