START -7.95114371338 -12.5456166992 8.62152017822 250.129770992 -104.748091603 4.21374045802 END
START -1.03668931885 -7.56088884277 8.72925925293 250.129770992 -88.5267175573 -3.3358778626 END
START 0.366312854004 -1.06063133545 6.46434448242 250.129770992 -80.0534351145 -3.68702290076 END
START 0.225054956055 -10.2830961304 8.58081875 250.129770992 -76.2442748092 10.1984732824 END
START -1.94169754639 -12.7084224121 3.63439812012 250.129770992 -93.0076335878 5.9465648855 END
START -3.03105930176 -8.06127698975 7.12274993896 250.129770992 -92.1145038168 10.9847328244 END
START -2.7581203125 -9.66299790039 6.11479104004 250.129770992 -104.58778626 1.77099236641 END
START 0.725443103027 -6.50265170898 11.5161099854 250.129770992 -101.13740458 9.73282442748 END
START -1.61129771729 -10.673351001 6.64151540527 250.129770992 -97.679389313 1.6641221374 END
START -2.49475812988 -9.7946789917 5.09725533447 250.129770992 -103.969465649 10.5877862595 END
START -2.09492645264 -5.58327827148 4.92247861328 250.129770992 -104.183206107 7.58778625954 END
START -10.7595422607 -4.70221206055 1.47482822266 250.129770992 -102.679389313 3.52671755725 END
START 2.53306535645 -14.2598650879 5.67186373291 250.129770992 -96.9770992366 5.56488549618 END
START -3.00232888184 -12.4809732544 6.68700523682 250.129770992 -105.091603053 16.0763358779 END
START -3.17710560303 -13.6661030762 5.26724365234 250.129770992 -104.465648855 2.14503816794 END
START -0.45250411377 -3.58651408691 4.28083256836 250.129770992 -104.145038168 3.70992366412 END
START 1.98000477295 -5.07570751953 6.27759675293 250.129770992 -104.702290076 11.3511450382 END
START 2.61686241455 -13.6397668579 11.5280809937 250.129770992 -104.27480916 0.106870229008 END
START 1.58496149902 -13.0507932495 1.62326872559 250.129770992 -103.816793893 12.5801526718 END
START -3.49553442383 -11.1043072998 6.79474431152 250.129770992 -103.190839695 10.534351145 END
START 3.27287366943 -8.79629689941 8.69095202637 250.129770992 -104.259541985 3.46564885496 END
START -3.22977803955 -12.5527993042 7.78594379883 250.129770992 -104.442748092 4.90839694656 END
START -0.100556469727 -4.00310517578 10.4866032715 250.129770992 -104.549618321 10.4427480916 END
START -2.88261879883 -10.673351001 8.2743609375 250.129770992 -103.801526718 10.7328244275 END
START -1.19949503174 -8.8753055542 2.72699569092 250.129770992 -104.824427481 -2.54961832061 END
START -0.00239420166016 -7.24964262695 7.35019909668 250.129770992 -98.3053435115 9.23664122137 END
START -3.49553442383 -10.0963484009 7.13232674561 250.129770992 -97.4503816794 -1.0 END
START -0.596156213379 -11.8082025879 10.2567599121 250.129770992 -104.786259542 4.87786259542 END
START -1.55144267578 -6.58405456543 8.8154505127 250.129770992 -96.8244274809 10.7480916031 END
START 2.65995804443 -10.8577045288 9.37808790283 250.129770992 -97.2824427481 -2.77099236641 END
START 3.18189400635 -10.898405957 7.80270321045 250.129770992 -90.0458015267 8.21374045802 END
START -1.90578452148 -10.680533606 7.42920775146 250.129770992 -78.893129771 1.32061068702 END
START -2.99993468018 -7.45314976807 5.63595070801 250.129770992 -65.6564885496 11.0687022901 END
START -0.993593688965 -13.1130424927 6.58405456543 250.129770992 -65.3816793893 13.9007633588 END
START -0.950498059082 -11.532869397 12.8520745117 250.129770992 -53.5038167939 2.00763358779 END
START 4.44842668457 -11.9374894775 3.58651408691 250.129770992 -54.0076335878 5.45038167939 END
START 3.43328518066 -7.90565388184 5.79636221924 250.129770992 -61.534351145 8.96946564885 END
START 4.61841500244 -6.56968935547 6.1770402832 250.129770992 -58.5572519084 -0.221374045802 END
START 12.4857616577 -11.2383825928 9.34935748291 250.129770992 -52.7633587786 2.7786259542 END
START 3.6535517334 -10.0508585693 5.70059415283 250.129770992 -47.1755725191 0.404580152672 END
START 11.137826123 -11.2168347778 5.59046087646 250.129770992 -49.8091603053 10.4198473282 END
START -1.2497732666 -17.1329070801 14.0372043335 250.129770992 -38.213740458 4.31297709924 END
START 6.13394465332 -8.83699832764 5.79157381592 250.129770992 -43.7328244275 -0.152671755725 END
START 5.99747515869 -7.3549875 10.6326495728 250.129770992 -46.8091603053 4.39694656489 END
START 3.71819517822 -11.4754085571 6.07887801514 250.129770992 -40.5267175573 9.47328244275 END
START -0.622492431641 -10.1538092407 5.61919129639 250.129770992 -46.1984732824 7.98473282443 END
START 2.45645090332 -7.50821640625 11.2958434326 250.129770992 -47.6106870229 10.2290076336 END
START 5.36301171875 -10.5919481445 8.80587370605 250.129770992 -49.1755725191 4.58778625954 END
START 5.36540592041 -10.8170031006 6.12197364502 250.129770992 -43.1221374046 3.13740458015 END
START 1.12766898193 -14.1018477783 7.11796153564 250.129770992 -45.5801526718 3.73282442748 END
START 1.08696755371 -9.06684168701 8.02057556152 250.129770992 -61.8015267176 0.847328244275 END
START 3.32554610596 -5.09007272949 7.6614453125 250.129770992 -58.6946564885 10.4580152672 END
START -4.02465299072 -11.9997387207 4.52025273438 250.129770992 -56.5648854962 4.58778625954 END
START 8.19295808105 -8.6406737915 7.35738170166 250.129770992 -64.3282442748 -0.63358778626 END
START -4.95839163818 -8.88967076416 7.50821640625 250.129770992 -45.4809160305 0.412213740458 END
START 0.0215478149414 -13.9079174438 7.0964137207 250.129770992 -58.6259541985 14.9236641221 END
START 4.51785853271 -7.38371791992 1.48919343262 250.129770992 -45.6030534351 2.48854961832 END
START -2.57616098633 -16.2997249023 9.54568201904 250.129770992 -58.465648855 4.03816793893 END
START -2.7341782959 -12.5623761108 6.98628044434 250.129770992 -77.7557251908 4.84732824427 END
START 7.6853873291 -14.6405431519 7.71651195068 250.129770992 -66.4961832061 10.6564885496 END
START 4.10366164551 -11.0157218384 5.03740029297 250.129770992 -64.9770992366 9.81679389313 END
START -0.438138903809 -5.40610734863 3.17710560303 250.129770992 -73.4427480916 -5.06870229008 END
START 0.565031591797 -6.0573302002 13.4051350952 250.129770992 -75.786259542 8.3893129771 END
START 2.44926829834 -8.04212337646 7.77157858887 250.129770992 -74.7480916031 -2.09160305344 END
START -1.96085115967 -12.3468979614 6.50504591064 250.129770992 -82.6106870229 17.572519084 END
START -1.89381351318 -10.9774146118 5.38934793701 250.129770992 -82.2290076336 8.82442748092 END
START 4.01507618408 -9.01895765381 6.70376464844 250.129770992 -84.7328244275 8.10687022901 END
START -2.28167418213 -4.38857164307 7.56567724609 250.129770992 -87.1145038168 0.0839694656489 END
START -1.26653267822 -17.3579620361 7.57525405273 250.129770992 -106.832061069 5.12213740458 END
START 5.64313331299 -10.8146088989 7.94635531006 250.129770992 -102.938931298 14.5954198473 END
START 3.06697232666 -10.1250788208 11.9901619141 250.129770992 -98.9923664122 -2.60305343511 END
START 1.22583125 -8.49941589355 3.09330854492 250.129770992 -102.183206107 1.01526717557 END
START -7.19697019043 -8.27196673584 7.78115539551 250.129770992 -104.366412214 0.717557251908 END
START 0.866701000977 -10.0053687378 6.27759675293 250.129770992 -104.740458015 14.3893129771 END
START 6.97191523437 -5.2456958374 5.28639726562 250.129770992 -98.0152671756 15.9694656489 END
START 1.98239897461 -7.31428607178 7.29752666016 250.129770992 -105.458015267 -3.25190839695 END
START 3.52187064209 -11.5352635986 8.76756647949 250.129770992 -101.27480916 0.992366412214 END
START -2.22421334229 -10.1849338623 7.74045396729 250.129770992 -96.9465648855 4.74045801527 END
START -2.52109434814 -6.57687196045 7.79791480713 250.129770992 -105.053435115 10.0534351145 END
START -4.15872828369 -9.15063874512 13.1872627441 250.129770992 -96.2671755725 12.9923664122 END
START -0.835576379395 -5.00388146973 6.7540428833 250.129770992 -104.93129771 5.59541984733 END
START -2.91134921875 -12.9478425781 7.71651195068 250.129770992 -104.13740458 2.95419847328 END
START -2.33195241699 -11.9949503174 4.81473953857 250.129770992 -100.595419847 6.84732824427 END
START -0.653617053223 -12.617442749 9.53131680908 250.129770992 -105.458015267 8.19847328244 END
START 6.68461103516 -10.7020814209 9.76594857178 250.129770992 -103.839694656 4.68702290076 END
START 4.34308181152 -11.9183358643 10.158597644 250.129770992 -96.1679389313 12.5496183206 END
START 6.54814154053 -2.23618435059 6.59123717041 250.129770992 -103.671755725 13.6946564885 END
START 4.87220037842 -4.46997449951 6.89290657959 250.129770992 -97.0992366412 9.09923664122 END
START -1.40060797119 -6.51462271729 6.51701691895 250.129770992 -89.534351145 8.76335877863 END
START 4.78840332031 -4.95360323486 9.72285294189 250.129770992 -70.3740458015 9.97709923664 END
START 7.55370623779 -5.91846650391 14.7578590332 250.129770992 -65.4732824427 11.1526717557 END
START 5.85621726074 -3.35427652588 7.83861623535 250.129770992 -55.4503816794 -3.47328244275 END
START 5.42047255859 -4.28322677002 12.9215063599 250.129770992 -62.9694656489 3.96946564885 END
START 1.97761057129 -9.61032546387 7.17542237549 250.129770992 -73.3664122137 -4.5572519084 END
START 5.43244356689 -10.0915599976 5.30315667725 250.129770992 -54.2595419847 6.73282442748 END
START -1.75255561523 -5.46117398682 15.7322991089 250.129770992 -50.6106870229 -1.27480916031 END
START 9.82101520996 -2.70065947266 11.1306435181 250.129770992 -58.7786259542 5.4427480916 END
START 6.16028087158 -3.21062442627 2.36068283691 250.129770992 -53.3053435115 9.85496183206 END
START 7.77157858887 -7.65426270752 9.80425579834 250.129770992 -51.4427480916 3.86259541985 END
START 8.20732329102 -10.4650554565 15.8256729736 250.129770992 -53.4580152672 3.38167938931 END
START -0.325611425781 -14.3532389526 15.0499516357 250.129770992 -40.5419847328 4.28244274809 END
START 3.46201560059 -10.0628295776 4.34787021484 250.129770992 -46.5190839695 7.64122137405 END
START 2.81558115234 -12.5216746826 5.7748144043 250.129770992 -39.8015267176 2.32824427481 END
START 2.72938989258 -9.08838950195 8.42758984375 250.129770992 -38.9389312977 9.15267175573 END
START 7.86255825195 -10.6494089844 7.63510909424 250.129770992 -42.679389313 2.34351145038 END
START 6.44040246582 -11.9327010742 5.60722028809 250.129770992 -37.0076335878 3.09160305344 END
START -4.62799180908 -15.5024557495 6.17464608154 250.129770992 -39.679389313 -0.671755725191 END
START 7.31668027344 -0.493205541992 13.9174942505 250.129770992 -34.4198473282 15.5038167939 END
START 5.31752188721 -11.4442839355 7.96311472168 250.129770992 -31.8015267176 17.2519083969 END
START 2.63362182617 -10.1298672241 5.62158549805 250.129770992 -34.3053435115 5.78625954198 END
START 1.82438166504 -13.1585323242 6.31111557617 250.129770992 -35.4885496183 4.0 END
START 2.85149417725 -11.765106958 7.52258161621 250.129770992 -34.7251908397 12.0305343511 END
START 4.47955130615 -12.5863181274 6.38054742432 250.129770992 -31.465648855 5.59541984733 END
START 0.940921252441 -10.7236292358 8.94473740234 250.129770992 -31.4045801527 3.95419847328 END