START -5.94240852051 -9.04050546875 6.06451280518 250.129770992 -71.2900763359 4.6641221374 END
START -1.54904847412 -10.9534725952 4.67108743896 250.129770992 -75.2595419847 11.2824427481 END
START -3.99113416748 -17.8703211914 4.75009609375 250.129770992 -66.0076335878 9.83969465649 END
START -1.55144267578 -6.03578238525 7.84101043701 250.129770992 -69.3053435115 2.67938931298 END
START -4.01028778076 -5.80354482422 8.18098707275 250.129770992 -67.0687022901 1.06870229008 END
START -3.51708223877 -11.2240173828 12.2678893066 250.129770992 -61.8244274809 6.40458015267 END
START -0.337582434082 -9.40442412109 12.1266314087 250.129770992 -72.893129771 11.4427480916 END
START -4.35265861816 -13.4434423218 5.44202037354 250.129770992 -74.8015267176 -0.0610687022901 END
START 0.60573302002 -10.2400005005 9.18655177002 250.129770992 -80.9007633588 11.9923664122 END
START -1.00077629395 -10.4554786499 5.05655390625 250.129770992 -70.2213740458 0.69465648855 END
START 9.48343277588 -5.54257684326 11.4634375488 250.129770992 -76.1145038168 -3.08396946565 END
START -5.73890137939 -11.271901416 6.55771834717 250.129770992 -74.9007633588 -2.06870229008 END
START 3.58172568359 -5.41328995361 5.02303508301 250.129770992 -72.9465648855 8.41984732824 END
START -3.05500131836 -8.37970581055 7.79312640381 250.129770992 -67.5419847328 5.71755725191 END
START -3.4428619873 -9.43554874268 10.5847655396 250.129770992 -77.7557251908 -3.42748091603 END
START -4.97275684814 -7.79073220215 9.97184991455 250.129770992 -90.9923664122 9.71755725191 END
START -0.330399829102 -10.285490332 8.27196673584 250.129770992 -84.1984732824 12.3816793893 END
START 0.818816967773 -10.2567599121 8.92079538574 250.129770992 -85.0076335878 3.93893129771 END
START -0.672770666504 -11.4945621704 5.51145222168 250.129770992 -99.6335877863 9.3893129771 END
START 1.8267758667 -7.88410606689 5.94719692383 250.129770992 -90.3511450382 11.5038167939 END
START 10.1346556274 -10.7882726807 7.14190355225 250.129770992 -102.34351145 -0.0687022900763 END
START -1.86747729492 -5.41089575195 5.56891306152 250.129770992 -104.885496183 4.18320610687 END
START 1.83635267334 -9.41639512939 9.53371101074 250.129770992 -98.0 5.29007633588 END
START 3.94564433594 -10.0963484009 15.2965544067 250.129770992 -102.20610687 3.48854961832 END
START 1.28089788818 -6.988674646 6.42603725586 250.129770992 -104.79389313 -4.6106870229 END
START 1.59932670898 -10.5416699097 6.87614716797 250.129770992 -104.671755725 9.70992366412 END
START 4.13478626709 -14.6573025635 10.7403886475 250.129770992 -104.435114504 -0.572519083969 END
START -0.871489404297 -9.84495722656 10.1825396606 250.129770992 -102.954198473 2.45038167939 END
START 5.30315667725 -10.1107136108 6.45716187744 250.129770992 -104.229007634 -3.41221374046 END
START -2.68390006104 -5.48272180176 15.8041251587 250.129770992 -94.5954198473 3.26717557252 END
START 5.88015927734 -8.53772312012 7.69017573242 250.129770992 -100.992366412 6.60305343511 END
START 5.43483776855 -14.8823575195 12.0907183838 250.129770992 -89.8244274809 1.27480916031 END
START 1.51552965088 -9.90960067139 9.28710823975 250.129770992 -83.2748091603 2.58015267176 END
START 4.96796844482 -6.53856473389 12.1074777954 250.129770992 -86.4427480916 3.39694656489 END
START -2.88501300049 -13.618219043 10.5560351196 250.129770992 -97.9007633588 0.977099236641 END
START 2.94965644531 -12.4402718262 7.81467421875 250.129770992 -81.0916030534 10.1374045802 END
START 3.30160408936 -11.7531359497 13.8217261841 250.129770992 -91.6641221374 -0.824427480916 END
START -0.248996972656 -8.48265648193 11.9470662842 250.129770992 -97.106870229 5.54961832061 END
START -2.16435830078 -5.28639726562 6.47631549072 250.129770992 -70.358778626 -2.30534351145 END
START 1.31441671143 -7.9918451416 8.11634362793 250.129770992 -65.213740458 6.12213740458 END
START 6.0573302002 -12.7227876221 7.72369455566 250.129770992 -56.213740458 0.992366412214 END
START -4.2544963501 -15.7011744873 9.8186210083 250.129770992 -64.3053435115 6.15267175573 END
START -3.33991131592 -3.93367332764 10.4506902466 250.129770992 -65.7938931298 10.4580152672 END
START 0.75896192627 -7.35738170166 8.76996068115 250.129770992 -60.213740458 8.95419847328 END
START -1.68312376709 -6.49307490234 8.22887110596 250.129770992 -55.7328244275 8.29007633588 END
START -1.64481654053 -5.72693037109 5.26724365234 250.129770992 -46.5114503817 5.21374045802 END
START 0.672770666504 -3.59130249023 8.214505896 250.129770992 -45.5267175573 11.1374045802 END
START 2.96402165527 -6.62954439697 2.51630594482 250.129770992 -44.9236641221 7.93893129771 END
START 2.04464821777 -9.69172832031 5.97113894043 250.129770992 -37.9694656489 -2.74045801527 END
START 0.380678063965 -10.9654436035 6.20816490479 250.129770992 -42.6641221374 5.93129770992 END
START 6.42603725586 -7.93438430176 9.38048210449 250.129770992 -45.0152671756 -2.69465648855 END
START -1.06302553711 -12.9669961914 6.1411272583 250.129770992 -56.6564885496 13.1984732824 END
START -0.141257897949 -11.4873795654 4.45560928955 250.129770992 -53.0076335878 8.07633587786 END
START 1.2138602417 -15.6915976807 10.6158901611 250.129770992 -46.6717557252 2.59541984733 END
START -3.52426484375 -7.53934102783 5.59524927979 250.129770992 -48.1755725191 -0.641221374046 END
START 0.0502782348633 -10.6374379761 4.53940634766 250.129770992 -54.0 -4.60305343511 END
START 2.70065947266 -8.60236656494 5.15471617432 250.129770992 -53.7328244275 13.6564885496 END
START 4.47236870117 -10.2256352905 4.92487281494 250.129770992 -56.5267175573 11.7099236641 END
START 0.488417138672 -15.2869776001 9.83777462158 250.129770992 -66.427480916 19.5648854962 END
START 2.62643922119 -15.6293484375 7.62313808594 250.129770992 -70.4732824427 2.96946564885 END
START 8.81784471436 -7.16105716553 6.26801994629 250.129770992 -69.6946564885 9.64885496183 END
START 2.75333190918 -10.6015249512 6.93360800781 250.129770992 -72.3435114504 3.9465648855 END
START 0.675164868164 -11.8034141846 4.6208092041 250.129770992 -81.8396946565 -1.48854961832 END
START 1.39103116455 -7.53215842285 7.27358464355 250.129770992 -89.0458015267 2.14503816794 END
START -1.88184250488 -10.3692873901 3.36385333252 250.129770992 -85.7404580153 7.06870229008 END
START -1.62087452393 -3.37343013916 1.19949503174 250.129770992 -87.9465648855 3.62595419847 END
START -1.87944830322 -9.48103857422 11.04684646 250.129770992 -96.2366412214 8.96946564885 END
START 3.14598098145 -9.83538041992 7.81228001709 250.129770992 -94.8244274809 1.48854961832 END
START 10.4818148682 -9.23443580322 7.03416447754 250.129770992 -99.7328244275 8.91603053435 END
START -5.29357987061 -14.4202765991 7.30231506348 250.129770992 -98.5267175573 4.90076335878 END
START -2.68390006104 -9.45470235596 12.0859299805 250.129770992 -101.503816794 5.78625954198 END
START -0.881066210937 -11.8010199829 8.6526447998 250.129770992 -91.3969465649 -2.67938931298 END
START 1.50595284424 -9.22007059326 7.60398447266 250.129770992 -105.083969466 1.47328244275 END
START 2.25533796387 -11.1138841064 10.9247421753 250.129770992 -103.984732824 16.572519084 END
START 3.07176072998 -10.0436759644 7.27119044189 250.129770992 -104.732824427 5.14503816794 END
START -3.09091434326 -2.74854350586 5.19302340088 250.129770992 -103.801526718 -1.83969465649 END
START 3.27047946777 -10.7260234375 7.6375032959 250.129770992 -103.671755725 -1.19847328244 END
START 8.08282480469 -5.08049592285 14.4298534058 250.129770992 -104.870229008 7.54961832061 END
START -1.73579620361 -8.68855782471 9.44512554932 250.129770992 -96.6488549618 7.11450381679 END
START -0.687135876465 -14.7530706299 7.9439611084 250.129770992 -105.083969466 9.07633587786 END
START 9.87608184814 -10.6422263794 8.18098707275 250.129770992 -105.152671756 12.2061068702 END
START 3.3830069458 -4.99191046143 5.52342322998 250.129770992 -103.335877863 4.17557251908 END
START 6.66545742187 -7.90086547852 3.82354005127 250.129770992 -96.7709923664 11.4885496183 END
START 11.4849853638 -2.09492645264 8.78193168945 250.129770992 -90.893129771 5.28244274809 END
START 7.88889447021 -7.21612380371 13.7666595459 250.129770992 -71.4503816794 10.893129771 END
START 2.69347686768 -7.93438430176 7.59440766602 250.129770992 -73.8320610687 2.60305343511 END
START 4.94163222656 -11.2144405762 14.1832506348 250.129770992 -64.0 9.37404580153 END
START 0.711077893066 -9.64145008545 5.62637390137 250.129770992 -62.3740458015 12.7175572519 END
START 2.53306535645 -11.6262432617 9.47146176758 250.129770992 -50.5267175573 1.71755725191 END
START 5.5401826416 -8.51378110352 11.0348754517 250.129770992 -52.2824427481 2.25954198473 END
START 3.72777198486 -6.63433280029 4.83389315186 250.129770992 -56.6870229008 -2.35114503817 END
START 1.14442839355 -9.18415756836 13.1274077026 250.129770992 -40.4198473282 14.7938931298 END
START 5.39892474365 -8.11634362793 8.56405933838 250.129770992 -59.9770992366 -0.297709923664 END
START 4.38378323975 -8.77235488281 12.6222311523 250.129770992 -45.4961832061 -1.8320610687 END
START 6.94318481445 -5.22414802246 8.76756647949 250.129770992 -43.7099236641 5.70992366412 END
START -3.76129080811 -5.05894810791 5.03979449463 250.129770992 -48.3435114504 10.6183206107 END
START 7.48427438965 -9.59835445557 8.38928261719 250.129770992 -48.3511450382 6.37404580153 END
START 0.902614025879 -10.4387192383 10.1633860474 250.129770992 -39.4961832061 2.80152671756 END