START 3.0406361084 -11.166556543 8.54729992676 250.129770992 -98.2519083969 5.60305343511 END
START -8.2025348877 -17.1951563232 9.05247647705 250.129770992 -87.6946564885 18.4427480916 END
START 1.71185418701 -10.1274730225 5.82748684082 250.129770992 -90.6946564885 4.41984732824 END
START 7.71172354736 -8.76756647949 9.66060369873 250.129770992 -105.526717557 15.465648855 END
START -2.53545955811 -14.1210013916 8.61912597656 250.129770992 -105.267175573 -3.25190839695 END
START 3.70861837158 -4.77882651367 5.90888969727 250.129770992 -101.977099237 3.08396946565 END
START -0.416591088867 -5.22654222412 8.63588538818 250.129770992 -103.977099237 7.88549618321 END
START 3.14837518311 -1.5801730957 11.0205102417 250.129770992 -104.549618321 13.2595419847 END
START 5.03261188965 -9.29189664307 5.68862314453 250.129770992 -105.404580153 8.89312977099 END
START -1.08696755371 -14.6453315552 5.92086070557 250.129770992 -103.290076336 9.00763358779 END
START -1.26892687988 -0.30166940918 9.40442412109 250.129770992 -104.419847328 3.74809160305 END
START -2.46842191162 -9.51695159912 10.4291424316 250.129770992 -102.992366412 4.45801526718 END
START 0.00957680664062 -12.1793038452 5.91846650391 250.129770992 -103.58778626 10.427480916 END
START -5.55454785156 -1.89381351318 7.3190744751 250.129770992 -104.267175573 3.97709923664 END
START -6.66785162354 -11.286266626 8.51138690186 250.129770992 -103.694656489 13.7099236641 END
START -1.35032973633 -5.34146390381 6.44040246582 250.129770992 -103.778625954 5.74809160305 END
START 3.3949779541 -7.67820472412 5.31512768555 250.129770992 -103.809160305 8.47328244275 END
START 2.52827695312 -9.4283661377 10.3214033569 250.129770992 -105.267175573 10.4351145038 END
START 8.97346782227 -12.6916630005 11.9829793091 250.129770992 -104.122137405 7.73282442748 END
START 3.45243879395 -2.24815535889 12.7874310669 250.129770992 -105.13740458 15.2061068702 END
START 4.45321508789 -13.7499001343 8.8633345459 250.129770992 -104.160305344 9.95419847328 END
START 6.36139381104 -5.12359155273 8.99501563721 250.129770992 -100.022900763 1.22900763359 END
START 5.18344659424 -16.4792900269 10.0748005859 250.129770992 -86.3893129771 -2.80152671756 END
START 7.41963094482 -8.11873782959 12.2942255249 250.129770992 -82.3511450382 11.572519084 END
START 1.01514150391 -13.4793553467 6.47631549072 250.129770992 -74.465648855 5.46564885496 END
START -2.44447989502 -5.80115062256 11.4993505737 250.129770992 -61.8473282443 6.17557251908 END
START 3.59609089355 -8.52335791016 6.24886633301 250.129770992 -58.7709923664 6.30534351145 END
START -1.51313544922 -13.1489555176 8.01818135986 250.129770992 -66.0992366412 15.1450381679 END
START 8.79869110107 -11.3556984741 8.71249984131 250.129770992 -55.1603053435 7.48854961832 END
START -4.48673391113 -8.50420429687 11.6023012451 250.129770992 -57.6641221374 4.0534351145 END
START 5.86100566406 -13.8839754272 4.76924970703 250.129770992 -44.0916030534 9.03053435115 END
START 4.06774862061 -6.61278498535 7.45554396973 250.129770992 -42.358778626 6.53435114504 END
START -0.105344873047 -10.8648871338 3.90733710937 250.129770992 -47.8320610687 -2.00763358779 END
START 7.66383951416 -11.5735708252 9.7946789917 250.129770992 -58.0229007634 2.4427480916 END
START 0.117315881348 -12.2535240967 6.94318481445 250.129770992 -43.3435114504 9.99236641221 END
START -1.68791217041 -12.7539122437 6.53856473389 250.129770992 -59.3740458015 10.2748091603 END
START -3.10767375488 -9.06205328369 7.17063397217 250.129770992 -51.9541984733 -2.29770992366 END
START 1.50116444092 -7.58004245605 7.56328304443 250.129770992 -47.786259542 10.1526717557 END
START -6.60320817871 -12.0691705688 1.41736738281 250.129770992 -64.9007633588 -0.557251908397 END
START -4.71897147217 -11.6860983032 4.05817181396 250.129770992 -54.9236641221 2.91603053435 END
START -4.58968458252 -10.0125513428 5.94959112549 250.129770992 -58.8625954198 -1.47328244275 END
START 3.86184727783 -10.9869914185 6.50025750732 250.129770992 -67.9312977099 4.34351145038 END
START 3.69425316162 -11.659762085 6.00226356201 250.129770992 -70.1679389313 -2.95419847328 END
START -1.35511813965 -10.9678378052 8.43237824707 250.129770992 -60.0229007634 -2.03816793893 END
START 1.15161099854 -4.49631071777 10.4961800781 250.129770992 -62.8625954198 3.20610687023 END
START -1.65199914551 -13.6062480347 6.27759675293 250.129770992 -76.9236641221 6.7786259542 END
START -1.21864864502 -2.58813199463 6.89530078125 250.129770992 -80.5648854962 2.13740458015 END
START 1.72143099365 -9.4882211792 9.19134017334 250.129770992 -91.9465648855 4.31297709924 END
START 0.342370837402 -11.01811604 4.02225878906 250.129770992 -82.7786259542 4.67938931298 END
START -1.12527478027 -7.80988581543 8.96149681396 250.129770992 -86.2366412214 7.58778625954 END
START -2.18830031738 -11.5975128418 4.84825836182 250.129770992 -96.5267175573 10.2977099237 END
START 11.5687824219 -12.8137672852 6.68939943848 250.129770992 -99.320610687 0.0458015267176 END
START 4.24491954346 -5.90649549561 6.56250675049 250.129770992 -99.5648854962 5.95419847328 END
START 7.70454094238 -10.3357685669 9.83298621826 250.129770992 -104.435114504 10.9465648855 END
START -2.70784207764 -5.66707532959 8.43237824707 250.129770992 -104.366412214 10.4580152672 END
START -2.5234885498 -8.90164177246 7.08923111572 250.129770992 -103.671755725 13.8778625954 END
START -0.92416184082 -5.65989272461 5.59764348145 250.129770992 -104.297709924 5.40458015267 END
START -1.39342536621 -10.7523596558 7.45554396973 250.129770992 -96.0916030534 12.4885496183 END
START 0.991199487305 -10.4818148682 6.45716187744 250.129770992 -104.320610687 6.96946564885 END
START -1.2737152832 -3.80917484131 7.29992086182 250.129770992 -105.030534351 5.56488549618 END
START -1.47003981934 -7.21612380371 11.5735708252 250.129770992 -104.282442748 -0.0992366412214 END
START -6.91924279785 -10.8648871338 7.9319901001 250.129770992 -107.114503817 12.465648855 END
START -1.22822545166 -7.85776984863 4.57053096924 250.129770992 -96.1679389313 4.11450381679 END
START -2.61925661621 -9.47146176758 6.43321986084 250.129770992 -104.694656489 3.40458015267 END
START 1.61369191895 -7.02219346924 11.0516348633 250.129770992 -104.977099237 13.1221374046 END
START 4.9392380249 -14.7794068481 6.32308658447 250.129770992 -99.2824427481 13.3053435115 END
START 8.28154354248 -7.85776984863 8.13789144287 250.129770992 -97.7175572519 10.0381679389 END
START -3.82593425293 -6.12197364502 8.36773480225 250.129770992 -98.9160305344 12.0534351145 END
START 1.32159931641 -9.66299790039 11.3509100708 250.129770992 -99.1984732824 6.32061068702 END
START 1.31441671143 -6.95994422607 13.6852566895 250.129770992 -90.679389313 7.09923664122 END
START 11.5304751953 -9.67018050537 6.29675036621 250.129770992 -79.5190839695 -1.91603053435 END
START 5.71735356445 -14.7865894531 9.58159504395 250.129770992 -86.213740458 25.9694656489 END
START -0.100556469727 -13.9198884521 10.4147772217 250.129770992 -68.2748091603 0.503816793893 END
START -2.01352359619 -11.7962315796 10.8026378906 250.129770992 -61.0381679389 8.15267175573 END
START 1.36469494629 -16.0219975098 8.12113203125 250.129770992 -55.5648854962 5.48091603053 END
START 4.66629903564 -6.56250675049 11.7196171265 250.129770992 -53.8320610687 3.96946564885 END
START 5.40850155029 -11.3652752808 8.19774648437 250.129770992 -62.5954198473 0.908396946565 END
START 1.592144104 -5.01585247803 10.6925046143 250.129770992 -51.8015267176 4.48091603053 END
START -1.01514150391 -4.72854827881 6.75643708496 250.129770992 -46.6564885496 3.15267175573 END
START 8.72686505127 -6.02381137695 9.440337146 250.129770992 -44.2977099237 4.41221374046 END
START -2.85628258057 -7.86974085693 12.24394729 250.129770992 -41.3129770992 12.1984732824 END
START -3.29202728271 -8.41801303711 7.38132371826 250.129770992 -33.1755725191 -3.32824427481 END
START -0.241814367676 -14.0419927368 5.38455953369 250.129770992 -50.6946564885 10.9541984733 END
START 0.77093293457 -12.0236807373 7.07007750244 250.129770992 -41.572519084 12.2213740458 END
START -1.44609780273 -6.29914456787 12.5791355225 250.129770992 -41.8015267176 3.30534351145 END
START 0.972045874023 -13.117830896 10.6278611694 250.129770992 -48.2671755725 2.81679389313 END
START 4.34547601318 -9.79707319336 6.7660138916 250.129770992 -50.3511450382 2.13740458015 END
START -1.72861359863 -9.21288798828 5.97113894043 250.129770992 -50.2900763359 1.35114503817 END
START -0.478840332031 -5.33188709717 8.6526447998 250.129770992 -48.7251908397 2.74045801527 END
START 3.12203896484 -6.89051237793 6.4834980957 250.129770992 -46.2900763359 9.77099236641 END
START 2.06380183105 -7.05810649414 8.8872765625 250.129770992 -60.1832061069 9.48854961832 END
START -2.48996972656 -11.2431709961 5.32231029053 250.129770992 -56.0610687023 -1.8320610687 END
START 2.7102362793 -11.1617681396 9.56722983398 250.129770992 -58.0305343511 8.25190839695 END