START 0.938527050781 -7.6255322876 8.86094034424 250.129770992 -100.916030534 1.10687022901 END
START -2.18351191406 -17.3052895996 8.89685336914 250.129770992 -91.5038167939 8.41984732824 END
START 0.263362182617 -10.8744639404 6.62954439697 250.129770992 -76.1679389313 -2.8320610687 END
START 6.76122548828 -10.0987426025 5.54975944824 250.129770992 -73.2824427481 -2.54961832061 END
START 4.2664673584 -10.3525279785 7.48906279297 250.129770992 -76.534351145 5.03053435115 END
START -4.42209046631 -8.49702169189 6.58405456543 250.129770992 -82.7786259542 8.09923664122 END
START -4.10126744385 -9.87129344482 6.82108052979 250.129770992 -75.9541984733 7.03816793893 END
START -7.0365586792 -12.2104284668 8.03015236816 250.129770992 -70.7328244275 8.74045801527 END
START -4.08690223389 -12.2678893066 7.61595548096 250.129770992 -72.4198473282 2.09923664122 END
START -2.698265271 -14.1066361816 5.54975944824 250.129770992 -74.6564885496 0.00763358778626 END
START -4.8554409668 -7.21851800537 0.653617053223 250.129770992 -77.1526717557 11.6488549618 END
START -1.8028338501 -7.81946262207 9.8186210083 250.129770992 -87.2519083969 5.86259541985 END
START -2.70065947266 -12.1649386353 7.19218178711 250.129770992 -83.427480916 -0.549618320611 END
START -0.679953271484 -9.81143840332 11.7267997314 250.129770992 -77.7175572519 11.2213740458 END
START 1.44130939941 -5.82509263916 5.45159718018 250.129770992 -95.2213740458 9.27480916031 END
START 5.92564910889 -8.3461869873 10.8361567139 250.129770992 -87.3358778626 4.29007633588 END
START 3.21062442627 -7.31428607178 10.7188408325 250.129770992 -78.7022900763 2.63358778626 END
START -3.92888492432 -7.0365586792 10.905588562 250.129770992 -85.6870229008 9.25190839695 END
START 4.90571920166 -1.46525141602 15.2390935669 250.129770992 -97.5801526718 5.80152671756 END
START -3.95282694092 -7.54173522949 5.37737692871 250.129770992 -79.8091603053 8.29007633588 END
START -1.86987149658 -13.6062480347 7.78354959717 250.129770992 -81.1679389313 -3.0 END
START 2.1092916626 -9.17458076172 9.34696328125 250.129770992 -91.1755725191 7.70992366412 END
START 2.79882174072 -8.42040723877 6.77559069824 250.129770992 -98.9007633588 4.90839694656 END
START -1.79804544678 -10.3525279785 5.67425793457 250.129770992 -102.030534351 3.02290076336 END
START 0.143652099609 -14.4250650024 6.99346304932 250.129770992 -93.0534351145 3.06870229008 END
START -0.399831677246 -8.61194337158 11.899182251 250.129770992 -101.221374046 6.43511450382 END
START 3.31357509766 -10.0987426025 6.20816490479 250.129770992 -104.824427481 -1.46564885496 END
START 7.59680186768 -9.85213983154 6.52898792725 250.129770992 -104.374045802 10.5648854962 END
START 1.06302553711 -5.70538255615 5.39174213867 250.129770992 -103.916030534 3.87786259542 END
START 2.98556947021 -9.03811126709 10.6230727661 250.129770992 -105.053435115 5.0534351145 END
START 0.181959326172 -17.3699330444 8.84896933594 250.129770992 -103.732824427 8.53435114504 END
START 1.71903679199 -10.3357685669 6.03099398193 250.129770992 -104.053435115 -3.23664122137 END
START -0.727837304687 -11.3892172974 3.04303031006 250.129770992 -105.0 6.15267175573 END
START 0.562637390137 -7.42202514648 7.49624539795 250.129770992 -104.557251908 4.70992366412 END
START -1.41018477783 -8.61194337158 8.53532891846 250.129770992 -103.816793893 -1.51908396947 END
START -7.25921943359 -3.9839515625 6.12676204834 250.129770992 -102.610687023 2.83969465649 END
START 6.13155045166 -15.1193834839 4.55377155762 250.129770992 -88.7786259542 9.09923664122 END
START -0.0574608398438 -12.5504051025 6.34224019775 250.129770992 -87.0992366412 8.64122137405 END
START 2.98796367187 -8.83460412598 5.8466404541 250.129770992 -87.5419847328 9.06106870229 END
START -2.97599266357 -9.79946739502 9.26795462646 250.129770992 -82.9923664122 9.8320610687 END
START 0.0694318481445 -9.60793126221 10.9798088135 250.129770992 -89.8167938931 8.0534351145 END
START -4.82192214355 -9.36132849121 0.663193859863 250.129770992 -78.1297709924 8.61832061069 END
START 3.92888492432 -10.8792523438 12.2607067017 250.129770992 -85.5267175573 -10.0763358779 END
START -3.36385333252 -8.41322463379 12.3157733398 250.129770992 -67.0458015267 -1.21374045802 END
START -9.4882211792 -3.61285030518 11.8967880493 250.129770992 -64.7328244275 4.65648854962 END
START 2.90177241211 -2.55940157471 7.967903125 250.129770992 -62.9770992366 5.59541984733 END
START -2.46842191162 -4.49631071777 8.88488236084 250.129770992 -59.3969465649 0.274809160305 END
START 1.75255561523 -12.9813614014 9.06205328369 250.129770992 -59.4885496183 7.36641221374 END
START 2.71263048096 -11.9566430908 7.48427438965 250.129770992 -61.0381679389 11.2061068702 END
START 4.9152960083 -7.50582220459 4.67108743896 250.129770992 -54.9312977099 2.16030534351 END
START -0.414196887207 -14.7985604614 6.65109221191 250.129770992 -50.4580152672 7.48091603053 END
START 2.0733786377 -13.6613146729 8.59997236328 250.129770992 -50.6335877863 2.51145038168 END
START -2.76769711914 -14.0348101318 6.88332977295 250.129770992 -44.6870229008 11.3282442748 END
START 5.95198532715 -9.43076033936 8.03254656982 250.129770992 -51.6259541985 10.7709923664 END
START -1.39103116455 -9.33499227295 7.23288321533 250.129770992 -46.7480916031 -2.03053435115 END
START -3.45004459229 -8.51138690186 6.71094725342 250.129770992 -56.9007633588 10.6564885496 END
START -0.92655604248 -1.65678754883 10.7212350342 250.129770992 -47.8778625954 -1.18320610687 END
START -2.94965644531 -14.8033488647 7.14429775391 250.129770992 -48.5496183206 2.19847328244 END
START -2.48996972656 -10.8648871338 6.82108052979 250.129770992 -51.9389312977 -2.57251908397 END
START 1.76213242187 -5.21457121582 9.10036051025 250.129770992 -53.7709923664 12.8091603053 END
START 5.89213028564 -3.61285030518 7.94874951172 250.129770992 -51.9236641221 1.92366412214 END
START -2.71741888428 -6.41646044922 5.26724365234 250.129770992 -61.8396946565 1.2213740458 END
START -10.0795889893 -9.36372269287 7.89128867187 250.129770992 -58.5114503817 1.9465648855 END
START -2.09492645264 -9.64384428711 5.5760956665 250.129770992 -76.4503816794 12.1832061069 END
START 7.40047733154 -16.7474406128 0.00478840332031 250.129770992 -85.7328244275 15.5496183206 END
START 0.15801730957 -8.69574042969 5.52102902832 250.129770992 -86.5572519084 -1.80916030534 END
START -7.45554396973 -7.47948598633 5.40850155029 250.129770992 -77.6488549618 -0.618320610687 END
START 2.66953485107 -10.3237975586 7.55610043945 250.129770992 -77.6641221374 1.18320610687 END
START 4.82671054687 -4.99909306641 10.8792523438 250.129770992 -89.3129770992 0.389312977099 END
START -1.15639940186 -12.8209498901 3.27287366943 250.129770992 -98.1984732824 15.213740458 END
START -0.0837970581055 -8.21929429932 6.41885465088 250.129770992 -92.7557251908 4.74809160305 END
START 1.79804544678 -9.78989058838 10.9008001587 250.129770992 -103.366412214 6.45801526718 END
START 0.811634362793 -5.00866987305 13.6325842529 250.129770992 -98.9770992366 6.40458015267 END
START 2.85867678223 -11.0971246948 8.30309135742 250.129770992 -101.473282443 5.31297709924 END
START 1.36948334961 -13.0196686279 9.47146176758 250.129770992 -96.106870229 1.43511450382 END
START 4.32153399658 -10.6685625977 13.117830896 250.129770992 -101.79389313 8.14503816794 END
START 7.63989749756 -4.26886156006 9.75397756348 250.129770992 -104.847328244 2.81679389313 END
START -0.134075292969 -11.6669446899 5.78917961426 250.129770992 -104.954198473 1.97709923664 END
START 0.706289489746 -8.43237824707 5.83227524414 250.129770992 -103.145038168 4.1679389313 END
START 0.320823022461 -5.92804331055 6.84502254639 250.129770992 -104.251908397 7.32061068702 END
START -1.62087452393 -9.17936916504 7.43399615479 250.129770992 -102.27480916 -5.78625954198 END
START 1.91536132812 -14.0300217285 7.34062229004 250.129770992 -105.381679389 15.5572519084 END
START 4.55616575928 -7.44117875977 2.7940333374 250.129770992 -103.946564885 4.40458015267 END
START 4.72615407715 -11.0420580566 10.0508585693 250.129770992 -103.717557252 -4.6106870229 END
START 3.48116921387 -7.56088884277 9.24401260986 250.129770992 -86.2213740458 5.31297709924 END
START 7.90086547852 -11.4562549438 11.9710083008 250.129770992 -77.6717557252 7.27480916031 END
START 0.77093293457 -13.6469494629 10.5608235229 250.129770992 -76.4809160305 -3.76335877863 END
START 4.92487281494 -11.5615998169 9.24640681152 250.129770992 -61.0076335878 0.18320610687 END
START 2.17872351074 -10.1274730225 7.98466253662 250.129770992 -64.5038167939 2.19847328244 END
START 4.83868155518 -4.73812508545 8.97346782227 250.129770992 -60.427480916 3.72519083969 END
START 4.21140072021 -8.49223328857 11.6094838501 250.129770992 -75.8473282443 -0.748091603053 END
START 6.31111557617 -9.15542714844 9.49300958252 250.129770992 -50.3969465649 11.9694656489 END
START 4.03662399902 -12.1793038452 11.159373938 250.129770992 -61.6488549618 7.21374045802 END
START 10.1083194092 -12.3684457764 9.39484731445 250.129770992 -59.2061068702 11.1679389313 END
START 5.86100566406 -2.79642753906 6.46913288574 250.129770992 -61.2824427481 5.12213740458 END
START -0.0550666381836 -8.42040723877 6.51941112061 250.129770992 -49.2366412214 7.54961832061 END