START 6.14591566162 -13.5344219849 11.1210667114 250.129770992 -104.79389313 9.41984732824 END
START 5.08767852783 -12.4642138428 5.69101734619 250.129770992 -86.1832061069 14.8778625954 END
START -11.518504187 -14.8009546631 3.47638081055 250.129770992 -86.465648855 7.78625954198 END
START -0.735019909668 -10.3980178101 11.8800286377 250.129770992 -89.358778626 2.29007633588 END
START 0.505176550293 -8.46110866699 8.82981572266 250.129770992 -100.610687023 9.56488549618 END
START -2.17154090576 -12.4306950195 7.49624539795 250.129770992 -104.885496183 7.75572519084 END
START 0.246602770996 -8.96149681396 10.0652237793 250.129770992 -92.1679389313 10.465648855 END
START 0.861912597656 -6.99106884766 6.66545742187 250.129770992 -72.5419847328 -1.5572519084 END
START 0.433350500488 -9.27753143311 7.01740506592 250.129770992 -62.0992366412 -0.656488549618 END
START -0.811634362793 -8.947131604 10.8648871338 250.129770992 -66.1145038168 16.5419847328 END
START -3.88100089111 -9.22246479492 12.6916630005 250.129770992 -70.6946564885 8.98473282443 END
START -3.6894647583 -7.75003077393 11.779472168 250.129770992 -72.8625954198 8.92366412214 END
START 5.47793339844 -13.4673843384 9.92636008301 250.129770992 -74.0458015267 7.00763358779 END
START 2.30322199707 -5.74368978271 8.72207664795 250.129770992 -87.4732824427 2.71755725191 END
START -1.12048637695 -13.8791870239 14.1880390381 250.129770992 -83.2824427481 12.213740458 END
START 2.39420166016 -12.7275760254 4.12760366211 250.129770992 -79.5190839695 10.0458015267 END
START 2.69347686768 -12.5336456909 6.09563742676 250.129770992 -77.4351145038 8.74045801527 END
START -2.25533796387 -4.43166727295 5.49469281006 250.129770992 -80.0916030534 4.89312977099 END
START 1.25935007324 -5.4444145752 3.20104761963 250.129770992 -66.5114503817 7.54198473282 END
START -0.569819995117 -11.0516348633 7.32865128174 250.129770992 -71.6870229008 0.36641221374 END
START -5.1379567627 -11.1857101562 4.24970794678 250.129770992 -75.0534351145 -1.03053435115 END
START 7.65426270752 -8.3461869873 5.00148726807 250.129770992 -83.0610687023 3.85496183206 END
START 1.68072956543 -9.46188496094 6.29435616455 250.129770992 -92.5114503817 7.6641221374 END
START -6.28477935791 -8.06127698975 7.24724842529 250.129770992 -96.1374045802 4.25190839695 END
START 1.48679923096 -5.41089575195 1.60650931396 250.129770992 -105.541984733 -2.57251908397 END
START 3.59369669189 -11.9925561157 6.94557901611 250.129770992 -93.7175572519 2.72519083969 END
START -2.17154090576 -13.0220628296 10.1202904175 250.129770992 -89.0992366412 4.92366412214 END
START -6.02859978027 -8.20732329102 6.15070406494 250.129770992 -92.7328244275 7.17557251908 END
START 0.0861912597656 -7.91762489014 6.46434448242 250.129770992 -101.679389313 -0.198473282443 END
START 0.426167895508 -14.8201082764 13.7929957642 250.129770992 -104.236641221 12.572519084 END
START 1.43173259277 -11.4562549438 7.47230338135 250.129770992 -103.969465649 7.63358778626 END
START 1.03429511719 -11.3820346924 5.96874473877 250.129770992 -105.34351145 -1.9465648855 END
START 0.720654699707 -15.8615859985 8.30548555908 250.129770992 -102.763358779 5.3893129771 END
START 0.984016882324 -8.14507404785 7.78833800049 250.129770992 -105.236641221 3.67175572519 END
START 8.69813463135 -9.82580361328 7.0006456543 250.129770992 -104.06870229 14.0076335878 END
START -0.0957680664062 -8.38928261719 11.7028577148 250.129770992 -112.93129771 -3.68702290076 END
START 1.30962830811 -9.4283661377 9.93833109131 250.129770992 -104.687022901 14.0992366412 END
START -2.84909997559 -13.4410481201 10.1897222656 250.129770992 -107.938931298 -3.54961832061 END
START -3.50511123047 -11.0612116699 5.27442625732 250.129770992 -104.65648855 9.32824427481 END
START 0.521935961914 -11.4897737671 9.51695159912 250.129770992 -113.366412214 6.01526717557 END
START 1.59932670898 -4.43884987793 6.1770402832 250.129770992 -104.351145038 5.16030534351 END
START 2.18830031738 -11.2168347778 8.5209637085 250.129770992 -104.27480916 1.19083969466 END
START 5.10443793945 -11.3533042725 9.18655177002 250.129770992 -103.679389313 19.7251908397 END
START 0.76614453125 -5.71017095947 5.35822331543 250.129770992 -103.717557252 9.81679389313 END
START 1.70227738037 -8.78672009277 15.7873657471 250.129770992 -99.9083969466 6.12977099237 END
START -3.03345350342 -9.00938084717 5.76523759766 250.129770992 -97.0839694656 3.71755725191 END
START -0.272938989258 -10.0771947876 9.17458076172 250.129770992 -104.923664122 19.6641221374 END
START 8.19535228271 -7.46272657471 9.90241806641 250.129770992 -87.7251908397 8.47328244275 END
START 3.84029946289 -6.88572397461 8.26957253418 250.129770992 -99.4427480916 1.90076335878 END
START 0.203507141113 -12.6605383789 9.27992563477 250.129770992 -89.641221374 15.4580152672 END
START 0.0574608398438 -6.69658204346 8.71010563965 250.129770992 -83.427480916 17.4961832061 END
START 2.84670577393 -6.42603725586 13.8384855957 250.129770992 -67.534351145 3.19847328244 END
START -1.34793553467 -13.5870944214 8.94234320068 250.129770992 -69.0229007634 2.45801526718 END
START 3.19865341797 -13.6062480347 11.6741272949 250.129770992 -58.6488549618 13.2442748092 END
START 4.27364996338 -7.36935270996 9.81143840332 250.129770992 -65.2824427481 2.10687022901 END
START 1.35272393799 -8.54011732178 11.6932809082 250.129770992 -70.3893129771 6.88549618321 END
START -4.37660063477 -8.45632026367 3.78762702637 250.129770992 -78.9770992366 17.5419847328 END
START 0.0837970581055 -8.76277807617 11.0348754517 250.129770992 -61.1145038168 12.9847328244 END
START -4.14196887207 -6.35660540771 7.72848295898 250.129770992 -61.9236641221 0.679389312977 END
START 3.88339509277 -13.3524626587 8.84178673096 250.129770992 -64.2213740458 11.6259541985 END
START -1.44609780273 -9.80425579834 8.05648858643 250.129770992 -52.7786259542 3.72519083969 END
START -0.445321508789 -13.3668278687 8.23605371094 250.129770992 -55.5572519084 6.03053435115 END
START -1.1779472168 -9.00698664551 8.02296976318 250.129770992 -65.6717557252 4.58015267176 END
START -0.110133276367 -10.1155020142 5.04458289795 250.129770992 -69.8091603053 -1.67175572519 END
START 4.48433970947 -8.62630858154 4.65911643066 250.129770992 -74.5267175573 17.5572519084 END
START 2.77727392578 -8.41801303711 8.6287027832 250.129770992 -54.8396946565 2.38167938931 END
START 2.49236392822 -2.93768543701 7.46751497803 250.129770992 -58.9923664122 11.6564885496 END
START 2.06380183105 -12.2247936768 4.8434699585 250.129770992 -58.7938931298 6.95419847328 END
START 0.0191536132812 -5.43004936523 10.0987426025 250.129770992 -71.8396946565 -1.02290076336 END
START -1.65918175049 -8.31506236572 5.32949289551 250.129770992 -61.8396946565 12.0916030534 END
START -1.06541973877 -9.39484731445 4.88895979004 250.129770992 -63.6641221374 21.6030534351 END
START 4.537012146 -10.6685625977 5.71495936279 250.129770992 -62.106870229 -1.6106870229 END
START 7.14669195557 -13.6397668579 8.24802471924 250.129770992 -63.5954198473 4.39694656489 END
START 5.61200869141 -9.53131680908 10.3932294067 250.129770992 -80.534351145 5.10687022901 END
START 2.67192905273 -13.3165496338 9.46667336426 250.129770992 -81.7938931298 11.1908396947 END
START -0.0263362182617 -10.1633860474 3.63918652344 250.129770992 -89.9923664122 12.4045801527 END
START -2.21942493896 -11.2599304077 8.68855782471 250.129770992 -73.1832061069 6.09160305344 END
START 0.830787976074 -7.23288321533 6.51462271729 250.129770992 -87.3282442748 0.152671755725 END
START -0.641646044922 -12.4091472046 6.84741674805 250.129770992 -91.7480916031 18.2824427481 END
START 7.21612380371 -7.09401951904 4.77882651367 250.129770992 -92.6564885496 12.3435114504 END
START 2.12605107422 -4.70460626221 8.42998404541 250.129770992 -96.5877862595 -1.03816793893 END
START 4.20900651855 -8.13310303955 5.48751020508 250.129770992 -94.4580152672 3.31297709924 END
START -0.976834277344 -13.4578075317 6.88093557129 250.129770992 -95.320610687 13.3282442748 END
START 4.86262357178 -7.05331809082 5.63834490967 250.129770992 -104.129770992 12.0305343511 END
START -8.54729992676 -8.65503900146 5.26245524902 250.129770992 -102.93129771 10.4580152672 END
START 4.04141240234 -7.49624539795 10.6206785645 250.129770992 -91.3893129771 -0.251908396947 END
START -1.01514150391 -11.8129909912 6.1890112915 250.129770992 -87.1755725191 8.27480916031 END
START 8.21929429932 -8.26717833252 8.77953748779 250.129770992 -88.6030534351 9.81679389313 END
START 0.715866296387 -9.27992563477 6.73728347168 250.129770992 -99.1603053435 5.71755725191 END
START -1.8866309082 -8.56166513672 9.28950244141 250.129770992 -94.0916030534 9.6641221374 END
START -1.68551796875 -6.23689532471 10.9678378052 250.129770992 -102.473282443 0.435114503817 END
START 0.957680664062 -6.98149204102 12.4283008179 250.129770992 -98.3816793893 4.25954198473 END
START 0.076614453125 -6.1890112915 16.1632554077 250.129770992 -80.465648855 3.89312977099 END
START 1.12766898193 -7.69256993408 11.2982376343 250.129770992 -100.435114504 5.39694656489 END
START 3.7373487915 -13.991714502 7.67581052246 250.129770992 -88.5114503817 8.75572519084 END
START 4.49631071777 -9.02853446045 14.3819693726 250.129770992 -92.213740458 4.41221374046 END
START -0.244208569336 -11.7004635132 8.60236656494 250.129770992 -91.3816793893 6.42748091603 END
START 4.97275684814 -10.2352120972 6.12436784668 250.129770992 -87.6106870229 2.67175572519 END
START 7.14908615723 -15.3181022217 7.98226833496 250.129770992 -78.2748091603 16.2290076336 END
START 3.98634576416 -2.28406838379 5.89691868896 250.129770992 -70.2061068702 2.67175572519 END
START -0.684741674805 -14.2598650879 5.11162054443 250.129770992 -59.3664122137 6.70229007634 END
START 2.78924493408 -6.55053574219 8.23365950928 250.129770992 -54.0534351145 4.45038167939 END
START -4.06774862061 -13.5080857666 5.40610734863 250.129770992 -60.8549618321 12.572519084 END
START 1.16358200684 -6.69897624512 6.87375296631 250.129770992 -63.9618320611 8.13740458015 END
START -2.91374342041 -6.90727178955 11.1952869629 250.129770992 -63.3816793893 15.6259541985 END
START 3.46680400391 -8.90403597412 11.1426145264 250.129770992 -66.5267175573 10.8396946565 END
START 1.2138602417 -8.95670841064 5.61919129639 250.129770992 -60.8473282443 10.3282442748 END
START 1.76213242187 -9.63905588379 8.40125362549 250.129770992 -65.7022900763 11.1679389313 END
START 2.4277204834 -8.64546219482 15.1768443237 250.129770992 -54.2900763359 7.08396946565 END
START 7.19218178711 -8.73165345459 9.00219824219 250.129770992 -64.9541984733 3.50381679389 END
START 5.02303508301 -7.73805976562 8.9112185791 250.129770992 -59.8396946565 14.8549618321 END
START -2.79882174072 -10.4698438599 6.1890112915 250.129770992 -70.1984732824 1.92366412214 END
START 6.81629212646 -11.9734025024 8.40604202881 250.129770992 -68.9770992366 7.23664122137 END
START 5.49708701172 -8.72686505127 1.05584293213 250.129770992 -62.9083969466 0.259541984733 END
START -4.49152231445 -4.33111080322 10.8241857056 250.129770992 -77.213740458 2.73282442748 END
START -0.711077893066 -10.2184526855 11.4011883057 250.129770992 -68.4503816794 14.2061068702 END
START 1.94409174805 -10.8648871338 3.91930811768 250.129770992 -70.4045801527 6.54961832061 END
START 4.78840332031 -16.7977188477 5.48990440674 250.129770992 -73.320610687 8.79389312977 END
START -1.62805712891 -2.20266552734 6.64869801025 250.129770992 -66.3358778626 9.00763358779 END
START -3.56257207031 -3.9121255127 6.33026918945 250.129770992 -68.7404580153 -0.0534351145038 END
START 7.6255322876 -10.4435076416 10.4889974731 250.129770992 -71.0534351145 25.2748091603 END
START 2.08295544434 -10.2400005005 7.09880792236 250.129770992 -61.320610687 2.86259541985 END
START -2.80361014404 -8.43237824707 3.33751711426 250.129770992 -64.6030534351 10.9160305344 END
START -2.65995804443 -8.9591026123 7.50821640625 250.129770992 -75.4122137405 -0.526717557252 END
START 4.71657727051 -4.36941802979 7.08923111572 250.129770992 -69.4122137405 17.5877862595 END