START -1.45567460937 -15.8759512085 6.37815322266 250.129770992 -73.7099236641 4.75572519084 END
START -4.51307012939 -11.2838724243 12.6940572021 250.129770992 -80.9160305344 15.8091603053 END
START 6.69658204346 -10.3525279785 6.81150372314 250.129770992 -72.7480916031 1.30534351145 END
START -1.08217915039 -6.07169541016 6.0573302002 250.129770992 -75.7709923664 11.3435114504 END
START 0.433350500488 -7.70693514404 7.6255322876 250.129770992 -73.3358778626 8.76335877863 END
START 2.88980140381 -11.7339823364 7.25682523193 250.129770992 -72.1374045802 17.6564885496 END
START -0.519541760254 -11.1306435181 11.1737391479 250.129770992 -79.4351145038 5.18320610687 END
START -4.07732542725 -13.0029092163 7.71172354736 250.129770992 -70.6183206107 3.13740458015 END
START -1.46285721436 -12.6006833374 1.64721074219 250.129770992 -79.5190839695 -0.549618320611 END
START -2.08056124268 -7.967903125 7.36935270996 250.129770992 -77.9694656489 16.1908396947 END
START 0.387860668945 -5.42765516357 7.24724842529 250.129770992 -83.8015267176 7.16030534351 END
START -1.49398183594 -7.54173522949 6.25844313965 250.129770992 -84.1679389313 5.04580152672 END
START 3.6535517334 -13.6445552612 7.41244833984 250.129770992 -96.0076335878 15.2900763359 END
START -0.272938989258 -5.22414802246 7.35977590332 250.129770992 -84.6564885496 16.7786259542 END
START -0.430956298828 -6.94797321777 2.21463653564 250.129770992 -101.221374046 -0.465648854962 END
START -2.83473476562 -8.04691177979 4.83868155518 250.129770992 -104.290076336 0.625954198473 END
START 2.35589443359 -11.3126028442 7.18260498047 250.129770992 -106.183206107 4.57251908397 END
START -1.47722242432 -15.9262294434 8.21211169434 250.129770992 -95.4351145038 7.36641221374 END
START 8.21211169434 -11.7076461182 9.43315454102 250.129770992 -95.8549618321 17.2671755725 END
START -3.48356341553 -5.79636221924 9.60793126221 250.129770992 -104.496183206 5.23664122137 END
START -0.246602770996 -11.645396875 7.77636699219 250.129770992 -97.0687022901 5.84732824427 END
START 1.97761057129 -8.0397291748 8.23365950928 250.129770992 -104.992366412 7.60305343511 END
START 4.45560928955 -7.58722506104 8.92797799072 250.129770992 -104.603053435 1.42748091603 END
START -0.0933738647461 -9.12669672852 4.48194550781 250.129770992 -102.519083969 -4.5572519084 END
START -4.20900651855 -8.25999572754 10.8026378906 250.129770992 -104.229007634 4.29770992366 END
START 2.64080443115 -8.15704505615 7.2831614502 250.129770992 -104.297709924 10.3358778626 END
START 4.45321508789 -5.07570751953 1.10851536865 250.129770992 -101.877862595 5.18320610687 END
START 1.55862528076 -13.3811930786 7.99902774658 250.129770992 -104.702290076 10.1755725191 END
START 0.225054956055 -13.5535755981 7.81706842041 250.129770992 -105.427480916 5.20610687023 END
START 1.84353527832 -12.0859299805 9.76834277344 250.129770992 -104.396946565 -1.4427480916 END
START -0.0550666381836 -18.1815674072 3.23696064453 250.129770992 -103.847328244 13.2595419847 END
START 5.32231029053 -10.5416699097 17.0371390137 250.129770992 -104.526717557 -3.63358778626 END
START -1.73100780029 -12.4522428345 1.90817872314 250.129770992 -101.015267176 2.22900763359 END
START 5.29836827393 -10.8696755371 6.79713851318 250.129770992 -105.007633588 5.0 END
START 0.289698400879 -9.80665 5.22893642578 250.129770992 -105.229007634 16.9923664122 END
START 5.68383474121 -7.78594379883 12.004527124 250.129770992 -103.641221374 7.30534351145 END
START -3.83551105957 -1.01992990723 7.01022246094 250.129770992 -89.106870229 -1.19083969466 END
START 10.6374379761 -11.1689507446 8.74601866455 250.129770992 -78.8320610687 6.8320610687 END
START 2.4516625 -11.6621562866 9.7707369751 250.129770992 -73.2595419847 14.9083969466 END
START 2.23139594727 -13.5032973633 6.32548078613 250.129770992 -61.0992366412 8.0534351145 END
START 1.05823713379 -9.89523546143 10.5584293213 250.129770992 -59.3435114504 7.49618320611 END
START 1.2138602417 -9.08120689697 5.35582911377 250.129770992 -53.534351145 1.96183206107 END
START -0.198718737793 -10.9917798218 9.48582697754 250.129770992 -44.9923664122 11.7709923664 END
START 10.5656119263 -14.8632039062 6.55053574219 250.129770992 -48.0763358779 -5.56488549618 END
START 5.78199700928 -17.3292316162 10.6757452026 250.129770992 -41.4580152672 -1.32824427481 END
START -1.19470662842 -12.7706716553 11.0229044434 250.129770992 -45.9312977099 -1.57251908397 END
START -0.543483776855 -12.0308633423 5.24809003906 250.129770992 -45.9847328244 11.1374045802 END
START 0.0287304199219 -7.44357296143 7.56807144775 250.129770992 -47.6488549618 -3.72519083969 END
START 2.81318695068 -4.63756861572 7.89368287354 250.129770992 -45.0381679389 9.67938931298 END
START 10.5727945312 -11.5592056152 8.37252320557 250.129770992 -44.8702290076 7.27480916031 END
START -0.703895288086 -12.1146604004 6.99346304932 250.129770992 -40.1679389313 6.34351145038 END
START 3.65115753174 -10.4746322632 5.61200869141 250.129770992 -44.2595419847 -0.801526717557 END
START 1.71903679199 -8.8154505127 7.57764825439 250.129770992 -45.2290076336 0.0610687022901 END
START 5.42047255859 -9.78749638672 5.27203205566 250.129770992 -33.5190839695 9.26717557252 END
START 2.1571756958 -8.61194337158 6.88093557129 250.129770992 -49.8015267176 8.12213740458 END
START 0.169988317871 -3.44765039062 10.9822030151 250.129770992 -60.534351145 6.23664122137 END
START 4.91050760498 -6.87614716797 7.0006456543 250.129770992 -65.3740458015 2.00763358779 END
START -0.562637390137 -11.3772462891 5.38216533203 250.129770992 -54.0534351145 0.282442748092 END
START -2.01591779785 -7.86974085693 7.12753834229 250.129770992 -55.2519083969 1.93129770992 END
START -4.39814844971 -16.55590448 2.40617266846 250.129770992 -63.534351145 10.6870229008 END
START -1.09415015869 -9.58638344727 4.5489831543 250.129770992 -73.4045801527 7.3893129771 END
START -1.34314713135 -7.3909005249 2.55221896973 250.129770992 -72.320610687 2.53435114504 END
START 6.76840809326 -12.2870429199 5.42765516357 250.129770992 -78.8396946565 4.51145038168 END
START 1.36469494629 -14.2383172729 6.86896456299 250.129770992 -94.641221374 9.64122137405 END
START -2.78924493408 -11.7244055298 6.98149204102 250.129770992 -92.5954198473 4.15267175573 END
START 4.54658895264 -2.70784207764 8.99022723389 250.129770992 -90.0763358779 6.63358778626 END
START 4.20182391357 -12.5982891357 6.68939943848 250.129770992 -92.0 13.1221374046 END
START 3.26329686279 -7.44836136475 9.79707319336 250.129770992 -104.458015267 9.8320610687 END
START 13.7882073608 -16.5606928833 4.81473953857 250.129770992 -104.305343511 3.83969465649 END
START -1.74537301025 -13.0795236694 4.39096584473 250.129770992 -104.236641221 9.22900763359 END
START -1.51552965088 -12.7634890503 6.11479104004 250.129770992 -103.854961832 18.427480916 END
START 0.383072265625 -5.83945784912 8.90403597412 250.129770992 -103.557251908 11.1374045802 END
START 3.46201560059 -1.32399351807 6.58166036377 250.129770992 -110.541984733 10.213740458 END
START 5.8226984375 -13.4482307251 6.45237347412 250.129770992 -109.389312977 4.69465648855 END
START 2.83952316895 -19.6133 7.51539901123 250.129770992 -103.106870229 4.77099236641 END
START 7.81228001709 -6.84023414307 9.69412252197 250.129770992 -103.488549618 6.67175572519 END
START -3.14837518311 -12.7563064453 7.44596716309 250.129770992 -103.282442748 5.47328244275 END
START 1.2378022583 -5.20738861084 8.9591026123 250.129770992 -104.145038168 10.0381679389 END
START 2.50433493652 -7.59440766602 5.65749852295 250.129770992 -104.015267176 18.9694656489 END
START 9.1578213501 -11.6501852783 8.37731160889 250.129770992 -102.648854962 5.29007633588 END
START 1.24259066162 -13.7068045044 7.9200190918 250.129770992 -103.786259542 8.2213740458 END
START 3.08133753662 -3.46201560059 7.00543405762 250.129770992 -100.984732824 5.32061068702 END
START 6.54574733887 -6.12676204834 5.28400306396 250.129770992 -85.4809160305 4.48091603053 END
START 7.47709178467 -11.8967880493 6.05972440186 250.129770992 -76.5496183206 10.0687022901 END
START 9.13627353516 -11.2024695679 11.1617681396 250.129770992 -79.5801526718 15.5496183206 END
START 4.54180054932 -9.23683000488 9.35654008789 250.129770992 -65.572519084 -2.9465648855 END
START 7.38371791992 -8.32942757568 11.159373938 250.129770992 -51.2595419847 10.3816793893 END
START 8.09958421631 -1.30483990479 5.94001431885 250.129770992 -46.8549618321 6.63358778626 END
START 8.45632026367 -5.88015927734 10.5201220947 250.129770992 -51.8015267176 14.1755725191 END
START -0.962469067383 -7.42202514648 3.95761534424 250.129770992 -42.6717557252 3.39694656489 END
START 2.77487972412 -3.72777198486 9.47385596924 250.129770992 -43.3893129771 1.70229007634 END
START 0.227449157715 -12.5887123291 8.37012900391 250.129770992 -40.1221374046 9.43511450382 END
START 4.99669886475 -5.80354482422 0.782903942871 250.129770992 -41.6106870229 4.35114503817 END
START -3.3949779541 -9.81383260498 11.2503536011 250.129770992 -40.9923664122 13.7099236641 END
START -0.641646044922 -8.09479581299 10.4674496582 250.129770992 -39.4351145038 3.71755725191 END
START 3.30878669434 -12.1194488037 11.1785275513 250.129770992 -30.9541984733 11.0763358779 END
START 5.24330163574 -11.3796404907 12.1098719971 250.129770992 -44.4427480916 9.95419847328 END
START 0.905008227539 -14.2646534912 6.26323154297 250.129770992 -40.8473282443 5.0534351145 END
START 4.08690223389 -4.30716878662 8.72447084961 250.129770992 -44.9007633588 2.87022900763 END
START 5.66946953125 -12.5599819092 2.95205064697 250.129770992 -40.2824427481 1.5572519084 END