START -2.19069451904 -10.5943423462 11.159373938 250.129770992 -70.6259541985 11.0305343511 END
START -1.03908352051 -9.90960067139 5.1738697876 250.129770992 -83.0992366412 3.09160305344 END
START -2.64319863281 -8.65743320312 5.67904633789 250.129770992 -73.3053435115 10.641221374 END
START 2.30561619873 -9.45709655762 13.0340338379 250.129770992 -76.8549618321 3.32824427481 END
START 2.35828863525 -8.44674345703 9.69412252197 250.129770992 -89.4122137405 7.45038167939 END
START 1.97042796631 -4.83389315186 1.75255561523 250.129770992 -94.9694656489 0.923664122137 END
START -0.351947644043 -6.79953271484 1.80762225342 250.129770992 -90.0992366412 12.5877862595 END
START -0.955286462402 -6.78516750488 4.71657727051 250.129770992 -91.5038167939 7.18320610687 END
START -6.11239683838 -4.12760366211 14.3053549194 250.129770992 -90.2442748092 3.18320610687 END
START -3.3830069458 -11.0995188965 12.744335437 250.129770992 -89.2061068702 9.1679389313 END
START -0.634463439941 -13.1968395508 7.74284816895 250.129770992 -89.5954198473 9.21374045802 END
START -3.88818349609 -15.6149832275 6.38533582764 250.129770992 -103.923664122 11.2977099237 END
START -7.108384729 -14.4681606323 12.3684457764 250.129770992 -104.13740458 3.35877862595 END
START 5.47553919678 -7.64229169922 7.30949766846 250.129770992 -105.27480916 6.93129770992 END
START 7.21612380371 -6.76840809326 8.77235488281 250.129770992 -104.496183206 -0.450381679389 END
START -5.37019432373 -15.0858646606 9.53131680908 250.129770992 -104.198473282 7.09923664122 END
START 1.81001645508 -11.7124345215 5.47314499512 250.129770992 -104.809160305 8.8320610687 END
START 8.55927093506 -12.1338140137 8.48505068359 250.129770992 -104.557251908 6.32824427481 END
START -2.86825358887 -7.02937607422 11.039663855 250.129770992 -103.770992366 3.71755725191 END
START 5.41568415527 -9.8305920166 3.6056677002 250.129770992 -104.488549618 -3.12977099237 END
START -6.92642540283 -12.0548053589 14.0419927368 250.129770992 -104.305343511 0.717557251908 END
START 0.940921252441 -11.6645504883 5.69580574951 250.129770992 -105.458015267 5.48091603053 END
START -7.01501086426 -10.0125513428 8.25760152588 250.129770992 -97.6106870229 13.7786259542 END
START -1.39103116455 -2.66953485107 12.1338140137 250.129770992 -97.0229007634 9.22900763359 END
START -1.39821376953 -8.98304462891 14.9685487793 250.129770992 -78.1603053435 10.9389312977 END
START 3.84987626953 -9.85692823486 9.60793126221 250.129770992 -92.7709923664 0.885496183206 END
START 4.95360323486 -12.5144920776 9.35414588623 250.129770992 -93.4961832061 3.20610687023 END
START 11.8082025879 -2.81318695068 5.91607230225 250.129770992 -98.2595419847 2.72519083969 END
START 7.35738170166 -6.69179364014 11.9662198975 250.129770992 -87.0610687023 8.0 END
START 0.560243188477 -9.83777462158 13.1776859375 250.129770992 -86.3511450382 7.97709923664 END
START -5.27203205566 -6.37815322266 7.74045396729 250.129770992 -66.0458015267 9.76335877863 END
START 9.13627353516 -7.7093293457 10.2519715088 250.129770992 -63.5267175573 11.358778626 END
START -2.38462485352 -2.71263048096 10.2639425171 250.129770992 -55.465648855 10.4961832061 END
START 4.50109912109 -8.38449421387 8.98783303223 250.129770992 -49.2595419847 6.02290076336 END
START 6.31590397949 -6.72531246338 6.63193859863 250.129770992 -49.9312977099 6.88549618321 END
START 1.81241065674 -12.86404552 8.37970581055 250.129770992 -63.1908396947 -3.51145038168 END
START 4.09887324219 -6.06211860352 9.37569370117 250.129770992 -56.2595419847 17.465648855 END
START 2.50194073486 -7.80270321045 8.3102739624 250.129770992 -53.5496183206 -1.11450381679 END
START 3.06218392334 -12.0404401489 6.28238515625 250.129770992 -52.1450381679 15.0916030534 END
START -3.44046778564 -11.1976811646 8.72686505127 250.129770992 -53.0381679389 11.5114503817 END
START -2.28885678711 -9.1578213501 12.5360398926 250.129770992 -55.0687022901 6.41221374046 END
START 1.30723410645 -14.8799633179 12.1098719971 250.129770992 -52.1526717557 11.0076335878 END
START -0.268150585937 -9.69172832031 12.1290256104 250.129770992 -50.4198473282 12.9160305344 END
START -3.97916315918 -10.4961800781 10.8744639404 250.129770992 -48.465648855 -3.78625954198 END
START 2.98796367187 -9.50737479248 13.3835872803 250.129770992 -51.6030534351 7.62595419847 END
START -0.952892260742 -9.10514891357 6.3997010376 250.129770992 -49.3664122137 8.06870229008 END
START 4.41730206299 -8.9351605957 3.66312854004 250.129770992 -59.9236641221 7.2213740458 END
START 0.361524450684 -5.73890137939 12.9646019897 250.129770992 -52.9770992366 -2.25954198473 END
START 4.48194550781 -9.39005891113 6.79953271484 250.129770992 -69.4809160305 4.06870229008 END
START 2.1332336792 -8.33182177734 10.180145459 250.129770992 -67.8778625954 4.38167938931 END
START -2.26252056885 -14.4250650024 6.48589229736 250.129770992 -66.893129771 2.84732824427 END
START -0.802057556152 -8.68855782471 4.95599743652 250.129770992 -73.6641221374 6.64122137405 END
START -6.58405456543 -10.2783077271 5.61200869141 250.129770992 -71.4351145038 5.28244274809 END
START 0.653617053223 -7.55131203613 9.48582697754 250.129770992 -76.7022900763 7.24427480916 END
START 3.3231519043 -8.99740983887 9.23683000488 250.129770992 -84.465648855 6.90076335878 END
START -0.866701000977 -11.7387707397 7.54412943115 250.129770992 -84.1603053435 -0.725190839695 END
START -4.55377155762 -9.78031378174 12.0859299805 250.129770992 -82.3282442748 7.64122137405 END
START -3.98634576416 -0.574608398438 4.23294853516 250.129770992 -97.5648854962 11.8702290076 END
START 3.08612593994 -11.5472346069 5.38216533203 250.129770992 -83.1526717557 8.8320610687 END
START 2.04464821777 -9.30147344971 3.56257207031 250.129770992 -105.564885496 16.9541984733 END
START 6.67742843018 -7.71890615234 6.6822168335 250.129770992 -96.0305343511 3.6641221374 END
START -7.22809481201 -8.18338127441 7.98705673828 250.129770992 -102.618320611 -1.61832061069 END
START -5.36780012207 -2.57376678467 11.7962315796 250.129770992 -100.06870229 14.4885496183 END
START -10.0412817627 -2.85149417725 7.0006456543 250.129770992 -100.251908397 13.1908396947 END
START -4.71178886719 -3.69664736328 6.18422288818 250.129770992 -104.572519084 15.1450381679 END
START -1.17076461182 -13.1776859375 6.10760843506 250.129770992 -97.2519083969 12.2824427481 END
START 1.32159931641 -11.8632692261 5.23611903076 250.129770992 -103.923664122 5.71755725191 END
START 4.75967290039 -4.38857164307 8.79390269775 250.129770992 -104.687022901 -0.145038167939 END
START 2.54982476807 -6.8019269165 11.4347071289 250.129770992 -103.65648855 9.28244274809 END
START -2.06380183105 -5.08289012451 10.8600987305 250.129770992 -103.969465649 6.12977099237 END
START 2.34871182861 -5.84903465576 5.63116230469 250.129770992 -103.992366412 1.69465648855 END
START -1.65678754883 -14.9613661743 13.0196686279 250.129770992 -105.435114504 8.73282442748 END
START 2.74136090088 -6.12197364502 4.2664673584 250.129770992 -105.091603053 17.2900763359 END
START 14.8967227295 -9.99818613281 7.54173522949 250.129770992 -92.5572519084 4.56488549618 END
START 3.33751711426 -5.73171877441 9.48343277588 250.129770992 -102.251908397 16.9541984733 END
START 8.53054051514 -5.53300003662 11.7842605713 250.129770992 -94.2671755725 8.74045801527 END
START 9.69412252197 -6.00226356201 6.06451280518 250.129770992 -85.9618320611 6.11450381679 END
START -0.0861912597656 -11.2335941895 10.0891657959 250.129770992 -79.4961832061 4.83969465649 END
START 4.28801517334 -12.7060282104 6.28477935791 250.129770992 -78.2748091603 4.6641221374 END
START 8.64306799316 -7.26400783691 8.6526447998 250.129770992 -64.320610687 7.96183206107 END
START 3.83072265625 -10.9941740234 10.7810900757 250.129770992 -67.4122137405 -3.40458015267 END
START -0.869095202637 -15.9908728882 7.18499918213 250.129770992 -70.1679389313 16.6488549618 END
START 4.40293685303 -5.71735356445 10.0556469727 250.129770992 -59.2671755725 10.2900763359 END
START 6.97430943604 -5.62397969971 9.46188496094 250.129770992 -54.1832061069 4.45038167939 END
START -1.09654436035 -3.19147081299 4.91290180664 250.129770992 -59.1221374046 -1.58015267176 END
START 1.27132108154 -11.9614314941 11.8752402344 250.129770992 -50.7786259542 6.51145038168 END
START 7.4148425415 -10.1418382324 9.50976899414 250.129770992 -48.0305343511 1.69465648855 END
START -4.07971962891 -3.14598098145 12.8879875366 250.129770992 -49.0992366412 -0.24427480916 END
START -0.519541760254 -3.61524450684 10.9965682251 250.129770992 -52.3435114504 7.57251908397 END
START -5.21217701416 -16.2590234741 11.6860983032 250.129770992 -45.2671755725 11.0992366412 END
START 8.52575211182 -9.77313117676 4.76206710205 250.129770992 -46.786259542 8.96946564885 END
START 0.0215478149414 -8.74123026123 11.0707884766 250.129770992 -39.3664122137 7.41984732824 END
START 0.644040246582 -0.320823022461 13.864821814 250.129770992 -40.5648854962 2.81679389313 END
START 5.882553479 -3.84987626953 5.37498272705 250.129770992 -56.6259541985 10.0152671756 END
START -1.98718737793 -7.80030900879 7.42202514648 250.129770992 -60.0610687023 -3.18320610687 END
START 4.63756861572 -8.60954916992 13.0292454346 250.129770992 -52.0534351145 -3.39694656489 END
START 4.21618912354 -4.07732542725 4.24970794678 250.129770992 -50.4885496183 -1.67175572519 END
START 5.40850155029 -11.8512982178 5.27921466064 250.129770992 -51.0076335878 12.9160305344 END
START -2.02788880615 -9.30626185303 6.71334145508 250.129770992 -52.0076335878 13.358778626 END