START 1.90578452148 -14.1425492065 10.7308118408 250.129770992 -83.8625954198 9.06106870229 END
START -0.330399829102 -8.8872765625 14.0228391235 250.129770992 -93.3435114504 4.54198473282 END
START 3.80917484131 -10.2974613403 7.84340463867 250.129770992 -72.3129770992 3.19847328244 END
START -8.38928261719 -9.98382092285 7.60637867432 250.129770992 -71.1908396947 -1.02290076336 END
START -5.25527264404 -5.46596239014 12.2463414917 250.129770992 -64.6946564885 6.01526717557 END
START 1.06541973877 -12.1697270386 10.3166149536 250.129770992 -78.1832061069 5.68702290076 END
START 1.69270057373 -5.29357987061 5.91607230225 250.129770992 -77.8473282443 6.93893129771 END
START 2.76051451416 -11.6094838501 6.22013591309 250.129770992 -54.6335877863 -0.488549618321 END
START -0.280121594238 -15.5670991943 5.97353314209 250.129770992 -57.1603053435 12.7328244275 END
START 1.53468326416 -10.6541973877 7.26400783691 250.129770992 -70.3358778626 5.99236641221 END
START 5.31752188721 -11.0085392334 5.03740029297 250.129770992 -79.4961832061 -1.47328244275 END
START 3.73256038818 -8.03015236816 8.25999572754 250.129770992 -72.0 11.320610687 END
START 5.31752188721 -10.7212350342 4.2305543335 250.129770992 -60.7633587786 4.6106870229 END
START 11.7435591431 -7.0126166626 8.60236656494 250.129770992 -74.8702290076 2.9465648855 END
START 0.222660754395 -15.7514527222 3.63918652344 250.129770992 -68.3282442748 4.48854961832 END
START 3.24893165283 -11.5065331787 6.93360800781 250.129770992 -83.358778626 -3.58015267176 END
START 1.88423670654 -10.4818148682 0.802057556152 250.129770992 -83.5038167939 4.32061068702 END
START -0.565031591797 -4.55855996094 11.9494604858 250.129770992 -82.7022900763 5.85496183206 END
START 0.402225878906 -2.38223065186 5.06852491455 250.129770992 -84.0381679389 7.29770992366 END
START 1.7908628418 -8.77953748779 6.32548078613 250.129770992 -89.4732824427 3.21374045802 END
START -3.76129080811 -7.16345136719 3.79002122803 250.129770992 -93.5877862595 -1.26717557252 END
START 0.253785375977 0.735019909668 13.2590887939 250.129770992 -100.244274809 -1.67938931298 END
START 5.03979449463 -11.8369330078 6.15549246826 250.129770992 -104.27480916 2.45801526718 END
START 8.30309135742 -7.71172354736 2.7222072876 250.129770992 -104.816793893 6.1679389313 END
START 2.85628258057 -4.58010777588 11.3030260376 250.129770992 -105.465648855 4.36641221374 END
START -1.34314713135 -9.98382092285 2.78924493408 250.129770992 -104.374045802 1.24427480916 END
START 1.18034141846 -12.8472861084 7.56328304443 250.129770992 -117.099236641 9.76335877863 END
START -4.31195718994 -11.511321582 7.38850632324 250.129770992 -119.679389313 7.26717557252 END
START 1.84114107666 -7.9798741333 7.44117875977 250.129770992 -119.305343511 7.07633587786 END
START -2.46842191162 -9.5241342041 6.71094725342 250.129770992 -115.41221374 4.85496183206 END
START 0.296881005859 -11.5352635986 5.20020600586 250.129770992 -123.79389313 5.32061068702 END
START 0.119710083008 0.565031591797 4.52743533936 250.129770992 -112.290076336 9.11450381679 END
START -0.706289489746 -12.4283008179 5.51384642334 250.129770992 -104.404580153 4.98473282443 END
START 6.1530982666 -10.6063133545 4.94642062988 250.129770992 -105.519083969 9.09160305344 END
START -1.65678754883 -3.28723887939 11.2120463745 250.129770992 -107.709923664 11.8396946565 END
START 3.9959225708 -7.88889447021 10.7499654541 250.129770992 -111.229007634 0.465648854962 END
START -1.41736738281 -12.2846487183 7.84819304199 250.129770992 -103.786259542 14.2366412214 END
START 6.39012423096 -9.91199487305 8.54011732178 250.129770992 -104.34351145 -1.12213740458 END
START -1.22583125 -3.99352836914 9.11472572021 250.129770992 -87.0763358779 13.5572519084 END
START 10.0915599976 -10.0771947876 9.8305920166 250.129770992 -77.3435114504 9.31297709924 END
START 9.89044705811 -13.0292454346 11.4418897339 250.129770992 -74.8015267176 14.1221374046 END
START 12.7419412354 -9.12430252686 8.57363614502 250.129770992 -67.5801526718 10.786259542 END
START 5.05655390625 -8.14507404785 9.27992563477 250.129770992 -54.6335877863 2.51145038168 END
START 12.2966197266 -9.80665 11.9566430908 250.129770992 -44.7709923664 2.32824427481 END
START -2.24815535889 -11.2982376343 4.76924970703 250.129770992 -51.5190839695 5.64122137405 END
START 7.08923111572 -11.4347071289 8.53054051514 250.129770992 -37.5801526718 3.58015267176 END
START -1.74058460693 -9.57441243896 5.79157381592 250.129770992 -39.9083969466 13.6564885496 END
START 1.30723410645 -8.34858118896 10.6757452026 250.129770992 -44.0534351145 1.87786259542 END
START -0.225054956055 -12.1625444336 5.29118566895 250.129770992 -38.3740458015 8.24427480916 END
START 4.0198645874 -6.0573302002 8.14028564453 250.129770992 -37.1145038168 0.793893129771 END
START -3.97916315918 -8.61912597656 6.01423457031 250.129770992 -33.9847328244 3.37404580153 END
START 4.71897147217 -13.2734540039 6.50504591064 250.129770992 -29.4809160305 -0.87786259542 END
START 4.77164390869 -9.7707369751 11.0516348633 250.129770992 -40.3358778626 11.7557251908 END
START 0.794874951172 -11.3413332642 11.884817041 250.129770992 -45.8854961832 -1.56488549618 END
START -0.234631762695 -14.5735055054 5.74129558105 250.129770992 -35.5801526718 4.11450381679 END
START -0.418985290527 -12.2343704834 6.51222851562 250.129770992 -29.9007633588 2.68702290076 END
START -1.29286889648 -10.2759135254 4.39814844971 250.129770992 -53.2595419847 -2.0 END
START -1.5801730957 -7.41963094482 3.88578929443 250.129770992 -50.0916030534 9.67175572519 END
START 2.29843359375 -11.04684646 9.7946789917 250.129770992 -59.0610687023 5.88549618321 END
START 3.93127912598 -15.4138702881 5.33906970215 250.129770992 -49.3511450382 2.90839694656 END
START 4.47236870117 -5.53060583496 12.5025210693 250.129770992 -55.8625954198 -2.92366412214 END
START -3.42610257568 -5.57130726318 5.98789835205 250.129770992 -62.9618320611 3.02290076336 END
START 7.79073220215 -6.16985767822 10.6685625977 250.129770992 -71.5190839695 1.67175572519 END
START 1.66636435547 -6.5074401123 3.15555778809 250.129770992 -71.7099236641 5.80916030534 END
START -8.2384479126 -9.96227310791 6.57926616211 250.129770992 -83.1297709924 8.22900763359 END
START 4.68784685059 -10.6637741943 5.00388146973 250.129770992 -99.6106870229 9.76335877863 END
START 7.36456430664 -7.85537564697 1.80762225342 250.129770992 -104.122137405 15.7404580153 END
START 0.442927307129 -11.166556543 8.52335791016 250.129770992 -98.2442748092 5.78625954198 END
START 2.24815535889 -11.4442839355 10.4698438599 250.129770992 -104.007633588 11.3740458015 END
START -2.54503636475 -16.8575738892 4.60404979248 250.129770992 -106.259541985 4.97709923664 END
START 0.665588061523 -7.79312640381 8.66461580811 250.129770992 -102.251908397 2.68702290076 END
START 10.3453453735 -6.40688364258 6.46913288574 250.129770992 -106.916030534 3.12213740458 END
START 2.1691467041 -9.89762966309 8.93755479736 250.129770992 -104.480916031 5.74809160305 END
START 1.42694418945 -9.1578213501 10.6853220093 250.129770992 -104.122137405 6.98473282443 END
START 0.450109912109 -8.49702169189 9.67257470703 250.129770992 -105.419847328 6.83969465649 END
START 5.97113894043 -6.4595560791 8.37731160889 250.129770992 -104.740458015 1.27480916031 END
START -0.270544787598 -4.41251365967 1.73819040527 250.129770992 -105.022900763 -1.97709923664 END
START -0.318428820801 -9.31823286133 7.38371791992 250.129770992 -103.404580153 -0.30534351145 END
START 0.399831677246 -8.77714328613 4.87698878174 250.129770992 -105.511450382 12.9541984733 END
START 5.25287844238 -8.56645354004 4.29998618164 250.129770992 -101.183206107 1.0 END
START 6.39730683594 -10.6111017578 9.36851109619 250.129770992 -103.908396947 -2.68702290076 END
START 1.07739074707 -5.25048424072 14.3556331543 250.129770992 -104.389312977 1.30534351145 END
START 13.3333090454 -6.67982263184 10.8098204956 250.129770992 -94.7480916031 7.93129770992 END
START 8.88488236084 -13.244723584 13.5511813965 250.129770992 -86.8702290076 2.9465648855 END
START 9.92157167969 -10.7954552856 7.39808312988 250.129770992 -73.3129770992 -3.28244274809 END
START 14.3484505493 -5.44920297852 6.48110389404 250.129770992 -58.1984732824 2.7786259542 END
START 3.61285030518 -10.7212350342 8.83220992432 250.129770992 -62.4045801527 13.3664122137 END
START 0.201112939453 -9.55047042236 12.2367646851 250.129770992 -43.0458015267 16.0610687023 END
START 3.74453139648 -12.3109849365 8.71728824463 250.129770992 -42.7709923664 -0.717557251908 END
START 1.58735570068 -9.41878933105 12.0284691406 250.129770992 -33.7938931298 2.64122137405 END
START 3.16034619141 -12.4043588013 9.70848773193 250.129770992 -42.5114503817 4.16030534351 END
START 2.57616098633 -5.37019432373 8.99022723389 250.129770992 -33.8625954198 6.12213740458 END
START -0.651222851562 -7.70454094238 4.94642062988 250.129770992 -24.1450381679 6.90076335878 END
START -0.0263362182617 -12.3325327515 7.30470926514 250.129770992 -30.9923664122 10.5877862595 END
START 2.53785375977 -12.7730658569 8.9591026123 250.129770992 -31.6717557252 -0.770992366412 END
START 2.85388837891 -14.575899707 10.7427828491 250.129770992 -32.8320610687 -4.87786259542 END
START -7.20175859375 -7.37653531494 2.02310040283 250.129770992 -32.4580152672 9.82442748092 END
START 0.363918652344 -10.9893856201 12.4833674561 250.129770992 -34.2671755725 2.79389312977 END
START 0.883460412598 -9.15303294678 5.99508095703 250.129770992 -34.6030534351 9.0 END
START 8.41801303711 -11.7076461182 15.3348616333 250.129770992 -33.1145038168 4.4427480916 END
START 4.29998618164 -12.6988456055 10.5440641113 250.129770992 -32.9312977099 10.9160305344 END
START 4.75488449707 -8.79869110107 7.52497581787 250.129770992 -25.8091603053 7.23664122137 END
START -8.08521900635 -6.50265170898 7.81706842041 250.129770992 -32.3282442748 -2.26717557252 END
START -3.71819517822 -3.31357509766 6.82347473145 250.129770992 -22.6870229008 6.80916030534 END
START -1.1659762085 -8.98543883057 9.17458076172 250.129770992 -33.3740458015 -3.24427480916 END
START 11.659762085 -11.3102086426 5.51384642334 250.129770992 -20.5267175573 3.48854961832 END
START 0.713472094727 -9.66778630371 6.10042583008 250.129770992 -26.0839694656 6.43511450382 END
START 1.37906015625 -5.96874473877 9.04050546875 250.129770992 -26.3511450382 12.2748091603 END
START 5.40850155029 -9.01177504883 6.96952103271 250.129770992 -32.6259541985 13.0076335878 END
START -0.651222851562 -12.9789671997 12.1290256104 250.129770992 -34.3129770992 4.41984732824 END
START 4.47476290283 -8.70771143799 2.28646258545 250.129770992 -42.2595419847 8.29770992366 END
START -1.51552965088 -8.80108530273 6.03578238525 250.129770992 -36.893129771 1.99236641221 END
START -0.488417138672 -6.4116720459 7.01501086426 250.129770992 -35.0 7.57251908397 END
START 3.46919820557 -5.45877978516 3.85227047119 250.129770992 -42.4732824427 5.29007633588 END
START -0.794874951172 -6.46195028076 9.13866773682 250.129770992 -35.4427480916 8.49618320611 END
START 3.9719805542 -15.4689369263 9.58638344727 250.129770992 -41.4503816794 9.06106870229 END
START 2.35828863525 -10.4506902466 6.74686027832 250.129770992 -41.4809160305 -3.06106870229 END