START 0.61052142334 -15.1552965088 11.5903302368 250.129770992 -86.5877862595 13.6946564885 END
START 1.35511813965 -8.61433757324 5.20260020752 250.129770992 -81.8244274809 4.07633587786 END
START -5.34385810547 -13.0627642578 9.85692823486 250.129770992 -76.0534351145 3.58015267176 END
START 3.59130249023 -4.08450803223 9.27274302979 250.129770992 -80.3969465649 5.19847328244 END
START 6.26562574463 -18.1456543823 7.97508572998 250.129770992 -79.3129770992 1.52671755725 END
START 0.859518395996 -11.7052519165 10.1825396606 250.129770992 -82.9465648855 15.9618320611 END
START -5.96635053711 -10.7212350342 1.1899182251 250.129770992 -75.7786259542 0.328244274809 END
START 2.8299463623 -7.90325968018 6.68461103516 250.129770992 -67.7404580153 11.8778625954 END
START 2.96881005859 -7.48427438965 2.49475812988 250.129770992 -78.7328244275 4.51908396947 END
START 4.11084425049 -14.3723925659 6.4834980957 250.129770992 -80.4961832061 7.54961832061 END
START 1.07020814209 -14.69560979 3.1364041748 250.129770992 -71.9389312977 3.26717557252 END
START 2.38223065186 -6.29675036621 5.58327827148 250.129770992 -68.3893129771 17.3969465649 END
START -0.933738647461 -6.15549246826 -1.16837041016 250.129770992 -76.9847328244 3.03816793893 END
START -0.0957680664062 -10.1083194092 3.45243879395 250.129770992 -78.9770992366 7.14503816794 END
START 0.0837970581055 -9.06923588867 7.75481917725 250.129770992 -86.9312977099 1.41984732824 END
START 1.88902510986 -13.6541320679 6.24647213135 250.129770992 -93.6030534351 5.61832061069 END
START -0.481234533691 -8.02057556152 4.24731374512 250.129770992 -93.1450381679 10.358778626 END
START 6.30872137451 -8.97586202393 7.76918438721 250.129770992 -95.2824427481 13.6183206107 END
START -0.77093293457 -9.01177504883 9.4882211792 250.129770992 -94.9541984733 4.93893129771 END
START -0.641646044922 -8.08282480469 8.23365950928 250.129770992 -102.312977099 2.00763358779 END
START 1.60172091064 -8.88488236084 7.75481917725 250.129770992 -89.9007633588 6.48854961832 END
START -2.13562788086 -10.5273046997 8.89206496582 250.129770992 -101.175572519 8.0 END
START 4.3143513916 -12.1146604004 8.16901606445 250.129770992 -96.4198473282 12.7251908397 END
START 4.13239206543 -8.24084211426 7.25443103027 250.129770992 -105.091603053 8.41984732824 END
START -3.67988795166 -8.84657513428 5.5880666748 250.129770992 -104.870229008 2.70992366412 END
START 4.9751510498 -7.72848295898 7.6853873291 250.129770992 -103.916030534 -0.564885496183 END
START 3.25850845947 -14.4274592041 6.65588061523 250.129770992 -102.030534351 -3.52671755725 END
START -1.06541973877 -7.93917270508 7.53694682617 250.129770992 -107.221374046 5.7786259542 END
START 0.433350500488 -13.6948334961 6.96473262939 250.129770992 -104.27480916 1.57251908397 END
START -4.28083256836 -6.44040246582 8.95431420898 250.129770992 -104.526717557 3.50381679389 END
START -0.775721337891 -7.27597884521 7.51300480957 250.129770992 -104.129770992 4.74809160305 END
START -1.85550628662 -7.86734665527 8.74123026123 250.129770992 -103.954198473 10.2213740458 END
START 1.5442600708 -10.2256352905 7.37414111328 250.129770992 -104.099236641 2.09160305344 END
START 0.902614025879 -9.44751975098 12.2583125 250.129770992 -98.7022900763 14.4427480916 END
START 6.22971271973 -12.1864864502 10.3956236084 250.129770992 -104.129770992 2.51908396947 END
START 3.36864173584 -11.0875478882 10.0029745361 250.129770992 -102.580152672 8.38167938931 END
START 4.39336004639 -13.125013501 8.39885942383 250.129770992 -88.2748091603 5.79389312977 END
START 5.44202037354 -7.43878455811 10.3333743652 250.129770992 -92.4580152672 3.46564885496 END
START 10.2352120972 -14.7530706299 6.05493599854 250.129770992 -82.5572519084 6.19847328244 END
START 13.251906189 -16.5056262451 11.3054202393 250.129770992 -81.5648854962 2.89312977099 END
START 7.78115539551 -12.6413847656 9.81383260498 250.129770992 -87.7786259542 9.70992366412 END
START 5.50905802002 -11.4083709106 8.04691177979 250.129770992 -90.7709923664 -1.76335877863 END
START 1.06541973877 -18.4592947998 16.5152030518 250.129770992 -79.2900763359 -0.587786259542 END
START 6.59363137207 -15.308525415 15.6245600342 250.129770992 -62.0 5.96183206107 END
START 5.56173045654 -4.85783516846 7.18499918213 250.129770992 -75.6183206107 14.9465648855 END
START -0.878672009277 -13.4649901367 11.159373938 250.129770992 -74.6564885496 -0.63358778626 END
START -0.296881005859 -3.77565601807 9.04289967041 250.129770992 -65.0687022901 13.1755725191 END
START 10.5584293213 -10.5225162964 5.60482608643 250.129770992 -64.427480916 0.30534351145 END
START 3.53623585205 -6.61278498535 10.1178962158 250.129770992 -49.0610687023 0.206106870229 END
START 0.356736047363 -15.9549598633 9.19134017334 250.129770992 -55.7480916031 2.11450381679 END
START 2.94726224365 -10.2950671387 8.47068547363 250.129770992 -59.8396946565 4.63358778626 END
START 1.70227738037 -9.49779798584 7.6135612793 250.129770992 -42.7709923664 10.7557251908 END
START 5.32231029053 -7.93438430176 8.14267984619 250.129770992 -49.2900763359 -0.763358778626 END
START 9.91199487305 -10.6613799927 5.15711037598 250.129770992 -50.4198473282 2.30534351145 END
START 1.61608612061 -10.0005803345 6.01662877197 250.129770992 -43.9389312977 -1.64885496183 END
START 0.665588061523 -10.7571480591 8.25520732422 250.129770992 -55.0305343511 15.5267175573 END
START -0.677559069824 -6.62715019531 7.99423934326 250.129770992 -50.8625954198 -1.00763358779 END
START 9.93593688965 -10.2495773071 12.856862915 250.129770992 -54.2824427481 2.02290076336 END
START -0.612915625 -10.4387192383 8.91361278076 250.129770992 -55.2442748092 5.77099236641 END
START 0.347159240723 -14.7818010498 14.0084739136 250.129770992 -57.8778625954 0.541984732824 END
START -0.907402429199 -11.8201735962 8.00142194824 250.129770992 -50.3969465649 9.06870229008 END
START -0.00239420166016 -10.5225162964 6.92881960449 250.129770992 -54.3893129771 3.51145038168 END
START -0.0430956298828 -9.32302126465 8.74841286621 250.129770992 -52.3664122137 9.7786259542 END
START 5.89691868896 -9.59835445557 3.42610257568 250.129770992 -54.6106870229 5.25190839695 END
START 2.46123930664 -9.15303294678 7.55131203613 250.129770992 -60.7786259542 6.80152671756 END
START -3.2992098877 -8.2983029541 7.49624539795 250.129770992 -54.7557251908 8.13740458015 END
START 1.07978494873 -2.43729729004 5.67904633789 250.129770992 -56.8778625954 5.56488549618 END
START -2.87304199219 -4.91769020996 9.50737479248 250.129770992 -70.3282442748 3.17557251908 END
START 2.7341782959 -11.899182251 9.68215151367 250.129770992 -65.5038167939 7.41984732824 END
START 4.46039769287 -10.5560351196 7.6734163208 250.129770992 -67.9236641221 6.3893129771 END
START -1.41497318115 -17.78173573 6.51462271729 250.129770992 -71.4198473282 15.0839694656 END
START -2.81079274902 -11.3030260376 5.08049592285 250.129770992 -71.5572519084 5.42748091603 END
START 3.67749375 -16.2446582642 7.6973583374 250.129770992 -73.6030534351 17.5114503817 END
START -1.43173259277 -9.43076033936 4.90093079834 250.129770992 -81.9541984733 8.62595419847 END
START -0.718260498047 -5.71735356445 2.58813199463 250.129770992 -77.0305343511 6.77099236641 END
START -4.88417138672 -13.4075292969 5.89213028564 250.129770992 -72.1832061069 11.2061068702 END
START -8.55208833008 -7.16345136719 10.9415015869 250.129770992 -84.1679389313 19.5954198473 END
START -2.11408006592 -12.8161614868 1.6041151123 250.129770992 -79.1908396947 4.77099236641 END
START 7.62792648926 -14.8823575195 7.2951324585 250.129770992 -89.641221374 1.31297709924 END
START 0.246602770996 -10.8864349487 10.165780249 250.129770992 -86.6259541985 -2.78625954198 END
START -1.40060797119 -16.8743333008 4.75488449707 250.129770992 -100.541984733 6.89312977099 END
START -2.82276375732 -8.78672009277 5.51863482666 250.129770992 -90.8167938931 0.190839694656 END
START 3.07415493164 -7.71172354736 6.32548078613 250.129770992 -103.770992366 2.84732824427 END
START 0.237025964355 -9.09317790527 8.81784471436 250.129770992 -98.1832061069 -5.06870229008 END
START 3.38540114746 -6.31590397949 7.20175859375 250.129770992 -93.0992366412 4.23664122137 END
START 6.83305153809 -1.04387192383 8.32463917236 250.129770992 -91.7175572519 -3.32824427481 END
START 2.73896669922 -11.1785275513 7.50582220459 250.129770992 -88.8320610687 11.6870229008 END
START 3.45004459229 -10.771513269 6.03817658691 250.129770992 -79.4732824427 9.74809160305 END
START 4.8314989502 -3.39976635742 14.5711113037 250.129770992 -95.1603053435 15.534351145 END
START 1.87705410156 -10.2615483154 13.3309148437 250.129770992 -86.6946564885 10.7099236641 END
START 1.42933839111 -13.6708914795 5.99747515869 250.129770992 -95.465648855 11.4198473282 END
START 0.579396801758 -13.125013501 7.601590271 250.129770992 -96.6946564885 9.80916030534 END
START 5.53300003662 -10.5225162964 3.98873996582 250.129770992 -96.7328244275 7.50381679389 END
START 1.00556469727 -4.84586416016 9.09078370361 250.129770992 -78.572519084 13.7251908397 END
START 3.56017786865 -14.1257897949 11.8824228394 250.129770992 -75.8244274809 14.3740458015 END
START 0.414196887207 -7.24485422363 3.13400997314 250.129770992 -75.6870229008 10.6106870229 END
START 2.0973206543 -7.60398447266 2.36547124023 250.129770992 -74.9847328244 0.274809160305 END
START 7.29034405518 -7.9798741333 6.99585725098 250.129770992 -62.3816793893 9.11450381679 END
START 8.18816967773 -3.25372005615 12.2247936768 250.129770992 -69.7480916031 2.60305343511 END
START 4.8674119751 -13.5703350098 6.62475599365 250.129770992 -75.5496183206 1.96183206107 END
START -0.0167594116211 -6.1530982666 5.64552751465 250.129770992 -70.2213740458 8.75572519084 END
START 5.78439121094 -11.0947304932 6.7540428833 250.129770992 -67.5114503817 2.03816793893 END
START -0.15801730957 -11.0564232666 10.4626612549 250.129770992 -65.1374045802 7.02290076336 END
START 0.845153186035 -10.292672937 11.1785275513 250.129770992 -59.0839694656 4.25190839695 END
START 2.07816704102 -8.74841286621 6.51941112061 250.129770992 -50.534351145 1.48854961832 END
START 4.64714542236 -5.28639726562 6.73249506836 250.129770992 -45.9541984733 2.24427480916 END
START -0.433350500488 -15.7706063354 5.11401474609 250.129770992 -45.0534351145 10.0687022901 END
START 5.95916793213 -19.6133 6.28717355957 250.129770992 -46.0381679389 3.79389312977 END
START 1.95366855469 -7.80749161377 10.8792523438 250.129770992 -51.320610687 11.4198473282 END
START 0.114921679688 -3.04542451172 6.27999095459 250.129770992 -51.465648855 -1.39694656489 END
START 4.62320340576 -12.4067530029 8.65503900146 250.129770992 -53.4351145038 2.70229007634 END
START 6.82347473145 -18.9740481567 8.53772312012 250.129770992 -46.9541984733 -0.984732824427 END
START -1.64960494385 -10.5105452881 4.35744702148 250.129770992 -49.7633587786 5.0534351145 END
START 0.196324536133 -11.4083709106 4.46758029785 250.129770992 -37.679389313 9.54961832061 END
START -3.33751711426 -5.58088406982 11.6118780518 250.129770992 -50.1755725191 16.1755725191 END
START 4.13478626709 -9.68693991699 6.4116720459 250.129770992 -50.1832061069 -1.90076335878 END
START -2.4037784668 -15.2271225586 8.98304462891 250.129770992 -45.3893129771 3.70229007634 END
START 2.2170307373 -6.52659372559 3.53384165039 250.129770992 -57.4732824427 6.35114503817 END
START 1.62087452393 -10.5991307495 5.83227524414 250.129770992 -61.5954198473 10.9618320611 END
START 5.69341154785 -7.33343968506 10.5201220947 250.129770992 -61.4198473282 -1.36641221374 END
START 3.69904156494 -9.53131680908 7.67102211914 250.129770992 -68.3129770992 -1.74809160305 END
START -0.0957680664062 -13.3428858521 5.73171877441 250.129770992 -56.1450381679 8.02290076336 END
START -4.75009609375 -10.1777512573 2.49715233154 250.129770992 -59.4732824427 12.6335877863 END
START 4.15393988037 -9.62947907715 4.60404979248 250.129770992 -67.5496183206 -1.54198473282 END
START 0.644040246582 -10.4818148682 15.1002298706 250.129770992 -74.1984732824 0.0229007633588 END
START 7.0964137207 -7.97508572998 5.65510432129 250.129770992 -65.9465648855 -3.02290076336 END
START 3.70622416992 -14.7051865967 6.38294162598 250.129770992 -76.8091603053 4.30534351145 END
START 2.96641585693 -9.39005891113 5.20738861084 250.129770992 -75.4427480916 3.12977099237 END
START 11.0085392334 -10.165780249 6.12676204834 250.129770992 -79.2748091603 4.77099236641 END
START 1.32399351807 -8.09479581299 6.62236179199 250.129770992 -79.5648854962 1.48091603053 END
START 6.28956776123 -13.9007348389 6.72531246338 250.129770992 -82.8473282443 8.32824427481 END
START 2.44208569336 -7.79791480713 7.96311472168 250.129770992 -81.1221374046 10.7404580153 END
START -2.37265384521 -10.4387192383 9.25119521484 250.129770992 -65.8015267176 6.19847328244 END
START -0.0814028564453 -10.1753570557 2.91374342041 250.129770992 -76.8244274809 -1.99236641221 END
START 0.076614453125 -8.51856950684 8.20014068604 250.129770992 -76.6870229008 -2.69465648855 END
START 6.10042583008 -13.0627642578 10.1777512573 250.129770992 -76.6030534351 5.36641221374 END
START -7.3430164917 -5.37019432373 4.47236870117 250.129770992 -77.9923664122 4.99236641221 END
START 7.93917270508 -10.4411134399 6.44997927246 250.129770992 -72.7404580153 5.60305343511 END
START 1.55862528076 -15.3037370117 2.93289703369 250.129770992 -77.3893129771 20.9160305344 END
START -1.12527478027 -11.2288057861 9.67018050537 250.129770992 -82.2824427481 14.7786259542 END