START 6.87135876465 -9.26795462646 5.516240625 250.129770992 -88.2213740458 4.80916030534 END
START 3.59369669189 -12.9885440063 7.34780489502 250.129770992 -82.6106870229 19.3435114504 END
START -7.12993254395 -9.44512554932 5.36061751709 250.129770992 -70.5114503817 6.31297709924 END
START 5.98550415039 -9.87368764648 8.52335791016 250.129770992 -66.106870229 0.786259541985 END
START -0.512359155273 -13.6756798828 7.01979926758 250.129770992 -57.9007633588 8.75572519084 END
START -6.58884296875 -8.99022723389 5.52102902832 250.129770992 -54.7022900763 6.9465648855 END
START -0.296881005859 -13.9007348389 6.19379969482 250.129770992 -62.2977099237 6.30534351145 END
START 4.08211383057 -8.47068547363 8.67179841309 250.129770992 -44.0229007634 13.1145038168 END
START 1.51313544922 -9.2416184082 8.59518395996 250.129770992 -55.7557251908 5.06106870229 END
START -2.47799871826 -7.47709178467 10.7667248657 250.129770992 -54.0763358779 3.28244274809 END
START -2.29843359375 -10.2376062988 4.6208092041 250.129770992 -55.7404580153 10.7099236641 END
START 0.363918652344 -15.8591917969 10.046070166 250.129770992 -65.679389313 12.4122137405 END
START -11.4035825073 -6.4595560791 4.95599743652 250.129770992 -63.8473282443 9.64885496183 END
START 0.565031591797 -13.4937205566 3.87142408447 250.129770992 -64.4580152672 6.19847328244 END
START 3.30639249268 -6.09084902344 16.9413709473 250.129770992 -71.9312977099 11.213740458 END
START -1.78368023682 -12.7826426636 5.81551583252 250.129770992 -79.3282442748 -1.39694656489 END
START -2.57137258301 -9.43554874268 11.5592056152 250.129770992 -80.786259542 2.90076335878 END
START -1.15161099854 -9.61511386719 4.26886156006 250.129770992 -78.8244274809 3.58015267176 END
START 9.13148513184 -5.762843396 10.2232410889 250.129770992 -78.8244274809 8.58778625954 END
START -2.30322199707 -13.2064163574 6.75643708496 250.129770992 -85.4580152672 -5.35877862595 END
START -4.03901820068 -11.4969563721 9.84735142822 250.129770992 -83.320610687 -1.42748091603 END
START -5.65031591797 -9.64384428711 7.92241329346 250.129770992 -87.7709923664 -2.9465648855 END
START 3.6535517334 -10.912771167 5.20260020752 250.129770992 -88.1832061069 3.29007633588 END
START -0.237025964355 -5.5521536499 5.67904633789 250.129770992 -82.0992366412 -1.24427480916 END
START 2.88022459717 -12.8903817383 7.62074388428 250.129770992 -88.8091603053 -0.0229007633588 END
START 5.5521536499 -11.3221796509 1.4963760376 250.129770992 -97.9465648855 4.56488549618 END
START 7.46990917969 -11.3485158691 7.88889447021 250.129770992 -103.832061069 5.29770992366 END
START -1.42694418945 -15.7777889404 6.52659372559 250.129770992 -105.374045802 7.1679389313 END
START 3.24653745117 -6.38533582764 5.37498272705 250.129770992 -101.801526718 9.82442748092 END
START -2.37744224854 -17.3340200195 7.9319901001 250.129770992 -104.610687023 13.7099236641 END
START -3.25611425781 -9.61750806885 13.3620394653 250.129770992 -95.2061068702 4.96183206107 END
START -3.18668240967 -13.9941087036 7.93438430176 250.129770992 -104.557251908 1.10687022901 END
START -1.63523973389 -7.38132371826 7.64229169922 250.129770992 -103.809160305 5.97709923664 END
START -2.7222072876 -8.15704505615 5.65749852295 250.129770992 -92.5267175573 8.62595419847 END
START 3.70622416992 -10.912771167 6.41646044922 250.129770992 -104.58778626 -4.83969465649 END
START -3.69425316162 -7.32625708008 6.35421120605 250.129770992 -89.6183206107 -1.87022900763 END
START -2.24576115723 -9.70609353027 6.57208355713 250.129770992 -90.320610687 10.7709923664 END
START 10.7356002441 -8.25520732422 7.17542237549 250.129770992 -92.786259542 7.3358778626 END
START 1.88184250488 -17.1568490967 12.3732341797 250.129770992 -96.9007633588 11.7633587786 END
START -4.19703551025 -10.4770264648 13.9486188721 250.129770992 -93.3816793893 4.38167938931 END
START 5.87537087402 -9.80904420166 7.7332713623 250.129770992 -92.5648854962 0.648854961832 END
START 0.672770666504 -13.9438304687 1.09654436035 250.129770992 -95.2061068702 6.09923664122 END
START 1.32878192139 -16.7139217896 6.67982263184 250.129770992 -104.152671756 2.72519083969 END
START 0.909796630859 -8.03733497314 7.91762489014 250.129770992 -88.9770992366 12.5190839695 END
START 2.4157494751 -5.80354482422 9.90720646973 250.129770992 -89.0 10.8320610687 END
START 2.90895501709 -11.7483475464 8.08761320801 250.129770992 -86.2290076336 6.86259541985 END
START 5.51145222168 -15.3133138184 8.65025059814 250.129770992 -86.106870229 17.5038167939 END
START -6.6702458252 -12.9885440063 8.81305631104 250.129770992 -98.2595419847 5.63358778626 END
START 5.12837995605 -12.4642138428 5.13316835937 250.129770992 -86.9160305344 6.79389312977 END
START -1.36469494629 -7.36935270996 13.357251062 250.129770992 -85.7480916031 12.7709923664 END
START 0.976834277344 -13.745111731 7.50103380127 250.129770992 -95.5038167939 9.19083969466 END
START -1.88902510986 -9.53131680908 13.7259581177 250.129770992 -84.9923664122 10.6488549618 END
START 3.68228215332 -11.4035825073 7.20415279541 250.129770992 -81.8015267176 5.7786259542 END
START 2.04943662109 -10.0795889893 11.4945621704 250.129770992 -81.5038167939 9.3893129771 END
START 0.15562310791 -1.55383687744 14.597447522 250.129770992 -80.3664122137 11.3053435115 END
START 2.80839854736 -15.3324674316 6.84023414307 250.129770992 -70.4580152672 10.4885496183 END
START -2.04943662109 -5.76044919434 13.5176625732 250.129770992 -67.3282442748 18.3893129771 END
START -2.96162745361 -8.09000740967 15.696386084 250.129770992 -67.7633587786 5.67175572519 END
START 3.77805021973 -7.25443103027 5.1379567627 250.129770992 -64.5038167939 9.85496183206 END
START -0.936132849121 -15.6078006226 8.36534060059 250.129770992 -63.3893129771 7.48854961832 END
START 1.37666595459 -9.97663831787 7.70214674072 250.129770992 -69.0381679389 -1.6106870229 END
START -3.46440980225 -11.9877677124 11.2742956177 250.129770992 -66.0381679389 9.27480916031 END
START 5.35104071045 -0.440533105469 5.26245524902 250.129770992 -66.465648855 5.59541984733 END
START 4.65911643066 -15.7658179321 7.48666859131 250.129770992 -74.1374045802 -0.358778625954 END
START 4.96078583984 -8.38928261719 9.26316622314 250.129770992 -60.9847328244 3.3358778626 END
START 11.8153851929 -11.152191333 4.69502945557 250.129770992 -72.3129770992 8.62595419847 END
START -1.26653267822 -2.71502468262 11.1737391479 250.129770992 -67.7022900763 7.70992366412 END
START -0.775721337891 -3.94085593262 10.0077629395 250.129770992 -58.679389313 2.32061068702 END
START -3.77326181641 -11.8010199829 6.82108052979 250.129770992 -60.6106870229 2.60305343511 END
START 0.373495458984 -9.78989058838 7.97029732666 250.129770992 -64.3282442748 12.3358778626 END
START 4.84586416016 -11.8608750244 5.42526096191 250.129770992 -56.9770992366 4.62595419847 END
START -0.531512768555 -7.23767161865 9.31823286133 250.129770992 -54.1755725191 11.7786259542 END
START -5.43723197021 -0.847547387695 1.51313544922 250.129770992 -59.9465648855 6.69465648855 END
START 1.04866032715 -8.92797799072 6.74686027832 250.129770992 -60.2519083969 3.00763358779 END
START -0.29927520752 -12.2583125 6.37097061768 250.129770992 -64.8778625954 21.1374045802 END
START 2.37025964355 -1.33596452637 7.00303985596 250.129770992 -69.0610687023 6.09160305344 END
START 2.29125098877 -10.0987426025 8.36534060059 250.129770992 -65.6488549618 3.0534351145 END
START 2.03507141113 -4.2664673584 11.2599304077 250.129770992 -68.786259542 5.80916030534 END
START -2.61686241455 -11.1881043579 9.2057053833 250.129770992 -62.572519084 1.73282442748 END
START 5.4563855835 -6.88093557129 6.22013591309 250.129770992 -52.320610687 13.7404580153 END
START 2.92810863037 -7.3430164917 10.1825396606 250.129770992 -63.3435114504 8.60305343511 END
START 3.20583602295 -12.617442749 10.0317049561 250.129770992 -63.0763358779 15.7099236641 END
START 3.39018955078 -7.43639035645 7.67102211914 250.129770992 -61.2213740458 4.78625954198 END
START -2.54743056641 -9.65342109375 13.1681091309 250.129770992 -65.0229007634 13.5038167939 END
START 3.25850845947 -1.69030637207 9.70130512695 250.129770992 -62.5114503817 5.45038167939 END
START 7.14429775391 -12.9478425781 12.0380459473 250.129770992 -62.3893129771 10.3435114504 END
START -0.471657727051 -10.6781394043 4.22576593018 250.129770992 -67.1755725191 11.5954198473 END
START 2.45884510498 1.44609780273 9.22246479492 250.129770992 -74.8396946565 4.80152671756 END
START 3.80438643799 -5.30794508057 7.25443103027 250.129770992 -77.3282442748 6.62595419847 END
START 8.72686505127 -5.27442625732 10.9845972168 250.129770992 -74.6183206107 7.09923664122 END
START 4.8434699585 -12.751518042 9.81622680664 250.129770992 -79.4351145038 0.129770992366 END
START -3.08612593994 -3.92888492432 10.4243540283 250.129770992 -75.3969465649 10.8320610687 END
START -1.27132108154 -10.0364933594 9.56244143066 250.129770992 -94.9007633588 3.64122137405 END
START 0.328005627441 -4.73094248047 7.43160195312 250.129770992 -76.5801526718 2.91603053435 END
START 8.49462749023 -7.91044228516 7.46033237305 250.129770992 -92.0458015267 6.02290076336 END
START -2.04464821777 -8.25520732422 -0.0837970581055 250.129770992 -85.1984732824 9.79389312977 END
START -2.40856687012 -9.8186210083 5.68383474121 250.129770992 -101.618320611 7.76335877863 END
START 7.30231506348 -12.7778542603 6.90966599121 250.129770992 -104.320610687 -2.93893129771 END
START -0.258573779297 -11.7220113281 8.91840118408 250.129770992 -106.961832061 5.4427480916 END
START 0.706289489746 -9.40442412109 5.15711037598 250.129770992 -102.641221374 3.63358778626 END
START -3.25132585449 -5.26006104736 7.25203682861 250.129770992 -105.335877863 4.53435114504 END
START -2.11886846924 -11.906364856 10.8241857056 250.129770992 -104.992366412 9.59541984733 END
START 0.505176550293 2.22421334229 7.84340463867 250.129770992 -103.755725191 2.54198473282 END
START 0.840364782715 -7.98945093994 6.84023414307 250.129770992 -102.381679389 4.61832061069 END
START 5.18823499756 -9.62947907715 7.19457598877 250.129770992 -104.007633588 13.6870229008 END
START -1.40060797119 -11.7459533447 8.42758984375 250.129770992 -97.1145038168 1.56488549618 END
START 9.45949075928 -11.2455651978 6.97191523437 250.129770992 -103.946564885 -1.08396946565 END
START -2.00873519287 -5.01824667969 6.41885465088 250.129770992 -93.6641221374 -0.610687022901 END
START 1.46525141602 -6.50504591064 8.67179841309 250.129770992 -93.5267175573 12.2748091603 END
START -4.14675727539 -8.63827958984 5.41328995361 250.129770992 -101.366412214 2.85496183206 END
START 8.10197841797 -6.15070406494 13.0627642578 250.129770992 -90.5877862595 12.3969465649 END
START 5.22654222412 -7.74524237061 7.53455262451 250.129770992 -98.7480916031 7.37404580153 END
START 4.91050760498 -14.3819693726 12.1769096436 250.129770992 -74.5496183206 11.3969465649 END
START 2.62643922119 -11.8560866211 3.76368500977 250.129770992 -75.4427480916 10.6259541985 END
START -1.35990654297 -13.2207815674 6.98149204102 250.129770992 -60.8549618321 -1.17557251908 END
START 2.85628258057 -8.26957253418 5.70777675781 250.129770992 -57.4503816794 4.29770992366 END
START 5.28639726562 -6.26083734131 11.1737391479 250.129770992 -61.9847328244 11.2748091603 END
START -1.39103116455 -11.0564232666 11.3341506592 250.129770992 -57.2748091603 3.54961832061 END
START 5.71495936279 -7.06768330078 12.5527993042 250.129770992 -51.8015267176 4.60305343511 END
START 6.27280834961 -7.08683691406 7.27837304687 250.129770992 -49.4961832061 4.81679389313 END
START 2.25533796387 -9.66539210205 9.97663831787 250.129770992 -51.3893129771 5.41984732824 END
START 3.4428619873 -1.33596452637 8.76517227783 250.129770992 -50.1832061069 13.2977099237 END
START -6.41406624756 -9.78510218506 7.76439598389 250.129770992 -58.9770992366 4.9465648855 END
START 8.68376942139 -7.53934102783 7.84819304199 250.129770992 -54.106870229 19.1221374046 END
START 4.21140072021 0.45729251709 2.35350023193 250.129770992 -45.3435114504 3.22900763359 END
START 4.45321508789 -7.95114371338 10.6709567993 250.129770992 -50.786259542 7.06870229008 END
START -1.91536132812 -11.1976811646 11.9901619141 250.129770992 -41.7709923664 7.06870229008 END
START 0.134075292969 -8.99740983887 3.88578929443 250.129770992 -45.9160305344 7.57251908397 END
START 3.79959803467 -5.87537087402 8.9112185791 250.129770992 -45.0076335878 7.06870229008 END
START -4.08211383057 -11.3006318359 8.52335791016 250.129770992 -50.5419847328 2.35877862595 END
START -3.92170231934 -3.19865341797 5.79636221924 250.129770992 -58.3740458015 17.4351145038 END
START 9.25119521484 -6.31350977783 6.495469104 250.129770992 -53.8091603053 7.49618320611 END
START 4.76206710205 -8.85615194092 8.01099875488 250.129770992 -46.9236641221 9.45801526718 END
START -2.05661922607 -6.7181298584 6.06451280518 250.129770992 -61.9236641221 -2.64122137405 END
START 2.13802208252 -10.3549221802 9.5001921875 250.129770992 -58.4122137405 4.45801526718 END
START 5.1738697876 -8.14986245117 10.9008001587 250.129770992 -62.1221374046 2.58015267176 END
START 0.567425793457 -10.4674496582 5.60722028809 250.129770992 -68.358778626 8.84732824427 END