START 3.06218392334 -9.87129344482 3.99831677246 250.129770992 -67.9618320611 9.38167938931 END
START -0.0574608398438 -5.69341154785 7.42920775146 250.129770992 -52.9618320611 6.73282442748 END
START -1.65678754883 -7.48188018799 5.5282116333 250.129770992 -61.9541984733 14.2213740458 END
START 1.67594116211 -7.82664522705 5.18344659424 250.129770992 -74.5648854962 8.59541984733 END
START -0.790086547852 -13.3883756836 7.99423934326 250.129770992 -79.9312977099 13.465648855 END
START -0.45729251709 -7.83861623535 4.82192214355 250.129770992 -84.1297709924 10.1221374046 END
START -1.8866309082 -15.5958296143 4.97754525146 250.129770992 -83.4961832061 8.82442748092 END
START -3.03345350342 -11.3078144409 13.1681091309 250.129770992 -76.6030534351 -0.557251908397 END
START 2.8060043457 -13.2255699707 8.58081875 250.129770992 -77.2595419847 -2.36641221374 END
START -1.08696755371 -6.95036741943 11.2527478027 250.129770992 -79.4885496183 9.92366412214 END
START 4.35984122314 -5.32949289551 5.46356818848 250.129770992 -76.8549618321 2.01526717557 END
START 2.37025964355 -8.46110866699 7.34780489502 250.129770992 -62.7404580153 7.51145038168 END
START 3.45962139893 -14.6285721436 9.08360109863 250.129770992 -68.1297709924 15.358778626 END
START -0.0742202514648 -15.090653064 6.64151540527 250.129770992 -68.0916030534 4.18320610687 END
START 2.71502468262 -11.0061450317 9.20091697998 250.129770992 -67.9160305344 10.1603053435 END
START -6.09563742676 -13.2399351807 6.13873305664 250.129770992 -74.4809160305 3.85496183206 END
START 0.986411083984 -7.35259329834 5.45399138184 250.129770992 -82.4427480916 10.1145038168 END
START -2.10210905762 -11.891999646 10.7810900757 250.129770992 -84.6946564885 -2.76335877863 END
START -5.06134230957 -14.8679923096 13.8097551758 250.129770992 -76.7328244275 9.31297709924 END
START 0.124498486328 -7.0964137207 10.2208468872 250.129770992 -80.9847328244 -0.213740458015 END
START -3.07176072998 -4.61362659912 9.26077202148 250.129770992 -80.9694656489 5.64885496183 END
START -1.99676418457 -11.4730143555 5.82030423584 250.129770992 -88.0458015267 5.60305343511 END
START 2.35828863525 -10.8409451172 7.88650026855 250.129770992 -75.572519084 5.87786259542 END
START -4.67587584229 -12.998120813 7.24485422363 250.129770992 -91.7099236641 7.06870229008 END
START 3.87142408447 -10.800243689 5.87537087402 250.129770992 -87.5572519084 -0.236641221374 END
START 0.533906970215 -9.21049378662 6.40209523926 250.129770992 -104.236641221 7.93893129771 END
START 5.74608398437 -11.8728460327 8.33182177734 250.129770992 -90.0916030534 -2.88549618321 END
START -1.05105452881 -10.3692873901 1.78128603516 250.129770992 -94.3282442748 -4.62595419847 END
START 3.36385333252 -9.34696328125 9.06205328369 250.129770992 -101.488549618 4.01526717557 END
START -1.75494981689 -8.3222449707 7.75242497559 250.129770992 -97.2671755725 4.67175572519 END
START 0.866701000977 -10.1777512573 7.80270321045 250.129770992 -102.885496183 6.39694656489 END
START -6.23928952637 -9.2057053833 3.84987626953 250.129770992 -104.870229008 -1.12977099237 END
START 3.48356341553 -7.88410606689 3.06936652832 250.129770992 -100.320610687 18.641221374 END
START 6.10042583008 -10.0101571411 5.5521536499 250.129770992 -104.129770992 4.70992366412 END
START -4.72854827881 -5.48511600342 9.05726488037 250.129770992 -93.1297709924 6.37404580153 END
START 8.13310303955 -14.2143752563 4.92247861328 250.129770992 -96.7709923664 13.7251908397 END
START 5.77002600098 -2.33674082031 7.80030900879 250.129770992 -93.8549618321 3.82442748092 END
START 2.78685073242 -7.76200178223 5.48751020508 250.129770992 -98.3358778626 11.7786259542 END
START -4.09647904053 -15.3683804565 7.98466253662 250.129770992 -103.267175573 7.85496183206 END
START 2.10210905762 -12.5216746826 5.40131894531 250.129770992 -79.9541984733 4.45801526718 END
START 0.699106884766 -14.9206647461 8.22168850098 250.129770992 -86.6030534351 0.656488549618 END
START 5.11401474609 -9.85692823486 8.3222449707 250.129770992 -85.8320610687 0.503816793893 END
START 4.49152231445 -13.0005150146 7.55131203613 250.129770992 -89.8625954198 -1.17557251908 END
START 6.0573302002 -9.16021555176 11.2335941895 250.129770992 -85.8320610687 -1.26717557252 END
START -1.17315881348 -10.1705686523 9.80425579834 250.129770992 -87.8091603053 4.72519083969 END
START -1.28089788818 -3.04303031006 11.9135474609 250.129770992 -79.3740458015 -1.70992366412 END
START -3.9480385376 -8.90643017578 8.37491740723 250.129770992 -73.1603053435 0.824427480916 END
START 5.62397969971 -7.04134708252 10.8840407471 250.129770992 -73.1755725191 -5.18320610687 END
START 6.06211860352 -9.10275471191 7.38132371826 250.129770992 -78.3282442748 3.98473282443 END
START -5.71256516113 -5.68144053955 5.36780012207 250.129770992 -78.5572519084 5.68702290076 END
START -5.41807835693 -11.2192289795 11.3556984741 250.129770992 -77.3511450382 7.30534351145 END
START -1.50116444092 -9.72285294189 12.0643821655 250.129770992 -85.8015267176 4.00763358779 END
START 6.69179364014 -9.72285294189 18.0570689209 250.129770992 -85.5038167939 5.5572519084 END
START 1.39821376953 -5.19541760254 11.9470662842 250.129770992 -78.5954198473 4.53435114504 END
START 4.46279189453 -12.0931125854 9.10754311523 250.129770992 -78.7404580153 5.58015267176 END
START 2.23618435059 -11.7148287231 8.8633345459 250.129770992 -70.572519084 16.8473282443 END
START 6.39012423096 -10.1202904175 11.1330377197 250.129770992 -71.5496183206 -3.41221374046 END
START 4.62559760742 -16.309301709 13.4721727417 250.129770992 -67.5419847328 11.0916030534 END
START -5.12119735107 -9.59356605225 7.66623371582 250.129770992 -85.4198473282 3.32824427481 END
START 7.19218178711 -11.2240173828 9.01895765381 250.129770992 -79.7328244275 8.70229007634 END
START 1.65439334717 -2.49715233154 5.25048424072 250.129770992 -79.679389313 0.282442748092 END
START 1.99436998291 -9.75158336182 8.55927093506 250.129770992 -84.1374045802 11.1679389313 END
START 5.97113894043 -9.68454571533 10.2136642822 250.129770992 -86.6564885496 -2.69465648855 END
START 4.36462962646 -8.68616362305 7.80030900879 250.129770992 -85.4885496183 2.40458015267 END
START -0.0239420166016 -9.88565865479 10.8720697388 250.129770992 -85.1755725191 7.54198473282 END
START -1.09893856201 -7.75242497559 10.2400005005 250.129770992 -86.3053435115 5.7786259542 END
START -2.5115175415 -16.8743333008 -0.445321508789 250.129770992 -87.1603053435 4.42748091603 END
START 4.77164390869 -11.4562549438 13.9198884521 250.129770992 -72.0610687023 4.07633587786 END
START 1.47961662598 -11.4586491455 10.5488525146 250.129770992 -78.1755725191 7.64885496183 END
START -1.28089788818 -16.1129771729 10.3644989868 250.129770992 -77.3740458015 -2.72519083969 END
START 1.58496149902 -12.5025210693 6.85938775635 250.129770992 -81.1603053435 5.31297709924 END
START -6.82108052979 -10.2783077271 12.9789671997 250.129770992 -90.5038167939 16.0610687023 END
START -0.543483776855 -11.4562549438 2.67432325439 250.129770992 -88.7022900763 3.87022900763 END
START -0.933738647461 -3.88100089111 5.85382305908 250.129770992 -88.0534351145 2.70229007634 END
START -1.15879360352 -11.8656634277 4.64714542236 250.129770992 -99.5572519084 -1.19847328244 END
START -0.469263525391 -6.25126053467 7.15866296387 250.129770992 -84.6564885496 3.32824427481 END
START 8.71249984131 -11.384428894 6.08606062012 250.129770992 -93.0839694656 9.10687022901 END
START 3.46919820557 -9.7946789917 6.25844313965 250.129770992 -87.1832061069 -1.61832061069 END
START 6.89051237793 -8.04212337646 7.76918438721 250.129770992 -88.7328244275 2.41984732824 END
START 10.4147772217 -14.5184388672 7.47948598633 250.129770992 -87.7175572519 4.89312977099 END
START 1.67594116211 -4.06535441895 6.91924279785 250.129770992 -95.4961832061 4.35114503817 END
START 0.981622680664 -13.4027408936 10.3453453735 250.129770992 -88.8549618321 13.4732824427 END
START 5.70777675781 -12.2774661133 8.86572874756 250.129770992 -80.9083969466 -0.908396946565 END
START -5.23851323242 -9.69651672363 0.845153186035 250.129770992 -87.3511450382 -2.10687022901 END
START -1.80762225342 -8.24323631592 5.71017095947 250.129770992 -98.3816793893 4.36641221374 END
START 0.991199487305 -4.68305844727 9.00698664551 250.129770992 -76.9465648855 10.3282442748 END
START 3.9959225708 -11.4418897339 3.68228215332 250.129770992 -83.3435114504 1.93129770992 END
START -0.292092602539 -10.5560351196 5.59285507812 250.129770992 -82.9160305344 -3.41984732824 END
START 1.65199914551 -10.5608235229 9.51455739746 250.129770992 -84.7557251908 5.31297709924 END
START 13.2112047607 -10.6278611694 11.6070896484 250.129770992 -90.8702290076 17.4885496183 END
START -3.58651408691 -5.97353314209 6.77080229492 250.129770992 -81.6870229008 12.534351145 END
START 6.1890112915 -8.74601866455 4.40772525635 250.129770992 -72.1145038168 9.58778625954 END
START 6.17943448486 -9.79228479004 9.78510218506 250.129770992 -78.7251908397 1.51145038168 END
START 3.42849677734 -12.2846487183 7.42441934814 250.129770992 -80.358778626 2.80152671756 END
START 3.47159240723 -9.17458076172 5.70777675781 250.129770992 -60.786259542 5.03053435115 END
START 0.354341845703 -6.7301008667 6.69179364014 250.129770992 -71.9083969466 11.7099236641 END
START 5.67665213623 -4.71897147217 8.14028564453 250.129770992 -74.9007633588 8.64885496183 END
START 3.02148249512 -13.9438304687 11.891999646 250.129770992 -76.7175572519 13.7633587786 END
START -5.64552751465 -11.3006318359 8.87769975586 250.129770992 -79.8854961832 -3.34351145038 END
START -0.701501086426 -17.4896431274 8.95431420898 250.129770992 -96.7404580153 8.90076335878 END
START -4.76685550537 -13.9462246704 9.53131680908 250.129770992 -100.854961832 3.54198473282 END
START -4.45082088623 -7.07965430908 13.5751234131 250.129770992 -95.0687022901 4.7786259542 END
START -0.332794030762 -4.76206710205 7.23288321533 250.129770992 -95.7557251908 3.71755725191 END
START -0.134075292969 -10.6039191528 7.37174691162 250.129770992 -87.6183206107 2.11450381679 END
START 3.68707055664 -8.3222449707 5.48751020508 250.129770992 -78.1908396947 10.0916030534 END
START 0.421379492187 -5.46356818848 8.95192000732 250.129770992 -74.0839694656 2.83969465649 END