START -9.95509050293 -11.6286374634 7.10120212402 250.129770992 -44.7480916031 7.18320610687 END
START 6.95755002441 -10.1825396606 6.0573302002 250.129770992 -50.465648855 3.19083969466 END
START -3.00711728516 -10.9438957886 7.85776984863 250.129770992 -54.5572519084 7.51908396947 END
START -5.60482608643 -10.9845972168 5.03979449463 250.129770992 -65.9770992366 9.5572519084 END
START 1.51074124756 -4.60644399414 9.87608184814 250.129770992 -44.5114503817 18.641221374 END
START 3.85705887451 -13.9294652588 12.2798603149 250.129770992 -53.2748091603 10.6259541985 END
START -2.02310040283 -7.99663354492 7.63032069092 250.129770992 -60.0381679389 5.87022900763 END
START 3.27526787109 -11.9039706543 6.19140549316 250.129770992 -55.2977099237 5.32824427481 END
START -0.727837304687 -9.56722983398 12.631807959 250.129770992 -57.6030534351 8.17557251908 END
START -7.16823977051 -5.73411297607 6.86417615967 250.129770992 -72.2748091603 6.96183206107 END
START -5.10204373779 -11.6406084717 8.58321295166 250.129770992 -68.5572519084 2.88549618321 END
START 4.58010777588 -7.55849464111 7.48427438965 250.129770992 -65.5190839695 11.8320610687 END
START 6.39491263428 -5.65749852295 5.04937130127 250.129770992 -65.3053435115 12.9923664122 END
START -1.10133276367 -12.0164981323 12.9071411499 250.129770992 -79.0076335878 9.4427480916 END
START -2.62883342285 -8.35576379395 7.85537564697 250.129770992 -81.0610687023 13.6106870229 END
START 5.49708701172 -11.3245738525 12.7275760254 250.129770992 -69.427480916 5.90839694656 END
START -5.01345827637 -3.97916315918 8.25760152588 250.129770992 -79.3511450382 8.19847328244 END
START 2.18830031738 -9.28471403809 5.4563855835 250.129770992 -71.3664122137 -2.42748091603 END
START -5.07810172119 -12.3038023315 7.66383951416 250.129770992 -82.9923664122 7.90076335878 END
START -0.881066210937 -2.80361014404 2.86346518555 250.129770992 -91.5190839695 3.61832061069 END
START 0.888248815918 -4.94163222656 3.90254870605 250.129770992 -89.8320610687 -4.93129770992 END
START -2.88980140381 -7.91762489014 6.80671531982 250.129770992 -75.6870229008 7.79389312977 END
START -3.9719805542 -15.0236154175 10.4099888184 250.129770992 -97.1908396947 5.83969465649 END
START -2.98078106689 -7.59680186768 8.94473740234 250.129770992 -90.3358778626 7.90076335878 END
START 0.122104284668 -11.8680576294 8.88967076416 250.129770992 -94.8320610687 2.42748091603 END
START -3.19386501465 -10.6925046143 4.78122071533 250.129770992 -87.9007633588 7.51145038168 END
START 5.74847818604 -14.3987287842 8.66461580811 250.129770992 -89.4580152672 -2.58015267176 END
START -2.94486804199 -8.11394942627 8.44674345703 250.129770992 -99.4198473282 -0.587786259542 END
START 0.60812722168 -5.88734188232 6.06211860352 250.129770992 -97.213740458 7.53435114504 END
START 2.15238729248 -15.7275107056 4.39336004639 250.129770992 -104.335877863 9.73282442748 END
START 1.49158763428 -5.29836827393 7.24485422363 250.129770992 -104.145038168 2.28244274809 END
START 3.58651408691 -5.37019432373 7.52258161621 250.129770992 -102.961832061 -1.28244274809 END