START -1.54904847412 -10.7595422607 6.50504591064 250.129770992 -65.4580152672 -4.15267175573 END
START 5.11880314941 -9.80425579834 7.3789295166 250.129770992 -68.8549618321 4.40458015267 END
START 2.21224233398 -7.72608875732 8.38449421387 250.129770992 -64.3664122137 3.19083969466 END
START -1.37666595459 -9.04529387207 11.4394955322 250.129770992 -68.4885496183 2.25954198473 END
START 5.19302340088 -11.6980693115 8.5688477417 250.129770992 -64.641221374 12.7099236641 END
START -0.442927307129 -7.76918438721 3.45243879395 250.129770992 -65.9541984733 3.00763358779 END
START 0.318428820801 -8.50420429687 6.19858809814 250.129770992 -63.6183206107 2.36641221374 END
START 1.06541973877 -15.816096167 5.66228692627 250.129770992 -69.3664122137 5.76335877863 END
START -1.69030637207 -10.9798088135 7.66862791748 250.129770992 -76.106870229 -1.11450381679 END
START 3.89057769775 -9.69412252197 7.34062229004 250.129770992 -72.1526717557 -0.564885496183 END
START -5.77720860596 -1.50355864258 4.15393988037 250.129770992 -70.4732824427 -0.687022900763 END
START -2.8299463623 -1.98239897461 8.95431420898 250.129770992 -90.4045801527 -0.282442748092 END
START -4.40293685303 -11.0660000732 11.4083709106 250.129770992 -85.3053435115 4.06106870229 END
START -1.8866309082 -7.34541069336 7.40526573486 250.129770992 -81.9312977099 2.57251908397 END
START 0.9193734375 -11.5520230103 7.27358464355 250.129770992 -92.7709923664 -3.67938931298 END
START 2.7341782959 -8.21690009766 3.84987626953 250.129770992 -92.1908396947 10.9083969466 END
START -8.2025348877 -9.60553706055 8.99262143555 250.129770992 -91.4580152672 3.20610687023 END
START 2.26970317383 0.184353527832 9.89044705811 250.129770992 -86.1755725191 1.99236641221 END
START 1.13006318359 -7.29273825684 3.67270534668 250.129770992 -82.7404580153 10.9465648855 END
START 2.59292039795 -11.3556984741 10.5033626831 250.129770992 -99.4885496183 6.58015267176 END
START -2.64319863281 -2.36786544189 6.34942280273 250.129770992 -100.030534351 7.16030534351 END
START 6.05254179687 -12.3804167847 5.08289012451 250.129770992 -105.175572519 9.77099236641 END
START 3.28963308105 -8.21929429932 11.5089273804 250.129770992 -104.916030534 1.35877862595 END
START -2.16675250244 -13.6397668579 7.21851800537 250.129770992 -94.3511450382 6.0534351145 END
START 1.20667763672 -7.00543405762 6.20816490479 250.129770992 -86.7633587786 8.92366412214 END
START 2.92571442871 -13.244723584 7.25443103027 250.129770992 -89.6564885496 1.64122137405 END
START 7.86974085693 -10.1274730225 10.8553103271 250.129770992 -91.6030534351 5.36641221374 END
START 2.78445653076 -15.3204964233 12.4690022461 250.129770992 -91.3358778626 7.58778625954 END
START 1.05105452881 -7.42202514648 9.34935748291 250.129770992 -105.27480916 9.20610687023 END
START -0.344765039063 -11.7698953613 9.42118353271 250.129770992 -90.7175572519 22.2900763359 END
START 4.18985290527 -11.6860983032 10.1681744507 250.129770992 -80.572519084 7.97709923664 END
START 7.16345136719 -10.7140524292 7.3310454834 250.129770992 -65.358778626 3.4427480916 END
START 1.06781394043 -3.87860668945 13.0986772827 250.129770992 -58.7709923664 4.10687022901 END
START -0.727837304687 -11.1761333496 11.1114899048 250.129770992 -60.9465648855 3.9465648855 END
START 2.98317526855 -9.95509050293 11.264718811 250.129770992 -73.0839694656 0.984732824427 END
START 5.99508095703 -11.3365448608 11.025298645 250.129770992 -59.5496183206 2.21374045802 END
START 2.82755216064 -4.96078583984 6.77559069824 250.129770992 -68.8473282443 2.06870229008 END
START -0.335188232422 -16.5606928833 6.85459935303 250.129770992 -59.213740458 -0.778625954198 END
START 1.07020814209 -10.3261917603 7.55370623779 250.129770992 -69.1297709924 6.3893129771 END
START -0.332794030762 -6.02859978027 13.1728975342 250.129770992 -64.9465648855 -0.297709923664 END
START -2.95923325195 -9.4642791626 9.92157167969 250.129770992 -59.1603053435 13.7480916031 END
START 1.14921679688 -10.2495773071 6.61996759033 250.129770992 -59.9236641221 10.5038167939 END
START -3.04303031006 -8.15943925781 6.58405456543 250.129770992 -68.7633587786 7.17557251908 END
START -0.0143652099609 -8.03733497314 14.2000100464 250.129770992 -66.5572519084 15.1526717557 END
START 7.60877287598 -9.39963571777 5.15711037598 250.129770992 -71.4351145038 6.53435114504 END
START -0.00239420166016 -10.4578728516 6.495469104 250.129770992 -78.2290076336 3.87022900763 END
START -3.21780703125 -14.5998417236 5.75566079102 250.129770992 -79.9160305344 -1.2213740458 END
START -0.045489831543 -14.7387054199 6.08606062012 250.129770992 -85.3435114504 4.14503816794 END
START 1.38145435791 -12.3277443481 8.44913765869 250.129770992 -91.8244274809 0.290076335878 END
START -0.0814028564453 -5.00388146973 11.5496288086 250.129770992 -76.5572519084 4.84732824427 END
START 1.67594116211 -8.36534060059 7.18739338379 250.129770992 -101.030534351 -0.725190839695 END
START 3.57214887695 -10.8840407471 3.01190568848 250.129770992 -90.534351145 6.00763358779 END
START 0.0861912597656 -12.2008516602 6.49786330566 250.129770992 -93.3740458015 11.0381679389 END
START 1.81719906006 -4.2425253418 6.40927784424 250.129770992 -102.954198473 5.96946564885 END
START 6.75883128662 -14.8823575195 4.53461794434 250.129770992 -95.8244274809 4.40458015267 END
START 6.80671531982 -12.1146604004 3.08373173828 250.129770992 -103.488549618 7.03816793893 END
START 3.2992098877 -14.1784622314 8.79390269775 250.129770992 -95.7022900763 8.06106870229 END
START 3.55299526367 -8.36773480225 4.33111080322 250.129770992 -99.7404580153 -1.90839694656 END
START 12.2535240967 -10.3860468018 6.54814154053 250.129770992 -90.6564885496 11.6946564885 END
START 6.45716187744 -11.6621562866 6.07648381348 250.129770992 -102.335877863 6.77099236641 END
START 1.72621939697 -9.89044705811 2.85149417725 250.129770992 -87.7404580153 2.09923664122 END
START 6.14352145996 -11.9566430908 12.7036340088 250.129770992 -80.6870229008 8.35877862595 END
START 6.7899559082 -5.19062919922 9.02374605713 250.129770992 -76.8854961832 2.64885496183 END
START 2.41096107178 -13.977349292 5.09007272949 250.129770992 -76.358778626 15.2824427481 END
START 11.8465098145 -11.3102086426 7.94635531006 250.129770992 -76.2748091603 3.53435114504 END
START 3.6056677002 -7.66862791748 11.0420580566 250.129770992 -82.5038167939 3.09160305344 END
START 6.56968935547 -7.48906279297 7.52018741455 250.129770992 -78.0076335878 -2.18320610687 END
START 4.01268198242 -0.634463439941 -0.30406361084 250.129770992 -75.3893129771 9.14503816794 END
START 1.16837041016 -4.69502945557 12.86404552 250.129770992 -69.2671755725 12.5801526718 END
START 4.12760366211 -7.95114371338 6.3637880127 250.129770992 -64.0534351145 4.70992366412 END
START -4.54658895264 -8.60715496826 8.41801303711 250.129770992 -59.1221374046 0.541984732824 END
START 0.586579406738 -14.6022359253 9.86411083984 250.129770992 -79.6946564885 4.9465648855 END
START -1.13724578857 -8.05888278809 6.24168372803 250.129770992 -78.2442748092 3.3893129771 END
START 1.36948334961 -6.988674646 9.8186210083 250.129770992 -77.4580152672 0.854961832061 END
START 0.110133276367 -11.2910550293 6.20337650146 250.129770992 -90.9389312977 8.2213740458 END
START -7.28794985352 -10.6972930176 15.4449949097 250.129770992 -96.5419847328 4.41221374046 END
START -4.68545264893 -10.3022497437 8.04212337646 250.129770992 -88.7709923664 10.6564885496 END