START 1.6041151123 -8.89445916748 4.6447512207 250.129770992 -42.427480916 10.4122137405 END
START 2.67911165771 -6.23450112305 8.11394942627 250.129770992 -30.4198473282 8.56488549618 END
START -3.41413156738 -9.2535894165 6.31590397949 250.129770992 -17.5190839695 -3.58015267176 END
START 2.4396914917 -15.6915976807 7.04613548584 250.129770992 -55.0763358779 10.6183206107 END
START -3.20823022461 -10.5560351196 6.53617053223 250.129770992 -62.9770992366 14.2900763359 END
START 3.21062442627 -2.08295544434 6.59123717041 250.129770992 -47.2290076336 11.3664122137 END
START -1.23061965332 -6.81868632812 6.05972440186 250.129770992 -36.2900763359 -3.53435114504 END
START 4.38857164307 -8.14028564453 6.96233842773 250.129770992 -22.8091603053 4.25190839695 END
START 0.660799658203 -12.011709729 3.96479794922 250.129770992 -18.3893129771 6.93129770992 END
START 1.40060797119 -15.5240035645 8.52335791016 250.129770992 -33.6564885496 9.47328244275 END
START -0.780509741211 -5.69580574951 6.95755002441 250.129770992 -34.7633587786 3.95419847328 END
START -3.3710359375 -9.39005891113 5.882553479 250.129770992 -33.6488549618 5.48854961832 END
START -3.2992098877 -19.5438681519 9.55765302734 250.129770992 -28.1603053435 9.27480916031 END
START 1.93690914307 -7.93438430176 10.2304236938 250.129770992 -11.3969465649 1.97709923664 END
START 1.89620771484 -18.1719906006 8.93755479736 250.129770992 -10.2213740458 8.03816793893 END
START -2.00873519287 -15.3324674316 6.10282003174 250.129770992 -10.9312977099 9.45038167939 END
START -0.318428820801 -10.8816465454 8.38210001221 250.129770992 -24.0305343511 -0.480916030534 END
START 4.08211383057 -9.40202991943 5.51384642334 250.129770992 -26.4809160305 6.92366412214 END
START 0.215478149414 -15.6461078491 7.97269152832 250.129770992 -13.8244274809 3.67938931298 END
START -7.37174691162 -7.83622203369 5.49948121338 250.129770992 -20.0839694656 0.297709923664 END
START -3.18189400635 -12.9262947632 5.94719692383 250.129770992 -31.5190839695 4.01526717557 END
START -1.70467158203 -12.497732666 8.13070883789 250.129770992 -45.9618320611 8.19083969466 END
START 4.73573088379 -12.7060282104 4.85783516846 250.129770992 -54.4198473282 11.6259541985 END
START 0.854729992676 -6.37097061768 6.495469104 250.129770992 -48.8702290076 5.22900763359 END
START 0.474051928711 -11.7555301514 11.8105967896 250.129770992 -37.213740458 11.8854961832 END
START 0.0790086547852 -10.4818148682 7.65426270752 250.129770992 -51.0076335878 -2.45801526718 END
START 1.21864864502 -9.24401260986 6.03817658691 250.129770992 -59.0381679389 0.992366412214 END
START -2.22660754395 -12.9191121582 7.3071034668 250.129770992 -71.3893129771 3.62595419847 END
START -1.65439334717 -11.0588174683 7.20415279541 250.129770992 -71.4809160305 -2.54961832061 END
START 3.59609089355 -8.8154505127 7.88410606689 250.129770992 -70.0610687023 -1.71755725191 END
START 6.90727178955 -6.33984599609 6.09803162842 250.129770992 -75.5114503817 11.3358778626 END
START -2.77487972412 -7.55131203613 3.25611425781 250.129770992 -75.7938931298 4.17557251908 END
START -7.80749161377 -10.6757452026 6.18422288818 250.129770992 -77.8625954198 10.5877862595 END
START -0.873883605957 -10.4435076416 6.02381137695 250.129770992 -87.2748091603 6.61832061069 END
START -1.70706578369 -11.3197854492 7.03895288086 250.129770992 -108.427480916 -1.58015267176 END
START 4.25210214844 -4.32392819824 4.99191046143 250.129770992 -79.2442748092 3.53435114504 END
START -4.93684382324 -11.1474029297 6.1650692749 250.129770992 -81.3358778626 4.60305343511 END
START -5.38934793701 -17.4058460693 4.83868155518 250.129770992 -88.6106870229 2.14503816794 END
START 6.09084902344 -9.02135185547 4.85304676514 250.129770992 -91.5419847328 5.38167938931 END
START -2.43729729004 -7.0605006958 9.12430252686 250.129770992 -102.13740458 5.59541984733 END
START 2.06380183105 -6.50025750732 8.8393925293 250.129770992 -105.65648855 -3.0534351145 END
START 2.06619603271 -6.85220515137 12.8879875366 250.129770992 -103.961832061 0.351145038168 END
START 2.15956989746 -9.22246479492 7.38132371826 250.129770992 -104.244274809 1.8320610687 END
START 2.28646258545 -11.6813098999 9.61511386719 250.129770992 -94.1603053435 8.29770992366 END
START 4.2544963501 -15.9190468384 10.4459018433 250.129770992 -81.3129770992 9.86259541985 END
START 9.62229647217 -8.82981572266 8.23605371094 250.129770992 -85.2213740458 5.92366412214 END
START 10.9750204102 -12.385205188 13.8145435791 250.129770992 -92.320610687 7.34351145038 END
START -4.98951625977 -11.3413332642 9.1578213501 250.129770992 -102.244274809 -2.37404580153 END
START -0.351947644043 -6.82586893311 10.2208468872 250.129770992 -83.3816793893 -1.07633587786 END
START -2.43729729004 -13.9869260986 9.15063874512 250.129770992 -73.5190839695 8.15267175573 END
START 5.63355650635 -6.82586893311 5.41328995361 250.129770992 -64.7786259542 4.56488549618 END
START 2.30801040039 -9.29907924805 5.71735356445 250.129770992 -77.8625954198 7.3358778626 END
START 0.263362182617 -14.6620909668 8.12592043457 250.129770992 -75.8702290076 13.5419847328 END
START -0.414196887207 -11.2527478027 12.011709729 250.129770992 -72.2824427481 16.9389312977 END
START -3.03345350342 -8.06606539307 12.0548053589 250.129770992 -67.0229007634 1.97709923664 END
START -1.14921679688 -14.3867577759 10.9678378052 250.129770992 -77.0916030534 8.99236641221 END
START 2.14281048584 -12.4378776245 13.0938888794 250.129770992 -69.5572519084 2.06106870229 END
START 6.57208355713 -7.86734665527 13.1992337524 250.129770992 -70.0381679389 -0.167938931298 END
START -4.47236870117 -10.927136377 4.51546433105 250.129770992 -69.5496183206 5.17557251908 END
START 3.91451971436 -12.4737906494 5.24090743408 250.129770992 -77.9465648855 13.5648854962 END
START -3.09330854492 -17.9732718628 7.98705673828 250.129770992 -81.6488549618 12.0458015267 END
START -5.73171877441 -5.51863482666 8.36773480225 250.129770992 -90.7557251908 5.25954198473 END
START -2.94726224365 -6.43321986084 5.35582911377 250.129770992 -76.9541984733 7.25954198473 END
START -4.80516273193 -2.40138426514 8.39407102051 250.129770992 -83.3053435115 2.42748091603 END
START -3.25372005615 -13.7642653442 5.43962617188 250.129770992 -79.213740458 10.6946564885 END
START 0.699106884766 -9.59596025391 8.59039555664 250.129770992 -74.786259542 0.24427480916 END
START 0.45250411377 -3.18907661133 6.05972440186 250.129770992 -91.5267175573 5.89312977099 END
START 4.18027609863 -12.2247936768 8.3461869873 250.129770992 -83.5038167939 6.74045801527 END
START -7.25203682861 -1.46285721436 8.71249984131 250.129770992 -94.7557251908 1.84732824427 END
START 3.11006795654 -15.2319109619 7.60398447266 250.129770992 -105.389312977 10.8320610687 END
START 0.907402429199 -4.19224710693 7.40047733154 250.129770992 -103.916030534 12.7633587786 END
START 2.54503636475 -11.6046954468 1.9105729248 250.129770992 -100.335877863 2.81679389313 END
START 6.22492431641 -8.99262143555 2.66953485107 250.129770992 -97.2519083969 3.04580152672 END
START 4.71178886719 -7.11796153564 5.19541760254 250.129770992 -91.8854961832 -1.35877862595 END
START -6.02381137695 -9.19852277832 9.98860932617 250.129770992 -87.6030534351 13.8320610687 END
START 4.72615407715 -12.4187240112 6.21774171143 250.129770992 -93.1221374046 9.3893129771 END
START 5.42047255859 -8.88967076416 9.40681832275 250.129770992 -90.0839694656 7.25190839695 END
START 3.53144744873 -7.6255322876 6.73967767334 250.129770992 -87.5038167939 15.6030534351 END
START 8.81066210937 -14.597447522 -2.38701905518 250.129770992 -74.6641221374 5.20610687023 END
START -3.63439812012 -8.90403597412 11.2000753662 250.129770992 -80.7786259542 -5.67938931298 END
START 0.9193734375 -10.1921164673 4.35984122314 250.129770992 -75.3969465649 12.1832061069 END
START 10.285490332 -8.10916102295 10.8409451172 250.129770992 -78.8320610687 -3.29007633588 END
START -3.43807358398 -4.37181223145 10.2136642822 250.129770992 -80.0534351145 3.42748091603 END
START 0.61770402832 -13.9294652588 12.519280481 250.129770992 -83.7709923664 0.351145038168 END
START 5.95916793213 -11.9374894775 9.86411083984 250.129770992 -90.8396946565 9.60305343511 END
START -9.8425630249 -5.00627567139 7.83382783203 250.129770992 -104.442748092 3.85496183206 END
START -2.21942493896 -11.5663882202 7.57285985107 250.129770992 -107.297709924 15.465648855 END
START -2.02070620117 -13.350068457 14.2071926514 250.129770992 -104.396946565 8.22900763359 END
START -0.351947644043 -3.32075770264 6.57926616211 250.129770992 -99.9923664122 2.46564885496 END
START 0.557848986816 -14.0060797119 6.05014759521 250.129770992 -93.0305343511 5.99236641221 END
START -1.17555301514 -12.8879875366 9.27034882812 250.129770992 -76.6717557252 11.679389313 END
START -7.40047733154 -9.36372269287 7.01022246094 250.129770992 -83.8244274809 11.8702290076 END