START 5.82509263916 -11.1928927612 5.94240852051 250.129770992 -57.7709923664 4.56488549618 END
START 7.78594379883 -5.56651885986 8.46350286865 250.129770992 -41.9389312977 9.90839694656 END
START -0.739808312988 -12.5719529175 6.18422288818 250.129770992 -51.5572519084 0.63358778626 END
START -1.98000477295 -9.12909093018 6.00465776367 250.129770992 -51.3816793893 1.60305343511 END
START -0.30406361084 -8.97825622559 12.2702835083 250.129770992 -66.7175572519 4.04580152672 END
START -0.739808312988 -11.1067015015 7.80509741211 250.129770992 -73.0229007634 -3.49618320611 END
START 3.89536610107 -6.06451280518 4.40533105469 250.129770992 -71.1603053435 11.3664122137 END
START 1.46285721436 -11.5304751953 6.24886633301 250.129770992 -63.8854961832 19.0305343511 END
START -3.19865341797 -11.3173912476 6.29675036621 250.129770992 -77.8244274809 6.67175572519 END
START -1.2856862915 -9.94551369629 6.66066901855 250.129770992 -80.358778626 -0.503816793893 END
START 1.13006318359 -9.31823286133 4.48433970947 250.129770992 -81.0458015267 3.00763358779 END
START -0.933738647461 -13.8193319824 8.04691177979 250.129770992 -95.8396946565 4.48854961832 END
START 0.16041151123 -4.85065256348 7.55131203613 250.129770992 -91.2442748092 -0.259541984733 END
START 1.2617442749 -13.7858131592 4.54658895264 250.129770992 -85.679389313 8.91603053435 END
START -1.63045133057 -15.7011744873 3.15076938477 250.129770992 -92.6335877863 4.74045801527 END
START -4.88417138672 -8.58800135498 10.1705686523 250.129770992 -88.4198473282 7.04580152672 END
START 1.01035310059 -7.98945093994 8.49702169189 250.129770992 -91.641221374 7.00763358779 END
START -2.89458980713 -6.89530078125 10.2639425171 250.129770992 -102.641221374 6.17557251908 END
START 0.842758984375 -8.88488236084 5.45877978516 250.129770992 -106.694656489 6.80916030534 END
START -6.31111557617 -9.96466730957 5.42047255859 250.129770992 -103.732824427 3.29770992366 END
START 4.60165559082 -4.99669886475 6.16746347656 250.129770992 -104.122137405 10.5419847328 END
START -5.7987564209 -4.50588752441 9.33259807129 250.129770992 -104.114503817 4.32824427481 END
START -1.9105729248 -11.5592056152 8.38688841553 250.129770992 -103.404580153 10.5954198473 END
START 4.99191046143 -13.6804682861 7.3310454834 250.129770992 -104.580152672 -0.106870229008 END
START -3.0286651001 -9.2057053833 5.83227524414 250.129770992 -104.076335878 4.51908396947 END
START 4.16351668701 -17.422605481 0.92655604248 250.129770992 -103.328244275 6.90076335878 END
START 4.06296021729 -18.035521106 15.4761195312 250.129770992 -103.641221374 11.786259542 END
START 2.15478149414 -5.37498272705 10.2208468872 250.129770992 -104.305343511 -2.4427480916 END
START 1.63523973389 -10.4291424316 8.54251152344 250.129770992 -105.190839695 0.404580152672 END
START 3.30399829102 -8.334215979 10.8146088989 250.129770992 -81.0076335878 -0.786259541985 END
START 0.114921679688 -7.59440766602 8.67179841309 250.129770992 -68.679389313 12.8320610687 END
START -4.40293685303 -15.7777889404 12.9071411499 250.129770992 -71.679389313 4.60305343511 END
START -4.41251365967 -10.1538092407 5.72453616943 250.129770992 -80.8473282443 3.93129770992 END
START 5.8226984375 -10.5775829346 6.12915625 250.129770992 -72.4198473282 0.664122137405 END
START 4.88417138672 -10.2352120972 12.2846487183 250.129770992 -78.0763358779 4.90076335878 END
START 7.01022246094 -6.82347473145 7.6494743042 250.129770992 -90.4961832061 3.54961832061 END
START 6.45476767578 -5.97832154541 14.6596967651 250.129770992 -85.7938931298 6.53435114504 END
START 3.24653745117 -11.6334258667 7.35259329834 250.129770992 -78.786259542 6.34351145038 END
START -4.61123239746 -11.3652752808 12.1960632568 250.129770992 -83.1908396947 11.5190839695 END
START 5.77002600098 -6.19379969482 11.765106958 250.129770992 -76.0916030534 6.1679389313 END
START -2.88022459717 -8.51138690186 6.1052142334 250.129770992 -77.7099236641 2.70992366412 END
START 0.251391174316 -16.5750580933 3.53384165039 250.129770992 -75.7404580153 10.7480916031 END
START 0.835576379395 -9.69651672363 8.47547387695 250.129770992 -87.3816793893 9.29770992366 END
START -5.09486113281 -6.67503422852 9.89284125977 250.129770992 -74.679389313 16.1832061069 END
START 2.71741888428 -4.09169063721 9.17936916504 250.129770992 -75.6183206107 20.2900763359 END
START -3.08612593994 -10.673351001 6.93121380615 250.129770992 -75.3893129771 2.14503816794 END
START 3.51468803711 -4.02465299072 5.30315667725 250.129770992 -89.1221374046 15.4809160305 END
START -1.71424838867 -11.8800286377 6.48110389404 250.129770992 -86.0458015267 -0.641221374046 END
START -1.87944830322 -13.5080857666 4.53222374268 250.129770992 -83.8015267176 3.34351145038 END
START 4.81952794189 -13.0076976196 6.46195028076 250.129770992 -76.4198473282 3.9465648855 END
START 4.58250197754 -7.95832631836 9.96227310791 250.129770992 -78.0076335878 7.10687022901 END
START -0.931344445801 -12.3540805664 6.60320817871 250.129770992 -91.6183206107 0.549618320611 END
START 0.316034619141 -11.5232925903 4.09887324219 250.129770992 -91.641221374 4.54198473282 END
START -1.20428343506 -3.63679232178 9.29907924805 250.129770992 -93.8396946565 0.0458015267176 END
START 2.71502468262 -6.72770666504 2.92092602539 250.129770992 -99.465648855 2.09160305344 END
START 0.447715710449 -11.159373938 10.1466266357 250.129770992 -98.3053435115 2.89312977099 END
START 7.0245876709 -11.2886608276 6.12676204834 250.129770992 -106.305343511 3.1679389313 END
START 3.84987626953 -7.80988581543 5.74129558105 250.129770992 -96.5114503817 6.47328244275 END
START -3.86902988281 -4.41011945801 2.40138426514 250.129770992 -97.0534351145 3.68702290076 END
START 8.48744488525 -4.13957467041 1.92014973145 250.129770992 -74.8167938931 5.17557251908 END
START -0.138863696289 -5.43962617188 7.74763657227 250.129770992 -85.7328244275 6.63358778626 END
START 2.64319863281 -10.5799771362 6.24407792969 250.129770992 -68.641221374 1.83969465649 END
START 0.517147558594 -11.3580926758 8.41322463379 250.129770992 -62.3282442748 2.36641221374 END
START 6.04775339355 -8.19774648437 6.27759675293 250.129770992 -74.3358778626 8.06870229008 END
START 3.64397492676 -4.64235701904 10.0748005859 250.129770992 -76.5496183206 7.37404580153 END
START 2.24576115723 -12.9215063599 7.13711514893 250.129770992 -75.5572519084 -2.59541984733 END
START 5.24330163574 -7.68059892578 10.419565625 250.129770992 -67.4351145038 4.27480916031 END
START -0.981622680664 -5.82030423584 4.77643231201 250.129770992 -59.8702290076 4.82442748092 END
START -0.167594116211 -13.2590887939 12.2942255249 250.129770992 -64.0 2.8320610687 END
START 8.72207664795 -8.30309135742 9.83777462158 250.129770992 -57.4885496183 4.35114503817 END
START -1.07978494873 -10.4028062134 6.40448944092 250.129770992 -77.641221374 -1.67938931298 END
START -2.00155258789 -7.46751497803 8.02057556152 250.129770992 -64.3893129771 2.58778625954 END
START -1.33357032471 -9.85692823486 10.9367131836 250.129770992 -79.4580152672 -4.67938931298 END
START -4.5489831543 -4.47236870117 6.27280834961 250.129770992 -92.3282442748 7.29007633588 END
START -1.78128603516 -9.16500395508 10.6422263794 250.129770992 -95.786259542 5.89312977099 END
START -7.69975253906 -9.2057053833 9.19852277832 250.129770992 -104.328244275 -0.610687022901 END
START -1.35511813965 -1.78128603516 11.8608750244 250.129770992 -104.580152672 10.0152671756 END
START -0.232237561035 -3.48835181885 6.68700523682 250.129770992 -104.641221374 8.81679389313 END
START -2.47321031494 -9.07402429199 7.14190355225 250.129770992 -103.763358779 1.64885496183 END
START -3.49314022217 -8.05409438477 10.4075946167 250.129770992 -104.648854962 3.37404580153 END
START 5.22654222412 -2.28885678711 9.73003554687 250.129770992 -98.9160305344 9.76335877863 END
START -2.32237561035 -6.4595560791 8.67419261475 250.129770992 -84.3129770992 2.30534351145 END