START 4.6208092041 -8.72447084961 3.30639249268 250.129770992 -67.8549618321 6.08396946565 END
START 1.17315881348 -12.3014081299 13.0436106445 250.129770992 -69.3129770992 -5.75572519084 END
START 0.105344873047 -6.51941112061 9.07881269531 250.129770992 -71.7022900763 8.98473282443 END
START -0.114921679688 -14.5280156738 6.28956776123 250.129770992 -79.9007633588 7.75572519084 END
START 4.84586416016 -12.7275760254 9.28710823975 250.129770992 -68.6488549618 6.00763358779 END
START -6.27759675293 -10.7571480591 8.13070883789 250.129770992 -65.8854961832 0.160305343511 END
START 0.553060583496 -8.31266816406 0.15322890625 250.129770992 -73.7099236641 15.2061068702 END
START 1.54665427246 -9.45949075928 4.20900651855 250.129770992 -66.9389312977 -2.91603053435 END
START -1.09175595703 -10.6877162109 6.52898792725 250.129770992 -70.534351145 8.9465648855 END
START 0.797269152832 -2.67671745605 5.26484945068 250.129770992 -84.1526717557 -1.48091603053 END
START 7.59201346436 -10.2256352905 13.1728975342 250.129770992 -76.9618320611 -3.34351145038 END
START 4.29519777832 -9.12669672852 8.66461580811 250.129770992 -76.0381679389 6.34351145038 END
START -2.60249720459 -10.7044756226 7.41723674316 250.129770992 -75.2213740458 7.70992366412 END
START 0.263362182617 -12.4833674561 7.9200190918 250.129770992 -94.2290076336 4.58778625954 END
START -2.84431157227 -13.8959464355 5.17147558594 250.129770992 -76.7404580153 4.06870229008 END
START 3.85227047119 -9.59596025391 2.87783039551 250.129770992 -89.1984732824 5.40458015267 END
START 1.2497732666 -5.05894810791 5.54497104492 250.129770992 -84.8015267176 -0.145038167939 END
START -1.55383687744 -11.7148287231 3.22020123291 250.129770992 -82.2442748092 10.1832061069 END
START -6.94557901611 -8.76996068115 7.17302817383 250.129770992 -83.6259541985 4.56488549618 END
START -4.39096584473 -11.025298645 7.32146867676 250.129770992 -97.0076335878 5.92366412214 END
START 7.58722506104 -8.94234320068 4.35505281982 250.129770992 -94.0534351145 6.48854961832 END
START 1.08457335205 -16.2302930542 13.0483990479 250.129770992 -87.0305343511 4.37404580153 END
START 4.93684382324 -9.54089361572 5.92804331055 250.129770992 -87.8473282443 11.0534351145 END
START 6.61039078369 -15.2271225586 14.2933839111 250.129770992 -93.0534351145 10.7175572519 END
START 1.76213242187 -10.9391073853 11.0779710815 250.129770992 -102.320610687 4.43511450382 END
START -1.46285721436 -7.20175859375 3.14119257812 250.129770992 -98.2824427481 2.30534351145 END
START -3.9121255127 -11.3963999023 6.40209523926 250.129770992 -97.8320610687 23.2671755725 END
START 0.0407014282227 -12.6772977905 9.67975731201 250.129770992 -89.5877862595 4.04580152672 END
START 2.57376678467 -15.569493396 12.6078659424 250.129770992 -101.603053435 4.03053435115 END
START 2.85628258057 -10.9343189819 5.95916793213 250.129770992 -94.0534351145 12.5419847328 END
START -3.79480963135 -14.449007019 6.82347473145 250.129770992 -95.4885496183 9.61832061069 END
START -2.91853182373 -11.4849853638 6.7779848999 250.129770992 -103.305343511 2.15267175573 END
START 1.5203180542 -14.1401550049 8.34379278564 250.129770992 -92.320610687 11.4885496183 END
START 0.402225878906 -12.9334773682 3.59609089355 250.129770992 -104.183206107 8.39694656489 END
START 4.29280357666 -8.99740983887 9.21288798828 250.129770992 -101.030534351 -1.19847328244 END
START -0.483628735352 -9.88326445312 5.04697709961 250.129770992 -104.366412214 14.0458015267 END
START 1.36948334961 -10.1250788208 7.61595548096 250.129770992 -97.893129771 3.08396946565 END
START 3.00711728516 -9.77552537842 2.84191737061 250.129770992 -101.633587786 -0.854961832061 END
START -5.82509263916 -3.93367332764 11.2671130127 250.129770992 -105.961832061 12.4885496183 END
START 1.5083470459 -11.2910550293 4.31674559326 250.129770992 -100.366412214 -0.809160305344 END
START 0.126892687988 -11.2383825928 6.85459935303 250.129770992 -93.7709923664 4.79389312977 END
START 2.17154090576 -8.90882437744 9.27753143311 250.129770992 -107.282442748 13.9694656489 END
START 8.44674345703 -12.2846487183 0.823605371094 250.129770992 -104.450381679 -1.48854961832 END
START -2.40856687012 -8.94473740234 7.81946262207 250.129770992 -83.7022900763 -2.58778625954 END
START 5.77960280762 -8.24084211426 6.52659372559 250.129770992 -96.4732824427 -0.541984732824 END
START -2.1452046875 -11.4849853638 7.58722506104 250.129770992 -103.694656489 0.717557251908 END
START -0.201112939453 -12.1577560303 7.50103380127 250.129770992 -104.740458015 3.72519083969 END
START 2.57137258301 -10.1490208374 8.72447084961 250.129770992 -104.458015267 5.29770992366 END
START 6.04296499023 -4.81952794189 4.78361491699 250.129770992 -104.312977099 5.4427480916 END
START 3.96240374756 -10.1178962158 6.64390960693 250.129770992 -100.877862595 9.73282442748 END
START 7.46033237305 -7.33343968506 7.52737001953 250.129770992 -81.4503816794 10.1832061069 END
START 3.09809694824 -8.6287027832 4.05098920898 250.129770992 -89.9312977099 7.09923664122 END
START 4.87459458008 -1.30483990479 16.1704380127 250.129770992 -93.641221374 13.7328244275 END
START 7.75481917725 -9.62708487549 6.84023414307 250.129770992 -98.8473282443 9.42748091603 END
START 8.21929429932 -9.56244143066 13.9534072754 250.129770992 -80.3358778626 7.58778625954 END
START -0.165199914551 -7.59680186768 9.41400092773 250.129770992 -85.0763358779 6.34351145038 END
START 7.6375032959 -7.03895288086 7.19697019043 250.129770992 -69.5190839695 8.70992366412 END
START -2.8060043457 -6.90487758789 4.22097752686 250.129770992 -66.9618320611 13.1450381679 END
START 7.26161363525 -4.52025273438 11.279084021 250.129770992 -68.9465648855 5.68702290076 END
START 10.1418382324 -7.13950935059 9.18415756836 250.129770992 -62.5267175573 8.93893129771 END
START 3.70861837158 -7.86495245361 1.35272393799 250.129770992 -56.0229007634 12.3664122137 END
START 5.48511600342 -4.2544963501 9.07641849365 250.129770992 -56.7709923664 -4.12213740458 END
START -3.34230551758 -9.82340941162 13.8408797974 250.129770992 -58.5496183206 16.9465648855 END
START 6.64151540527 -4.24013114014 6.55771834717 250.129770992 -34.465648855 1.09160305344 END
START 0.77093293457 -6.81629212646 8.26478413086 250.129770992 -51.0229007634 8.88549618321 END
START 0.172382519531 -9.06684168701 11.6406084717 250.129770992 -57.7175572519 6.45801526718 END
START 0.143652099609 -8.07803640137 11.7076461182 250.129770992 -55.106870229 3.53435114504 END
START 0.780509741211 -4.76924970703 12.6844803955 250.129770992 -57.9694656489 6.56488549618 END
START 4.69502945557 -6.66306322021 5.21217701416 250.129770992 -60.465648855 3.90076335878 END
START -2.94486804199 -5.23611903076 7.24964262695 250.129770992 -60.1755725191 5.29770992366 END
START -0.629675036621 -6.60320817871 7.49624539795 250.129770992 -74.5572519084 18.0534351145 END
START -5.42765516357 -10.0269165527 12.6629325806 250.129770992 -79.1145038168 18.6030534351 END
START 0.234631762695 -8.37012900391 9.10036051025 250.129770992 -81.4427480916 1.87022900763 END
START 1.07020814209 -10.7882726807 7.41005413818 250.129770992 -94.6946564885 12.2290076336 END
START 1.19470662842 -13.9294652588 12.0428343506 250.129770992 -95.1832061069 8.20610687023 END
START 4.78840332031 -9.10993731689 6.06211860352 250.129770992 -88.8015267176 10.5572519084 END
START 2.96162745361 -8.66701000977 5.00627567139 250.129770992 -97.7022900763 -0.129770992366 END
START 3.18428820801 -4.36702382812 5.53060583496 250.129770992 -85.5877862595 1.68702290076 END
START -1.472434021 -10.9726262085 6.39491263428 250.129770992 -97.1450381679 10.893129771 END
START 1.74537301025 -10.1705686523 13.2638771973 250.129770992 -108.305343511 1.41984732824 END
START -2.56897838135 -12.7754600586 6.53138212891 250.129770992 -96.5572519084 10.4198473282 END
START -0.893037219238 -13.977349292 9.70130512695 250.129770992 -102.358778626 -0.496183206107 END
START 4.0318355957 -7.11077893066 13.0316396362 250.129770992 -87.2442748092 11.3893129771 END
START 3.29681568604 -11.0540290649 9.04050546875 250.129770992 -88.7938931298 7.93129770992 END
START 11.631031665 -6.74686027832 2.62404501953 250.129770992 -93.5496183206 11.9083969466 END
START 5.48990440674 -7.49624539795 7.06528909912 250.129770992 -81.5954198473 3.19847328244 END
START 3.7493197998 -5.70059415283 10.8936175537 250.129770992 -77.3969465649 6.08396946565 END
START 1.1540052002 -6.35899960937 6.49307490234 250.129770992 -70.1221374046 11.320610687 END
START 10.314220752 -10.6087075562 6.69658204346 250.129770992 -78.4122137405 9.25190839695 END
START -1.44849200439 -10.2807019287 7.97508572998 250.129770992 -71.0534351145 3.04580152672 END
START -5.26724365234 -14.9685487793 6.31111557617 250.129770992 -74.0076335878 9.38167938931 END
START -3.11964476318 -8.25760152588 11.5352635986 250.129770992 -88.1297709924 5.20610687023 END
START 3.66073433838 -6.32069238281 7.75242497559 250.129770992 -82.7099236641 12.6488549618 END
START 4.07971962891 -9.25837781982 4.0318355957 250.129770992 -91.5190839695 4.51145038168 END
START 0.481234533691 -7.87452926025 2.35350023193 250.129770992 -96.5038167939 2.01526717557 END
START 1.7788918335 -11.3700636841 13.7977841675 250.129770992 -97.1297709924 8.06106870229 END
START -2.54503636475 -10.9798088135 -2.5115175415 250.129770992 -103.801526718 11.2824427481 END
START 2.22660754395 -13.4410481201 6.40688364258 250.129770992 -104.938931298 6.56488549618 END
START -3.53384165039 -10.4506902466 3.54581265869 250.129770992 -103.885496183 7.52671755725 END
START 3.09570274658 -11.8560866211 9.27753143311 250.129770992 -95.2671755725 2.97709923664 END
START 6.33745179443 -9.41400092773 11.8417214111 250.129770992 -105.0 10.1526717557 END
START -0.682347473145 -10.1250788208 8.76517227783 250.129770992 -103.984732824 4.96183206107 END
START 2.97599266357 -1.76452662354 10.1322614258 250.129770992 -88.0610687023 -0.625954198473 END
START 0.689530078125 -9.52652840576 7.86734665527 250.129770992 -81.2977099237 -1.35114503817 END
START -1.65678754883 -5.4563855835 9.69172832031 250.129770992 -86.5190839695 10.1984732824 END
START 2.33195241699 -7.92241329346 4.70939466553 250.129770992 -77.534351145 4.06870229008 END
START 1.83395847168 -5.91846650391 10.2567599121 250.129770992 -75.893129771 4.90839694656 END
START 6.33026918945 -9.57920084229 8.16901606445 250.129770992 -66.5801526718 2.54961832061 END
START -0.141257897949 -11.2072579712 12.4235124146 250.129770992 -77.1450381679 10.7938931298 END
START -3.33272871094 -10.7619364624 13.6517378662 250.129770992 -57.1908396947 -3.70992366412 END