START -5.80354482422 -6.36857641602 7.84340463867 250.129770992 -65.6335877863 12.2671755725 END
START 0.861912597656 -9.07402429199 9.20809958496 250.129770992 -56.7251908397 7.37404580153 END
START -7.08923111572 -3.7253777832 7.01740506592 250.129770992 -60.5648854962 7.03816793893 END
START 1.5562310791 -11.5831476318 4.50828172607 250.129770992 -67.6870229008 9.70992366412 END
START -5.5641246582 -9.50737479248 5.20260020752 250.129770992 -74.7938931298 4.69465648855 END
START 0.0335188232422 -2.42053787842 4.77403811035 250.129770992 -76.4503816794 12.9465648855 END
START -3.82832845459 -9.05487067871 4.5250411377 250.129770992 -74.9007633588 3.32061068702 END
START -0.193930334473 -8.02296976318 6.93121380615 250.129770992 -92.5038167939 11.5190839695 END
START -1.02711251221 -9.67975731201 4.73812508545 250.129770992 -77.5648854962 0.137404580153 END
START -2.1571756958 -9.66539210205 6.52898792725 250.129770992 -78.2595419847 9.69465648855 END
START 6.4236430542 -17.1616375 4.55616575928 250.129770992 -83.6870229008 3.81679389313 END
START -6.7779848999 -11.63821427 6.92642540283 250.129770992 -101.030534351 5.30534351145 END
START 1.68791217041 -9.24640681152 6.79474431152 250.129770992 -104.564885496 9.88549618321 END
START -4.70700046387 -13.9869260986 12.2607067017 250.129770992 -99.3282442748 3.80152671756 END
START 5.22893642578 -7.36935270996 12.6509615723 250.129770992 -105.030534351 9.03053435115 END
START 0.672770666504 -17.3819040527 5.88973608398 250.129770992 -100.870229008 12.4427480916 END
START 4.38378323975 -9.24640681152 1.76931502686 250.129770992 -104.083969466 9.65648854962 END
START -2.6862942627 -8.14746824951 3.58172568359 250.129770992 -100.885496183 4.56488549618 END
START -1.62805712891 -11.1067015015 5.46596239014 250.129770992 -104.465648855 5.32061068702 END
START -1.75494981689 -8.91361278076 7.54173522949 250.129770992 -99.2442748092 12.9618320611 END
START 0.794874951172 -7.25921943359 7.79552060547 250.129770992 -99.4961832061 1.03816793893 END
START 8.61433757324 -10.5129394897 13.0172744263 250.129770992 -104.86259542 3.41984732824 END
START 7.97747993164 -2.15238729248 7.80749161377 250.129770992 -100.473282443 4.43511450382 END
START 5.67425793457 -8.69813463135 7.33583388672 250.129770992 -106.816793893 15.0381679389 END
START 2.32476981201 -16.4553480103 8.24084211426 250.129770992 -99.2290076336 10.3893129771 END
START 3.16513459473 -12.3947819946 12.6581441772 250.129770992 -104.374045802 7.49618320611 END
START 2.94247384033 -12.4953384644 9.32062706299 250.129770992 -105.114503817 -0.0381679389313 END
START 6.19379969482 -8.49941589355 8.91361278076 250.129770992 -85.572519084 8.73282442748 END
START 7.48906279297 -7.99663354492 11.0229044434 250.129770992 -79.5496183206 8.70229007634 END
START -2.25054956055 -16.5463276733 9.67496890869 250.129770992 -73.641221374 5.83969465649 END
START 0.708683691406 -8.29590875244 11.3485158691 250.129770992 -66.8244274809 10.1679389313 END
START 1.38863696289 -11.0276928467 7.46512077637 250.129770992 -70.0076335878 2.25954198473 END
START 6.89051237793 -4.94881483154 7.43878455811 250.129770992 -71.7709923664 -5.85496183206 END
START 4.34308181152 -8.5209637085 8.70531723633 250.129770992 -67.1374045802 4.75572519084 END
START 3.65834013672 -11.2838724243 6.91445439453 250.129770992 -70.1297709924 3.25190839695 END
START 0.282515795898 -11.0923362915 9.193734375 250.129770992 -51.106870229 1.39694656489 END
START 1.4844050293 -10.5895539429 12.0332575439 250.129770992 -60.4045801527 11.5419847328 END
START 4.5968671875 -11.0516348633 10.9438957886 250.129770992 -54.6335877863 4.38167938931 END
START -2.64559283447 -9.06923588867 8.0157871582 250.129770992 -51.0610687023 10.2290076336 END
START -0.122104284668 -10.8481277222 7.9798741333 250.129770992 -51.2366412214 12.8091603053 END
START -0.806845959473 -8.96628521729 8.76517227783 250.129770992 -56.6870229008 7.27480916031 END
START -0.586579406738 -8.09240161133 5.2456958374 250.129770992 -65.0458015267 18.2824427481 END
START -4.82910474854 -10.7882726807 9.03811126709 250.129770992 -59.8778625954 19.5572519084 END
START -3.6176387085 -8.64306799316 8.91361278076 250.129770992 -57.6946564885 8.6106870229 END
START 7.84101043701 -6.77559069824 9.31105025635 250.129770992 -55.0229007634 3.90839694656 END
START 2.61686241455 -10.8792523438 12.5791355225 250.129770992 -59.465648855 -1.61832061069 END
START 6.11479104004 -6.39251843262 2.50433493652 250.129770992 -74.4198473282 2.71755725191 END
START -0.474051928711 -11.9039706543 10.5033626831 250.129770992 -85.9694656489 10.7022900763 END
START -5.2097828125 -9.92875428467 6.54335313721 250.129770992 -90.1221374046 -0.923664122137 END
START 2.41335527344 -9.09078370361 8.54969412842 250.129770992 -85.786259542 -5.50381679389 END
START 0.3064578125 -10.8768581421 6.14591566162 250.129770992 -76.6183206107 9.73282442748 END
START 3.6894647583 -9.93114848633 3.67749375 250.129770992 -78.5954198473 3.70229007634 END
START 7.44357296143 -7.67581052246 7.97508572998 250.129770992 -81.465648855 7.73282442748 END
START -0.991199487305 -11.8345388062 7.0245876709 250.129770992 -77.9923664122 -3.4427480916 END
START -2.60010300293 -8.55927093506 8.49702169189 250.129770992 -87.5801526718 -0.36641221374 END
START -2.91613762207 -16.5870291016 6.7660138916 250.129770992 -84.213740458 10.8473282443 END
START -3.05021291504 -6.05014759521 6.17464608154 250.129770992 -89.1374045802 9.30534351145 END
START 8.11873782959 -5.41089575195 5.23133062744 250.129770992 -77.3358778626 8.65648854962 END
START 10.2495773071 -9.66539210205 5.04937130127 250.129770992 -79.8244274809 5.67175572519 END
START 1.99197578125 -8.2623899292 9.27513723145 250.129770992 -78.1221374046 9.12213740458 END
START 0.823605371094 -8.5329347168 5.43483776855 250.129770992 -68.8396946565 6.93129770992 END
START -1.61848032227 -5.882553479 9.57680664062 250.129770992 -76.0305343511 4.59541984733 END
START 0.251391174316 -5.73650717773 3.6176387085 250.129770992 -76.2290076336 12.893129771 END
START 2.0733786377 -12.8065846802 11.1833159546 250.129770992 -94.106870229 12.4809160305 END
START -0.723048901367 -8.70531723633 13.3045786255 250.129770992 -79.6106870229 13.4503816794 END
START 0.557848986816 -6.83065733643 6.84502254639 250.129770992 -96.7328244275 3.65648854962 END
START 2.42053787842 -6.48589229736 6.52659372559 250.129770992 -86.7328244275 17.3740458015 END
START 2.88980140381 -9.93354268799 3.37582434082 250.129770992 -79.8625954198 12.6183206107 END
START 3.1364041748 -10.553640918 12.2583125 250.129770992 -88.2519083969 9.93129770992 END
START -8.42998404541 -4.46997449951 14.8320792847 250.129770992 -87.6488549618 13.1679389313 END
START -1.06063133545 -8.86812294922 6.39730683594 250.129770992 -97.786259542 -2.37404580153 END
START -2.86585938721 -9.06684168701 5.86100566406 250.129770992 -95.0763358779 -1.64885496183 END
START -1.63523973389 -9.76594857178 9.32780966797 250.129770992 -86.5801526718 5.29770992366 END
START -1.70706578369 -9.19852277832 5.26245524902 250.129770992 -101.740458015 10.9160305344 END
START -2.83952316895 -9.19612857666 7.3549875 250.129770992 -91.3740458015 7.71755725191 END
START 1.67354696045 -10.3094323486 6.67742843018 250.129770992 -83.3511450382 8.65648854962 END
START 4.61841500244 -9.89044705811 9.27513723145 250.129770992 -81.2671755725 8.97709923664 END
START -8.50420429687 -8.22408270264 9.7707369751 250.129770992 -87.2442748092 7.74045801527 END
START 0.524330163574 -13.970166687 13.5703350098 250.129770992 -80.7557251908 -0.63358778626 END
START -5.41807835693 -2.54982476807 12.4498486328 250.129770992 -77.7709923664 8.46564885496 END
START -2.0733786377 -10.3094323486 13.5224509766 250.129770992 -74.5267175573 4.80152671756 END
START 3.64636912842 -8.54251152344 8.03733497314 250.129770992 -69.1984732824 0.824427480916 END
START -2.62883342285 -13.0699468628 7.57046564941 250.129770992 -63.6870229008 7.22900763359 END