START -3.63918652344 -10.1562034424 6.4475850708 250.129770992 -55.1145038168 -1.5572519084 END
START 3.96479794922 -7.66862791748 6.33505759277 250.129770992 -58.0152671756 6.10687022901 END
START -4.93444962158 -12.3373211548 7.87692346191 250.129770992 -67.5648854962 2.42748091603 END
START -7.55131203613 -15.3803514648 6.99106884766 250.129770992 -60.7404580153 -1.36641221374 END
START 2.1452046875 -9.39963571777 8.41083043213 250.129770992 -69.2442748092 -2.64122137405 END
START 4.26167895508 -14.5782939087 6.37097061768 250.129770992 -62.4198473282 -3.07633587786 END
START -2.56418997803 -15.689203479 4.98472785645 250.129770992 -77.5877862595 0.931297709924 END
START -1.43891519775 -13.2327525757 3.64636912842 250.129770992 -66.3511450382 4.87786259542 END
START -4.30716878662 -8.38928261719 3.22259543457 250.129770992 -68.8854961832 -3.32061068702 END
START 0.0574608398438 -11.9638256958 8.08761320801 250.129770992 -78.1526717557 -1.56488549618 END
START 0.751779321289 -10.5943423462 8.39646522217 250.129770992 -82.4809160305 8.40458015267 END
START -2.76530291748 -5.64313331299 5.29357987061 250.129770992 -78.786259542 4.52671755725 END
START 0.627280834961 -9.60553706055 7.73566556396 250.129770992 -83.9083969466 4.41221374046 END
START -2.93289703369 -5.56173045654 5.69101734619 250.129770992 -79.4809160305 -4.97709923664 END
START -7.63510909424 -5.5760956665 6.8019269165 250.129770992 -86.5496183206 -4.19083969466 END
START -1.72143099365 -8.16901606445 8.72447084961 250.129770992 -98.5038167939 5.04580152672 END
START 3.05500131836 -16.0243917114 7.66383951416 250.129770992 -103.450381679 3.31297709924 END
START -0.545877978516 -12.2918313232 5.86339986572 250.129770992 -104.320610687 4.93893129771 END
START 3.0765491333 -9.4762501709 7.11317313232 250.129770992 -103.885496183 1.22900763359 END
START 4.40533105469 -12.8161614868 11.4466781372 250.129770992 -106.633587786 10.8091603053 END
START 7.73566556396 -13.5128741699 10.060435376 250.129770992 -102.496183206 4.13740458015 END
START -1.60172091064 -12.0883241821 4.37899483643 250.129770992 -104.580152672 7.48091603053 END
START 3.61285030518 -11.03248125 10.2423947021 250.129770992 -104.152671756 3.61832061069 END
START 2.1571756958 -10.1992990723 10.4698438599 250.129770992 -104.221374046 2.38167938931 END
START 7.19457598877 -15.1145950806 14.7315228149 250.129770992 -104.404580153 -3.40458015267 END
START 4.08211383057 -13.836091394 8.13549724121 250.129770992 -104.496183206 -1.67175572519 END
START 2.92092602539 -7.80030900879 9.71567033691 250.129770992 -104.267175573 7.76335877863 END
START 1.54186586914 -5.60003768311 10.5823713379 250.129770992 -97.0381679389 -2.82442748092 END
START 9.50976899414 -14.9446067627 6.31590397949 250.129770992 -98.0839694656 8.83969465649 END
START -1.34075292969 -13.7882073608 5.52581743164 250.129770992 -106.755725191 -0.549618320611 END
START -0.593762011719 -10.651803186 7.45075556641 250.129770992 -101.503816794 10.1755725191 END
START 5.52581743164 -10.532093103 5.70059415283 250.129770992 -94.5267175573 11.679389313 END
START -1.65199914551 -5.5401826416 8.52575211182 250.129770992 -94.0763358779 0.801526717557 END
START 1.30723410645 -2.68390006104 8.00142194824 250.129770992 -88.8015267176 9.34351145038 END
START 4.86022937012 -18.0762225342 5.76763179932 250.129770992 -89.1526717557 4.81679389313 END
START 6.83305153809 -9.65820949707 10.7284176392 250.129770992 -91.1374045802 2.93129770992 END
START 1.92014973145 -7.89847127686 4.92247861328 250.129770992 -74.0687022901 -0.427480916031 END
START 3.73495458984 -10.0748005859 12.8448919067 250.129770992 -71.1603053435 7.54198473282 END
START 1.13963999023 -8.10197841797 11.8201735962 250.129770992 -66.8854961832 9.12213740458 END
START 0.964863269043 -4.5968671875 7.83861623535 250.129770992 -63.9541984733 1.86259541985 END
START 2.87783039551 -4.96078583984 6.07169541016 250.129770992 -66.6335877863 17.5496183206 END
START -0.31124621582 -2.28406838379 10.4722380615 250.129770992 -61.1984732824 7.35114503817 END
START 6.78756170654 -12.5408282959 10.8936175537 250.129770992 -59.3740458015 -3.67175572519 END
START 6.98149204102 -11.63821427 10.5943423462 250.129770992 -57.0534351145 4.48091603053 END
START -1.61369191895 -12.2846487183 3.63200391846 250.129770992 -55.4961832061 -2.1679389313 END
START 4.30716878662 -6.36139381104 5.90410129395 250.129770992 -53.4198473282 3.3358778626 END
START 0.138863696289 -9.42597193604 9.95748470459 250.129770992 -51.427480916 6.7786259542 END
START 5.00627567139 -8.22408270264 5.90410129395 250.129770992 -63.1755725191 8.51908396947 END
START 9.08599530029 -9.39005891113 5.10922634277 250.129770992 -53.8396946565 -1.41221374046 END
START -0.902614025879 -9.30626185303 7.77876119385 250.129770992 -71.9389312977 10.9236641221 END
START 2.8060043457 -13.864821814 8.40125362549 250.129770992 -72.4732824427 3.98473282443 END
START -0.577002600098 -10.8529161255 6.90248338623 250.129770992 -70.5419847328 7.08396946565 END
START 7.79552060547 -11.0683942749 5.85621726074 250.129770992 -69.1908396947 7.83969465649 END
START 3.61524450684 -7.71411774902 11.8177793945 250.129770992 -77.2366412214 6.98473282443 END
START -0.735019909668 -12.856862915 7.24246002197 250.129770992 -66.320610687 -3.79389312977 END
START 8.38210001221 -9.32062706299 11.7675011597 250.129770992 -77.8702290076 12.0076335878 END
START 3.54102425537 -10.5344873047 10.6494089844 250.129770992 -79.9847328244 4.84732824427 END
START 2.89698400879 -11.1043072998 7.94874951172 250.129770992 -73.3893129771 18.8702290076 END
START 0.114921679688 -10.4482960449 9.2416184082 250.129770992 -81.0534351145 4.32824427481 END
START -1.08696755371 -11.3317564575 3.96479794922 250.129770992 -94.4809160305 11.534351145 END
START -2.18590611572 -6.53856473389 5.08289012451 250.129770992 -93.0458015267 9.31297709924 END
START 2.29364519043 -2.88980140381 4.0557776123 250.129770992 -100.977099237 3.6106870229 END
START 2.698265271 -7.35259329834 6.27999095459 250.129770992 -97.3053435115 1.32824427481 END
START 4.21379492187 -6.99825145264 2.86107098389 250.129770992 -97.2366412214 6.48854961832 END
START 2.3918074585 -11.2048637695 8.18816967773 250.129770992 -84.0305343511 13.1145038168 END
START -0.45489831543 -1.63523973389 6.21774171143 250.129770992 -83.3435114504 -1.48091603053 END
START 5.03021768799 -11.9111532593 6.56968935547 250.129770992 -99.7099236641 7.30534351145 END
START 6.26562574463 -6.78037910156 4.86262357178 250.129770992 -78.9770992366 5.86259541985 END
START 2.23618435059 -8.5449057251 8.21929429932 250.129770992 -94.9694656489 13.2366412214 END
START -0.682347473145 -8.48026228027 5.7508723877 250.129770992 -90.0763358779 7.40458015267 END
START 7.73087716064 -7.27597884521 5.07331331787 250.129770992 -98.2290076336 8.93893129771 END
START 1.16837041016 -3.45483299561 7.83622203369 250.129770992 -97.7709923664 3.00763358779 END
START 7.90325968018 -14.3867577759 4.44124407959 250.129770992 -103.709923664 5.95419847328 END
START 0.383072265625 -5.62876810303 4.83868155518 250.129770992 -97.3435114504 -3.3358778626 END
START 4.07732542725 -10.0987426025 11.0588174683 250.129770992 -93.572519084 8.19847328244 END
START 5.34625230713 -16.2590234741 4.55377155762 250.129770992 -81.0305343511 4.3893129771 END
START -8.334215979 -10.3740757935 8.01818135986 250.129770992 -89.9007633588 4.92366412214 END
START 1.82917006836 -2.96641585693 8.62391437988 250.129770992 -85.786259542 3.27480916031 END
START 3.90494290771 -8.33900438232 8.48744488525 250.129770992 -106.946564885 -2.34351145038 END
START -1.52750065918 -9.7827079834 11.8273562012 250.129770992 -94.4885496183 13.6641221374 END
START 0.237025964355 -6.81629212646 11.3413332642 250.129770992 -105.030534351 11.7328244275 END
START -2.79163913574 -7.69496413574 5.2456958374 250.129770992 -104.938931298 -3.45038167939 END
START -0.30406361084 -10.3046439453 10.6709567993 250.129770992 -102.984732824 11.8778625954 END
START 1.72861359863 -11.8393272095 5.7987564209 250.129770992 -106.694656489 4.15267175573 END
START -0.45968671875 -13.0292454346 9.16260975342 250.129770992 -101.625954198 15.9389312977 END
START -2.86346518555 -19.4121870605 8.41561883545 250.129770992 -95.0992366412 -0.671755725191 END