START -1.45328040771 -8.92079538574 10.1609918457 250.129770992 -58.5954198473 8.06870229008 END
START -1.97042796631 -10.3860468018 5.11162054443 250.129770992 -54.0839694656 -2.81679389313 END
START 3.78283862305 -4.70700046387 2.3798364502 250.129770992 -59.5496183206 11.1603053435 END
START 5.30076247559 -12.1266314087 10.0340991577 250.129770992 -58.0229007634 -1.20610687023 END
START 1.02471831055 -13.9677724854 9.35414588623 250.129770992 -54.8320610687 10.427480916 END
START -2.01591779785 -6.81150372314 5.42526096191 250.129770992 -52.8702290076 2.35877862595 END
START -0.378283862305 -13.0483990479 7.2831614502 250.129770992 -59.3969465649 -2.26717557252 END
START -2.27449157715 -5.09486113281 5.45399138184 250.129770992 -62.2748091603 0.870229007634 END
START 4.09887324219 -9.72045874023 7.98945093994 250.129770992 -58.6488549618 13.5954198473 END
START -3.26569106445 -9.58159504395 2.43729729004 250.129770992 -75.4885496183 0.198473282443 END
START 3.36385333252 -5.7508723877 7.04134708252 250.129770992 -72.3129770992 7.56488549618 END
START -0.715866296387 -4.20900651855 9.77791958008 250.129770992 -79.4351145038 9.23664122137 END
START 7.0724717041 -17.0036201904 7.04134708252 250.129770992 -81.6488549618 12.2442748092 END
START -7.3909005249 -9.27034882812 6.03578238525 250.129770992 -78.6183206107 8.6106870229 END
START -2.22421334229 -8.91840118408 7.81946262207 250.129770992 -82.0152671756 3.1679389313 END
START 2.56418997803 -9.92875428467 7.29273825684 250.129770992 -81.0076335878 10.6259541985 END
START -4.30716878662 -10.9606552002 6.59602557373 250.129770992 -100.938931298 3.09160305344 END
START 1.40779057617 -6.57926616211 9.04289967041 250.129770992 -92.7709923664 -0.496183206107 END
START 0.275333190918 -7.16584556885 7.37414111328 250.129770992 -89.7328244275 11.9770992366 END
START 4.75967290039 -6.9767036377 6.80432111816 250.129770992 -92.0458015267 13.9694656489 END
START 5.05655390625 -9.4762501709 10.9486841919 250.129770992 -95.7022900763 -2.24427480916 END
START 4.93684382324 -7.71172354736 4.03422979736 250.129770992 -77.9236641221 11.1984732824 END
START 1.5083470459 -2.87783039551 9.75158336182 250.129770992 -76.1755725191 4.51145038168 END
START -8.16662186279 -5.00627567139 7.50582220459 250.129770992 -84.4732824427 2.46564885496 END
START -4.05338341064 -7.91044228516 2.48278712158 250.129770992 -90.0763358779 2.42748091603 END
START 5.5880666748 -15.2366993652 11.2168347778 250.129770992 -96.1832061069 15.6870229008 END
START 10.2016932739 -6.80671531982 10.7332060425 250.129770992 -104.79389313 10.4427480916 END
START -1.26892687988 -5.50187541504 12.3181675415 250.129770992 -97.7328244275 9.15267175573 END
START 0.751779321289 -9.88087025146 6.34702860107 250.129770992 -100.20610687 14.0839694656 END
START 2.8060043457 -13.9725608887 4.5250411377 250.129770992 -104.557251908 4.41221374046 END
START 6.0693012085 -12.3085907349 9.30626185303 250.129770992 -86.8854961832 -2.28244274809 END
START 5.79396801758 -9.70848773193 6.70855305176 250.129770992 -96.8854961832 -3.77099236641 END
START 5.46596239014 -14.0491753418 6.59363137207 250.129770992 -94.4961832061 8.35114503817 END
START 1.25216746826 -1.96803376465 14.6932155884 250.129770992 -77.4885496183 14.8702290076 END
START -1.52510645752 -13.977349292 5.47314499512 250.129770992 -89.0534351145 4.12213740458 END
START 12.9454483765 -13.4386539185 10.4004120117 250.129770992 -72.8549618321 4.26717557252 END
START 0.893037219238 -11.7244055298 3.47159240723 250.129770992 -77.8778625954 10.0229007634 END
START 4.40293685303 -16.0938235596 7.94874951172 250.129770992 -81.2519083969 6.56488549618 END
START -1.24737906494 -8.17619866943 7.54173522949 250.129770992 -79.2213740458 6.60305343511 END
START -0.586579406738 -5.81551583252 8.14507404785 250.129770992 -65.1450381679 5.98473282443 END
START -2.44926829834 -8.9591026123 6.7181298584 250.129770992 -72.641221374 7.54198473282 END
START 3.45483299561 -14.7530706299 8.17619866943 250.129770992 -71.0610687023 8.3893129771 END
START -0.560243188477 -7.60877287598 6.92403120117 250.129770992 -69.6870229008 9.04580152672 END
START 0.0933738647461 -6.46195028076 6.26323154297 250.129770992 -66.2442748092 11.106870229 END
START 5.87537087402 -8.60236656494 5.21696541748 250.129770992 -70.4809160305 7.32061068702 END
START -3.66312854004 -11.9111532593 6.26562574463 250.129770992 -72.1450381679 2.73282442748 END
START -0.373495458984 -4.49870491943 13.7977841675 250.129770992 -78.6335877863 2.22900763359 END
START -1.29047469482 -12.0476227539 9.49300958252 250.129770992 -77.9389312977 5.28244274809 END
START 0.830787976074 -11.9997387207 6.82826313477 250.129770992 -70.7251908397 5.58015267176 END
START -2.55461317139 -9.49061538086 7.38850632324 250.129770992 -75.679389313 -3.67175572519 END
START 0.414196887207 -11.9111532593 5.8466404541 250.129770992 -81.9007633588 4.17557251908 END
START -0.378283862305 -9.78031378174 6.34702860107 250.129770992 -80.2900763359 9.29770992366 END
START 7.28555565186 -11.2024695679 4.75488449707 250.129770992 -76.2519083969 2.9465648855 END
START -8.73644185791 -4.73094248047 6.02381137695 250.129770992 -83.0229007634 0.908396946565 END
START 5.08049592285 -8.15704505615 10.9031943604 250.129770992 -76.2824427481 0.503816793893 END
START -4.04859500732 -10.7571480591 3.70382996826 250.129770992 -81.3511450382 11.679389313 END
START 0.316034619141 -9.1578213501 10.9989624268 250.129770992 -76.6870229008 10.3740458015 END
START 1.89141931152 -11.4011883057 8.10916102295 250.129770992 -85.8244274809 8.93129770992 END
START 3.83311685791 -15.8520091919 9.26316622314 250.129770992 -87.8167938931 4.67938931298 END
START 5.70777675781 -13.0005150146 5.5760956665 250.129770992 -84.358778626 -2.41984732824 END
START 1.98958157959 -8.87769975586 9.31344445801 250.129770992 -93.1374045802 10.2748091603 END
START 2.41814367676 -11.01811604 6.23928952637 250.129770992 -87.0305343511 11.0076335878 END
START 1.02950671387 -7.43639035645 3.13161577148 250.129770992 -75.0381679389 7.88549618321 END
START 5.48511600342 -9.65342109375 8.12352623291 250.129770992 -83.0 7.21374045802 END
START 2.12605107422 -15.442600708 7.60398447266 250.129770992 -80.4732824427 6.4427480916 END
START 13.0483990479 -4.80276853027 5.26484945068 250.129770992 -82.5954198473 2.10687022901 END
START -2.31040460205 -9.07641849365 4.48673391113 250.129770992 -88.5190839695 5.36641221374 END
START 2.80121594238 -9.70369932861 3.45243879395 250.129770992 -78.679389313 2.49618320611 END
START 8.66222160645 -7.95353791504 5.24809003906 250.129770992 -90.1679389313 4.31297709924 END
START 11.159373938 -8.20732329102 5.93283171387 250.129770992 -84.8091603053 4.3358778626 END
START 4.31674559326 -16.4936552368 11.7627127563 250.129770992 -96.7557251908 5.03816793893 END
START 2.7222072876 -10.038887561 6.81150372314 250.129770992 -94.8854961832 4.25190839695 END
START -4.76685550537 -8.90403597412 9.03092866211 250.129770992 -81.4961832061 4.20610687023 END
START 3.95043273926 -7.33583388672 14.0276275269 250.129770992 -82.427480916 11.6030534351 END
START -2.70784207764 -19.6133 6.94557901611 250.129770992 -86.320610687 -5.37404580153 END
START -8.30787976074 -16.7594116211 11.1952869629 250.129770992 -102.923664122 4.4427480916 END
START -4.34787021484 -5.8466404541 9.29189664307 250.129770992 -101.259541985 2.89312977099 END
START 1.55383687744 -8.10916102295 3.64876333008 250.129770992 -99.8244274809 9.84732824427 END
START 4.57531937256 -10.4459018433 8.31266816406 250.129770992 -97.8015267176 6.98473282443 END
START 2.38462485352 -12.3684457764 7.17542237549 250.129770992 -80.1679389313 1.12977099237 END