START -0.751779321289 -12.8185556885 6.4595560791 250.129770992 -55.7328244275 -2.75572519084 END
START -0.0550666381836 -11.6813098999 5.1858407959 250.129770992 -72.9083969466 12.2519083969 END
START 10.1250788208 -6.33984599609 9.77791958008 250.129770992 -65.8091603053 5.12977099237 END
START -4.82910474854 -19.6133 10.6015249512 250.129770992 -67.4580152672 2.48091603053 END
START -2.82755216064 -9.42357773437 9.47385596924 250.129770992 -66.0458015267 6.12977099237 END
START -0.526724365234 -14.5232272705 8.12352623291 250.129770992 -62.7709923664 2.03053435115 END
START -2.27449157715 -11.2096521729 6.83544573975 250.129770992 -59.3511450382 -2.74045801527 END
START 0.933738647461 -8.84418093262 6.57208355713 250.129770992 -61.2824427481 0.656488549618 END
START 2.58094938965 -10.3740757935 3.30639249268 250.129770992 -68.3358778626 3.4427480916 END
START -1.8148048584 -9.2416184082 12.7203934204 250.129770992 -63.1374045802 5.70992366412 END
START -6.64390960693 -6.3877300293 5.11640894775 250.129770992 -54.5496183206 3.80152671756 END
START -4.66151063232 -7.9080480835 9.19612857666 250.129770992 -56.1984732824 10.1297709924 END
START 0.320823022461 -9.76116016846 6.4116720459 250.129770992 -58.1603053435 0.87786259542 END
START -2.50194073486 -11.9303068726 10.8816465454 250.129770992 -79.5954198473 9.64885496183 END
START 2.94726224365 -11.3365448608 4.15633408203 250.129770992 -75.4732824427 3.75572519084 END
START -3.9839515625 -10.0005803345 7.74284816895 250.129770992 -75.7099236641 13.4122137405 END
START -1.22104284668 -8.0038161499 6.65827481689 250.129770992 -92.7404580153 10.427480916 END
START -3.19147081299 -5.13077415771 6.89051237793 250.129770992 -79.9541984733 4.20610687023 END
START 1.1659762085 -11.3341506592 4.76924970703 250.129770992 -82.2595419847 1.91603053435 END
START 3.2992098877 -8.3222449707 10.4435076416 250.129770992 -86.6641221374 2.03053435115 END
START 4.0198645874 -18.5957642944 10.1897222656 250.129770992 -90.1374045802 9.79389312977 END
START 0.490811340332 -12.2774661133 2.22421334229 250.129770992 -80.0381679389 3.09923664122 END
START -7.16345136719 -7.67581052246 10.8385509155 250.129770992 -78.9160305344 0.0 END
START 7.41005413818 -5.32231029053 10.3788641968 250.129770992 -71.8015267176 -3.12977099237 END
START -4.84586416016 -3.96719215088 9.7587659668 250.129770992 -74.8015267176 5.58015267176 END
START 0.0598550415039 -9.13866773682 8.48505068359 250.129770992 -99.5190839695 13.0076335878 END
START 7.01740506592 -12.3660515747 11.6860983032 250.129770992 -104.541984733 -0.854961832061 END
START -4.32392819824 -13.0244570312 11.2383825928 250.129770992 -97.4122137405 1.3893129771 END
START 9.32302126465 -9.20331118164 9.23443580322 250.129770992 -103.083969466 11.4732824427 END
START 5.33667550049 -12.7994020752 6.90008918457 250.129770992 -104.564885496 7.60305343511 END
START 3.26090266113 -6.54814154053 6.77559069824 250.129770992 -97.5648854962 1.63358778626 END
START 1.21625444336 -9.39724151611 6.4236430542 250.129770992 -91.9083969466 5.96946564885 END
START 4.52743533936 -10.3812583984 7.56807144775 250.129770992 -81.1984732824 11.2519083969 END
START 0.512359155273 -14.8344734863 11.1138841064 250.129770992 -90.5496183206 -3.25190839695 END
START 5.09964953613 -14.4873142456 5.56173045654 250.129770992 -81.7938931298 2.71755725191 END
START -0.260967980957 -10.5680061279 9.72285294189 250.129770992 -73.4427480916 7.96946564885 END
START 2.73178409424 -13.3524626587 8.98783303223 250.129770992 -70.6488549618 1.16030534351 END
START 4.32871660156 -5.50905802002 10.187328064 250.129770992 -80.4503816794 -1.32824427481 END
START 1.48919343262 -15.6125890259 8.46350286865 250.129770992 -81.7022900763 -3.81679389313 END
START 1.11569797363 -9.09557210693 7.29273825684 250.129770992 -76.9770992366 12.8244274809 END
START -0.629675036621 -7.49145699463 8.9351605957 250.129770992 -78.9770992366 0.0152671755725 END
START 4.24970794678 -8.33182177734 7.98945093994 250.129770992 -71.6106870229 7.12977099237 END
START 5.25527264404 -5.48751020508 9.89284125977 250.129770992 -75.0763358779 16.7786259542 END
START 2.89698400879 -10.3261917603 0.529118566895 250.129770992 -84.6106870229 6.87022900763 END
START 2.07098443604 -11.9183358643 7.31189187012 250.129770992 -68.7099236641 -3.43511450382 END
START 10.5153336914 -6.51462271729 12.6820861938 250.129770992 -76.2442748092 12.6106870229 END
START 1.1540052002 -14.3101433228 4.72854827881 250.129770992 -69.1526717557 9.21374045802 END
START 7.21612380371 -9.32780966797 7.04374128418 250.129770992 -78.7557251908 4.93893129771 END
START 9.74440075684 -9.5241342041 3.65594593506 250.129770992 -84.9312977099 13.8091603053 END
START 5.03261188965 -12.3971761963 5.4803276001 250.129770992 -77.572519084 -3.00763358779 END
START 4.26886156006 -5.98310994873 11.4418897339 250.129770992 -71.1679389313 3.34351145038 END
START -1.98718737793 -10.3046439453 7.52018741455 250.129770992 -73.1603053435 7.28244274809 END
START -6.57687196045 -9.37808790283 4.42687886963 250.129770992 -74.1908396947 0.557251908397 END
START 6.47870969238 -15.3588036499 8.05170018311 250.129770992 -80.106870229 -1.09160305344 END
START -3.19865341797 -4.13957467041 8.97586202393 250.129770992 -84.2824427481 2.83969465649 END
START 0.92416184082 -8.34858118896 7.1203557373 250.129770992 -80.3435114504 4.48091603053 END
START 2.205059729 -9.91199487305 6.98628044434 250.129770992 -83.0229007634 4.89312977099 END
START 4.53222374268 -9.89284125977 5.11640894775 250.129770992 -88.2977099237 9.03816793893 END
START 1.13485158691 -10.5895539429 2.14999309082 250.129770992 -79.572519084 19.106870229 END
START 2.50672913818 -14.2119810547 7.05810649414 250.129770992 -75.8778625954 2.93129770992 END
START -0.708683691406 -3.25132585449 8.41322463379 250.129770992 -71.106870229 11.5419847328 END
START 4.6686932373 -2.4875755249 5.24809003906 250.129770992 -77.7557251908 -0.442748091603 END
START 3.10288535156 -10.3453453735 10.0269165527 250.129770992 -88.1832061069 9.91603053435 END
START -0.928950244141 -10.9247421753 7.32386287842 250.129770992 -76.9465648855 4.60305343511 END
START 3.97437475586 -13.6732856812 0.596156213379 250.129770992 -94.7404580153 5.81679389313 END
START 8.87769975586 -7.82903942871 6.93121380615 250.129770992 -79.7022900763 -0.778625954198 END
START 1.81001645508 -10.42674823 3.46680400391 250.129770992 -77.3893129771 5.58778625954 END
START 5.20260020752 -5.74608398437 5.53060583496 250.129770992 -78.9389312977 13.8244274809 END
START 9.01656345215 -9.12909093018 4.34068760986 250.129770992 -80.1450381679 1.96946564885 END
START 7.71890615234 -10.3525279785 6.95036741943 250.129770992 -81.2824427481 3.90076335878 END
START 3.05739552002 -7.98226833496 6.07169541016 250.129770992 -73.5801526718 10.4122137405 END
START 4.39096584473 -5.40131894531 6.87614716797 250.129770992 -82.0763358779 -4.97709923664 END
START 0.486022937012 -9.71567033691 6.46913288574 250.129770992 -73.0 6.03053435115 END
START 0.864306799316 -8.03254656982 5.98071574707 250.129770992 -82.5267175573 -0.603053435115 END
START 11.5711766235 -9.77791958008 3.25850845947 250.129770992 -79.5114503817 6.14503816794 END
START 4.93205541992 -12.0883241821 2.36786544189 250.129770992 -94.3893129771 -1.06106870229 END
START 1.00317049561 -12.6653267822 7.23288321533 250.129770992 -87.5801526718 3.95419847328 END
START 5.76763179932 -9.74200655518 3.86902988281 250.129770992 -83.0 8.54961832061 END
START -4.40293685303 -8.09719001465 8.53054051514 250.129770992 -79.2519083969 2.26717557252 END
START -0.562637390137 -9.26077202148 8.21690009766 250.129770992 -87.6488549618 11.1526717557 END
START 2.07577283936 -10.6350437744 2.25294376221 250.129770992 -84.5190839695 3.98473282443 END
START -0.885854614258 -10.9965682251 9.61990227051 250.129770992 -76.9770992366 6.39694656489 END
START 2.69347686768 -13.7115929077 7.02219346924 250.129770992 -83.572519084 5.13740458015 END
START -3.27526787109 -7.50103380127 8.48983908691 250.129770992 -87.572519084 8.31297709924 END
START 0.251391174316 -5.37498272705 8.11873782959 250.129770992 -80.0152671756 -3.87022900763 END
START -1.52271225586 -7.94156690674 2.4875755249 250.129770992 -81.2900763359 5.31297709924 END
START 0.591367810059 -5.78199700928 7.90325968018 250.129770992 -88.2213740458 7.59541984733 END
START 1.97042796631 -7.49385119629 6.63433280029 250.129770992 -84.5954198473 0.664122137405 END
START -2.67671745605 -16.1632554077 9.77313117676 250.129770992 -99.106870229 -0.480916030534 END
START -9.70848773193 -3.66312854004 12.7132108154 250.129770992 -104.770992366 6.83969465649 END
START -2.69347686768 -13.1776859375 7.16345136719 250.129770992 -105.022900763 3.40458015267 END
START 0.76135612793 -12.3181675415 10.4387192383 250.129770992 -104.709923664 4.61832061069 END
START -1.8148048584 -11.0157218384 11.2431709961 250.129770992 -94.5038167939 10.3816793893 END
START -1.28089788818 -8.8513635376 9.53371101074 250.129770992 -104.664122137 4.22900763359 END
START -7.95114371338 -10.6206785645 11.4825911621 250.129770992 -86.9770992366 -1.96946564885 END
START -1.20428343506 -13.1202250977 11.8632692261 250.129770992 -82.4198473282 8.95419847328 END
START 0.897825622559 -5.54497104492 1.66157595215 250.129770992 -84.5877862595 11.8244274809 END
START -7.00543405762 -13.2183873657 8.19535228271 250.129770992 -86.5954198473 6.74809160305 END
START -0.960074865723 -11.3461216675 6.00226356201 250.129770992 -76.1908396947 1.32061068702 END
START -3.27047946777 -10.8840407471 10.5296989014 250.129770992 -73.3282442748 4.14503816794 END
START 0.495599743652 -5.89691868896 13.6158248413 250.129770992 -55.9312977099 5.53435114504 END
START 0.172382519531 -7.01022246094 4.18506450195 250.129770992 -70.786259542 5.23664122137 END
START 1.53947166748 -5.70777675781 7.03177027588 250.129770992 -58.1450381679 4.24427480916 END
START 2.61686241455 -11.3868230957 12.0404401489 250.129770992 -57.9923664122 3.01526717557 END