START -0.847547387695 -11.2359883911 6.06451280518 250.129770992 -86.8320610687 11.3282442748 END
START 5.91128389893 -9.27274302979 8.31745656738 250.129770992 -84.9847328244 3.02290076336 END
START 0.672770666504 -11.1426145264 7.41963094482 250.129770992 -77.1297709924 6.00763358779 END
START -2.7581203125 -8.62391437988 10.0819831909 250.129770992 -90.7404580153 7.12213740458 END
START -1.01274730225 -8.31506236572 13.2207815674 250.129770992 -77.8244274809 16.1755725191 END
START 1.48201082764 -9.36132849121 5.95916793213 250.129770992 -87.5038167939 11.5114503817 END
START -3.18428820801 -11.8249619995 11.039663855 250.129770992 -89.2290076336 4.42748091603 END
START -1.5203180542 -3.25850845947 10.6972930176 250.129770992 -91.5801526718 3.9465648855 END
START -3.80438643799 -12.624625354 6.70855305176 250.129770992 -91.8549618321 8.63358778626 END
START 1.14203419189 -11.9805851074 7.08683691406 250.129770992 -98.2748091603 14.3664122137 END
START 8.26717833252 -1.37906015625 4.5968671875 250.129770992 -90.7557251908 6.06106870229 END
START -2.01352359619 -11.2455651978 6.53377633057 250.129770992 -92.3435114504 7.38167938931 END
START -2.56418997803 -9.10754311523 6.58644876709 250.129770992 -102.946564885 17.4885496183 END
START 0.849941589355 -8.02296976318 8.34139858398 250.129770992 -95.7175572519 7.39694656489 END
START -1.88902510986 -8.75320126953 9.16260975342 250.129770992 -96.3053435115 15.6564885496 END
START -3.76847341309 -8.12113203125 9.45470235596 250.129770992 -97.1374045802 3.22900763359 END
START -1.75973822021 -5.83945784912 7.14429775391 250.129770992 -95.8091603053 14.1908396947 END
START -3.67749375 -12.0308633423 5.59285507812 250.129770992 -105.114503817 -3.0 END
START -3.16034619141 -10.187328064 4.60644399414 250.129770992 -106.129770992 7.1679389313 END
START -3.58651408691 -13.4171061035 8.39646522217 250.129770992 -86.0458015267 4.63358778626 END
START 6.91924279785 -9.28950244141 10.0748005859 250.129770992 -104.923664122 6.01526717557 END
START -3.25132585449 -6.58405456543 8.04691177979 250.129770992 -98.4122137405 7.00763358779 END
START 6.03099398193 -13.005303418 12.27267771 250.129770992 -103.740458015 12.3664122137 END
START 0.280121594238 -13.4578075317 3.6176387085 250.129770992 -93.8549618321 11.3435114504 END
START 8.73883605957 -2.79642753906 5.84903465576 250.129770992 -99.0305343511 5.29007633588 END
START 7.7093293457 -4.79079752197 8.58321295166 250.129770992 -101.908396947 -1.29007633588 END
START 3.05739552002 -14.2909897095 9.79228479004 250.129770992 -94.1374045802 11.5648854962 END
START 7.02219346924 -9.89762966309 9.80904420166 250.129770992 -93.0305343511 4.6641221374 END
START -0.138863696289 -7.73566556396 5.67665213623 250.129770992 -72.9541984733 -1.25190839695 END
START 9.92157167969 -2.99514627686 16.3356379272 250.129770992 -72.0610687023 1.58778625954 END
START 0.210689746094 -3.72058937988 12.7323644287 250.129770992 -52.8091603053 -1.04580152672 END
START 6.79235010986 -6.01662877197 6.15788666992 250.129770992 -51.4732824427 1.75572519084 END
START 6.96473262939 -13.1561381226 9.56483563232 250.129770992 -60.7557251908 -0.793893129771 END
START 3.65594593506 -8.64306799316 11.899182251 250.129770992 -60.6564885496 2.6106870229 END
START 9.28950244141 -10.6685625977 12.5456166992 250.129770992 -58.0458015267 2.80152671756 END
START -0.533906970215 -11.384428894 11.7531359497 250.129770992 -64.3435114504 5.68702290076 END
START 7.01979926758 1.30244570312 7.25203682861 250.129770992 -61.0152671756 -0.290076335878 END
START -1.57299049072 -8.47068547363 6.33984599609 250.129770992 -59.5877862595 3.64122137405 END
START 2.76530291748 -8.70052883301 9.53371101074 250.129770992 -56.1374045802 3.19083969466 END
START 5.42047255859 -14.0491753418 3.54341845703 250.129770992 -47.6030534351 9.5572519084 END
START 0.938527050781 -10.771513269 6.4715270874 250.129770992 -51.3816793893 2.27480916031 END
START -1.24498486328 -4.90811340332 7.69975253906 250.129770992 -53.7709923664 8.72519083969 END
START 4.33111080322 -10.0317049561 7.4028715332 250.129770992 -69.9618320611 7.19083969466 END
START 0.902614025879 -12.519280481 12.4690022461 250.129770992 -57.6488549618 10.2671755725 END
START 1.49877023926 -2.085349646 6.68939943848 250.129770992 -70.6335877863 2.45038167939 END
START 2.39659586182 -10.1609918457 7.52018741455 250.129770992 -62.0763358779 1.96183206107 END
START -9.08360109863 -7.29992086182 10.9702320068 250.129770992 -68.7938931298 13.9618320611 END
START -6.32308658447 -7.6255322876 5.06613071289 250.129770992 -60.0076335878 8.30534351145 END
START 5.31512768555 -17.4034518677 8.70292303467 250.129770992 -63.3664122137 4.08396946565 END
START 0.818816967773 -12.751518042 5.1618987793 250.129770992 -72.9160305344 12.9007633588 END
START -3.47638081055 -13.8313029907 9.1458503418 250.129770992 -71.4961832061 7.71755725191 END
START 1.30483990479 -9.80665 9.32541546631 250.129770992 -73.9847328244 16.786259542 END
START 4.63756861572 -12.7802484619 5.54497104492 250.129770992 -67.0687022901 13.4351145038 END
START 0.366312854004 -12.8353151001 5.24809003906 250.129770992 -75.2290076336 2.67938931298 END
START 0.222660754395 -11.7986257812 7.9200190918 250.129770992 -74.9312977099 -0.114503816794 END
START 4.06535441895 -4.8674119751 5.56651885986 250.129770992 -86.4961832061 11.0381679389 END
START 7.11556733398 -9.38048210449 9.49779798584 250.129770992 -76.0076335878 17.6870229008 END
START 3.40216055908 -11.2383825928 6.67264002686 250.129770992 -76.2519083969 4.29770992366 END
START -0.399831677246 -12.4857616577 8.57842454834 250.129770992 -81.1145038168 4.21374045802 END
START 9.64623848877 -14.2957781128 5.48751020508 250.129770992 -83.9618320611 9.0 END
START -0.754173522949 -9.4762501709 9.56483563232 250.129770992 -83.4351145038 0.0458015267176 END
START -1.18034141846 -11.1904985596 4.94163222656 250.129770992 -83.2900763359 6.06870229008 END
START 3.58651408691 -12.1098719971 12.2128226685 250.129770992 -75.8396946565 3.70992366412 END
START 2.38701905518 -9.66299790039 10.3764699951 250.129770992 -75.4045801527 -0.977099236641 END
START 6.61517918701 -9.50976899414 10.053252771 250.129770992 -77.6030534351 12.0992366412 END
START 3.17949980469 -11.3796404907 8.49223328857 250.129770992 -73.6641221374 0.793893129771 END
START -7.60398447266 -4.86022937012 6.67982263184 250.129770992 -78.679389313 15.0305343511 END
START -0.909796630859 -12.265495105 8.18816967773 250.129770992 -77.5572519084 7.93893129771 END
START 2.75572611084 -3.49553442383 10.1490208374 250.129770992 -90.1145038168 8.21374045802 END
START -1.17315881348 -3.74453139648 5.27921466064 250.129770992 -97.5419847328 -0.793893129771 END
START 0.407014282227 -2.26491477051 8.65982740479 250.129770992 -94.1755725191 8.6106870229 END
START 0.0143652099609 -10.172962854 3.430890979 250.129770992 -101.824427481 2.17557251908 END
START -5.70538255615 -2.37025964355 9.75397756348 250.129770992 -105.541984733 17.1603053435 END
START -3.7373487915 -1.96803376465 5.59046087646 250.129770992 -103.816793893 10.0381679389 END
START -3.51947644043 -15.6197716309 6.38533582764 250.129770992 -104.34351145 -5.25190839695 END
START 0.873883605957 -10.532093103 12.2056400635 250.129770992 -104.488549618 12.358778626 END
START 5.10683214111 -10.5632177246 9.35414588623 250.129770992 -104.702290076 7.34351145038 END
START -0.828393774414 -9.90720646973 4.32392819824 250.129770992 -100.519083969 0.503816793893 END
START -0.509964953613 -9.56244143066 10.7379944458 250.129770992 -84.6946564885 -2.70229007634 END
START -0.703895288086 -0.442927307129 9.38048210449 250.129770992 -74.0992366412 1.6106870229 END
START 6.988674646 -5.43004936523 4.78840332031 250.129770992 -83.8396946565 12.6717557252 END
START 4.92487281494 -10.553640918 9.5480762207 250.129770992 -70.534351145 8.16030534351 END