START -5.18344659424 -12.765883252 2.36068283691 250.129770992 -58.7404580153 13.8702290076 END
START -2.34631762695 -9.99100352783 9.5001921875 250.129770992 -68.2442748092 12.1755725191 END
START 0.354341845703 -10.4722380615 9.00459244385 250.129770992 -61.1603053435 2.04580152672 END
START -2.18830031738 -6.19379969482 10.3214033569 250.129770992 -60.5114503817 3.61832061069 END
START 1.98718737793 -11.7770779663 10.6230727661 250.129770992 -62.7251908397 6.15267175573 END
START -9.65342109375 -10.9630494019 11.7866547729 250.129770992 -62.7786259542 2.47328244275 END
START -1.61369191895 -6.84023414307 6.56729515381 250.129770992 -76.0534351145 8.74045801527 END
START 2.68390006104 -5.4563855835 10.6925046143 250.129770992 -80.0763358779 12.2290076336 END
START -1.36230074463 -11.8129909912 10.8577045288 250.129770992 -93.6335877863 -1.40458015267 END
START 2.61446821289 -11.2335941895 11.279084021 250.129770992 -90.8778625954 8.0 END
START 0.945709655762 -6.15070406494 9.95987890625 250.129770992 -89.5648854962 -0.671755725191 END
START 6.64869801025 -8.71010563965 6.59602557373 250.129770992 -89.6488549618 15.7328244275 END
START 6.47631549072 -2.59531459961 8.41083043213 250.129770992 -77.5954198473 9.49618320611 END
START -2.1332336792 -6.73728347168 11.0564232666 250.129770992 -79.6564885496 -2.73282442748 END
START 1.61369191895 -15.0786820557 7.63510909424 250.129770992 -83.2977099237 2.21374045802 END
START -6.96233842773 -11.1138841064 4.3382934082 250.129770992 -81.1450381679 13.893129771 END
START -6.76122548828 -11.5592056152 5.92325490723 250.129770992 -79.2290076336 9.69465648855 END
START -3.83551105957 -1.56101948242 2.87783039551 250.129770992 -72.4427480916 10.786259542 END
START 6.55771834717 -8.34139858398 5.02542928467 250.129770992 -63.9847328244 -5.32824427481 END
START -8.25999572754 -10.1346556274 5.23851323242 250.129770992 -63.4580152672 15.534351145 END
START 2.09971485596 -8.80587370605 8.55448253174 250.129770992 -69.1374045802 4.54198473282 END
START -3.85466467285 -8.80108530273 6.15549246826 250.129770992 -78.106870229 15.2748091603 END
START -9.40681832275 -11.5017447754 4.53461794434 250.129770992 -69.9160305344 4.52671755725 END
START -6.56250675049 -4.29280357666 7.63989749756 250.129770992 -69.1145038168 2.49618320611 END
START -3.18907661133 -7.6853873291 3.45722719727 250.129770992 -74.4961832061 1.64122137405 END
START 5.48272180176 -8.16183345947 4.24731374512 250.129770992 -67.572519084 10.5572519084 END
START 3.28245047607 -10.2639425171 8.5568767334 250.129770992 -68.4580152672 14.2595419847 END
START -4.02465299072 -8.54969412842 8.14986245117 250.129770992 -66.2671755725 5.29007633588 END
START 1.2497732666 -7.01501086426 6.57447775879 250.129770992 -80.2519083969 -1.32061068702 END
START 2.17632930908 -10.3740757935 5.66707532959 250.129770992 -78.8778625954 8.78625954198 END