START -0.706289489746 -7.03177027588 8.33900438232 250.129770992 -65.3664122137 14.2290076336 END
START 6.71573565674 -10.658985791 5.43723197021 250.129770992 -63.7404580153 11.1755725191 END
START -2.66953485107 -10.5344873047 3.38779534912 250.129770992 -82.9236641221 7.3358778626 END
START -1.37427175293 -8.31745656738 3.6176387085 250.129770992 -69.7099236641 14.679389313 END
START -2.38941325684 -9.69891092529 3.17231719971 250.129770992 -81.3740458015 9.03053435115 END
START -3.54341845703 -11.4993505737 8.17380446777 250.129770992 -79.2748091603 8.24427480916 END
START 0.342370837402 -9.89523546143 4.37899483643 250.129770992 -86.7328244275 0.519083969466 END
START 4.83389315186 -7.6853873291 6.24168372803 250.129770992 -76.7328244275 4.27480916031 END
START 1.14921679688 -12.4737906494 5.45159718018 250.129770992 -79.641221374 4.30534351145 END
START -0.129286889648 -7.77397279053 5.8226984375 250.129770992 -90.465648855 9.32824427481 END
START -0.287304199219 -6.74686027832 2.92332022705 250.129770992 -85.0687022901 1.72519083969 END
START 4.55377155762 -4.63996281738 7.51300480957 250.129770992 -89.0076335878 11.465648855 END
START 4.06535441895 -9.34696328125 11.6501852783 250.129770992 -101.282442748 11.0 END
START -0.687135876465 -4.91769020996 12.6078659424 250.129770992 -104.755725191 6.91603053435 END
START -2.87783039551 -7.78354959717 10.0077629395 250.129770992 -98.6183206107 3.58015267176 END
START -1.48919343262 -11.3173912476 7.0245876709 250.129770992 -104.557251908 0.541984732824 END
START -3.32794030762 -9.61032546387 6.90727178955 250.129770992 -104.572519084 4.5572519084 END
START 3.96479794922 -8.41322463379 7.0844427124 250.129770992 -105.404580153 7.93893129771 END
START 1.99436998291 -10.9630494019 6.33745179443 250.129770992 -104.229007634 7.65648854962 END
START -3.76129080811 -7.68299312744 7.71651195068 250.129770992 -102.93129771 12.641221374 END
START 9.8665050415 -12.5264630859 7.68778153076 250.129770992 -107.396946565 13.786259542 END
START -1.90339031982 -3.53863005371 6.04535919189 250.129770992 -106.923664122 15.786259542 END
START -1.29286889648 -3.66312854004 7.36456430664 250.129770992 -104.152671756 2.52671755725 END
START 8.2743609375 -7.52976422119 1.36230074463 250.129770992 -104.770992366 12.320610687 END
START 1.72621939697 -12.3014081299 7.0844427124 250.129770992 -104.557251908 9.08396946565 END
START 7.88410606689 -9.88326445312 6.39012423096 250.129770992 -104.870229008 7.59541984733 END
START -8.19535228271 -15.3923224731 9.45709655762 250.129770992 -100.366412214 15.2061068702 END
START 11.1330377197 -7.0964137207 11.293449231 250.129770992 -104.847328244 -1.74809160305 END
START 11.2886608276 -14.2838071045 6.98628044434 250.129770992 -90.6030534351 11.4885496183 END
START 1.58974990234 -8.16422766113 8.89685336914 250.129770992 -68.534351145 5.41984732824 END
START 0.277727392578 -9.8186210083 10.433930835 250.129770992 -62.6946564885 2.08396946565 END
START 1.28329208984 -8.31506236572 10.7379944458 250.129770992 -54.0839694656 5.5572519084 END
START 14.0012913086 -10.7379944458 4.28562097168 250.129770992 -50.8625954198 4.31297709924 END
START -1.06541973877 -6.90966599121 7.41723674316 250.129770992 -59.8091603053 10.6717557252 END
START -1.89141931152 -9.66299790039 6.06451280518 250.129770992 -51.358778626 6.5572519084 END
START -2.51630594482 -11.0109334351 2.79642753906 250.129770992 -59.679389313 14.9923664122 END
START -2.09253225098 -10.2088758789 13.970166687 250.129770992 -75.9847328244 7.7786259542 END
START 0.519541760254 -12.7874310669 6.89290657959 250.129770992 -63.7175572519 1.54198473282 END
START -3.34469971924 -18.1073471558 9.1219083252 250.129770992 -57.6030534351 7.4427480916 END
START -4.06056601562 -10.9774146118 11.9327010742 250.129770992 -51.8473282443 -5.74809160305 END
START 0.612915625 -7.25682523193 7.35019909668 250.129770992 -45.9770992366 5.25954198473 END
START 0.361524450684 -5.36780012207 9.37569370117 250.129770992 -67.0534351145 17.641221374 END
START -0.31124621582 -10.0771947876 9.7946789917 250.129770992 -65.0381679389 -1.02290076336 END
START -3.53384165039 -15.0643168457 6.23210692139 250.129770992 -70.6106870229 -1.12977099237 END
START 1.58496149902 -10.6637741943 8.66940421143 250.129770992 -77.1526717557 6.19083969466 END
START -1.5562310791 -8.11873782959 5.61679709473 250.129770992 -76.5267175573 4.86259541985 END
START -1.00317049561 -7.12514414062 4.09408483887 250.129770992 -65.1603053435 11.7175572519 END
START 4.9512090332 -15.4162644897 5.73411297607 250.129770992 -76.6564885496 7.36641221374 END
START -0.0670376464844 -7.23527741699 4.99191046143 250.129770992 -70.213740458 6.35877862595 END
START 1.8028338501 -11.0612116699 12.2678893066 250.129770992 -72.8854961832 4.82442748092 END
START 5.94001431885 -10.0269165527 8.214505896 250.129770992 -76.7786259542 8.68702290076 END
START 8.03494077148 -18.0594631226 10.8313683105 250.129770992 -70.1297709924 10.5038167939 END
START 2.91134921875 -13.962984082 6.6702458252 250.129770992 -76.7938931298 -0.106870229008 END
START 6.65109221191 -9.97903251953 3.76368500977 250.129770992 -80.465648855 9.50381679389 END
START 4.0198645874 -9.90720646973 4.04620080566 250.129770992 -83.7328244275 6.87786259542 END
START -3.6535517334 -12.9262947632 3.85466467285 250.129770992 -88.5190839695 10.358778626 END
START -0.746990917969 -10.9462899902 6.62475599365 250.129770992 -85.9465648855 0.648854961832 END
START -2.85388837891 -12.018892334 6.33505759277 250.129770992 -69.7175572519 6.10687022901 END
START -0.165199914551 -11.3078144409 6.25365473633 250.129770992 -90.8396946565 8.25954198473 END
START 6.48110389404 -13.1537439209 7.43399615479 250.129770992 -80.2977099237 10.641221374 END
START -1.47003981934 -9.09796630859 6.99346304932 250.129770992 -80.1374045802 3.34351145038 END
START 2.84431157227 -17.4130286743 3.55060106201 250.129770992 -80.2900763359 14.7786259542 END
START -0.526724365234 -12.5791355225 -2.02549460449 250.129770992 -97.465648855 21.0687022901 END
START 4.42448466797 -5.70298835449 8.78911429443 250.129770992 -103.465648855 5.92366412214 END
START 2.85149417725 -10.800243689 5.18105239258 250.129770992 -101.65648855 4.59541984733 END
START -0.136469494629 -12.5743471191 7.26640203857 250.129770992 -97.1450381679 7.78625954198 END
START -1.34554133301 -12.8065846802 19.6127014496 250.129770992 -103.809160305 8.54961832061 END
START -0.691924279785 -9.32302126465 8.79390269775 250.129770992 -99.6946564885 4.45038167939 END
START 0.45729251709 -6.08845482178 6.86178195801 250.129770992 -104.916030534 4.56488549618 END
START -0.229843359375 -8.23126530762 9.40681832275 250.129770992 -103.213740458 -2.38167938931 END
START 3.82114584961 -3.74692559814 5.86579406738 250.129770992 -101.572519084 13.9541984733 END
START -1.38624276123 -10.7020814209 6.8019269165 250.129770992 -97.2977099237 2.99236641221 END
START 0.426167895508 -13.2854250122 4.8314989502 250.129770992 -102.152671756 6.42748091603 END
START -2.72938989258 -9.44751975098 12.6940572021 250.129770992 -105.015267176 0.206106870229 END
START -0.624886633301 -6.40209523926 11.0683942749 250.129770992 -99.5572519084 6.25190839695 END
START 1.8866309082 -13.9869260986 9.95509050293 250.129770992 -100.786259542 9.27480916031 END
START -3.0885201416 -3.0166940918 12.0164981323 250.129770992 -94.4427480916 7.88549618321 END
START -0.0718260498047 -10.1992990723 7.38132371826 250.129770992 -82.3893129771 4.43511450382 END