START -1.11090957031 -6.29675036621 8.67658681641 250.129770992 -61.5954198473 -0.381679389313 END
START 1.35511813965 -10.5081510864 10.5033626831 250.129770992 -55.4122137405 10.1679389313 END
START 4.34308181152 -10.1394440308 5.36780012207 250.129770992 -51.9923664122 5.42748091603 END
START 7.96311472168 -10.9630494019 5.74368978271 250.129770992 -54.0458015267 12.9847328244 END
START 0.378283862305 -8.27914934082 6.96952103271 250.129770992 -62.6259541985 5.67938931298 END
START -0.964863269043 -8.26478413086 4.28801517334 250.129770992 -66.5877862595 0.129770992366 END
START -1.24737906494 -10.060435376 6.06451280518 250.129770992 -66.2824427481 4.65648854962 END
START -0.948103857422 -12.1649386353 5.06852491455 250.129770992 -79.465648855 5.14503816794 END
START -2.13562788086 -10.5943423462 2.96162745361 250.129770992 -69.5419847328 11.572519084 END
START 2.20027132568 -9.65820949707 11.279084021 250.129770992 -86.2290076336 5.02290076336 END
START 0.749385119629 -4.68305844727 7.79791480713 250.129770992 -84.3969465649 -1.75572519084 END
START 3.12922156982 -13.4075292969 9.2535894165 250.129770992 -95.641221374 4.46564885496 END
START -0.933738647461 -12.1577560303 12.3516863647 250.129770992 -82.5877862595 3.12213740458 END
START 0.189141931152 -10.7954552856 5.72932457275 250.129770992 -85.0076335878 19.4961832061 END
START -3.10767375488 -14.329296936 1.96085115967 250.129770992 -83.1450381679 -1.54961832061 END
START -5.36301171875 -11.765106958 4.32871660156 250.129770992 -84.4427480916 -2.38167938931 END
START -2.51391174316 -16.3188785156 6.36857641602 250.129770992 -82.8244274809 -2.5572519084 END
START -0.818816967773 3.34469971924 6.56011254883 250.129770992 -103.664122137 9.45801526718 END
START 0.0885854614258 -12.9406599731 8.40843623047 250.129770992 -86.4045801527 5.8320610687 END
START 0.964863269043 -12.363657373 7.25443103027 250.129770992 -96.0916030534 6.21374045802 END
START -0.955286462402 -7.41244833984 4.38138903809 250.129770992 -104.20610687 8.96183206107 END
START 4.63756861572 -2.34631762695 6.34702860107 250.129770992 -105.236641221 7.47328244275 END
START 3.87381828613 -11.4514665405 4.06056601562 250.129770992 -90.6030534351 1.95419847328 END
START -0.0718260498047 -8.93755479736 6.8138979248 250.129770992 -102.580152672 6.83969465649 END
START -1.94648594971 -10.1418382324 5.8945244873 250.129770992 -104.79389313 5.68702290076 END
START -8.22887110596 -9.01177504883 11.3820346924 250.129770992 -105.267175573 5.41221374046 END
START -0.715866296387 -11.3197854492 8.54251152344 250.129770992 -100.503816794 5.1679389313 END
START -0.883460412598 -12.6653267822 8.07803640137 250.129770992 -105.526717557 4.07633587786 END
START 5.88015927734 -7.75721337891 6.66306322021 250.129770992 -104.977099237 8.54198473282 END
START 1.98479317627 -8.44195505371 8.57842454834 250.129770992 -104.694656489 5.83969465649 END
START 4.91769020996 -8.44434925537 13.1058598877 250.129770992 -102.007633588 9.19847328244 END
START -1.95845695801 -10.0939541992 9.65342109375 250.129770992 -103.969465649 -2.31297709924 END
START 6.32548078613 -4.40293685303 11.1976811646 250.129770992 -104.694656489 -0.679389312977 END
START 3.88339509277 -4.79558592529 6.55053574219 250.129770992 -91.893129771 2.77099236641 END
START 9.5001921875 -7.88171186523 9.81622680664 250.129770992 -106.93129771 4.27480916031 END
START 11.9183358643 -4.20182391357 12.0571995605 250.129770992 -88.1526717557 7.77099236641 END
START 7.3190744751 -4.82192214355 12.6581441772 250.129770992 -77.2748091603 6.67175572519 END
START 1.62805712891 -6.61278498535 11.2838724243 250.129770992 -86.5877862595 -2.62595419847 END
START 10.2759135254 -11.3604868774 10.9343189819 250.129770992 -85.3435114504 8.64122137405 END
START 6.05972440186 -12.6437789673 8.20492908936 250.129770992 -74.6106870229 15.2290076336 END
START 7.24724842529 -8.97825622559 7.80270321045 250.129770992 -84.7938931298 12.4198473282 END
START 7.54652363281 -3.9121255127 14.7746184448 250.129770992 -94.9389312977 10.9770992366 END
START -0.641646044922 -4.72136567383 13.1872627441 250.129770992 -82.8625954198 6.19083969466 END
START 3.19147081299 -9.21288798828 5.09725533447 250.129770992 -92.5114503817 0.587786259542 END
START 5.55694205322 -15.2702181885 7.07007750244 250.129770992 -86.786259542 9.26717557252 END
START -5.2576668457 -9.61750806885 10.2687309204 250.129770992 -84.9312977099 5.62595419847 END
START -3.23456644287 -7.17063397217 7.24724842529 250.129770992 -87.5877862595 2.23664122137 END
START -1.8626888916 -13.1298019043 7.9918451416 250.129770992 -79.9465648855 0.908396946565 END
START -2.44208569336 -9.15063874512 6.36139381104 250.129770992 -81.6564885496 7.10687022901 END
START -0.878672009277 -11.3030260376 10.9343189819 250.129770992 -83.7633587786 11.320610687 END
START -6.01662877197 -9.4882211792 4.8793829834 250.129770992 -90.534351145 6.06870229008 END
START -1.66636435547 -8.86572874756 4.90093079834 250.129770992 -89.3969465649 10.2519083969 END
START 3.12203896484 -4.2185833252 6.51222851562 250.129770992 -68.6488549618 9.39694656489 END
START -3.50271702881 -3.88818349609 3.79720383301 250.129770992 -86.4732824427 1.07633587786 END
START 3.96958635254 -8.00142194824 5.4444145752 250.129770992 -85.9923664122 6.03053435115 END
START 3.84269366455 -12.631807959 6.37336481934 250.129770992 -74.8244274809 8.40458015267 END
START 5.27442625732 -9.50976899414 3.94085593262 250.129770992 -85.0687022901 16.9236641221 END
START -4.54419475098 -8.16901606445 10.8960117554 250.129770992 -75.2442748092 4.7786259542 END
START 8.55208833008 -10.9582609985 7.57285985107 250.129770992 -75.9160305344 -1.35877862595 END
START 3.97676895752 -15.7131454956 6.0573302002 250.129770992 -77.7633587786 12.358778626 END
START 3.73256038818 -10.0795889893 6.89051237793 250.129770992 -77.5114503817 7.26717557252 END
START 2.34631762695 -9.8186210083 7.42202514648 250.129770992 -77.9770992366 8.39694656489 END
START 6.05493599854 -9.03332286377 10.9079827637 250.129770992 -70.3435114504 12.4198473282 END
START 7.79312640381 -6.51222851562 9.27753143311 250.129770992 -68.9236641221 8.27480916031 END
START 5.98071574707 -12.4259066162 12.0236807373 250.129770992 -69.9312977099 14.4809160305 END
START -2.53067115479 -15.0930472656 -0.14844050293 250.129770992 -70.9465648855 5.32061068702 END
START -1.1659762085 -12.7156050171 8.947131604 250.129770992 -78.0229007634 4.72519083969 END
START -0.507570751953 -10.9558667969 5.66707532959 250.129770992 -78.1297709924 7.65648854962 END
START 8.42040723877 -8.64306799316 4.69742365723 250.129770992 -68.4732824427 9.41221374046 END
START 4.07253702393 -5.48511600342 9.80904420166 250.129770992 -73.7251908397 6.12213740458 END
START -0.392649072266 -13.737929126 4.2544963501 250.129770992 -58.6030534351 11.1145038168 END
START 9.69891092529 -7.80509741211 6.05493599854 250.129770992 -57.5114503817 4.54198473282 END
START 0.031124621582 -7.9200190918 5.02542928467 250.129770992 -59.0763358779 8.64885496183 END
START -0.708683691406 -6.98628044434 5.42765516357 250.129770992 -58.2519083969 10.320610687 END
START -2.31040460205 -10.0053687378 6.4715270874 250.129770992 -59.893129771 12.0076335878 END
START -5.47075079346 -3.01908829346 10.4243540283 250.129770992 -56.7175572519 8.02290076336 END
START -1.92733233643 -4.77403811035 10.3261917603 250.129770992 -68.5419847328 12.1984732824 END
START -1.58256729736 -12.7323644287 15.1098066772 250.129770992 -88.1297709924 10.2442748092 END
START -10.4315366333 -4.52743533936 7.94874951172 250.129770992 -93.5267175573 13.4885496183 END
START -9.39005891113 -5.14274516602 9.22246479492 250.129770992 -93.2595419847 10.9160305344 END
START -2.03267720947 -9.39245311279 9.83538041992 250.129770992 -91.0381679389 9.3358778626 END
START -1.4963760376 -0.435744702148 12.138602417 250.129770992 -100.183206107 2.5572519084 END
START 0.0502782348633 -3.0286651001 10.2280294922 250.129770992 -85.6488549618 15.1221374046 END