START 7.49385119629 -1.2497732666 5.68862314453 250.129770992 -74.4580152672 8.03053435115 END
START 2.85388837891 -4.65911643066 9.7707369751 250.129770992 -64.2977099237 7.6641221374 END
START -5.48751020508 -11.8129909912 6.18422288818 250.129770992 -70.6106870229 6.64885496183 END
START 9.38527050781 -3.89057769775 2.36307703857 250.129770992 -56.8549618321 10.1221374046 END
START -2.47321031494 -11.1402203247 3.93846173096 250.129770992 -81.1450381679 13.5572519084 END
START -3.19386501465 -15.6125890259 7.76200178223 250.129770992 -69.1984732824 11.7557251908 END
START 0.76135612793 -8.88009395752 7.43399615479 250.129770992 -85.2519083969 7.70992366412 END
START 1.82917006836 -11.3389390625 7.27837304687 250.129770992 -102.549618321 2.23664122137 END
START -1.19949503174 -7.74763657227 7.6255322876 250.129770992 -76.9083969466 -0.770992366412 END
START 6.39491263428 -13.7522943359 14.0587521484 250.129770992 -78.0534351145 8.42748091603 END
START 1.94169754639 -3.3830069458 2.61686241455 250.129770992 -86.0458015267 5.00763358779 END
START -4.46997449951 -8.92079538574 5.77242020264 250.129770992 -66.5038167939 1.8320610687 END
START -0.823605371094 -11.0516348633 6.33745179443 250.129770992 -73.4351145038 -2.67175572519 END
START 4.71418306885 -9.01416925049 11.405976709 250.129770992 -67.6564885496 12.1145038168 END
START 5.29357987061 -8.31506236572 5.23851323242 250.129770992 -89.2671755725 7.64885496183 END
START 1.14442839355 -3.1244331665 7.27358464355 250.129770992 -73.6717557252 12.3511450382 END
START -1.05823713379 -13.0005150146 7.65186850586 250.129770992 -81.0152671756 7.26717557252 END
START -1.30483990479 -10.6613799927 7.48427438965 250.129770992 -90.9160305344 -2.77099236641 END
START -0.742202514648 -9.62469067383 5.53778843994 250.129770992 -79.9160305344 15.1908396947 END
START 0.905008227539 -13.5535755981 7.81946262207 250.129770992 -88.3511450382 12.7328244275 END
START 7.47948598633 -12.8544687134 6.25844313965 250.129770992 -88.1297709924 4.86259541985 END
START 5.72453616943 -9.69651672363 8.39885942383 250.129770992 -87.534351145 2.5572519084 END
START 5.07810172119 -5.05176550293 5.07810172119 250.129770992 -98.9160305344 5.69465648855 END
START 1.94409174805 -4.91769020996 6.82586893311 250.129770992 -99.2824427481 10.0992366412 END
START -2.99514627686 -9.03332286377 7.02219346924 250.129770992 -94.3893129771 7.01526717557 END
START -3.33272871094 -10.7236292358 6.89769498291 250.129770992 -86.8702290076 3.72519083969 END
START -1.01035310059 -7.76200178223 7.72369455566 250.129770992 -91.8396946565 4.4427480916 END
START -0.450109912109 -9.08599530029 5.4922986084 250.129770992 -94.4961832061 -3.48854961832 END
START -2.39659586182 -9.29429084473 8.49702169189 250.129770992 -104.053435115 4.95419847328 END
START -0.888248815918 -7.47230338135 8.20014068604 250.129770992 -96.7251908397 6.74809160305 END
START -4.68784685059 -8.41322463379 8.57842454834 250.129770992 -104.923664122 2.67938931298 END
START 2.98796367187 -10.3764699951 6.26323154297 250.129770992 -104.465648855 -1.18320610687 END
START 1.40300217285 -11.1138841064 11.5663882202 250.129770992 -104.13740458 11.6183206107 END
START -1.7669208252 -6.67503422852 6.91924279785 250.129770992 -104.633587786 9.32061068702 END
START 9.77791958008 -9.38527050781 10.8768581421 250.129770992 -104.908396947 -1.06106870229 END
START 6.5074401123 -11.3963999023 4.70221206055 250.129770992 -104.221374046 3.46564885496 END
START 1.05105452881 -11.7100403198 8.70052883301 250.129770992 -104.152671756 6.04580152672 END
START -0.852335791016 -7.37174691162 8.66701000977 250.129770992 -96.0229007634 3.92366412214 END
START 5.39413634033 -8.42040723877 11.7698953613 250.129770992 -97.5114503817 7.10687022901 END
START 6.45476767578 -8.2623899292 10.919953772 250.129770992 -84.0152671756 3.90076335878 END
START 1.91296712646 -7.54652363281 11.5017447754 250.129770992 -75.6335877863 -0.801526717557 END
START 1.91536132812 -11.2144405762 10.7260234375 250.129770992 -79.8625954198 3.60305343511 END
START 7.12753834229 -12.7970078735 7.93917270508 250.129770992 -76.3969465649 1.37404580153 END
START 0.0335188232422 -7.62313808594 4.28322677002 250.129770992 -79.3511450382 -1.3358778626 END
START -1.63523973389 -9.07163009033 7.22570061035 250.129770992 -70.320610687 3.6641221374 END
START -5.80593902588 -7.92959589844 6.52659372559 250.129770992 -73.5496183206 8.3358778626 END
START -5.42765516357 -6.78037910156 6.53377633057 250.129770992 -70.3969465649 4.03816793893 END
START 3.28005627441 -13.7283523193 6.8138979248 250.129770992 -67.465648855 4.01526717557 END
START -3.6176387085 -3.79480963135 11.1881043579 250.129770992 -78.1450381679 -3.49618320611 END
START 1.05584293213 -14.3628157593 7.72369455566 250.129770992 -69.9694656489 0.198473282443 END
START -4.93444962158 -4.29519777832 9.97424411621 250.129770992 -77.5267175573 1.14503816794 END
START 1.60650931396 -11.2311999878 8.99501563721 250.129770992 -68.9236641221 -3.4427480916 END
START 6.25365473633 -11.6501852783 4.8674119751 250.129770992 -73.7633587786 8.29007633588 END
START 1.59932670898 -9.85213983154 11.0875478882 250.129770992 -81.1297709924 6.90076335878 END
START -2.13802208252 -17.0084085937 7.6734163208 250.129770992 -86.2595419847 5.7786259542 END
START 2.15238729248 -10.3621047852 11.0061450317 250.129770992 -77.2900763359 11.4580152672 END
START -3.36385333252 -11.3030260376 9.31344445801 250.129770992 -80.6106870229 7.07633587786 END
START -1.50355864258 -12.490550061 6.01902297363 250.129770992 -80.0458015267 1.88549618321 END
START 2.52109434814 -14.8320792847 8.07324799805 250.129770992 -75.2748091603 11.2824427481 END
START 7.80988581543 -11.4801969604 13.3045786255 250.129770992 -78.7557251908 6.01526717557 END
START 0.318428820801 -8.04691177979 5.67425793457 250.129770992 -77.8015267176 3.74045801527 END
START 1.2378022583 -10.6398321777 8.91600698242 250.129770992 -71.7786259542 -3.24427480916 END
START 1.36948334961 -14.1640970215 4.2305543335 250.129770992 -79.6641221374 13.3053435115 END
START -0.718260498047 -9.33499227295 6.00944616699 250.129770992 -78.679389313 -1.47328244275 END
START 2.57137258301 -11.3126028442 4.58968458252 250.129770992 -81.2366412214 8.61832061069 END
START 4.49152231445 -15.1936037354 9.00938084717 250.129770992 -87.7709923664 1.23664122137 END
START -3.17710560303 -9.02614025879 3.76368500977 250.129770992 -81.3435114504 2.8320610687 END
START 11.2479593994 -4.15633408203 3.4189199707 250.129770992 -74.213740458 2.64122137405 END
START 8.52335791016 -12.765883252 5.76044919434 250.129770992 -63.4961832061 13.2213740458 END
START 3.58172568359 -8.78672009277 6.41406624756 250.129770992 -69.0458015267 4.87786259542 END
START 3.9360675293 -4.60644399414 7.97508572998 250.129770992 -74.106870229 4.79389312977 END
START 2.47321031494 -12.1218430054 3.12203896484 250.129770992 -67.4045801527 5.24427480916 END
START -2.91134921875 -10.7356002441 3.62482131348 250.129770992 -67.5038167939 2.50381679389 END
START -0.421379492187 -12.4474544312 6.15070406494 250.129770992 -62.8854961832 5.87022900763 END
START 10.3357685669 -12.5958949341 8.65743320312 250.129770992 -53.7709923664 -0.992366412214 END
START 2.4756045166 -8.42040723877 18.155231189 250.129770992 -44.5572519084 4.62595419847 END
START 0.203507141113 -7.96311472168 9.5720182373 250.129770992 -42.1526717557 4.50381679389 END
START 1.7908628418 -10.6087075562 11.4873795654 250.129770992 -71.0 1.17557251908 END
START -6.15070406494 -12.6222311523 8.76277807617 250.129770992 -68.7328244275 13.5877862595 END
START -9.61032546387 -11.0133276367 7.05331809082 250.129770992 -68.572519084 -1.92366412214 END
START -2.58094938965 -7.58722506104 12.6150485474 250.129770992 -76.9541984733 18.0839694656 END
START -8.11155522461 -10.5057568848 1.72143099365 250.129770992 -78.6641221374 6.67938931298 END
START -0.900219824219 -12.9454483765 12.4474544312 250.129770992 -72.4122137405 17.9312977099 END
START -3.05500131836 -7.81946262207 9.17458076172 250.129770992 -76.2977099237 5.24427480916 END
START -1.41257897949 -9.51455739746 11.5208983887 250.129770992 -70.1679389313 5.84732824427 END
START 0.720654699707 -8.47547387695 6.99106884766 250.129770992 -71.5190839695 9.53435114504 END