START 1.75255561523 -8.8753055542 8.76996068115 250.129770992 -50.0916030534 9.1679389313 END
START 5.54736524658 -15.6461078491 7.92480749512 250.129770992 -45.7480916031 -2.25190839695 END
START 6.45716187744 -14.1976158447 6.97191523437 250.129770992 -54.9312977099 -1.21374045802 END
START -0.210689746094 -14.9182705444 7.01740506592 250.129770992 -41.9236641221 -1.01526717557 END
START -7.27358464355 -5.74847818604 4.62559760742 250.129770992 -50.641221374 8.93893129771 END
START -1.76452662354 -9.27992563477 8.22408270264 250.129770992 -42.9694656489 9.34351145038 END
START 0.596156213379 -9.01895765381 6.18422288818 250.129770992 -52.4580152672 7.87786259542 END
START -1.36469494629 -7.29992086182 9.39484731445 250.129770992 -49.3129770992 5.60305343511 END
START 0.679953271484 -7.65186850586 6.05014759521 250.129770992 -44.2671755725 -1.80916030534 END
START 5.06613071289 -15.8759512085 4.3622354248 250.129770992 -42.106870229 6.47328244275 END
START -1.04866032715 -12.7275760254 6.22253011475 250.129770992 -53.0076335878 13.4503816794 END
START -0.61530982666 -11.0348754517 7.19936439209 250.129770992 -58.5877862595 10.0229007634 END
START 0.241814367676 -13.371616272 11.757924353 250.129770992 -57.9083969466 8.23664122137 END
START -4.80995113525 -10.299855542 7.03895288086 250.129770992 -56.4580152672 2.98473282443 END
START 0.61052142334 -9.59117185059 9.07881269531 250.129770992 -62.534351145 1.01526717557 END
START -0.780509741211 -7.20175859375 10.158597644 250.129770992 -73.6259541985 2.6641221374 END
START -2.06380183105 -7.30231506348 7.26161363525 250.129770992 -78.893129771 5.14503816794 END
START -4.76446130371 -9.23922420654 5.69341154785 250.129770992 -75.9541984733 0.923664122137 END
START 0.45489831543 -8.9351605957 4.09408483887 250.129770992 -69.2290076336 -1.72519083969 END
START -1.45806881104 -4.5609541626 11.4035825073 250.129770992 -75.8015267176 2.27480916031 END
START -5.10443793945 -4.38857164307 6.02141717529 250.129770992 -72.0687022901 6.12213740458 END
START 5.43962617188 -13.5870944214 7.05331809082 250.129770992 -83.6488549618 1.19083969466 END
START 0.385466467285 -8.33182177734 8.35336959229 250.129770992 -81.9465648855 2.20610687023 END
START 5.11162054443 -11.5352635986 5.92325490723 250.129770992 -83.7633587786 6.0 END
START 2.03028300781 -5.84903465576 9.77791958008 250.129770992 -91.1145038168 5.23664122137 END
START -0.438138903809 -4.9272670166 5.61919129639 250.129770992 -80.5954198473 3.22900763359 END
START 1.29286889648 -10.1849338623 9.43554874268 250.129770992 -95.4427480916 0.236641221374 END
START -4.88417138672 -6.62475599365 7.75960758057 250.129770992 -104.526717557 10.0305343511 END
START 1.73579620361 -7.72848295898 6.00226356201 250.129770992 -102.259541985 10.6335877863 END
START -0.519541760254 -8.28872614746 4.71178886719 250.129770992 -96.2671755725 10.7175572519 END
START -7.97029732666 -8.8753055542 10.1490208374 250.129770992 -107.13740458 -2.89312977099 END
START 0.46447512207 -9.94790789795 13.3141554321 250.129770992 -103.832061069 10.0 END
START -1.17555301514 -9.75397756348 5.76044919434 250.129770992 -104.145038168 -0.343511450382 END
START -5.1978118042 -13.476961145 10.0628295776 250.129770992 -104.480916031 -3.51908396947 END
START 5.09246693115 -11.8752402344 4.26886156006 250.129770992 -100.320610687 -4.17557251908 END
START 2.30801040039 -11.6789156982 10.5105452881 250.129770992 -97.8396946565 8.42748091603 END
START 0.15322890625 -10.1226846191 14.3676041626 250.129770992 -105.198473282 7.70229007634 END
START -4.27364996338 -7.56088884277 13.9294652588 250.129770992 -95.9007633588 2.8320610687 END
START 4.21618912354 -4.92008441162 7.25921943359 250.129770992 -92.8244274809 8.74809160305 END
START 2.80839854736 -11.5639940186 10.0125513428 250.129770992 -90.9618320611 4.48091603053 END
START 3.60806190186 -6.09803162842 11.03248125 250.129770992 -88.2061068702 -3.83969465649 END
START 1.09175595703 -5.33906970215 9.13866773682 250.129770992 -74.0076335878 5.27480916031 END
START 0.0814028564453 -11.7291939331 15.061922644 250.129770992 -84.3282442748 -3.22900763359 END
START 3.52187064209 -14.4346418091 6.84741674805 250.129770992 -87.5267175573 7.45801526718 END
START -4.12520946045 -7.92241329346 8.827421521 250.129770992 -81.1755725191 1.74809160305 END
START -2.86825358887 -9.91917747803 7.33343968506 250.129770992 -79.8091603053 8.35114503817 END
START -0.174776721191 -9.1817633667 9.28950244141 250.129770992 -82.9389312977 9.2213740458 END
START -1.16118780518 -10.1705686523 9.53131680908 250.129770992 -86.9618320611 -2.62595419847 END
START 1.53707746582 -11.1497971313 6.28238515625 250.129770992 -86.9312977099 9.71755725191 END
START -2.87064779053 -8.66940421143 12.4354834229 250.129770992 -82.5190839695 8.56488549618 END
START -2.38701905518 -9.94790789795 4.03662399902 250.129770992 -86.4809160305 10.5877862595 END
START -0.849941589355 -15.6173774292 4.16591088867 250.129770992 -82.2824427481 6.77099236641 END
START -6.44997927246 -12.4043588013 5.48511600342 250.129770992 -90.1221374046 -3.64885496183 END
START 2.6862942627 -15.3899282715 5.50187541504 250.129770992 -91.3282442748 9.74809160305 END
START 0.143652099609 -8.0157871582 2.63122762451 250.129770992 -78.5648854962 2.68702290076 END
START 2.77487972412 -7.51779321289 6.33745179443 250.129770992 -97.5419847328 11.641221374 END
START -4.67587584229 -5.30794508057 5.8466404541 250.129770992 -102.007633588 -2.82442748092 END
START 4.73094248047 -9.21288798828 6.19379969482 250.129770992 -88.320610687 20.3664122137 END
START 6.50504591064 -12.0308633423 2.79882174072 250.129770992 -90.8244274809 9.12213740458 END
START -0.969651672363 -6.35899960937 7.97269152832 250.129770992 -92.6335877863 -3.21374045802 END
START 0.507570751953 -13.0388222412 7.14190355225 250.129770992 -95.8625954198 7.90839694656 END
START -2.92092602539 -6.44519086914 4.44124407959 250.129770992 -84.8015267176 3.48854961832 END
START -1.14682259521 -11.7914431763 6.37336481934 250.129770992 -86.7251908397 -3.86259541985 END
START 8.97586202393 -14.343662146 9.38287630615 250.129770992 -91.320610687 5.25190839695 END
START -1.51074124756 -14.5016794556 8.47307967529 250.129770992 -85.4122137405 6.28244274809 END
START 9.78989058838 -13.3620394653 8.0038161499 250.129770992 -86.2824427481 9.88549618321 END
START 7.29034405518 -11.7675011597 7.0964137207 250.129770992 -94.4198473282 19.1297709924 END
START 7.17542237549 -10.307038147 7.47469758301 250.129770992 -83.3511450382 4.93129770992 END
START -3.50989963379 -8.12113203125 5.48751020508 250.129770992 -91.1908396947 -1.58778625954 END
START 7.0485296875 -9.21049378662 9.85932243652 250.129770992 -84.7251908397 10.4809160305 END
START 1.81719906006 -14.6333605469 7.48666859131 250.129770992 -79.3969465649 12.9847328244 END
START 7.80988581543 -10.419565625 5.79636221924 250.129770992 -83.0687022901 3.47328244275 END
START -1.63763393555 -15.2726123901 5.20499440918 250.129770992 -78.3969465649 6.74809160305 END
START 8.827421521 -12.976572998 7.31668027344 250.129770992 -68.1603053435 -2.12213740458 END
START 2.51630594482 -9.44273134766 7.57525405273 250.129770992 -73.1297709924 -0.160305343511 END
START 4.86501777344 -13.8839754272 7.36217010498 250.129770992 -65.8473282443 13.2595419847 END
START 5.41328995361 -8.38688841553 10.3357685669 250.129770992 -61.9160305344 0.0687022900763 END
START -0.0526724365234 -17.1664259033 8.08761320801 250.129770992 -80.8167938931 7.70229007634 END
START 2.04943662109 -6.4475850708 7.04134708252 250.129770992 -80.1832061069 19.4809160305 END
START -5.10204373779 -12.6485673706 6.80432111816 250.129770992 -85.7022900763 9.41221374046 END