START -2.06859023437 -8.55448253174 6.71334145508 250.129770992 -101.145038168 4.3893129771 END
START 1.52271225586 -8.27675513916 7.17063397217 250.129770992 -103.908396947 5.7786259542 END
START -1.82438166504 -10.7092640259 6.70855305176 250.129770992 -104.564885496 11.3282442748 END
START -1.15161099854 -2.14281048584 7.9319901001 250.129770992 -99.6488549618 7.18320610687 END
START -4.77882651367 -10.9845972168 6.96952103271 250.129770992 -100.0 9.0534351145 END
START 0.723048901367 -12.0308633423 8.07803640137 250.129770992 -104.389312977 -3.87786259542 END
START -2.45645090332 -16.3140901123 7.64468590088 250.129770992 -104.557251908 8.3893129771 END
START -3.43807358398 -3.01908829346 7.92720169678 250.129770992 -104.007633588 9.64885496183 END
START -1.38863696289 -5.63595070801 5.34864650879 250.129770992 -104.72519084 3.06870229008 END
START 0.227449157715 -11.4730143555 6.13873305664 250.129770992 -96.1603053435 5.53435114504 END
START 5.69580574951 -8.2623899292 7.11317313232 250.129770992 -97.6030534351 3.45038167939 END
START 0.644040246582 -9.2416184082 9.07163009033 250.129770992 -104.65648855 6.6106870229 END
START 6.52419952393 -11.3724578857 6.05254179687 250.129770992 -103.885496183 0.12213740458 END
START 9.88326445312 -13.3189438354 13.8121493774 250.129770992 -104.86259542 13.3435114504 END
START 5.61919129639 -8.91361278076 7.47948598633 250.129770992 -99.6259541985 9.60305343511 END
START 1.25695587158 -4.88656558838 13.8121493774 250.129770992 -99.679389313 10.9770992366 END
START 4.06774862061 -12.7970078735 6.05972440186 250.129770992 -85.0076335878 1.95419847328 END
START 4.39096584473 -13.0603700562 7.2951324585 250.129770992 -89.9770992366 3.54198473282 END
START 1.80762225342 -9.52652840576 3.76368500977 250.129770992 -82.465648855 -4.46564885496 END
START 3.87621248779 -7.07007750244 5.79157381592 250.129770992 -64.7786259542 4.98473282443 END
START 9.18415756836 -7.47948598633 5.42047255859 250.129770992 -66.4961832061 6.19847328244 END
START 4.53222374268 -12.871228125 10.4698438599 250.129770992 -64.6183206107 4.65648854962 END
START -2.47799871826 -10.5727945312 11.7818663696 250.129770992 -64.9923664122 0.946564885496 END
START 2.21463653564 -4.08450803223 5.42047255859 250.129770992 -64.3664122137 11.0534351145 END
START 0.76853873291 -14.6142069336 9.64145008545 250.129770992 -60.679389313 11.6488549618 END
START 2.29364519043 -16.1464959961 5.00627567139 250.129770992 -53.7251908397 -2.80152671756 END
START -9.7827079834 -2.87064779053 5.56891306152 250.129770992 -52.3893129771 -0.748091603053 END
START 2.70305367432 -13.5248451782 11.0564232666 250.129770992 -60.4122137405 -3.65648854962 END
START -3.29202728271 -7.08923111572 10.7164466309 250.129770992 -70.6183206107 8.22900763359 END
START -4.39336004639 -4.14915147705 8.62152017822 250.129770992 -67.641221374 -2.34351145038 END
START 4.53222374268 -6.51222851562 5.09007272949 250.129770992 -70.3053435115 6.40458015267 END
START -3.74453139648 -7.71651195068 6.64630380859 250.129770992 -79.1832061069 5.48854961832 END
START 0.888248815918 -3.55060106201 5.97592734375 250.129770992 -77.1603053435 3.15267175573 END
START -4.20182391357 -6.75883128662 5.96874473877 250.129770992 -79.1450381679 -2.58015267176 END
START -0.536301171875 -11.0085392334 8.46110866699 250.129770992 -70.9847328244 -1.34351145038 END
START 5.29836827393 -6.64151540527 9.36611689453 250.129770992 -82.6564885496 7.01526717557 END
START -0.189141931152 -10.1083194092 6.30393297119 250.129770992 -85.9236641221 9.52671755725 END
START 8.51617530518 -11.997344519 7.9559321167 250.129770992 -74.786259542 5.81679389313 END
START -1.08696755371 -10.7595422607 5.67904633789 250.129770992 -74.8244274809 9.57251908397 END
START -2.53306535645 -9.87368764648 5.91607230225 250.129770992 -89.8091603053 7.70992366412 END
START -1.45328040771 -12.2535240967 9.09317790527 250.129770992 -77.572519084 2.5572519084 END
START 2.06619603271 -5.31752188721 2.55940157471 250.129770992 -66.786259542 1.65648854962 END
START 3.84748206787 -10.1131078125 6.25604893799 250.129770992 -65.4351145038 5.36641221374 END
START -2.27449157715 -13.3380974487 5.5760956665 250.129770992 -71.0687022901 10.8396946565 END
START 4.38378323975 -15.3133138184 6.24407792969 250.129770992 -75.9007633588 -0.839694656489 END
START -0.0574608398438 -10.5967365479 7.45314976807 250.129770992 -73.2366412214 16.9083969466 END
START 2.19548292236 -13.9797434937 7.15626876221 250.129770992 -79.8702290076 -5.81679389313 END
START 1.01274730225 -13.8911580322 6.87375296631 250.129770992 -92.9541984733 7.10687022901 END
START 7.34062229004 -11.8225677979 6.64151540527 250.129770992 -79.4427480916 11.4961832061 END
START -1.78607443848 -4.6686932373 6.15070406494 250.129770992 -80.1297709924 3.74809160305 END
START 0.778115539551 -9.76594857178 7.48427438965 250.129770992 -97.106870229 0.679389312977 END
START 6.7181298584 -11.9710083008 5.48751020508 250.129770992 -89.8778625954 0.732824427481 END
START 2.48039291992 -12.2583125 7.6614453125 250.129770992 -81.0992366412 9.48854961832 END
START 7.86255825195 -13.1537439209 5.37737692871 250.129770992 -87.1145038168 1.01526717557 END
START -0.0814028564453 -0.76375032959 4.25689055176 250.129770992 -84.8702290076 -3.30534351145 END
START 4.537012146 -9.64384428711 9.70848773193 250.129770992 -91.1679389313 7.12977099237 END
START -1.28329208984 -10.1897222656 4.43406147461 250.129770992 -82.572519084 4.8320610687 END
START 0.991199487305 -4.19942971191 13.2064163574 250.129770992 -93.0763358779 -2.85496183206 END
START 0.225054956055 -10.6781394043 11.8489040161 250.129770992 -95.6335877863 10.0687022901 END
START -1.00795889893 -7.721300354 7.29273825684 250.129770992 -85.6488549618 4.7786259542 END
START 0.536301171875 -3.95761534424 13.6206132446 250.129770992 -102.267175573 5.87022900763 END
START -0.45250411377 -4.69263525391 11.0899420898 250.129770992 -101.06870229 7.35114503817 END
START -0.988805285645 -9.06684168701 6.79713851318 250.129770992 -100.564885496 5.77099236641 END
START -0.708683691406 -11.8752402344 8.84657513428 250.129770992 -102.702290076 3.74045801527 END
START -4.65432802734 -7.95832631836 10.307038147 250.129770992 -82.2519083969 2.87786259542 END
START -3.33991131592 -6.03338818359 9.66299790039 250.129770992 -83.9618320611 11.6259541985 END
START 5.38455953369 -14.3652099609 6.0573302002 250.129770992 -78.5267175573 3.45038167939 END
START -2.83234056396 -5.09007272949 15.7442701172 250.129770992 -82.0305343511 10.6564885496 END
START 1.67115275879 -12.4187240112 10.5273046997 250.129770992 -71.8015267176 5.95419847328 END
START 0.397437475586 -7.40765993652 11.63821427 250.129770992 -62.8854961832 -0.419847328244 END