START -5.12119735107 -12.512097876 3.46201560059 250.129770992 -73.0992366412 8.60305343511 END
START -1.87944830322 -9.53849941406 4.55137735596 250.129770992 -77.572519084 13.0992366412 END
START 4.043806604 -14.7195518066 4.32392819824 250.129770992 -78.2442748092 4.90076335878 END
START -0.529118566895 -9.64145008545 7.08683691406 250.129770992 -62.4580152672 11.4198473282 END
START 6.58166036377 -15.5431571777 9.76834277344 250.129770992 -71.1679389313 9.0 END
START 6.90727178955 -8.82023891602 6.36618221436 250.129770992 -66.1603053435 6.54961832061 END
START -2.98078106689 -11.5137157837 11.2288057861 250.129770992 -69.1908396947 6.2213740458 END
START -7.97029732666 -11.9422778809 8.33182177734 250.129770992 -75.1145038168 7.50381679389 END
START -1.04626612549 -10.7164466309 4.31913979492 250.129770992 -77.9312977099 2.19847328244 END
START 1.83156427002 -10.7260234375 7.56088884277 250.129770992 -79.0839694656 9.71755725191 END
START -3.58651408691 -7.32386287842 7.97747993164 250.129770992 -75.3358778626 13.7022900763 END
START 8.214505896 -8.86094034424 5.02064088135 250.129770992 -88.2595419847 -2.19847328244 END
START -7.69975253906 -15.456965918 4.90571920166 250.129770992 -80.679389313 5.30534351145 END
START -1.66397015381 -7.63032069092 8.25520732422 250.129770992 -104.015267176 0.0687022900763 END
START 0.138863696289 -13.2016279541 4.22576593018 250.129770992 -105.20610687 3.95419847328 END
START 5.41328995361 -6.07648381348 7.29034405518 250.129770992 -94.1755725191 6.45038167939 END
START 6.93360800781 -5.88973608398 4.02465299072 250.129770992 -94.0381679389 7.58778625954 END
START -0.816422766113 -4.82431634521 8.17141026611 250.129770992 -102.053435115 3.57251908397 END
START 0.134075292969 -13.3548568604 6.5074401123 250.129770992 -101.480916031 9.61832061069 END
START 2.08056124268 -9.21288798828 8.12592043457 250.129770992 -93.4351145038 -5.3358778626 END
START -6.49786330566 -8.71010563965 11.8129909912 250.129770992 -103.870229008 19.4580152672 END
START -0.198718737793 -8.86094034424 10.9510783936 250.129770992 -100.961832061 -0.595419847328 END
START 0.509964953613 -2.23857855225 6.25604893799 250.129770992 -101.27480916 14.0381679389 END
START 3.15555778809 -5.8945244873 7.69975253906 250.129770992 -105.488549618 4.19847328244 END
START -3.17710560303 -14.2407114746 9.01416925049 250.129770992 -105.396946565 11.2977099237 END
START -0.957680664062 -5.1978118042 7.96072052002 250.129770992 -102.946564885 15.3893129771 END
START 5.17147558594 -2.09013804932 11.0707884766 250.129770992 -103.083969466 4.07633587786 END
START 7.20894119873 -9.88805285645 13.4242887085 250.129770992 -104.213740458 10.6488549618 END
START 4.18506450195 -10.41238302 10.4937858765 250.129770992 -100.854961832 12.7099236641 END
START 5.39892474365 -10.1442324341 11.3365448608 250.129770992 -105.740458015 5.71755725191 END
START 11.5280809937 -11.9949503174 9.14106193848 250.129770992 -88.7404580153 4.03053435115 END
START -0.957680664062 -10.3046439453 5.56173045654 250.129770992 -74.1984732824 9.95419847328 END
START 7.58004245605 -8.83460412598 8.85615194092 250.129770992 -55.5801526718 0.839694656489 END
START -3.18668240967 -13.7475059326 11.1162783081 250.129770992 -53.8091603053 2.31297709924 END
START 1.33596452637 -11.5065331787 11.0372696533 250.129770992 -55.5267175573 14.6183206107 END
START 7.91523068848 -8.99980404053 11.6860983032 250.129770992 -52.1450381679 9.54961832061 END
START -1.78846864014 -9.02374605713 12.1409966187 250.129770992 -48.9312977099 3.61832061069 END
START 2.70305367432 -10.5512467163 6.39012423096 250.129770992 -62.3129770992 16.320610687 END
START -0.785298144531 -11.1114899048 4.70460626221 250.129770992 -56.4122137405 4.31297709924 END
START -2.95205064697 -6.79235010986 4.34787021484 250.129770992 -60.213740458 20.0610687023 END
START 1.13006318359 -12.610260144 9.45949075928 250.129770992 -62.0916030534 3.14503816794 END
START 2.57137258301 -5.2217538208 7.601590271 250.129770992 -58.7328244275 11.9389312977 END
START -0.821211169434 -8.91361278076 9.30626185303 250.129770992 -57.2595419847 5.68702290076 END
START -5.76044919434 -9.65581529541 5.7748144043 250.129770992 -55.2671755725 3.38167938931 END
START 3.67749375 -11.0013566284 3.63679232178 250.129770992 -61.8625954198 7.91603053435 END
START -2.12605107422 -13.7522943359 7.00303985596 250.129770992 -63.8778625954 2.13740458015 END
START 2.51630594482 -9.67018050537 6.99825145264 250.129770992 -49.213740458 -5.24427480916 END
START 4.43884987793 -10.3692873901 8.59757816162 250.129770992 -66.5648854962 10.1450381679 END
START 4.54180054932 -12.1146604004 10.2830961304 250.129770992 -74.0381679389 7.7786259542 END
START 3.10527955322 -11.1234609131 9.00698664551 250.129770992 -83.9618320611 -1.54198473282 END
START 0.0407014282227 -7.67581052246 6.14352145996 250.129770992 -81.5267175573 0.984732824427 END
START 5.8107274292 -6.41406624756 6.47392128906 250.129770992 -80.8244274809 9.73282442748 END
START 2.46123930664 -10.0987426025 5.15950457764 250.129770992 -76.9312977099 9.77099236641 END
START -0.644040246582 -5.64313331299 6.31350977783 250.129770992 -96.4122137405 2.26717557252 END
START 5.90888969727 -10.0843773926 6.66785162354 250.129770992 -88.5190839695 15.0839694656 END
START 0.138863696289 -8.6167317749 11.9303068726 250.129770992 -86.2900763359 9.49618320611 END
START 3.06218392334 -5.48990440674 8.8154505127 250.129770992 -84.1755725191 17.8091603053 END
START 8.94952580566 -12.1936690552 12.0500169556 250.129770992 -89.358778626 4.06106870229 END
START -2.13562788086 -9.25837781982 2.08295544434 250.129770992 -89.0687022901 1.47328244275 END
START 12.3588689697 -10.6637741943 7.42920775146 250.129770992 -104.72519084 7.43511450382 END
START -3.96719215088 -9.90241806641 7.63032069092 250.129770992 -94.8015267176 2.1679389313 END
START 2.19787712402 -10.1705686523 6.32308658447 250.129770992 -97.7633587786 9.19083969466 END
START 8.8753055542 -10.8337625122 4.94163222656 250.129770992 -84.2366412214 -2.70992366412 END
START 9.01416925049 -10.3333743652 5.94240852051 250.129770992 -77.8549618321 -0.519083969466 END
START 0.46686932373 -12.9454483765 7.70693514404 250.129770992 -94.5190839695 9.01526717557 END
START 6.32308658447 -3.87621248779 2.55940157471 250.129770992 -97.427480916 9.12213740458 END
START -0.30885201416 -11.264718811 7.58722506104 250.129770992 -85.465648855 15.5419847328 END
START 9.57920084229 -11.2479593994 6.01184036865 250.129770992 -74.2900763359 5.35877862595 END
START 11.4730143555 -2.26970317383 7.31189187012 250.129770992 -90.4122137405 9.37404580153 END
START 8.2384479126 -13.1657149292 10.3668931885 250.129770992 -91.0229007634 13.7709923664 END
START 7.64468590088 -5.89691868896 6.00465776367 250.129770992 -83.786259542 3.52671755725 END
START 2.68868846436 -8.8992475708 6.10042583008 250.129770992 -81.2213740458 1.43511450382 END
START -1.62805712891 -12.0548053589 7.09401951904 250.129770992 -82.6946564885 11.1221374046 END
START 7.38850632324 -7.74763657227 6.86178195801 250.129770992 -87.9389312977 13.358778626 END
START 11.9494604858 -6.29675036621 5.33428129883 250.129770992 -92.1297709924 -4.87022900763 END
START -2.1332336792 -2.4396914917 7.17781657715 250.129770992 -90.7404580153 16.8625954198 END
START 4.21140072021 -8.43237824707 8.35097539062 250.129770992 -93.0992366412 9.13740458015 END
START 0.282515795898 -9.62229647217 12.1697270386 250.129770992 -80.5419847328 3.20610687023 END
START 8.35097539062 -12.0356517456 9.32541546631 250.129770992 -83.3282442748 7.84732824427 END
START -0.45968671875 -6.98628044434 6.76840809326 250.129770992 -88.6641221374 9.47328244275 END
START 1.7908628418 -9.03332286377 7.38132371826 250.129770992 -82.6183206107 8.54961832061 END
START -5.80833322754 -4.85783516846 9.33259807129 250.129770992 -84.9236641221 5.27480916031 END
START 0.253785375977 -11.645396875 9.50258638916 250.129770992 -98.9770992366 2.49618320611 END
START -1.14442839355 -3.78762702637 11.6501852783 250.129770992 -96.3053435115 5.20610687023 END
START -2.37025964355 -4.51785853271 5.63355650635 250.129770992 -92.106870229 2.08396946565 END
START -2.6862942627 -11.9231242676 5.7748144043 250.129770992 -99.4045801527 2.26717557252 END
START -1.19470662842 -13.1369845093 9.04289967041 250.129770992 -93.427480916 2.53435114504 END
START 4.40772525635 -10.9989624268 12.6581441772 250.129770992 -85.9847328244 14.2824427481 END
START 2.66714064941 -4.55616575928 6.43082565918 250.129770992 -88.3358778626 2.38167938931 END
START 1.79325704346 -10.4889974731 7.13472094727 250.129770992 -72.7709923664 -0.847328244275 END