START -1.14442839355 -15.3659862549 5.10443793945 250.129770992 -54.3358778626 5.16030534351 END
START -1.99197578125 -13.6948334961 6.57926616211 250.129770992 -46.7480916031 4.4427480916 END
START -1.84114107666 -10.4674496582 9.4642791626 250.129770992 -47.3129770992 2.90076335878 END
START 2.66235224609 -6.23928952637 8.76277807617 250.129770992 -76.4732824427 5.64885496183 END
START 3.16992299805 -6.2009822998 8.73165345459 250.129770992 -62.0610687023 6.63358778626 END
START -1.47961662598 -15.7370875122 11.7675011597 250.129770992 -37.3740458015 0.328244274809 END
START 1.17555301514 -8.39167681885 8.09240161133 250.129770992 -58.6106870229 11.3664122137 END
START -2.53067115479 -10.2519715088 8.43237824707 250.129770992 -75.0763358779 9.61832061069 END
START 0.828393774414 -10.6015249512 3.1364041748 250.129770992 -68.7480916031 8.89312977099 END
START 4.96796844482 -12.2678893066 7.34780489502 250.129770992 -54.9007633588 6.40458015267 END
START 0.292092602539 -12.3899935913 1.8626888916 250.129770992 -46.4351145038 0.954198473282 END
START -5.15711037598 -7.62792648926 9.23683000488 250.129770992 -67.8549618321 12.6030534351 END
START 0.627280834961 -14.5256214722 10.1059252075 250.129770992 -60.2671755725 5.35877862595 END
START 8.68376942139 -5.54497104492 7.74045396729 250.129770992 -65.4198473282 15.0381679389 END
START -1.74776721191 -9.73721815186 7.77157858887 250.129770992 -74.465648855 12.2824427481 END
START -1.20428343506 -11.772289563 10.6015249512 250.129770992 -72.8091603053 17.3816793893 END
START 0.423773693848 -11.1138841064 6.11239683838 250.129770992 -83.2213740458 12.3816793893 END
START 0.134075292969 -10.7092640259 4.91050760498 250.129770992 -76.4045801527 10.5038167939 END
START 2.63362182617 -6.58644876709 -0.490811340332 250.129770992 -86.8320610687 8.10687022901 END
START -2.085349646 -7.40765993652 8.46350286865 250.129770992 -86.465648855 10.1679389313 END
START 0.325611425781 -8.84657513428 3.90733710937 250.129770992 -80.3435114504 4.79389312977 END
START -1.97042796631 -10.1107136108 9.27274302979 250.129770992 -80.3129770992 1.0534351145 END
START 5.64313331299 -14.970942981 4.22816013184 250.129770992 -79.0152671756 11.0458015267 END
START 3.44525618896 -11.772289563 13.1369845093 250.129770992 -82.5267175573 4.72519083969 END
START 1.40779057617 -6.73488927002 9.98142672119 250.129770992 -79.6870229008 0.374045801527 END
START -2.37744224854 -12.3181675415 8.58800135498 250.129770992 -74.572519084 9.04580152672 END
START 3.32554610596 -14.7698300415 6.3877300293 250.129770992 -76.7480916031 1.43511450382 END
START 0.392649072266 -10.4818148682 8.97107362061 250.129770992 -80.465648855 -1.57251908397 END
START -1.26653267822 -15.830461377 6.92163699951 250.129770992 -81.8320610687 1.79389312977 END
START -0.727837304687 -8.06367119141 6.55771834717 250.129770992 -86.106870229 11.786259542 END
START -6.89290657959 -9.45470235596 5.04218869629 250.129770992 -94.7938931298 18.2519083969 END
START 0.186747729492 -10.7308118408 10.8792523438 250.129770992 -96.1145038168 2.19083969466 END
START -2.49475812988 -11.5544172119 5.79157381592 250.129770992 -98.8396946565 1.54198473282 END
START -4.21140072021 -11.0348754517 6.25365473633 250.129770992 -97.9847328244 8.96946564885 END
START 14.7315228149 -10.1298672241 5.23851323242 250.129770992 -101.625954198 2.56488549618 END
START 1.84353527832 -8.82502731934 5.44202037354 250.129770992 -99.8549618321 9.58015267176 END
START 2.04704241943 -7.99423934326 8.73165345459 250.129770992 -95.4045801527 -0.564885496183 END
START 4.50349332275 -9.62947907715 8.75798967285 250.129770992 -91.4122137405 9.01526717557 END
START 10.0652237793 -12.0524111572 9.94311949463 250.129770992 -97.2595419847 2.4427480916 END
START 6.29675036621 -9.16739815674 8.29351455078 250.129770992 -77.3358778626 6.5572519084 END
START 0.751779321289 -10.0915599976 11.3173912476 250.129770992 -77.2290076336 -1.5572519084 END
START 12.3899935913 -7.58483085937 12.976572998 250.129770992 -78.0152671756 -0.0229007633588 END
START 4.36462962646 -7.77876119385 12.392387793 250.129770992 -63.6106870229 9.51908396947 END
START 7.24964262695 -10.4243540283 9.82101520996 250.129770992 -39.5114503817 8.43511450382 END
START 14.0874825684 -18.0881935425 8.82502731934 250.129770992 -44.2061068702 12.2213740458 END
START 7.29034405518 -16.7258927979 11.9590372925 250.129770992 -41.6717557252 -0.519083969466 END
START 0.624886633301 -7.68059892578 8.44434925537 250.129770992 -51.320610687 6.80916030534 END
START 2.96881005859 -11.0133276367 6.7061588501 250.129770992 -76.2671755725 14.3740458015 END
START -0.689530078125 -11.757924353 4.91050760498 250.129770992 -80.5114503817 3.80916030534 END
START -0.945709655762 -10.7739074707 7.21612380371 250.129770992 -77.1679389313 0.580152671756 END
START 4.26886156006 -9.89044705811 7.50103380127 250.129770992 -73.9160305344 -3.48091603053 END
START 1.97282216797 -10.8912233521 12.6868745972 250.129770992 -69.465648855 6.5572519084 END
START 1.39342536621 -8.01818135986 10.666168396 250.129770992 -87.0992366412 7.27480916031 END
START -9.42357773437 -13.2973960205 8.82023891602 250.129770992 -79.4122137405 -0.75572519084 END
START -0.275333190918 -18.8902510986 3.3710359375 250.129770992 -84.2213740458 5.14503816794 END
START -2.45884510498 -11.6286374634 0.955286462402 250.129770992 -82.5038167939 1.97709923664 END
START 6.51462271729 -12.251129895 6.17464608154 250.129770992 -75.8854961832 8.25954198473 END
START -1.19470662842 -16.9509477539 8.19535228271 250.129770992 -72.3893129771 15.0916030534 END
START 0.30406361084 -9.56483563232 4.5729251709 250.129770992 -77.465648855 0.297709923664 END
START -1.00077629395 -5.14274516602 8.42040723877 250.129770992 -77.2900763359 5.09923664122 END
START 1.98000477295 -8.25520732422 6.47870969238 250.129770992 -96.6183206107 2.00763358779 END
START 2.35828863525 -10.9630494019 5.07570751953 250.129770992 -82.5114503817 8.37404580153 END
START -0.981622680664 -5.12837995605 0.00957680664062 250.129770992 -96.2748091603 4.64122137405 END
START 3.95761534424 -6.84741674805 5.70059415283 250.129770992 -91.8320610687 7.41221374046 END
START 1.86508309326 -7.49624539795 9.1697923584 250.129770992 -95.2213740458 8.00763358779 END
START 1.18273562012 -1.67115275879 9.20331118164 250.129770992 -105.297709924 2.2213740458 END
START 4.06535441895 -12.4666080444 7.01740506592 250.129770992 -106.86259542 1.54198473282 END
START 4.59447298584 -7.25921943359 1.55383687744 250.129770992 -86.6564885496 9.65648854962 END
START 8.41322463379 -13.1992337524 1.82917006836 250.129770992 -89.8702290076 10.1450381679 END
START 3.83551105957 -13.3141554321 -0.593762011719 250.129770992 -92.4045801527 -0.870229007634 END
START 5.29836827393 -6.6941878418 6.15788666992 250.129770992 -92.6259541985 15.0916030534 END
START 13.5751234131 -6.4595560791 8.0038161499 250.129770992 -85.7022900763 3.61832061069 END
START 0.735019909668 -9.01177504883 8.01339295654 250.129770992 -99.2519083969 12.7099236641 END
START 9.12430252686 -5.14035096436 8.29351455078 250.129770992 -87.2595419847 11.0229007634 END
START 5.45159718018 -15.7418759155 6.03338818359 250.129770992 -102.282442748 4.77099236641 END
START 5.05655390625 -11.0707884766 7.79073220215 250.129770992 -91.7633587786 10.9465648855 END
START 5.47793339844 -13.6924392944 7.15387456055 250.129770992 -88.7557251908 10.3893129771 END
START 5.25048424072 -7.89128867187 5.88973608398 250.129770992 -83.679389313 4.86259541985 END
START -0.0263362182617 -3.88100089111 7.28794985352 250.129770992 -86.7022900763 13.8396946565 END
START 2.01591779785 -13.2016279541 10.8816465454 250.129770992 -94.7938931298 14.9541984733 END
START 3.67031114502 -6.97191523437 8.01339295654 250.129770992 -96.4885496183 5.8320610687 END
START -1.38145435791 -11.9327010742 4.00549937744 250.129770992 -102.038167939 10.9007633588 END
START 5.60961448975 -3.95522114258 6.17225187988 250.129770992 -87.1450381679 7.51908396947 END
START 11.0205102417 -9.28710823975 8.52814631348 250.129770992 -86.320610687 2.83969465649 END
START 0.193930334473 -16.062698938 7.98466253662 250.129770992 -85.1526717557 -2.51908396947 END
START -1.00077629395 -6.742071875 5.66468112793 250.129770992 -90.9847328244 5.11450381679 END
START 1.18512982178 -15.0068560059 10.2088758789 250.129770992 -90.4809160305 10.3664122137 END
START 3.05021291504 -9.17936916504 9.83777462158 250.129770992 -104.015267176 7.01526717557 END
START -1.46285721436 -10.9175595703 8.80108530273 250.129770992 -99.572519084 8.64122137405 END
START -2.23618435059 -10.6398321777 7.75960758057 250.129770992 -104.129770992 11.5572519084 END
START -2.7102362793 -7.03177027588 10.0628295776 250.129770992 -103.755725191 8.0 END
START -3.27526787109 -9.46188496094 10.0412817627 250.129770992 -103.65648855 13.6183206107 END
START 4.47476290283 -7.27358464355 5.20499440918 250.129770992 -102.648854962 2.03053435115 END
START -3.924096521 -7.82185682373 13.4242887085 250.129770992 -98.5496183206 5.48854961832 END
START 2.34152922363 -10.8720697388 9.50498059082 250.129770992 -79.9007633588 1.1679389313 END
START 5.30555087891 -9.27513723145 10.8840407471 250.129770992 -80.9541984733 12.6335877863 END
START 2.77248552246 -8.69813463135 6.99825145264 250.129770992 -86.8244274809 4.89312977099 END
START 12.5671645142 -13.0148802246 9.23922420654 250.129770992 -80.0763358779 -0.526717557252 END
START 7.24724842529 -11.4778027588 10.5368815063 250.129770992 -74.9465648855 4.14503816794 END
START -5.36780012207 -9.62947907715 10.4482960449 250.129770992 -75.9083969466 -0.595419847328 END
START 5.45877978516 -10.2112700806 6.42843145752 250.129770992 -56.8320610687 8.68702290076 END
START 2.27209737549 -12.3971761963 9.56722983398 250.129770992 -66.7480916031 7.5572519084 END
START 4.02225878906 -12.6916630005 11.5161099854 250.129770992 -71.0534351145 8.8320610687 END
START 4.24731374512 -12.9358715698 12.4498486328 250.129770992 -68.427480916 3.03816793893 END
START 1.01274730225 -9.01656345215 5.91607230225 250.129770992 -59.2290076336 12.7404580153 END
START 4.36941802979 -11.5951186401 4.40772525635 250.129770992 -62.6564885496 10.0610687023 END