START 5.36301171875 -8.39885942383 1.99676418457 250.129770992 -72.9923664122 -2.8320610687 END
START -0.0574608398438 -5.77720860596 2.817975354 250.129770992 -77.8702290076 12.1679389313 END
START 3.3470939209 -7.09880792236 9.17936916504 250.129770992 -82.5954198473 8.4427480916 END
START 0.107739074707 -11.4825911621 8.64546219482 250.129770992 -74.9847328244 8.06106870229 END
START -1.71664259033 -10.8409451172 5.77720860596 250.129770992 -66.2061068702 9.39694656489 END
START 0.217872351074 -12.5360398926 6.01423457031 250.129770992 -65.1984732824 13.1603053435 END
START 4.96557424316 -12.7132108154 6.03099398193 250.129770992 -72.213740458 12.0076335878 END
START -1.03908352051 -7.11556733398 5.4922986084 250.129770992 -84.7709923664 4.3358778626 END
START 9.77313117676 -6.90966599121 0.957680664062 250.129770992 -74.5496183206 5.25954198473 END
START -4.60165559082 -11.3724578857 5.75326658936 250.129770992 -76.9770992366 9.95419847328 END
START 0.045489831543 -4.58010777588 7.18260498047 250.129770992 -64.7328244275 6.87786259542 END
START -0.91458503418 -11.0683942749 4.82910474854 250.129770992 -71.7709923664 2.97709923664 END
START 3.38540114746 -9.70848773193 7.53455262451 250.129770992 -84.3358778626 4.10687022901 END
START -7.83143363037 -9.84016882324 4.82671054687 250.129770992 -86.1908396947 10.5114503817 END
START -0.248996972656 -13.1944453491 12.6725093872 250.129770992 -70.7175572519 3.45801526718 END
START -3.17231719971 -8.87291135254 6.54814154053 250.129770992 -78.2366412214 17.7709923664 END
START -0.703895288086 -7.24485422363 12.5264630859 250.129770992 -84.0687022901 4.15267175573 END
START 7.75242497559 -6.35899960937 7.18499918213 250.129770992 -89.1755725191 4.80916030534 END
START -4.01507618408 -11.2096521729 5.05655390625 250.129770992 -101.099236641 4.87786259542 END
START -6.18182868652 -8.08761320801 11.3868230957 250.129770992 -86.9312977099 6.1679389313 END
START 1.02950671387 -11.6430026733 15.808913562 250.129770992 -86.7328244275 8.82442748092 END
START -3.71819517822 -9.58398924561 6.09563742676 250.129770992 -81.1450381679 8.31297709924 END
START -0.332794030762 -13.7427175293 5.76044919434 250.129770992 -93.9770992366 11.213740458 END
START -4.10605584717 -5.13556256104 4.18506450195 250.129770992 -88.9770992366 9.88549618321 END
START 1.36230074463 -7.02937607422 12.4043588013 250.129770992 -97.0 2.58015267176 END
START -3.99831677246 -8.13549724121 7.70214674072 250.129770992 -91.1374045802 10.1297709924 END
START -0.423773693848 -14.0300217285 2.39659586182 250.129770992 -106.633587786 6.52671755725 END
START -6.59123717041 -8.78911429443 8.34379278564 250.129770992 -86.7709923664 7.98473282443 END
START 5.80354482422 -12.8424977051 7.07007750244 250.129770992 -74.8549618321 7.25954198473 END
START 1.27850368652 -8.19056387939 4.78600911865 250.129770992 -91.3282442748 3.40458015267 END
START 4.09887324219 -11.03248125 8.77714328613 250.129770992 -90.9465648855 9.12213740458 END
START 2.63841022949 -8.0038161499 7.03177027588 250.129770992 -86.6335877863 11.7022900763 END
START 2.02310040283 -8.55448253174 11.7291939331 250.129770992 -98.2061068702 7.43511450382 END
START -0.775721337891 -5.42286676025 11.9470662842 250.129770992 -97.0458015267 8.35114503817 END
START -2.04943662109 -10.2447889038 10.666168396 250.129770992 -92.1832061069 4.67175572519 END
START 2.26491477051 -6.87375296631 6.988674646 250.129770992 -90.1908396947 4.08396946565 END
START 9.87129344482 -12.3612631714 7.0485296875 250.129770992 -91.427480916 -1.65648854962 END
START 6.86178195801 -10.524910498 7.22091220703 250.129770992 -82.4580152672 7.67175572519 END
START 0.579396801758 -7.74524237061 9.62229647217 250.129770992 -69.358778626 6.84732824427 END
START 1.31202250977 -9.51934580078 9.27753143311 250.129770992 -80.106870229 8.07633587786 END
START 4.537012146 -12.1218430054 11.2096521729 250.129770992 -67.1908396947 -5.71755725191 END
START 3.70861837158 -10.0819831909 14.5878707153 250.129770992 -67.9694656489 0.00763358778626 END
START -1.68312376709 -10.919953772 7.6614453125 250.129770992 -58.4045801527 -0.442748091603 END
START -4.17309349365 -10.6996872192 6.90248338623 250.129770992 -60.1984732824 5.6641221374 END
START -1.68312376709 -10.3094323486 6.28956776123 250.129770992 -63.893129771 7.79389312977 END
START 4.38378323975 -6.63193859863 12.2152168701 250.129770992 -63.6488549618 -0.687022900763 END
START -1.39342536621 -11.1689507446 6.86657036133 250.129770992 -71.0152671756 7.88549618321 END
START 2.06859023437 -4.78840332031 10.3740757935 250.129770992 -66.9618320611 2.4427480916 END
START -0.797269152832 -12.5863181274 6.08845482178 250.129770992 -87.2824427481 11.3282442748 END
START -2.79882174072 -13.2207815674 6.14830986328 250.129770992 -79.8854961832 8.77099236641 END
START -7.76200178223 -9.51455739746 4.72136567383 250.129770992 -80.6030534351 5.74809160305 END
START -4.2305543335 -10.42674823 13.5320277832 250.129770992 -79.3511450382 -0.81679389313 END
START 2.61925661621 -5.81312163086 6.86657036133 250.129770992 -77.534351145 -1.51145038168 END
START -2.23379014893 -10.0724063843 4.22337172852 250.129770992 -77.7175572519 7.80152671756 END
START -3.51708223877 -10.7739074707 8.75559547119 250.129770992 -72.8396946565 8.70229007634 END
START -6.7061588501 -10.5129394897 5.90649549561 250.129770992 -77.7175572519 15.4961832061 END
START -3.25372005615 -18.1288949707 6.96473262939 250.129770992 -91.786259542 3.71755725191 END
START 1.40779057617 -4.31195718994 6.1052142334 250.129770992 -94.5114503817 5.48854961832 END
START -1.39821376953 -13.1944453491 10.6685625977 250.129770992 -104.572519084 2.76335877863 END
START 3.82354005127 -8.19535228271 7.04613548584 250.129770992 -108.442748092 -2.58015267176 END
START 0.368707055664 -9.15063874512 4.82431634521 250.129770992 -104.824427481 0.870229007634 END
START 2.65038123779 -12.2559182983 6.52659372559 250.129770992 -105.992366412 -0.480916030534 END
START 4.16591088867 -13.0819178711 -0.651222851562 250.129770992 -105.389312977 5.87786259542 END
START -0.737414111328 -11.137826123 6.62475599365 250.129770992 -102.106870229 6.87022900763 END
START -1.71185418701 -7.49385119629 8.53054051514 250.129770992 -104.480916031 1.7786259542 END
START -1.28329208984 -13.3141554321 6.53377633057 250.129770992 -104.335877863 12.320610687 END
START 6.27999095459 -6.54095893555 4.78600911865 250.129770992 -101.786259542 5.37404580153 END
START 0.196324536133 -11.0133276367 6.63433280029 250.129770992 -98.2442748092 10.679389313 END
START 2.11886846924 -8.73644185791 6.80910952148 250.129770992 -96.4732824427 5.23664122137 END
START 0.447715710449 -9.5241342041 4.10366164551 250.129770992 -95.1908396947 10.1908396947 END
START 1.70227738037 -15.6101948242 4.81713374023 250.129770992 -97.7099236641 2.35114503817 END
START -2.40617266846 -13.5056915649 3.88818349609 250.129770992 -96.0610687023 4.32061068702 END
START 4.6327802124 -9.03332286377 3.430890979 250.129770992 -99.6564885496 -0.549618320611 END
START 2.68150585937 -9.79707319336 10.8768581421 250.129770992 -94.6488549618 3.70229007634 END
START 7.53934102783 -10.6853220093 8.41801303711 250.129770992 -87.7251908397 1.41221374046 END
START 12.4043588013 -12.251129895 2.91134921875 250.129770992 -84.3358778626 -1.25954198473 END
START 7.18978758545 -2.77487972412 9.49061538086 250.129770992 -84.4351145038 7.86259541985 END
START 14.4274592041 -5.4922986084 7.5896192627 250.129770992 -77.3053435115 -0.740458015267 END
START -3.63679232178 -14.5016794556 7.43639035645 250.129770992 -88.2366412214 2.7786259542 END
START -1.22583125 -13.2064163574 9.98860932617 250.129770992 -78.4122137405 9.41984732824 END
START 7.97747993164 -16.0339685181 3.11725056152 250.129770992 -84.6106870229 3.98473282443 END
START -2.54264216309 -5.65510432129 4.76206710205 250.129770992 -74.5648854962 4.78625954198 END
START 5.67186373291 -11.6430026733 5.45877978516 250.129770992 -80.5190839695 2.30534351145 END
START -3.42610257568 -9.81622680664 7.89368287354 250.129770992 -80.6030534351 11.3664122137 END
START 3.3590649292 -14.7841952515 7.36456430664 250.129770992 -70.2977099237 7.07633587786 END
START -0.244208569336 -9.7707369751 8.81784471436 250.129770992 -65.213740458 8.24427480916 END
START 1.4844050293 -6.56729515381 7.87931766357 250.129770992 -69.2213740458 4.27480916031 END
START 1.82198746338 -9.33499227295 6.94557901611 250.129770992 -68.106870229 -1.25954198473 END
START 2.16675250244 -12.2750719116 -0.840364782715 250.129770992 -63.6564885496 10.6641221374 END
START 5.88973608398 -10.8361567139 6.79713851318 250.129770992 -64.6106870229 6.98473282443 END
START -0.711077893066 -6.76122548828 7.64468590088 250.129770992 -65.2213740458 15.0152671756 END
START -2.56658417969 -5.49708701172 6.63193859863 250.129770992 -53.9389312977 12.8549618321 END
START -1.59453830566 -7.23527741699 7.11556733398 250.129770992 -63.7633587786 5.87786259542 END
START 0.586579406738 -5.05176550293 9.1578213501 250.129770992 -61.3740458015 1.56488549618 END
START -6.05014759521 -12.497732666 7.69496413574 250.129770992 -66.4885496183 6.24427480916 END
START -6.40688364258 -12.24394729 11.532869397 250.129770992 -77.4427480916 4.0534351145 END
START -1.64721074219 -9.78989058838 13.8001783691 250.129770992 -79.679389313 0.931297709924 END
START -3.69185895996 -5.87297667236 9.84974562988 250.129770992 -94.7786259542 4.30534351145 END
START -4.90811340332 -7.94156690674 8.31506236572 250.129770992 -95.0458015267 -0.0229007633588 END
START 2.90177241211 -7.0844427124 5.80115062256 250.129770992 -97.6106870229 9.19083969466 END
START -8.05888278809 -2.98796367187 8.20492908936 250.129770992 -105.106870229 4.67175572519 END
START -5.269637854 -15.4880905396 12.8903817383 250.129770992 -103.93129771 0.24427480916 END
START -5.06134230957 -10.7068698242 9.84735142822 250.129770992 -96.9541984733 1.80152671756 END