START 4.72136567383 -9.00698664551 6.84502254639 250.129770992 -34.6641221374 -1.96946564885 END
START -5.01585247803 -9.41400092773 4.37181223145 250.129770992 -39.4503816794 5.09160305344 END
START 4.91290180664 -4.94642062988 5.60482608643 250.129770992 -47.7328244275 -3.46564885496 END
START 4.06535441895 -8.99501563721 8.06606539307 250.129770992 -59.1603053435 4.69465648855 END
START -3.08373173828 -5.82988104248 8.16662186279 250.129770992 -57.2366412214 1.32824427481 END
START 1.37427175293 -7.85058724365 10.5368815063 250.129770992 -51.8702290076 11.6564885496 END
START -1.44849200439 -7.88410606689 5.76044919434 250.129770992 -62.2671755725 14.2595419847 END
START 5.07331331787 -11.6789156982 6.13394465332 250.129770992 -67.213740458 12.572519084 END
START 3.26090266113 -14.0922709717 13.1992337524 250.129770992 -61.4961832061 0.923664122137 END
START -7.62313808594 -6.65827481689 12.4378776245 250.129770992 -79.6030534351 11.9236641221 END
START -2.31279880371 -15.0164328125 8.03254656982 250.129770992 -77.2442748092 4.54961832061 END
START -0.371101257324 -7.81228001709 8.22408270264 250.129770992 -86.3129770992 4.87022900763 END
START -2.44208569336 -8.95670841064 7.19697019043 250.129770992 -90.2061068702 4.98473282443 END
START -2.48039291992 -6.13155045166 6.81868632812 250.129770992 -94.8396946565 0.641221374046 END
START -7.83143363037 -8.07803640137 5.71017095947 250.129770992 -85.8167938931 10.6641221374 END
START 1.74297880859 -11.0683942749 7.13711514893 250.129770992 -104.389312977 10.8702290076 END
START 8.36294639893 -9.15063874512 9.79946739502 250.129770992 -99.9541984733 1.35114503817 END
START -3.66073433838 -10.2232410889 5.59524927979 250.129770992 -92.641221374 3.80152671756 END
START -2.85867678223 -11.1090957031 11.025298645 250.129770992 -106.79389313 5.02290076336 END
START 5.73411297607 -4.09887324219 14.7722242432 250.129770992 -105.458015267 2.71755725191 END
START 0.0718260498047 -0.517147558594 7.48666859131 250.129770992 -106.404580153 6.10687022901 END
START -0.0550666381836 -7.50582220459 4.41011945801 250.129770992 -104.740458015 11.3893129771 END
START 1.36469494629 -10.053252771 6.07648381348 250.129770992 -105.015267176 0.946564885496 END
START 4.43645567627 -11.6884925049 5.17626398926 250.129770992 -103.702290076 8.93893129771 END
START 2.24097275391 -7.6973583374 7.46033237305 250.129770992 -101.099236641 -1.45038167939 END
START -0.0909796630859 -10.2543657104 5.85621726074 250.129770992 -105.099236641 7.59541984733 END
START -3.42131417236 -8.67179841309 12.3564747681 250.129770992 -98.5190839695 4.32824427481 END
START 0.596156213379 -6.45476767578 9.90241806641 250.129770992 -96.5801526718 10.9389312977 END
START -6.19379969482 -3.69664736328 6.98149204102 250.129770992 -89.0992366412 7.06870229008 END
START 0.550666381836 -8.59518395996 7.65665690918 250.129770992 -94.3511450382 2.12977099237 END
START 1.54665427246 -6.82347473145 9.26795462646 250.129770992 -74.8167938931 4.67175572519 END
START 2.95205064697 -9.53131680908 10.8385509155 250.129770992 -74.0152671756 -2.3358778626 END
START 3.78523282471 -6.6941878418 16.6277305298 250.129770992 -70.3511450382 11.0992366412 END
START 4.96796844482 -15.7634237305 11.0348754517 250.129770992 -78.8244274809 14.5877862595 END
START 3.41413156738 -15.0379806274 11.0851536865 250.129770992 -71.7633587786 4.86259541985 END
START -2.58094938965 -5.40371314697 9.23683000488 250.129770992 -81.2671755725 -1.02290076336 END
START -1.21864864502 -12.2822545166 10.7523596558 250.129770992 -82.0458015267 17.2977099237 END
START 1.22343704834 -10.2567599121 13.7475059326 250.129770992 -71.6564885496 2.73282442748 END
START 0.174776721191 -9.09078370361 8.42758984375 250.129770992 -79.3129770992 9.46564885496 END
START 4.71418306885 -8.07324799805 7.6255322876 250.129770992 -71.1221374046 9.5572519084 END
START -2.43729729004 -10.7834842773 3.20344182129 250.129770992 -74.4580152672 4.63358778626 END
START 1.30962830811 -6.79953271484 10.7260234375 250.129770992 -80.8854961832 -1.63358778626 END
START -0.885854614258 -12.1625444336 5.19541760254 250.129770992 -87.358778626 4.45801526718 END
START -2.65995804443 -5.78439121094 6.60560238037 250.129770992 -88.8167938931 2.40458015267 END
START 0.837970581055 -11.2048637695 6.0573302002 250.129770992 -88.6488549618 5.30534351145 END
START -0.979228479004 -13.5631524048 7.98945093994 250.129770992 -75.3664122137 7.68702290076 END
START -0.045489831543 -12.8736223267 8.31266816406 250.129770992 -81.5496183206 -2.9465648855 END
START 2.82515795898 -5.62158549805 6.91445439453 250.129770992 -78.1450381679 -4.88549618321 END
START -0.0335188232422 -8.22887110596 5.52581743164 250.129770992 -75.7633587786 12.786259542 END
START -1.97521636963 -11.7315881348 4.09169063721 250.129770992 -92.786259542 9.71755725191 END
START 6.38294162598 -5.68622894287 5.7748144043 250.129770992 -86.320610687 11.572519084 END
START 4.31913979492 -8.38688841553 9.10514891357 250.129770992 -92.9389312977 -0.374045801527 END
START -0.682347473145 -12.6557499756 7.52976422119 250.129770992 -94.8854961832 -0.793893129771 END
START -3.48835181885 -10.8505219238 6.17943448486 250.129770992 -98.0305343511 3.79389312977 END
START -2.16435830078 -4.41011945801 12.6126543457 250.129770992 -96.2977099237 3.59541984733 END
START 3.88339509277 -8.5209637085 8.09240161133 250.129770992 -85.8778625954 10.8854961832 END
START 0.222660754395 -7.31189187012 5.99268675537 250.129770992 -83.0916030534 5.67175572519 END
START 4.14915147705 -3.84508786621 9.63666168213 250.129770992 -87.3358778626 2.35114503817 END
START 5.71495936279 -9.94311949463 2.91374342041 250.129770992 -85.7251908397 9.6641221374 END
START 2.86107098389 -10.2423947021 6.4475850708 250.129770992 -80.0687022901 1.79389312977 END
START 6.57687196045 -5.516240625 9.90481226807 250.129770992 -79.465648855 1.14503816794 END
START 8.52575211182 -8.96628521729 7.7093293457 250.129770992 -78.9770992366 5.58778625954 END
START 11.166556543 -14.4035171875 6.61517918701 250.129770992 -85.3816793893 11.0458015267 END
START -1.99197578125 -7.85537564697 13.6780740845 250.129770992 -85.2442748092 12.1603053435 END
START 4.28322677002 -1.43652099609 5.00866987305 250.129770992 -69.7328244275 10.9770992366 END
START -0.663193859863 -9.60793126221 9.60793126221 250.129770992 -83.1297709924 8.04580152672 END
START 5.35104071045 -10.7571480591 10.8648871338 250.129770992 -76.3511450382 7.81679389313 END
START 1.14682259521 -8.23126530762 9.28231983643 250.129770992 -76.3893129771 3.8320610687 END
START 1.76213242187 -9.86171663818 3.84987626953 250.129770992 -68.2213740458 -0.87786259542 END
START -1.24019645996 -5.10683214111 5.32231029053 250.129770992 -64.4732824427 3.58015267176 END
START 3.31596929932 -4.63517441406 10.5081510864 250.129770992 -65.106870229 6.32824427481 END
START 1.92972653809 -9.73242974854 7.21851800537 250.129770992 -73.7633587786 11.1145038168 END
START -3.20823022461 -13.8097551758 9.58159504395 250.129770992 -79.6259541985 -1.53435114504 END
START 5.72214196777 -9.04050546875 13.8313029907 250.129770992 -78.8625954198 9.59541984733 END
START 0.0119710083008 -9.7707369751 8.07324799805 250.129770992 -92.7328244275 7.41984732824 END
START -1.30244570312 -8.64546219482 8.58081875 250.129770992 -81.7557251908 5.10687022901 END
START 2.31998140869 -9.19134017334 8.93755479736 250.129770992 -74.2442748092 6.19847328244 END
START 3.4428619873 -9.92636008301 7.57764825439 250.129770992 -61.5954198473 5.70229007634 END