START 5.21696541748 -9.64145008545 11.4035825073 250.129770992 -50.9618320611 5.52671755725 END
START -3.49074602051 -7.53934102783 7.88410606689 250.129770992 -58.9847328244 9.29770992366 END
START -4.95839163818 -12.638990564 4.9631800415 250.129770992 -66.9847328244 13.9847328244 END
START -4.70939466553 -9.43554874268 4.27125576172 250.129770992 -62.9923664122 8.43511450382 END
START -3.56017786865 -6.21534750977 5.35582911377 250.129770992 -46.1145038168 4.6641221374 END
START 5.95677373047 -9.89044705811 8.58800135498 250.129770992 -62.5877862595 5.09160305344 END
START -2.00394678955 -11.3078144409 8.90403597412 250.129770992 -68.8473282443 6.78625954198 END
START -3.83072265625 -8.35097539062 8.26478413086 250.129770992 -67.2366412214 1.81679389313 END
START 1.04866032715 -11.0660000732 4.69981785889 250.129770992 -63.9160305344 6.23664122137 END
START -3.76129080811 -12.6892687988 8.71728824463 250.129770992 -77.9007633588 -0.0916030534351 END
START 0.407014282227 -9.33978067627 3.18428820801 250.129770992 -86.5190839695 4.09160305344 END
START 0.411802685547 -7.32386287842 3.59609089355 250.129770992 -82.8778625954 9.96946564885 END
START 0.29927520752 -4.32392819824 5.85621726074 250.129770992 -86.3511450382 17.3358778626 END
START -4.70939466553 -11.5615998169 5.97592734375 250.129770992 -88.2213740458 8.70229007634 END
START 0.213083947754 -17.2693765747 4.26407315674 250.129770992 -98.320610687 1.96946564885 END
START 5.89213028564 -9.46667336426 5.78917961426 250.129770992 -98.5648854962 11.6488549618 END
START 7.91283648682 -17.2358577515 4.57053096924 250.129770992 -103.083969466 12.0610687023 END
START 2.38223065186 -8.66940421143 7.27837304687 250.129770992 -102.335877863 -0.793893129771 END
START -1.36708914795 -15.942988855 9.05008227539 250.129770992 -101.465648855 -0.969465648855 END
START -4.11563265381 -11.2527478027 5.63355650635 250.129770992 -105.022900763 9.46564885496 END
START 2.817975354 -10.8146088989 5.67665213623 250.129770992 -105.213740458 2.32061068702 END
START -1.52750065918 -6.28717355957 5.27203205566 250.129770992 -104.381679389 5.39694656489 END
START -5.04218869629 -10.6398321777 4.12520946045 250.129770992 -104.664122137 0.412213740458 END
START 0.586579406738 -7.96550892334 4.46518609619 250.129770992 -104.305343511 11.6946564885 END
START 4.40533105469 -10.0891657959 6.29675036621 250.129770992 -105.473282443 0.0763358778626 END
START 3.1244331665 -9.46188496094 9.06684168701 250.129770992 -103.954198473 5.38167938931 END
START 2.20027132568 -12.0380459473 5.4444145752 250.129770992 -104.763358779 16.2595419847 END
START 0.536301171875 -10.3285859619 6.05493599854 250.129770992 -101.984732824 -3.00763358779 END
START 4.89374819336 -7.9798741333 11.2072579712 250.129770992 -104.122137405 11.0992366412 END
START 0.536301171875 -6.55532414551 14.4753432373 250.129770992 -104.816793893 2.00763358779 END
START 4.74291348877 -4.79558592529 7.15387456055 250.129770992 -104.458015267 9.91603053435 END
START 7.46751497803 -3.92888492432 12.6342021606 250.129770992 -82.0381679389 5.98473282443 END
START 8.82263311768 -7.24485422363 8.5329347168 250.129770992 -78.9236641221 0.358778625954 END
START 6.05493599854 -14.844050293 12.0548053589 250.129770992 -61.9618320611 3.96183206107 END
START 0.981622680664 -5.57130726318 7.23767161865 250.129770992 -57.3053435115 5.89312977099 END
START 0.749385119629 -10.0939541992 10.5488525146 250.129770992 -56.106870229 5.98473282443 END
START 5.54975944824 -12.0643821655 4.3622354248 250.129770992 -52.5267175573 2.41221374046 END
START -0.469263525391 -7.33583388672 10.0556469727 250.129770992 -35.3435114504 9.6641221374 END
START 0.284909997559 -8.95670841064 10.4889974731 250.129770992 -42.106870229 5.70229007634 END
START -0.828393774414 -8.76277807617 12.1026893921 250.129770992 -44.8091603053 5.01526717557 END
START -0.474051928711 -4.41490786133 8.42280144043 250.129770992 -46.1374045802 -2.90076335878 END
START 0.521935961914 -8.16662186279 4.43406147461 250.129770992 -39.4809160305 0.748091603053 END
START -6.16267507324 -16.9964375854 6.59123717041 250.129770992 -28.3664122137 14.1984732824 END
START -0.859518395996 -6.26562574463 9.69172832031 250.129770992 -35.4961832061 4.71755725191 END
START -1.86987149658 -9.42597193604 0.881066210937 250.129770992 -47.0763358779 -5.1679389313 END
START 3.14837518311 -17.4202112793 7.0964137207 250.129770992 -50.7938931298 0.297709923664 END
START -5.20738861084 -11.7770779663 4.39336004639 250.129770992 -54.3282442748 20.7786259542 END
START 7.83622203369 -10.2783077271 7.92959589844 250.129770992 -66.2824427481 -4.6641221374 END
START -6.58405456543 -4.67108743896 7.01740506592 250.129770992 -55.893129771 0.450381679389 END
START -0.354341845703 -9.70130512695 4.93444962158 250.129770992 -71.5267175573 3.07633587786 END
START 8.10916102295 -12.1146604004 6.31829818115 250.129770992 -67.4198473282 -0.335877862595 END
START 6.29675036621 -0.60812722168 6.83065733643 250.129770992 -66.4732824427 12.6183206107 END
START 4.83868155518 -5.2576668457 5.52342322998 250.129770992 -65.786259542 12.3740458015 END
START -0.806845959473 -11.1306435181 7.98705673828 250.129770992 -80.0763358779 8.62595419847 END
START 0.356736047363 -11.8656634277 3.16274039307 250.129770992 -75.1145038168 6.21374045802 END
START -2.60489140625 -2.40856687012 11.3054202393 250.129770992 -88.8015267176 1.37404580153 END
START -6.36139381104 -9.84735142822 8.14507404785 250.129770992 -94.3816793893 6.74045801527 END
START -0.186747729492 -8.68855782471 8.71728824463 250.129770992 -92.5801526718 5.37404580153 END
START 2.23379014893 -9.4762501709 5.52102902832 250.129770992 -97.679389313 8.04580152672 END
START 6.1770402832 -13.4290771118 2.11168586426 250.129770992 -99.9007633588 1.67175572519 END
START 2.66235224609 -9.36611689453 8.00621035156 250.129770992 -97.7557251908 5.90076335878 END
START 4.68784685059 -10.0245223511 11.8680576294 250.129770992 -83.427480916 0.63358778626 END
START 9.33738647461 -10.0867715942 6.26562574463 250.129770992 -101.160305344 7.77099236641 END
START 8.56405933838 -5.18344659424 7.4148425415 250.129770992 -99.8854961832 1.12977099237 END
START -1.4604630127 -12.7802484619 10.1107136108 250.129770992 -90.0916030534 5.3358778626 END
START 2.90177241211 -10.2591541138 11.7770779663 250.129770992 -94.4580152672 10.0305343511 END
START 1.35272393799 -12.0284691406 8.34379278564 250.129770992 -104.893129771 6.77099236641 END
START 5.95437952881 -14.2862013062 7.20654699707 250.129770992 -104.549618321 2.41221374046 END
START 0.895431420898 -11.5807534302 2.73657249756 250.129770992 -102.083969466 4.85496183206 END
START 5.11640894775 -9.06684168701 9.57441243896 250.129770992 -103.893129771 7.10687022901 END
START 4.55855996094 -7.84579884033 5.38216533203 250.129770992 -105.312977099 -5.1679389313 END
START 0.076614453125 -4.48673391113 6.55292994385 250.129770992 -104.389312977 6.02290076336 END
START 1.02471831055 -12.1362082153 5.86339986572 250.129770992 -95.4198473282 -2.58015267176 END
START -0.77093293457 -8.35815799561 8.51138690186 250.129770992 -100.595419847 6.76335877863 END
START -0.0502782348633 -6.44997927246 8.2743609375 250.129770992 -100.030534351 10.3740458015 END
START 4.06535441895 -6.75643708496 11.4873795654 250.129770992 -101.282442748 2.06106870229 END
START -6.58166036377 -5.77242020264 10.7499654541 250.129770992 -104.129770992 6.96183206107 END
START -2.0733786377 -12.2032458618 10.3166149536 250.129770992 -103.961832061 5.50381679389 END
START 4.92966121826 -8.96628521729 6.99585725098 250.129770992 -95.7251908397 -2.70229007634 END
START 1.09415015869 -9.61750806885 10.9726262085 250.129770992 -92.893129771 15.5648854962 END
START -3.32794030762 -11.5472346069 6.49307490234 250.129770992 -87.2290076336 11.8625954198 END
START -1.62087452393 -4.49152231445 9.95269630127 250.129770992 -86.3816793893 0.618320610687 END
START -2.55461317139 -12.5575877075 11.8153851929 250.129770992 -74.1984732824 9.00763358779 END
START -0.0718260498047 -9.05726488037 10.9702320068 250.129770992 -65.2213740458 12.2824427481 END
START 8.65025059814 -8.18338127441 6.94318481445 250.129770992 -66.8320610687 -2.48091603053 END
START 9.96466730957 -13.117830896 6.7540428833 250.129770992 -57.7022900763 11.9618320611 END