START 1.05344873047 -15.6197716309 8.78672009277 250.129770992 -66.6030534351 -2.16030534351 END
START 5.18823499756 -4.82671054687 6.12197364502 250.129770992 -47.9236641221 5.52671755725 END
START -0.730231506348 -5.59524927979 11.0300870483 250.129770992 -56.7251908397 11.2442748092 END
START 2.1571756958 -14.0946651733 4.12042105713 250.129770992 -64.1679389313 0.916030534351 END
START -1.43412679443 -2.09013804932 11.1952869629 250.129770992 -75.7175572519 11.1984732824 END
START 2.17154090576 -8.19535228271 3.19147081299 250.129770992 -76.4580152672 8.14503816794 END
START 10.3214033569 -9.97903251953 6.35421120605 250.129770992 -64.8320610687 -2.54961832061 END
START 6.73249506836 -2.7940333374 9.61511386719 250.129770992 -71.5648854962 1.64122137405 END
START 0.237025964355 -10.6134959595 11.0444522583 250.129770992 -67.2595419847 5.90076335878 END
START -1.82198746338 -13.4027408936 3.51947644043 250.129770992 -80.3816793893 6.78625954198 END
START -2.83473476562 -11.5855418335 10.7020814209 250.129770992 -89.534351145 7.11450381679 END
START 10.7379944458 -10.2687309204 6.93839641113 250.129770992 -81.8396946565 4.39694656489 END
START 4.18506450195 -4.8793829834 3.7493197998 250.129770992 -81.7633587786 4.87022900763 END
START -3.6056677002 -10.2064816772 12.765883252 250.129770992 -93.0763358779 -0.778625954198 END
START 6.41885465088 -11.772289563 10.5488525146 250.129770992 -91.9312977099 5.46564885496 END
START -3.98873996582 -6.65109221191 7.69975253906 250.129770992 -106.20610687 3.06870229008 END
START 3.93367332764 -9.17697496338 4.03662399902 250.129770992 -103.419847328 2.57251908397 END
START -3.89057769775 -9.43315454102 13.0771294678 250.129770992 -98.893129771 5.58778625954 END
START -3.1124621582 -12.5264630859 2.09492645264 250.129770992 -95.0916030534 3.4427480916 END
START -4.27604416504 -10.3214033569 6.19140549316 250.129770992 -97.7251908397 5.81679389313 END
START 0.15322890625 -8.84657513428 2.62643922119 250.129770992 -99.1755725191 -3.48091603053 END
START -2.44926829834 -8.46350286865 12.7179992187 250.129770992 -100.832061069 2.80916030534 END
START -3.28963308105 -3.94085593262 5.77242020264 250.129770992 -96.9923664122 3.99236641221 END
START -0.217872351074 -7.3909005249 4.51307012939 250.129770992 -100.251908397 6.09160305344 END
START 2.4756045166 -5.68144053955 7.58243665771 250.129770992 -104.34351145 5.87022900763 END
START 5.90410129395 -14.1521260132 9.08838950195 250.129770992 -104.061068702 10.7938931298 END
START 4.97754525146 -8.17859287109 11.5472346069 250.129770992 -98.5572519084 3.93893129771 END
START -4.01507618408 -9.97903251953 4.99909306641 250.129770992 -92.2748091603 -2.70229007634 END
START 3.89057769775 -14.2526824829 7.07965430908 250.129770992 -91.0839694656 4.31297709924 END
START 0.404620080566 -10.5488525146 12.6557499756 250.129770992 -85.6717557252 3.75572519084 END
START -3.39258375244 -7.7093293457 10.9917798218 250.129770992 -77.5419847328 9.77099236641 END
START 4.15633408203 -16.675614563 4.35984122314 250.129770992 -81.3129770992 3.12213740458 END
START 4.02465299072 -5.87776507568 13.611036438 250.129770992 -78.9770992366 -3.51908396947 END
START 3.16034619141 -10.3309801636 9.18415756836 250.129770992 -70.893129771 -3.27480916031 END
START -1.17315881348 -14.1377608032 6.8019269165 250.129770992 -70.3435114504 6.93893129771 END
START 0.0670376464844 -9.03332286377 14.6716677734 250.129770992 -54.6030534351 -1.90076335878 END
START -1.10133276367 -11.9542488892 6.53856473389 250.129770992 -64.8778625954 9.18320610687 END
START -3.86184727783 -10.3166149536 10.5919481445 250.129770992 -66.320610687 -2.41221374046 END
START 0.682347473145 -7.26640203857 10.553640918 250.129770992 -61.7557251908 4.88549618321 END
START -1.27610948486 -6.63912120361 8.82502731934 250.129770992 -66.4580152672 -1.39694656489 END
START -0.61770402832 -10.4219598267 4.82671054687 250.129770992 -62.8320610687 4.43511450382 END
START 2.85628258057 -11.6645504883 10.4578728516 250.129770992 -60.0992366412 5.11450381679 END
START -3.430890979 -5.95677373047 6.85220515137 250.129770992 -65.1297709924 -2.20610687023 END
START -1.8267758667 -11.7603185547 8.32463917236 250.129770992 -77.9389312977 10.7175572519 END
START -2.8060043457 -11.7531359497 6.07648381348 250.129770992 -62.4885496183 10.1145038168 END
START 2.15956989746 -11.4011883057 9.02614025879 250.129770992 -67.6106870229 6.03053435115 END
START 3.59130249023 -4.8913539917 7.92480749512 250.129770992 -76.8396946565 4.17557251908 END
START -0.284909997559 -11.7459533447 8.20732329102 250.129770992 -70.5419847328 6.92366412214 END
START 4.75009609375 -11.8536924194 9.193734375 250.129770992 -73.3358778626 8.61832061069 END
START 1.48201082764 -5.89931289062 10.9151653687 250.129770992 -78.3511450382 -2.09923664122 END
START 1.09175595703 -14.336479541 6.14352145996 250.129770992 -73.534351145 -0.0992366412214 END
START 4.46518609619 -9.12430252686 4.05338341064 250.129770992 -73.2824427481 1.47328244275 END
START 0.938527050781 -17.6285068237 0.723048901367 250.129770992 -73.3740458015 7.78625954198 END
START 2.20027132568 -9.57441243896 6.58644876709 250.129770992 -80.7022900763 -5.3358778626 END
START -3.32554610596 -14.8320792847 15.0284038208 250.129770992 -78.1908396947 -3.17557251908 END
START 0.938527050781 -6.35660540771 5.15711037598 250.129770992 -80.3053435115 -5.68702290076 END
START -5.90649549561 -14.223952063 3.60327349854 250.129770992 -72.8702290076 10.4961832061 END
START 1.31920511475 -15.2678239868 5.61679709473 250.129770992 -76.3893129771 -2.87786259542 END
START 1.41257897949 -12.6461731689 3.05500131836 250.129770992 -80.1755725191 2.96946564885 END
START 0.883460412598 -6.30153876953 10.919953772 250.129770992 -88.0381679389 -1.26717557252 END
START -2.52827695312 -10.0149455444 3.10767375488 250.129770992 -81.3053435115 4.87022900763 END
START 12.7323644287 -10.2376062988 5.62876810303 250.129770992 -96.3358778626 8.47328244275 END
START 3.53384165039 -10.5727945312 5.61919129639 250.129770992 -96.8625954198 1.80916030534 END
START -1.64721074219 -10.0867715942 4.42687886963 250.129770992 -102.458015267 12.7251908397 END
START 1.98479317627 -7.12514414062 6.60081397705 250.129770992 -105.938931298 2.26717557252 END
START 3.20104761963 -12.8257382935 7.18260498047 250.129770992 -104.541984733 5.74809160305 END
START -1.71664259033 -11.1976811646 2.88980140381 250.129770992 -104.595419847 2.96183206107 END
START -2.20266552734 -15.4066876831 8.12831463623 250.129770992 -103.717557252 -0.213740458015 END
START 4.12760366211 -3.02627089844 8.99262143555 250.129770992 -102.038167939 1.90839694656 END
START 4.14915147705 -9.50737479248 12.363657373 250.129770992 -103.770992366 5.09160305344 END
START 6.93121380615 -11.6956751099 10.6925046143 250.129770992 -104.129770992 6.64122137405 END
START 10.7810900757 -10.3573163818 6.34942280273 250.129770992 -104.786259542 5.41984732824 END
START 0.497993945312 -9.00459244385 7.87452926025 250.129770992 -104.091603053 -1.67175572519 END
START 3.22977803955 -9.72045874023 5.23611903076 250.129770992 -104.603053435 -2.15267175573 END
START -0.802057556152 -15.0643168457 7.44117875977 250.129770992 -108.13740458 2.09160305344 END
START -1.87226569824 -14.1329723999 6.80910952148 250.129770992 -104.076335878 0.595419847328 END
START -2.25533796387 -13.2207815674 8.68616362305 250.129770992 -107.900763359 -2.12977099237 END
START 3.33033450928 -8.17619866943 8.87291135254 250.129770992 -116.534351145 -2.14503816794 END
START 3.7253777832 -10.1562034424 5.45159718018 250.129770992 -107.061068702 2.31297709924 END
START -3.0406361084 -6.16028087158 6.90966599121 250.129770992 -103.183206107 3.80152671756 END
START 1.33117612305 -11.2886608276 9.05726488037 250.129770992 -104.740458015 7.54198473282 END
START -3.49074602051 -11.7938373779 9.81383260498 250.129770992 -105.229007634 1.28244274809 END
START 6.0573302002 -4.00310517578 8.48265648193 250.129770992 -101.86259542 -2.06106870229 END
START -1.56341368408 -6.51462271729 11.4203419189 250.129770992 -104.557251908 -1.54961832061 END
START 4.11563265381 -9.4283661377 8.46350286865 250.129770992 -93.3816793893 9.69465648855 END
START 9.28710823975 -4.95839163818 11.1402203247 250.129770992 -89.7404580153 -2.06870229008 END
START 1.51552965088 0.0383072265625 8.51378110352 250.129770992 -81.9923664122 8.61832061069 END
START -1.51074124756 -9.41639512939 6.23928952637 250.129770992 -85.9007633588 2.87786259542 END
START -2.7820623291 -2.41335527344 9.04768807373 250.129770992 -81.1908396947 2.09160305344 END
START -0.61530982666 -7.84340463867 2.99754047852 250.129770992 -83.8320610687 -0.519083969466 END
START -0.438138903809 -11.5663882202 8.51617530518 250.129770992 -72.5801526718 -1.25954198473 END
START 0.792480749512 -12.8209498901 13.4099234985 250.129770992 -67.5114503817 13.1374045802 END
START -1.66397015381 -8.03254656982 5.78199700928 250.129770992 -70.2442748092 4.67175572519 END
START 0.684741674805 -12.4737906494 8.34858118896 250.129770992 -66.2748091603 7.57251908397 END
START 0.129286889648 -11.0923362915 7.02937607422 250.129770992 -61.8244274809 14.2213740458 END
START -1.24737906494 -10.4578728516 6.23928952637 250.129770992 -66.893129771 9.2213740458 END
START -1.03429511719 -10.41238302 4.9512090332 250.129770992 -53.0229007634 10.3053435115 END
START -2.17872351074 -16.7163159912 9.30386765137 250.129770992 -54.0458015267 10.1603053435 END
START -1.29526309814 -12.7563064453 8.97825622559 250.129770992 -48.9160305344 5.26717557252 END
START 4.63038601074 -10.7571480591 8.57603034668 250.129770992 -51.3511450382 -0.625954198473 END