START -4.0078935791 -7.48188018799 11.9542488892 250.129770992 -67.2213740458 15.1755725191 END
START 8.72207664795 -8.2025348877 9.56722983398 250.129770992 -59.8396946565 8.67175572519 END
START 7.79073220215 -7.04613548584 9.44991395264 250.129770992 -61.9770992366 20.0458015267 END
START 1.33835872803 -11.3892172974 4.67587584229 250.129770992 -54.6335877863 7.57251908397 END
START -5.88015927734 -11.039663855 4.01507618408 250.129770992 -71.3816793893 14.7251908397 END
START -0.821211169434 -9.69891092529 8.27196673584 250.129770992 -70.2519083969 9.22900763359 END
START 1.60650931396 -5.02782348633 13.364433667 250.129770992 -66.641221374 12.4198473282 END
START 11.6717330933 -8.97107362061 6.79953271484 250.129770992 -60.7633587786 6.04580152672 END
START -3.62003291016 -4.6447512207 8.83460412598 250.129770992 -65.7175572519 6.87022900763 END
START 0.0215478149414 -8.90882437744 1.28329208984 250.129770992 -66.5572519084 4.10687022901 END
START 0.967257470703 -11.0875478882 7.24724842529 250.129770992 -69.3053435115 -3.37404580153 END
START 1.67115275879 -10.3237975586 8.6526447998 250.129770992 -67.2900763359 4.07633587786 END
START 1.13245738525 -11.8369330078 7.92720169678 250.129770992 -71.358778626 0.709923664122 END
START -1.60890351563 -8.70771143799 10.3932294067 250.129770992 -93.6335877863 8.40458015267 END
START -3.6535517334 -11.3317564575 5.36780012207 250.129770992 -78.9770992366 -0.274809160305 END
START -0.0814028564453 -2.53545955811 9.5361052124 250.129770992 -75.5267175573 6.58015267176 END
START 1.58496149902 -9.02614025879 5.55694205322 250.129770992 -75.1755725191 -0.358778625954 END
START 1.12527478027 -10.5680061279 7.18021077881 250.129770992 -78.7633587786 3.04580152672 END
START -1.45088620605 -9.1338793335 6.65827481689 250.129770992 -89.4122137405 8.35114503817 END
START 4.37660063477 -17.2095215332 8.3461869873 250.129770992 -88.4961832061 -3.39694656489 END
START -2.03507141113 -8.947131604 4.63996281738 250.129770992 -93.5954198473 10.9770992366 END
START -2.18351191406 -8.8992475708 7.0605006958 250.129770992 -88.2442748092 -1.6641221374 END
START -3.92888492432 -10.8744639404 0.416591088867 250.129770992 -88.0763358779 4.19847328244 END
START -3.91451971436 -4.59447298584 6.96473262939 250.129770992 -99.9236641221 13.5801526718 END
START -5.5760956665 -9.05965908203 3.20583602295 250.129770992 -104.480916031 0.656488549618 END
START -1.45567460937 -7.77636699219 7.0126166626 250.129770992 -106.030534351 6.03816793893 END
START 4.22816013184 -5.34864650879 4.50588752441 250.129770992 -106.687022901 6.91603053435 END
START -0.0670376464844 -5.95437952881 8.03494077148 250.129770992 -104.755725191 15.6030534351 END
START 0.0263362182617 -5.06852491455 7.40765993652 250.129770992 -88.4122137405 7.70992366412 END
START 0.272938989258 -4.60404979248 13.3548568604 250.129770992 -85.0229007634 -1.61832061069 END
START 6.33505759277 -7.97508572998 11.9111532593 250.129770992 -80.6870229008 4.20610687023 END
START 0.330399829102 -5.47793339844 8.55208833008 250.129770992 -75.8091603053 0.603053435115 END
START -0.531512768555 -10.4459018433 15.8687686035 250.129770992 -77.6641221374 2.39694656489 END
START -2.97599266357 -10.5009684814 8.30787976074 250.129770992 -68.106870229 2.19083969466 END
START -0.248996972656 -8.59518395996 9.67018050537 250.129770992 -65.6717557252 8.25954198473 END
START 1.15161099854 -10.7140524292 7.51300480957 250.129770992 -52.0687022901 3.29007633588 END
START -1.1779472168 -3.90494290771 9.88326445312 250.129770992 -56.9389312977 1.3358778626 END
START -0.0646434448242 -9.61990227051 9.86411083984 250.129770992 -50.4885496183 4.20610687023 END
START -5.18105239258 -7.18739338379 7.97508572998 250.129770992 -53.9847328244 4.77099236641 END
START -5.58327827148 -10.1298672241 7.24006582031 250.129770992 -42.5267175573 1.77099236641 END
START -2.16435830078 -11.0061450317 11.4562549438 250.129770992 -47.427480916 8.85496183206 END
START 1.2138602417 -10.8936175537 8.70531723633 250.129770992 -52.3511450382 3.65648854962 END
START 4.67108743896 -13.4578075317 11.0683942749 250.129770992 -57.3435114504 -2.84732824427 END
START 3.22259543457 -9.1219083252 8.42998404541 250.129770992 -57.9312977099 -0.69465648855 END
START -1.44609780273 -6.83783994141 8.84657513428 250.129770992 -56.6946564885 10.1450381679 END
START -2.63601602783 -9.37808790283 4.2784383667 250.129770992 -65.0229007634 3.80152671756 END
START -4.42448466797 -12.6796919922 5.43962617188 250.129770992 -67.427480916 3.19083969466 END
START 4.61123239746 -10.9582609985 9.44991395264 250.129770992 -62.3358778626 7.09160305344 END
START 4.41490786133 -6.98388624268 7.21612380371 250.129770992 -62.427480916 -5.49618320611 END
START -5.05894810791 -6.01662877197 6.37097061768 250.129770992 -69.4198473282 15.8015267176 END
START -3.59848509521 -10.5177278931 4.06535441895 250.129770992 -75.6717557252 4.48854961832 END
START -0.208295544434 -15.2774007935 5.03740029297 250.129770992 -74.0992366412 8.07633587786 END
START 6.17225187988 -5.8586114624 6.76361968994 250.129770992 -71.8396946565 -1.19847328244 END
START -2.67911165771 -10.3573163818 5.38455953369 250.129770992 -76.4580152672 -2.51145038168 END
START -0.723048901367 -9.36611689453 8.2025348877 250.129770992 -86.893129771 -0.427480916031 END
START 5.68383474121 -12.751518042 8.74841286621 250.129770992 -72.7938931298 -2.46564885496 END
START 10.2184526855 -7.76679018555 3.87860668945 250.129770992 -87.1832061069 6.75572519084 END
START -6.95994422607 -10.9319247803 3.22259543457 250.129770992 -77.427480916 6.88549618321 END
START 5.62876810303 -7.45314976807 7.601590271 250.129770992 -87.2519083969 7.77099236641 END
START 4.01268198242 -6.99106884766 6.29435616455 250.129770992 -81.4122137405 2.54198473282 END
START -1.37427175293 -10.3285859619 5.59046087646 250.129770992 -97.3511450382 -4.87786259542 END
START 1.83395847168 -7.0724717041 9.2176763916 250.129770992 -97.6870229008 3.60305343511 END
START -3.83072265625 -11.2000753662 5.01345827637 250.129770992 -103.519083969 4.74045801527 END
START 1.38384855957 -11.159373938 6.21295330811 250.129770992 -104.564885496 2.99236641221 END
START 11.5208983887 -8.39167681885 5.18105239258 250.129770992 -102.221374046 6.26717557252 END
START 3.46680400391 -11.5807534302 3.78283862305 250.129770992 -105.625954198 2.27480916031 END
START 6.05254179687 -10.314220752 6.00465776367 250.129770992 -111.816793893 -5.72519083969 END
START -0.500388146973 -12.9119295532 7.5896192627 250.129770992 -109.694656489 -1.58015267176 END
START 1.86987149658 -8.59039555664 5.17147558594 250.129770992 -103.946564885 5.6641221374 END
START 2.25294376221 -6.83065733643 7.57046564941 250.129770992 -110.610687023 -0.198473282443 END
START -1.49398183594 -8.64546219482 9.90960067139 250.129770992 -106.167938931 4.13740458015 END
START 8.0397291748 -13.7690537476 3.90733710937 250.129770992 -104.847328244 1.4427480916 END
START 5.4922986084 -11.7004635132 3.00232888184 250.129770992 -102.664122137 -3.81679389313 END
START 2.1930887207 -9.02135185547 4.46279189453 250.129770992 -103.435114504 5.32824427481 END
START -0.689530078125 -9.41160672607 7.63032069092 250.129770992 -103.885496183 8.0534351145 END
START 3.924096521 -9.40442412109 8.98543883057 250.129770992 -104.351145038 4.71755725191 END
START -3.23935484619 -0.955286462402 12.0476227539 250.129770992 -103.946564885 -0.290076335878 END
START -5.516240625 -4.24491954346 12.1433908203 250.129770992 -104.564885496 2.75572519084 END
START -6.08845482178 -5.23133062744 9.88326445312 250.129770992 -103.93129771 7.82442748092 END
START -0.644040246582 -5.7987564209 8.11394942627 250.129770992 -105.290076336 10.6717557252 END
START 4.26886156006 -9.23443580322 7.05571229248 250.129770992 -98.7557251908 3.32061068702 END
START 2.10210905762 -6.19140549316 10.3788641968 250.129770992 -88.4503816794 -1.96183206107 END
START -3.45483299561 -5.32709869385 8.15465085449 250.129770992 -84.8015267176 8.48091603053 END
START 5.75805499268 -10.6613799927 9.17458076172 250.129770992 -71.0534351145 10.213740458 END
START 2.54743056641 -8.12831463623 7.09880792236 250.129770992 -60.0229007634 4.35114503817 END
START 6.17464608154 -5.28639726562 6.54095893555 250.129770992 -64.1221374046 6.49618320611 END
START 1.54665427246 -5.82030423584 7.94156690674 250.129770992 -41.2061068702 9.5572519084 END
START -1.21146604004 -8.10197841797 5.62397969971 250.129770992 -44.7099236641 9.51145038168 END
START -4.43884987793 -0.440533105469 6.79235010986 250.129770992 -50.8854961832 1.09923664122 END
START 4.97993945312 -8.86812294922 9.94551369629 250.129770992 -47.2977099237 6.62595419847 END
START 1.92014973145 -8.214505896 7.38132371826 250.129770992 -60.7709923664 9.32824427481 END
START 3.67749375 -10.6422263794 10.7403886475 250.129770992 -43.4580152672 3.90076335878 END
START -1.81719906006 -11.5376578003 6.85220515137 250.129770992 -44.2900763359 4.21374045802 END