START -6.35660540771 -5.95198532715 8.06127698975 250.129770992 -52.7328244275 1.38167938931 END
START -1.22583125 -9.56483563232 11.1952869629 250.129770992 -37.5114503817 2.69465648855 END
START 2.40617266846 -7.1203557373 7.6135612793 250.129770992 -36.6641221374 3.81679389313 END
START -3.91930811768 -13.2423293823 11.01811604 250.129770992 -46.6870229008 6.30534351145 END
START 6.0573302002 -14.3484505493 7.04374128418 250.129770992 -47.2213740458 4.4427480916 END
START -3.45962139893 -10.299855542 10.4913916748 250.129770992 -65.5267175573 -1.37404580153 END
START -1.66636435547 -5.98310994873 5.50187541504 250.129770992 -55.8625954198 6.51908396947 END
START 4.11084425049 -9.92636008301 4.41969626465 250.129770992 -53.641221374 5.34351145038 END
START 0.818816967773 -7.3071034668 6.25604893799 250.129770992 -63.6717557252 5.80916030534 END
START -3.0885201416 -3.34230551758 9.40921252441 250.129770992 -60.1145038168 2.92366412214 END
START 7.88889447021 -6.94079061279 8.15225665283 250.129770992 -66.6870229008 -3.48854961832 END
START -4.70700046387 -11.03248125 7.58004245605 250.129770992 -73.8778625954 6.82442748092 END
START 5.09007272949 -16.3308495239 7.9080480835 250.129770992 -85.0916030534 9.5572519084 END
START 2.89698400879 -9.87608184814 7.05571229248 250.129770992 -85.0458015267 -3.04580152672 END
START -1.15639940186 -13.7953899658 6.1171852417 250.129770992 -86.7099236641 8.09160305344 END
START -3.90254870605 -8.93037219238 6.05972440186 250.129770992 -83.0534351145 4.78625954198 END
START -0.782903942871 -2.95923325195 4.09887324219 250.129770992 -85.1679389313 9.89312977099 END
START -2.18351191406 -10.7403886475 7.19457598877 250.129770992 -89.8625954198 6.95419847328 END
START 1.2976572998 -13.0507932495 2.34871182861 250.129770992 -89.1984732824 4.3893129771 END
START -1.67115275879 -9.15542714844 8.40604202881 250.129770992 -103.213740458 6.20610687023 END
START 1.51552965088 -5.64313331299 6.76361968994 250.129770992 -104.65648855 9.72519083969 END
START -1.01514150391 -17.2406461548 11.8872112427 250.129770992 -104.045801527 0.625954198473 END
START 5.94001431885 -9.17458076172 8.51617530518 250.129770992 -104.290076336 6.20610687023 END
START -5.65989272461 -8.29590875244 8.62630858154 250.129770992 -102.473282443 6.78625954198 END
START -0.469263525391 -8.46350286865 9.77791958008 250.129770992 -98.9007633588 12.0076335878 END
START 10.7739074707 -7.71411774902 4.63517441406 250.129770992 -106.458015267 6.48091603053 END
START 1.94169754639 -5.8705824707 7.967903125 250.129770992 -96.9923664122 -2.38167938931 END
START 1.81959326172 -4.91769020996 9.7827079834 250.129770992 -93.9236641221 3.00763358779 END
START 4.38857164307 -15.1696617187 6.83065733643 250.129770992 -93.2213740458 2.06870229008 END
START -0.993593688965 -11.8632692261 8.3461869873 250.129770992 -91.2595419847 9.09923664122 END
START -1.51313544922 -8.827421521 11.9566430908 250.129770992 -80.9770992366 6.20610687023 END
START -3.30878669434 -12.5504051025 11.8824228394 250.129770992 -78.0763358779 6.93893129771 END
START -5.55933625488 -9.67736311035 9.61750806885 250.129770992 -77.3740458015 10.572519084 END
START 5.1618987793 -7.44836136475 7.0724717041 250.129770992 -80.0992366412 11.1221374046 END
START -0.644040246582 -14.6740619751 13.745111731 250.129770992 -71.893129771 4.95419847328 END
START 0.112527478027 -11.4969563721 8.78672009277 250.129770992 -76.5572519084 -1.42748091603 END
START 3.71819517822 -12.0093155273 4.17309349365 250.129770992 -74.0610687023 2.54961832061 END
START -2.04225401611 -13.5463929932 9.02374605713 250.129770992 -75.5038167939 8.34351145038 END
START -6.25126053467 -11.8632692261 9.02614025879 250.129770992 -76.0839694656 6.91603053435 END
START 0.677559069824 -7.29992086182 12.018892334 250.129770992 -77.0763358779 3.35877862595 END
START 0.825999572754 -10.0364933594 6.54574733887 250.129770992 -63.4351145038 3.06870229008 END
START 2.83712896729 -10.2830961304 6.34702860107 250.129770992 -69.6870229008 4.6641221374 END
START -5.17626398926 -12.3205617432 8.45871446533 250.129770992 -65.4885496183 5.78625954198 END
START 0.105344873047 -9.70369932861 5.96156213379 250.129770992 -71.8320610687 -1.3358778626 END
START 1.15161099854 -9.66299790039 5.36061751709 250.129770992 -57.0305343511 4.89312977099 END
START 6.56968935547 -11.4155535156 7.55131203613 250.129770992 -65.1832061069 6.03816793893 END
START 0.320823022461 -9.96945571289 5.14274516602 250.129770992 -51.8244274809 8.06870229008 END
START 5.59764348145 -10.4530844482 4.66390483398 250.129770992 -51.4045801527 -2.70992366412 END
START 5.8466404541 -12.3061965332 3.79241542969 250.129770992 -62.2366412214 -1.96183206107 END
START 0.428562097168 -9.83538041992 8.14746824951 250.129770992 -63.0687022901 4.19083969466 END
START -2.7461493042 -8.38210001221 5.33906970215 250.129770992 -63.3053435115 15.0839694656 END
START 2.81079274902 -6.93360800781 4.94163222656 250.129770992 -73.6870229008 3.52671755725 END
START -6.56490095215 -11.0109334351 6.87614716797 250.129770992 -75.465648855 14.679389313 END
START -0.0670376464844 -12.2295820801 8.3102739624 250.129770992 -74.0305343511 3.88549618321 END
START -3.39976635742 -9.82819781494 4.69024105225 250.129770992 -72.3740458015 0.480916030534 END
START -2.55940157471 -9.05008227539 5.77720860596 250.129770992 -77.9694656489 -0.167938931298 END
START 1.60650931396 -3.59609089355 7.24964262695 250.129770992 -75.2900763359 9.06106870229 END
START 0.0359130249023 -6.39491263428 10.1155020142 250.129770992 -85.4427480916 -2.28244274809 END
START -0.943315454102 -12.8760165283 0.287304199219 250.129770992 -77.9465648855 7.09160305344 END
START 0.814028564453 -7.14190355225 2.93050283203 250.129770992 -78.3129770992 13.1526717557 END
START -1.54665427246 -8.88248815918 9.42357773437 250.129770992 -67.4351145038 10.9312977099 END
START 3.14837518311 -9.54089361572 6.3637880127 250.129770992 -77.7480916031 1.98473282443 END
START -0.122104284668 -12.5599819092 8.29351455078 250.129770992 -90.8320610687 4.4427480916 END
START -3.11006795654 -9.19852277832 5.18344659424 250.129770992 -86.5419847328 1.95419847328 END
START -0.0646434448242 -7.21133540039 7.77636699219 250.129770992 -86.5267175573 12.2900763359 END
START 4.83389315186 -14.5471692871 8.78193168945 250.129770992 -94.0229007634 -2.80152671756 END
START -2.37025964355 -8.57363614502 6.14352145996 250.129770992 -96.4198473282 -0.809160305344 END
START -2.33195241699 -9.52174000244 1.82198746338 250.129770992 -104.854961832 -1.21374045802 END
START -3.14358677979 -5.62637390137 7.37174691162 250.129770992 -104.160305344 0.0152671755725 END
START 0.677559069824 -2.24097275391 4.9272670166 250.129770992 -104.061068702 -3.5572519084 END
START 0.0670376464844 -8.2025348877 5.61679709473 250.129770992 -104.175572519 2.27480916031 END
START 6.16267507324 -9.91438907471 3.44525618896 250.129770992 -104.854961832 3.82442748092 END
START 1.44370360107 -2.085349646 5.34146390381 250.129770992 -110.221374046 4.01526717557 END
START 1.88902510986 -7.26879624023 8.50659849854 250.129770992 -108.282442748 4.06870229008 END
START 4.99909306641 -7.64468590088 -0.569819995117 250.129770992 -113.984732824 6.70992366412 END
START -0.565031591797 -13.1896569458 9.92157167969 250.129770992 -115.290076336 10.9236641221 END
START 5.80833322754 -10.8050320923 5.8586114624 250.129770992 -108.229007634 5.87022900763 END
START 8.82023891602 -3.9360675293 7.43399615479 250.129770992 -114.06870229 -0.351145038168 END
START -0.646434448242 -5.97832154541 8.40843623047 250.129770992 -116.916030534 -3.07633587786 END
START 0.191536132812 -6.52180532227 10.6901104126 250.129770992 -103.79389313 4.83969465649 END
START 1.32159931641 -15.8352497803 7.51061060791 250.129770992 -104.496183206 1.2213740458 END
START -1.90339031982 -6.40688364258 5.40371314697 250.129770992 -105.519083969 3.62595419847 END
START 4.40054265137 -8.48265648193 6.66785162354 250.129770992 -104.618320611 -0.664122137405 END
START -2.63122762451 -9.70609353027 7.9918451416 250.129770992 -103.954198473 2.43511450382 END
START 6.84502254639 -8.19535228271 11.7315881348 250.129770992 -104.312977099 3.77099236641 END
START 1.5322890625 -4.49391651611 9.04529387207 250.129770992 -95.2290076336 3.96183206107 END
START 2.82515795898 -8.40604202881 10.8768581421 250.129770992 -83.8167938931 4.6641221374 END
START -3.15076938477 -10.6637741943 7.09880792236 250.129770992 -73.7633587786 10.2595419847 END
START 1.03190091553 -8.67419261475 6.86657036133 250.129770992 -73.4809160305 12.679389313 END
START -1.22104284668 -7.86974085693 7.44357296143 250.129770992 -61.2671755725 -3.22900763359 END
START 2.62643922119 -8.23605371094 7.76918438721 250.129770992 -47.4809160305 3.47328244275 END
START 3.21541282959 -12.1912748535 8.8393925293 250.129770992 -47.8015267176 7.64122137405 END
START -1.1779472168 -10.180145459 7.57525405273 250.129770992 -48.0305343511 2.54198473282 END
START 5.20738861084 -4.75009609375 10.2184526855 250.129770992 -43.5648854962 1.62595419847 END
START -0.359130249023 -13.7187755127 12.4450602295 250.129770992 -44.106870229 -3.46564885496 END
START -4.33111080322 -11.3700636841 10.3022497437 250.129770992 -37.3511450382 -2.79389312977 END
START 4.35744702148 -8.71249984131 8.70771143799 250.129770992 -30.6259541985 6.80152671756 END