START -2.78685073242 -6.14591566162 8.01099875488 250.129770992 -68.9083969466 11.2900763359 END
START -1.45088620605 -11.7986257812 8.04212337646 250.129770992 -60.7022900763 7.68702290076 END
START 3.65115753174 -10.5584293213 4.96557424316 250.129770992 -57.0076335878 5.46564885496 END
START -3.28245047607 -10.9750204102 6.72052406006 250.129770992 -58.4351145038 5.35114503817 END
START -1.8267758667 -8.77474908447 5.80593902588 250.129770992 -60.6564885496 -0.145038167939 END
START 1.47722242432 -12.8472861084 7.49863959961 250.129770992 -59.3511450382 9.54198473282 END
START -3.49792862549 -6.15070406494 5.99747515869 250.129770992 -69.5496183206 7.75572519084 END
START -4.46279189453 -10.314220752 4.80037432861 250.129770992 -63.5419847328 -2.90839694656 END
START -3.01429989014 -8.21929429932 9.40442412109 250.129770992 -73.1755725191 4.06106870229 END
START -1.33596452637 -11.293449231 4.84586416016 250.129770992 -68.572519084 -0.75572519084 END
START 0.361524450684 -13.2806366089 8.28154354248 250.129770992 -73.4580152672 4.32824427481 END
START -4.26407315674 -7.28794985352 9.34456907959 250.129770992 -77.7175572519 -0.328244274809 END
START -2.95683905029 -11.1881043579 6.69179364014 250.129770992 -87.4732824427 7.41984732824 END
START 0.840364782715 -10.7236292358 -1.31920511475 250.129770992 -89.7022900763 21.7328244275 END
START -4.17548769531 -8.5329347168 5.73890137939 250.129770992 -84.427480916 10.8778625954 END
START 4.08450803223 -6.84741674805 5.8107274292 250.129770992 -74.7786259542 -0.328244274809 END
START -3.87381828613 -9.1817633667 9.87608184814 250.129770992 -76.534351145 8.26717557252 END
START 5.22893642578 -10.4770264648 6.83305153809 250.129770992 -83.0305343511 11.9618320611 END
START 3.30639249268 -10.5488525146 5.86339986572 250.129770992 -90.4198473282 13.4732824427 END
START 0.45729251709 -11.7172229248 7.42441934814 250.129770992 -88.5114503817 0.190839694656 END
START 4.54419475098 -12.3205617432 5.16668718262 250.129770992 -80.9236641221 1.12977099237 END
START -0.213083947754 -8.55927093506 8.88488236084 250.129770992 -105.259541985 10.4045801527 END
START 6.59123717041 -7.39808312988 4.77164390869 250.129770992 -103.885496183 18.8473282443 END
START 3.09809694824 -10.2567599121 4.043806604 250.129770992 -95.9847328244 6.29770992366 END
START -2.62165081787 -5.44920297852 5.54736524658 250.129770992 -88.5038167939 13.1526717557 END
START -0.205901342773 -6.26323154297 3.1364041748 250.129770992 -89.1832061069 2.50381679389 END
START -0.76614453125 -14.1545202148 6.66066901855 250.129770992 -88.9618320611 3.87022900763 END
START -0.519541760254 -10.7619364624 12.0955067871 250.129770992 -104.977099237 3.45801526718 END
START -0.517147558594 -9.27753143311 10.2040874756 250.129770992 -104.030534351 10.4122137405 END
START 1.7908628418 -7.85298144531 6.53856473389 250.129770992 -104.305343511 1.52671755725 END
START -4.18985290527 -10.2615483154 9.20331118164 250.129770992 -104.381679389 4.86259541985 END
START 3.92649072266 -3.55778366699 5.23133062744 250.129770992 -95.9312977099 6.93129770992 END
START -2.93529123535 -10.4698438599 13.9079174438 250.129770992 -79.9389312977 -2.80152671756 END
START 0.835576379395 -2.73657249756 11.7244055298 250.129770992 -86.3053435115 7.90076335878 END
START -6.93600220947 -8.05409438477 9.70130512695 250.129770992 -83.3893129771 7.82442748092 END
START -3.02387669678 -15.6772324707 13.0795236694 250.129770992 -78.679389313 3.43511450382 END
START -1.46764561768 -9.23204160156 10.771513269 250.129770992 -77.2290076336 11.3053435115 END
START -6.82826313477 -11.3389390625 12.1649386353 250.129770992 -79.8702290076 8.41221374046 END
START 2.8299463623 -12.9789671997 12.0739589722 250.129770992 -87.8244274809 13.5648854962 END
START -0.780509741211 -11.1258551147 5.97353314209 250.129770992 -83.0381679389 -3.70229007634 END
START -0.181959326172 -16.6492783447 11.5735708252 250.129770992 -74.6335877863 3.39694656489 END
START 2.62404501953 -11.5448404053 6.35660540771 250.129770992 -81.3816793893 6.21374045802 END
START 3.08133753662 -11.5735708252 13.7355349243 250.129770992 -85.465648855 3.45801526718 END
START -3.00232888184 -13.6469494629 5.77242020264 250.129770992 -95.0534351145 4.2213740458 END
START -1.58735570068 -14.4322476074 5.52581743164 250.129770992 -90.6946564885 -1.78625954198 END
START 1.27132108154 -6.25365473633 0.969651672363 250.129770992 -84.1603053435 6.9465648855 END
START -2.9927520752 -9.26795462646 11.772289563 250.129770992 -96.3740458015 5.42748091603 END
START -1.71903679199 -9.32541546631 6.06690700684 250.129770992 -75.1679389313 -3.57251908397 END
START 3.56736047363 -11.4562549438 7.18260498047 250.129770992 -73.0534351145 5.06106870229 END
START 1.74776721191 -10.187328064 4.06535441895 250.129770992 -73.7175572519 -5.34351145038 END
START -2.16675250244 -6.66306322021 6.85220515137 250.129770992 -76.8702290076 11.2061068702 END
START 3.95522114258 -7.29752666016 5.05176550293 250.129770992 -91.1221374046 6.45038167939 END
START 2.03507141113 -10.2830961304 9.41400092773 250.129770992 -89.8778625954 0.18320610687 END
START -1.07260234375 -11.7339823364 2.75572611084 250.129770992 -76.4809160305 3.45038167939 END
START 1.17315881348 -10.3214033569 5.5760956665 250.129770992 -67.2366412214 3.67175572519 END
START 7.52018741455 -9.23443580322 5.57130726318 250.129770992 -79.6030534351 9.32061068702 END
START 0.981622680664 -9.1578213501 6.99346304932 250.129770992 -85.9160305344 13.0763358779 END
START 5.09007272949 -5.14274516602 7.2951324585 250.129770992 -72.7251908397 9.93129770992 END
START 5.01345827637 -15.816096167 4.66151063232 250.129770992 -72.7709923664 4.68702290076 END
START -0.902614025879 -7.70693514404 5.8466404541 250.129770992 -80.7022900763 14.9923664122 END
START -1.1779472168 -10.7667248657 5.2576668457 250.129770992 -76.4809160305 8.27480916031 END
START 7.51061060791 -16.3691567505 7.13711514893 250.129770992 -81.8320610687 4.61832061069 END
START 3.82593425293 -14.5160446655 5.12359155273 250.129770992 -78.9007633588 8.62595419847 END
START 5.24809003906 -8.30787976074 6.53856473389 250.129770992 -90.7786259542 4.51145038168 END
START 2.04464821777 -12.7922194702 5.2816088623 250.129770992 -84.0152671756 4.26717557252 END
START 5.81312163086 -4.12042105713 1.79804544678 250.129770992 -98.4503816794 2.35877862595 END
START 1.34793553467 -11.6669446899 7.46272657471 250.129770992 -95.6030534351 -0.870229007634 END
START 1.38624276123 -12.1098719971 6.32548078613 250.129770992 -87.1679389313 7.59541984733 END
START 4.25210214844 -10.2711251221 5.56173045654 250.129770992 -85.679389313 2.4427480916 END
START -1.90339031982 -12.0787473755 0.272938989258 250.129770992 -90.6259541985 3.80152671756 END
START 0.112527478027 -12.2415530884 8.91840118408 250.129770992 -98.2900763359 3.93129770992 END
START 5.23611903076 -12.8017962769 6.23928952637 250.129770992 -101.816793893 -0.969465648855 END
START 0.751779321289 -7.16584556885 8.04691177979 250.129770992 -102.610687023 0.24427480916 END
START 5.52102902832 -5.09964953613 4.63756861572 250.129770992 -104.847328244 0.687022900763 END
START 1.03668931885 -9.83777462158 4.96557424316 250.129770992 -104.160305344 4.34351145038 END
START 0.818816967773 -9.28950244141 8.32463917236 250.129770992 -105.557251908 4.52671755725 END
START -2.60489140625 -7.44357296143 2.93529123535 250.129770992 -103.335877863 -0.984732824427 END
START 2.04943662109 -5.29597407227 5.98071574707 250.129770992 -104.129770992 10.8320610687 END
START 0.272938989258 -7.46512077637 6.32548078613 250.129770992 -103.992366412 3.20610687023 END
START 0.940921252441 -15.5455513794 8.55208833008 250.129770992 -105.13740458 11.4045801527 END
START 3.06697232666 -11.286266626 7.83622203369 250.129770992 -100.122137405 2.02290076336 END
START 1.93212073975 -10.3860468018 6.17943448486 250.129770992 -105.748091603 7.74045801527 END
START -4.75249029541 -10.1394440308 12.7898252686 250.129770992 -104.893129771 -0.862595419847 END
START -2.15238729248 -13.4075292969 5.59524927979 250.129770992 -113.038167939 2.92366412214 END
START -3.00232888184 -6.72770666504 5.86100566406 250.129770992 -111.091603053 -0.618320610687 END
START 2.95683905029 -6.60799658203 10.6422263794 250.129770992 -104.366412214 9.90839694656 END
START 5.08289012451 -7.00303985596 11.4682259521 250.129770992 -104.954198473 4.0 END
START -0.663193859863 -11.9159416626 10.5704003296 250.129770992 -104.748091603 3.18320610687 END
START 2.36786544189 -13.371616272 10.1562034424 250.129770992 -91.5801526718 7.64885496183 END
START -2.44926829834 -8.11634362793 5.12119735107 250.129770992 -87.2977099237 4.9465648855 END
START -2.29364519043 -8.31745656738 4.88656558838 250.129770992 -67.3358778626 8.02290076336 END
START 8.76756647949 -7.89128867187 6.63433280029 250.129770992 -69.0 4.65648854962 END
START 3.33033450928 -9.59356605225 15.4210528931 250.129770992 -61.4427480916 -1.82442748092 END