START -2.86346518555 -11.5376578003 15.4737253296 250.129770992 -39.3816793893 8.0534351145 END
START 2.50912333984 -5.40131894531 8.55208833008 250.129770992 -54.5114503817 14.1145038168 END
START 3.54581265869 -8.17380446777 8.29351455078 250.129770992 -50.641221374 3.42748091603 END
START 1.46285721436 -9.49061538086 11.8465098145 250.129770992 -52.3893129771 11.4122137405 END
START -0.804451757813 -7.18499918213 6.35899960937 250.129770992 -55.465648855 9.0 END
START -3.29681568604 -8.64306799316 3.01190568848 250.129770992 -60.0 -0.442748091603 END
START -2.29125098877 -6.91206019287 7.39808312988 250.129770992 -61.427480916 -2.23664122137 END
START -0.330399829102 -6.75643708496 8.93755479736 250.129770992 -58.6488549618 1.73282442748 END
START 3.15555778809 -11.0061450317 7.55849464111 250.129770992 -48.1679389313 4.56488549618 END
START 7.11317313232 -9.44751975098 8.09240161133 250.129770992 -59.4732824427 7.13740458015 END
START -1.63284553223 -8.827421521 5.12119735107 250.129770992 -54.7404580153 3.88549618321 END
START -2.60489140625 -2.48039291992 9.50976899414 250.129770992 -54.2366412214 6.32061068702 END
START 2.63362182617 -7.52258161621 10.1107136108 250.129770992 -69.4351145038 1.60305343511 END
START 2.65516964111 -1.33357032471 10.546458313 250.129770992 -62.9465648855 3.51145038168 END
START 2.10450325928 -10.658985791 6.57926616211 250.129770992 -74.2366412214 10.0534351145 END
START 6.04775339355 -8.52814631348 2.92810863037 250.129770992 -78.1908396947 2.49618320611 END
START -1.16118780518 -8.85615194092 8.12113203125 250.129770992 -80.7175572519 8.71755725191 END
START -7.69017573242 -8.24802471924 8.61433757324 250.129770992 -91.6946564885 -0.717557251908 END
START 1.35032973633 -7.00543405762 7.63032069092 250.129770992 -83.893129771 7.51908396947 END
START 9.83538041992 -10.7882726807 6.54574733887 250.129770992 -85.1374045802 4.71755725191 END
START -0.476446130371 -9.5241342041 8.2384479126 250.129770992 -91.8015267176 2.67938931298 END
START 6.8019269165 -17.0874172485 9.39963571777 250.129770992 -90.8778625954 13.4351145038 END
START 0.14844050293 -11.0755768799 6.82347473145 250.129770992 -89.7022900763 10.0763358779 END
START 0.270544787598 -5.44680877686 7.87692346191 250.129770992 -82.9007633588 -3.27480916031 END
START -0.387860668945 -8.29351455078 8.76756647949 250.129770992 -99.2595419847 7.35114503817 END
START -4.40293685303 -12.0691705688 4.8793829834 250.129770992 -86.2671755725 8.36641221374 END
START -2.7820623291 -9.32541546631 2.82755216064 250.129770992 -92.0992366412 12.893129771 END
START -0.61052142334 -12.6294137573 2.29125098877 250.129770992 -87.5114503817 6.37404580153 END
START 6.60560238037 -9.43554874268 12.8305266968 250.129770992 -81.7480916031 6.9465648855 END
START 2.66953485107 -10.2208468872 6.43800826416 250.129770992 -72.8015267176 8.5572519084 END
START 0.112527478027 -14.4849200439 8.43956085205 250.129770992 -64.1984732824 -2.02290076336 END
START 7.71411774902 -10.7188408325 3.19386501465 250.129770992 -65.2671755725 -4.60305343511 END
START 2.60489140625 -15.1002298706 15.6101948242 250.129770992 -64.3969465649 -3.45801526718 END
START 6.33266339111 -2.11168586426 7.09880792236 250.129770992 -68.7404580153 -3.30534351145 END
START -1.04147772217 -10.7499654541 6.58884296875 250.129770992 -76.1984732824 1.01526717557 END
START -3.49553442383 -7.63989749756 8.40125362549 250.129770992 -62.5648854962 -3.09160305344 END
START 3.06697232666 -10.2304236938 6.79713851318 250.129770992 -66.0687022901 2.73282442748 END
START 1.51552965088 -11.4418897339 10.2830961304 250.129770992 -69.2824427481 7.24427480916 END
START 1.91536132812 -10.6494089844 5.03500609131 250.129770992 -74.8015267176 2.71755725191 END
START -2.17632930908 -9.41160672607 4.73333668213 250.129770992 -71.1832061069 -1.16030534351 END
START 1.37187755127 -11.0660000732 6.60799658203 250.129770992 -60.465648855 1.88549618321 END
START 3.74453139648 -10.038887561 11.4083709106 250.129770992 -65.641221374 1.42748091603 END
START 2.55940157471 -11.3796404907 10.1202904175 250.129770992 -53.8854961832 14.1374045802 END
START -1.78368023682 -10.5680061279 4.61841500244 250.129770992 -57.7404580153 -1.58015267176 END
START -3.3231519043 -10.7427828491 6.45237347412 250.129770992 -68.8778625954 -3.58778625954 END
START -7.60877287598 -9.05008227539 8.39167681885 250.129770992 -59.2442748092 1.5572519084 END
START -7.48427438965 -10.4770264648 10.7571480591 250.129770992 -71.213740458 4.81679389313 END
START -0.0167594116211 -8.57603034668 6.66545742187 250.129770992 -70.3969465649 14.786259542 END
START -3.23217224121 -14.9350299561 6.89290657959 250.129770992 -70.5648854962 1.87786259542 END
START 7.58722506104 -13.984531897 6.94318481445 250.129770992 -72.0229007634 5.21374045802 END
START 2.085349646 -8.77235488281 4.75249029541 250.129770992 -80.1984732824 11.6641221374 END
START -0.821211169434 -7.6135612793 7.36935270996 250.129770992 -79.9541984733 -0.229007633588 END
START 2.42532628174 -9.58398924561 6.10282003174 250.129770992 -77.7099236641 8.45038167939 END
START 0.730231506348 -2.58813199463 6.22492431641 250.129770992 -74.8015267176 10.2442748092 END
START 8.97107362061 -8.89685336914 3.31596929932 250.129770992 -77.1297709924 11.9847328244 END
START -0.526724365234 -12.0236807373 9.35654008789 250.129770992 -80.0916030534 8.52671755725 END
START -5.54975944824 -19.6133 7.49863959961 250.129770992 -72.5114503817 6.12977099237 END
START -2.70784207764 -8.16183345947 10.1370498291 250.129770992 -84.1297709924 2.89312977099 END
START -2.2170307373 -1.77170922852 7.07007750244 250.129770992 -80.8015267176 13.0610687023 END
START -0.0790086547852 -10.8768581421 4.86022937012 250.129770992 -80.1374045802 -1.12977099237 END
START -3.77086761475 -14.9589719727 5.96635053711 250.129770992 -92.9007633588 13.3511450382 END
START 8.34379278564 -5.35822331543 5.00148726807 250.129770992 -86.7786259542 -1.91603053435 END
START 5.05894810791 -9.15303294678 7.46751497803 250.129770992 -100.381679389 -0.893129770992 END
START 5.60243188477 -11.4107651123 5.17147558594 250.129770992 -95.4503816794 3.37404580153 END
START -3.39258375244 -10.4674496582 6.94797321777 250.129770992 -93.9236641221 -4.32061068702 END
START -2.48278712158 -3.3351229126 3.96958635254 250.129770992 -99.8320610687 2.80916030534 END
START 5.10922634277 -15.210363147 8.65025059814 250.129770992 -103.290076336 4.64885496183 END
START 4.46518609619 -13.9079174438 3.22977803955 250.129770992 -104.038167939 -2.73282442748 END
START 9.36611689453 -9.34935748291 8.2623899292 250.129770992 -106.198473282 5.61832061069 END
START 5.10683214111 -11.2671130127 5.7867854126 250.129770992 -104.961832061 -3.25190839695 END
START -2.60249720459 -8.98065042725 4.66629903564 250.129770992 -103.916030534 1.47328244275 END
START 5.74368978271 -10.1992990723 7.68299312744 250.129770992 -110.923664122 -0.458015267176 END
START 1.8028338501 -8.59997236328 6.61996759033 250.129770992 -110.435114504 6.14503816794 END
START 7.18260498047 -12.7203934204 5.75566079102 250.129770992 -130.488549618 -0.236641221374 END
START 0.328005627441 -7.70214674072 2.7820623291 250.129770992 -105.885496183 -1.3358778626 END
START -0.790086547852 -8.14267984619 4.37660063477 250.129770992 -117.396946565 5.34351145038 END
START 0.347159240723 -2.82276375732 12.9215063599 250.129770992 -109.954198473 5.76335877863 END
START 3.55299526367 -9.34935748291 12.378022583 250.129770992 -105.534351145 12.0 END
START 5.40850155029 -9.66060369873 10.9008001587 250.129770992 -114.625954198 -0.519083969466 END
START 13.1681091309 -5.29836827393 10.5823713379 250.129770992 -106.564885496 1.38167938931 END
START 3.52665904541 -5.06852491455 13.0412164429 250.129770992 -104.27480916 7.77099236641 END
START -1.05823713379 -6.86657036133 15.4306296997 250.129770992 -103.885496183 2.09160305344 END
START -6.61996759033 -2.60489140625 6.39730683594 250.129770992 -101.564885496 8.2213740458 END
START 1.11090957031 -7.35977590332 10.9008001587 250.129770992 -101.34351145 -0.0381679389313 END
START -1.05584293213 -8.09240161133 8.98783303223 250.129770992 -95.893129771 2.91603053435 END
START -2.33434661865 -9.44273134766 3.34469971924 250.129770992 -106.076335878 -5.61832061069 END
START -0.634463439941 -6.18422288818 5.89691868896 250.129770992 -100.572519084 2.04580152672 END
START -0.442927307129 -6.495469104 12.8377093018 250.129770992 -102.229007634 10.6106870229 END
START 3.92649072266 -5.67665213623 8.58081875 250.129770992 -104.13740458 -0.679389312977 END
START -0.354341845703 -15.3181022217 9.21288798828 250.129770992 -95.8854961832 4.97709923664 END
START 9.63905588379 -8.79869110107 15.1936037354 250.129770992 -86.7251908397 2.78625954198 END
START 8.79150849609 -8.62391437988 5.7748144043 250.129770992 -90.2595419847 15.0076335878 END
START 5.7748144043 -13.3859814819 11.5592056152 250.129770992 -91.320610687 3.17557251908 END
START 0.76135612793 -2.54743056641 9.10275471191 250.129770992 -75.2519083969 16.2977099237 END
START 1.65199914551 -7.32625708008 8.17380446777 250.129770992 -74.8320610687 -2.38167938931 END
START -1.52510645752 -10.9630494019 13.3093670288 250.129770992 -74.1526717557 3.71755725191 END
START 6.75883128662 -7.9439611084 9.71088193359 250.129770992 -69.3664122137 5.35877862595 END
START 5.4444145752 -9.93593688965 5.2217538208 250.129770992 -63.0152671756 1.07633587786 END
START 5.98310994873 -11.6070896484 9.94311949463 250.129770992 -63.1450381679 -2.09923664122 END
START 6.00705196533 -9.17936916504 5.87537087402 250.129770992 -64.0916030534 -0.511450381679 END
START 8.24802471924 -8.78672009277 10.1538092407 250.129770992 -55.3969465649 4.24427480916 END
START 6.56250675049 -10.2687309204 9.84016882324 250.129770992 -60.8396946565 2.80152671756 END