START -5.88494768066 -11.3700636841 9.61032546387 250.129770992 -48.0763358779 5.14503816794 END
START -2.77487972412 -7.20415279541 6.48110389404 250.129770992 -41.7328244275 11.0381679389 END
START 3.38061274414 -9.49540378418 5.03261188965 250.129770992 -44.9847328244 -3.19083969466 END
START -1.45806881104 -10.5273046997 4.89853659668 250.129770992 -56.3129770992 0.450381679389 END
START 1.33835872803 -11.8249619995 2.88022459717 250.129770992 -46.2824427481 9.1679389313 END
START 4.82192214355 -5.42765516357 9.34696328125 250.129770992 -52.0229007634 10.1450381679 END
START -0.864306799316 -9.99100352783 6.0693012085 250.129770992 -57.1908396947 1.80152671756 END
START -0.950498059082 -5.99986936035 8.69095202637 250.129770992 -59.9312977099 1.36641221374 END
START -1.60650931396 -5.08289012451 15.5647049927 250.129770992 -77.8396946565 5.18320610687 END
START -1.67115275879 -11.2335941895 3.23696064453 250.129770992 -85.6870229008 9.54198473282 END
START 2.26012636719 -3.47877501221 6.06690700684 250.129770992 -85.8015267176 -1.20610687023 END
START -1.09654436035 -10.927136377 4.31195718994 250.129770992 -83.8778625954 10.0916030534 END
START -2.75333190918 -5.48990440674 5.47075079346 250.129770992 -93.1374045802 10.7709923664 END
START -1.56341368408 -8.23365950928 7.6494743042 250.129770992 -89.2442748092 7.84732824427 END
START -1.01274730225 -10.1538092407 9.15063874512 250.129770992 -94.1526717557 6.24427480916 END
START -2.71263048096 -7.3071034668 4.55137735596 250.129770992 -94.4885496183 -3.81679389313 END
START 7.0844427124 -7.56567724609 8.08761320801 250.129770992 -96.0763358779 13.641221374 END
START -0.344765039063 -8.70292303467 7.32625708008 250.129770992 -93.0305343511 5.81679389313 END
START 4.75009609375 -9.85692823486 11.4083709106 250.129770992 -104.801526718 10.213740458 END
START 0.928950244141 -9.15063874512 5.06852491455 250.129770992 -84.7022900763 3.32824427481 END
START -7.27358464355 -11.271901416 3.76129080811 250.129770992 -86.1832061069 15.4580152672 END
START 0.543483776855 -10.3261917603 9.16260975342 250.129770992 -75.5954198473 2.40458015267 END
START -0.746990917969 -10.7739074707 5.69101734619 250.129770992 -61.1450381679 9.57251908397 END
START -5.27442625732 -8.21929429932 19.0817872314 250.129770992 -73.7480916031 8.22900763359 END
START -1.16358200684 -10.3644989868 9.20331118164 250.129770992 -61.9770992366 -5.03816793893 END
START 4.26167895508 -3.95043273926 6.82586893311 250.129770992 -62.9541984733 6.04580152672 END
START 0.77093293457 -7.95832631836 9.70369932861 250.129770992 -66.8778625954 12.7175572519 END
START 1.78368023682 -10.8241857056 11.7220113281 250.129770992 -78.1450381679 4.03816793893 END
START -0.469263525391 -9.440337146 6.88811817627 250.129770992 -77.534351145 1.37404580153 END
START -4.61123239746 -12.3540805664 15.6915976807 250.129770992 -74.1145038168 7.47328244275 END
START -2.11168586426 -10.7643306641 7.03177027588 250.129770992 -68.358778626 1.99236641221 END
START 2.09971485596 -15.076287854 6.96712683105 250.129770992 -73.8778625954 12.641221374 END
START 5.65749852295 -7.63510909424 8.97825622559 250.129770992 -63.8091603053 0.847328244275 END
START -3.02387669678 -2.26252056885 7.79552060547 250.129770992 -73.6030534351 8.22900763359 END
START 2.55221896973 -12.744335437 7.20654699707 250.129770992 -81.1832061069 2.10687022901 END
START 5.72932457275 -1.64002813721 6.90966599121 250.129770992 -84.5114503817 5.67938931298 END
START 2.2170307373 -12.4211182129 2.78924493408 250.129770992 -77.4961832061 10.6717557252 END
START 5.56651885986 -10.6901104126 8.68616362305 250.129770992 -86.0534351145 0.511450381679 END
START 4.00549937744 -14.0108681152 7.66862791748 250.129770992 -89.6335877863 3.5572519084 END
START 1.97282216797 -10.9031943604 5.15471617432 250.129770992 -79.2977099237 13.3664122137 END
START 0.804451757813 -6.46434448242 8.334215979 250.129770992 -68.1832061069 4.35877862595 END
START 6.71334145508 -5.05415970459 5.09246693115 250.129770992 -60.893129771 -2.80916030534 END
START -3.13879837646 -8.54251152344 1.58735570068 250.129770992 -50.534351145 7.04580152672 END
START 6.02141717529 -11.779472168 1.83156427002 250.129770992 -60.641221374 -1.09160305344 END
START 5.37737692871 -13.1848685425 5.10443793945 250.129770992 -73.8396946565 -0.961832061069 END
START 11.2671130127 -12.4594254395 9.41639512939 250.129770992 -58.7709923664 1.25954198473 END
START 1.53947166748 -6.28238515625 2.61686241455 250.129770992 -78.4885496183 17.5419847328 END
START 2.61207401123 -13.4721727417 7.75242497559 250.129770992 -85.9389312977 3.89312977099 END
START 0.45729251709 -6.63672700195 6.49307490234 250.129770992 -105.320610687 5.34351145038 END
START 7.50103380127 -4.37181223145 12.2822545166 250.129770992 -103.786259542 -0.687022900763 END
START 0.076614453125 -4.32871660156 12.0883241821 250.129770992 -104.480916031 -0.793893129771 END
START 2.60249720459 -9.05247647705 13.4171061035 250.129770992 -104.381679389 -3.60305343511 END
START -2.02788880615 -8.37252320557 10.4291424316 250.129770992 -102.129770992 6.00763358779 END
START 4.07014282227 -2.7102362793 7.7093293457 250.129770992 -110.221374046 11.1526717557 END
START -7.47948598633 -4.01268198242 12.0380459473 250.129770992 -106.160305344 -2.48091603053 END
START 2.09013804932 -4.88417138672 10.3860468018 250.129770992 -114.717557252 -4.43511450382 END
START -2.95923325195 -13.7738421509 10.6637741943 250.129770992 -119.526717557 7.95419847328 END
START -0.981622680664 -8.43716665039 13.6972276978 250.129770992 -124.251908397 6.45038167939 END
START 0.828393774414 -7.81467421875 16.3380321289 250.129770992 -110.229007634 -3.90076335878 END
START -0.339976635742 -7.70454094238 9.23443580322 250.129770992 -107.091603053 -2.80916030534 END
START 6.00465776367 -9.03571706543 12.8233440918 250.129770992 -98.2595419847 -3.04580152672 END
START 3.27766207275 -10.3692873901 9.33978067627 250.129770992 -73.2213740458 4.35877862595 END
START 0.0837970581055 -2.29843359375 13.7642653442 250.129770992 -69.2366412214 1.72519083969 END
START 2.27449157715 -5.12837995605 11.7339823364 250.129770992 -59.9007633588 10.465648855 END
START 2.36547124023 -9.32780966797 10.1992990723 250.129770992 -51.0229007634 10.893129771 END
START 7.65665690918 -9.94551369629 9.53131680908 250.129770992 -36.1603053435 8.5572519084 END