START -2.62165081787 -8.78193168945 7.50342800293 250.129770992 -57.7786259542 -1.72519083969 END
START 2.06140762939 -8.57363614502 5.91367810059 250.129770992 -59.2442748092 -2.30534351145 END
START 6.43321986084 -4.50349332275 8.3222449707 250.129770992 -40.6870229008 0.923664122137 END
START 7.90086547852 -9.78031378174 6.51462271729 250.129770992 -45.3511450382 1.52671755725 END
START -2.50433493652 -10.5177278931 7.10599052734 250.129770992 -66.358778626 8.43511450382 END
START 4.25210214844 -4.75727869873 6.4236430542 250.129770992 -74.1221374046 9.2213740458 END
START 2.31998140869 -10.5440641113 8.71728824463 250.129770992 -75.1297709924 4.02290076336 END
START 8.45871446533 -6.0693012085 4.38617744141 250.129770992 -73.641221374 -3.25954198473 END
START 2.85867678223 -11.0899420898 6.35181700439 250.129770992 -68.106870229 2.59541984733 END
START 4.73094248047 -4.3622354248 5.20020600586 250.129770992 -72.1297709924 8.87786259542 END
START 0.316034619141 -6.74925447998 9.5720182373 250.129770992 -78.5038167939 12.0839694656 END
START 1.88423670654 -11.9829793091 3.4189199707 250.129770992 -78.2977099237 -0.549618320611 END
START -1.35751234131 -6.78277330322 9.77791958008 250.129770992 -79.8091603053 -0.229007633588 END
START -1.89381351318 -10.0053687378 6.28477935791 250.129770992 -78.5419847328 -1.58778625954 END
START -3.63200391846 -5.63116230469 8.32942757568 250.129770992 -83.5190839695 -3.86259541985 END
START 1.74058460693 -6.36618221436 6.51941112061 250.129770992 -80.2824427481 2.53435114504 END
START 4.67587584229 -7.60637867432 13.1944453491 250.129770992 -86.3282442748 0.885496183206 END
START 4.5489831543 -9.62708487549 5.12359155273 250.129770992 -87.6335877863 3.9465648855 END
START -1.87944830322 -4.44363828125 7.19936439209 250.129770992 -75.4351145038 1.84732824427 END
START 1.29047469482 -8.58800135498 6.55292994385 250.129770992 -88.7557251908 14.2824427481 END
START -1.81959326172 -5.84185205078 8.14986245117 250.129770992 -93.3969465649 3.67175572519 END
START -7.721300354 -10.0819831909 8.15225665283 250.129770992 -90.8167938931 0.229007633588 END
START -2.63362182617 -12.4450602295 8.59039555664 250.129770992 -87.8244274809 -1.42748091603 END
START 1.13245738525 -12.2966197266 7.92959589844 250.129770992 -84.8778625954 5.18320610687 END
START 1.40060797119 -4.28322677002 8.69574042969 250.129770992 -81.1297709924 6.6106870229 END
START -3.53623585205 -11.8105967896 6.84262834473 250.129770992 -91.6564885496 -2.92366412214 END
START 0.840364782715 -5.27921466064 3.79720383301 250.129770992 -82.7938931298 -0.274809160305 END
START 5.38934793701 -10.4075946167 5.14513936768 250.129770992 -80.9923664122 4.50381679389 END
START 0.555454785156 -9.1817633667 10.8648871338 250.129770992 -86.3511450382 8.06870229008 END
START 1.62805712891 -10.666168396 5.03740029297 250.129770992 -88.0152671756 -3.39694656489 END
START -2.41814367676 -5.85382305908 14.1257897949 250.129770992 -88.4045801527 3.24427480916 END
START 0.895431420898 -11.6262432617 14.7387054199 250.129770992 -65.2748091603 4.65648854962 END
START -2.76530291748 -7.18978758545 7.12514414062 250.129770992 -70.2748091603 9.17557251908 END
START -0.591367810059 -11.0276928467 12.4570312378 250.129770992 -71.0229007634 2.48854961832 END
START 4.30716878662 -10.5775829346 7.39329472656 250.129770992 -61.3053435115 4.32824427481 END
START 3.96479794922 -10.7020814209 7.75481917725 250.129770992 -60.6106870229 -0.0458015267176 END
START 6.52898792725 -11.1737391479 7.54652363281 250.129770992 -47.5190839695 6.64122137405 END
START 2.64319863281 -12.4043588013 8.28872614746 250.129770992 -37.7709923664 5.70992366412 END
START 6.30872137451 -7.20415279541 6.51462271729 250.129770992 -39.5419847328 3.3893129771 END
START 0.92655604248 -11.5232925903 14.3125375244 250.129770992 -46.7099236641 7.18320610687 END
START -4.51785853271 -18.5502744629 6.13155045166 250.129770992 -29.9007633588 5.06106870229 END
START -1.73819040527 -19.3283900024 9.13627353516 250.129770992 -46.5114503817 4.15267175573 END
START -0.706289489746 -8.55927093506 11.4873795654 250.129770992 -44.8396946565 2.70992366412 END
START -2.04943662109 -14.5160446655 6.91445439453 250.129770992 -46.213740458 3.12977099237 END
START 4.28801517334 -12.7299702271 10.5344873047 250.129770992 -45.2824427481 3.22900763359 END
START 5.03500609131 -12.370839978 5.20738861084 250.129770992 -55.106870229 8.74045801527 END
START -0.29927520752 -10.3597105835 4.30716878662 250.129770992 -63.3740458015 2.36641221374 END
START -0.222660754395 -5.10922634277 6.32787498779 250.129770992 -54.5496183206 13.2900763359 END
START 0.488417138672 -8.96149681396 6.62236179199 250.129770992 -66.0076335878 -3.03816793893 END
START 0.134075292969 -11.8393272095 7.37414111328 250.129770992 -69.1908396947 4.13740458015 END
START 1.98479317627 -6.41406624756 4.69263525391 250.129770992 -74.8854961832 5.21374045802 END
START -2.09971485596 -9.44991395264 4.26886156006 250.129770992 -76.1832061069 10.0152671756 END
START 3.90733710937 -11.2742956177 8.71728824463 250.129770992 -82.5648854962 8.91603053435 END
START -0.584185205078 -6.41885465088 6.11479104004 250.129770992 -78.1832061069 -1.22900763359 END
START 2.41335527344 -14.0419927368 7.22091220703 250.129770992 -75.2748091603 5.28244274809 END
START -5.14513936768 -9.97663831787 6.97430943604 250.129770992 -85.2977099237 -0.190839694656 END
START 1.41257897949 -9.2057053833 5.47793339844 250.129770992 -93.8091603053 3.72519083969 END
START 3.61524450684 -12.7563064453 6.15549246826 250.129770992 -105.099236641 7.98473282443 END
START 7.16105716553 -10.0412817627 -0.0790086547852 250.129770992 -95.7938931298 -2.16030534351 END
START 4.31674559326 -10.9917798218 9.11951412354 250.129770992 -98.4198473282 8.3358778626 END
START 2.46842191162 -10.5177278931 2.51630594482 250.129770992 -100.870229008 7.93129770992 END
START 6.79235010986 -14.0779057617 5.90888969727 250.129770992 -103.816793893 8.62595419847 END
START 2.48518132324 -2.47081611328 12.1769096436 250.129770992 -101.687022901 3.39694656489 END
START 8.10437261963 -11.5065331787 9.54328781738 250.129770992 -104.496183206 0.648854961832 END
START 4.13718046875 -8.55448253174 6.15788666992 250.129770992 -104.458015267 -3.60305343511 END
START 4.65911643066 -4.42448466797 9.08360109863 250.129770992 -103.908396947 -1.32061068702 END
START -1.04866032715 -10.5201220947 6.42603725586 250.129770992 -105.183206107 3.01526717557 END
START -0.76135612793 -6.84262834473 4.65193382568 250.129770992 -104.717557252 1.69465648855 END
START 8.48983908691 -2.32955821533 6.18182868652 250.129770992 -103.603053435 5.91603053435 END
START 3.42370837402 -10.0484643677 5.81791003418 250.129770992 -109.549618321 5.01526717557 END
START 4.65432802734 -9.69651672363 6.87614716797 250.129770992 -110.381679389 11.5114503817 END
START 8.82981572266 -10.2447889038 5.91367810059 250.129770992 -103.015267176 -3.18320610687 END
START 7.01022246094 -13.3045786255 8.13310303955 250.129770992 -110.06870229 4.9465648855 END
START 1.15639940186 -8.33661018066 8.827421521 250.129770992 -110.458015267 2.1679389313 END
START 2.5234885498 -4.97754525146 11.3221796509 250.129770992 -102.282442748 2.64122137405 END
START -0.986411083984 -6.57687196045 8.97586202393 250.129770992 -103.977099237 8.42748091603 END
START 4.9631800415 -8.56405933838 14.5423808838 250.129770992 -104.091603053 4.9465648855 END
START 2.44687409668 -4.76924970703 14.4849200439 250.129770992 -104.34351145 -4.54961832061 END
START 4.60404979248 -6.30153876953 14.1928274414 250.129770992 -103.809160305 0.63358778626 END
START 1.53947166748 -9.7467949585 11.6669446899 250.129770992 -101.702290076 4.98473282443 END
START -2.7341782959 -8.13549724121 13.8624276123 250.129770992 -107.465648855 -3.58778625954 END
START -3.54102425537 -8.48026228027 7.47469758301 250.129770992 -93.3053435115 6.13740458015 END
START 2.80839854736 -5.63116230469 6.67264002686 250.129770992 -84.6106870229 4.6106870229 END
START 3.58890828857 -4.72136567383 13.0651584595 250.129770992 -71.1984732824 -2.06870229008 END
START -2.87543619385 -10.4961800781 9.4762501709 250.129770992 -56.5190839695 3.87022900763 END
START 3.19625921631 -13.2040221558 8.47786807861 250.129770992 -47.1755725191 -3.81679389313 END
START 3.75650240479 -3.78283862305 2.13802208252 250.129770992 -42.893129771 1.51908396947 END
START -2.53306535645 -12.24394729 6.32787498779 250.129770992 -30.8702290076 0.343511450382 END
START -3.15076938477 -8.19774648437 2.17632930908 250.129770992 -22.679389313 3.0 END