START -4.04141240234 -9.90960067139 6.23689532471 250.129770992 -48.3969465649 3.69465648855 END
START -0.500388146973 -8.17619866943 7.93438430176 250.129770992 -56.534351145 2.12977099237 END
START 8.43716665039 -8.42040723877 7.65426270752 250.129770992 -48.2290076336 3.4427480916 END
START -0.14604630127 -8.73165345459 1.96803376465 250.129770992 -49.1755725191 4.87786259542 END
START 3.82832845459 -9.74440075684 6.34942280273 250.129770992 -59.5954198473 9.51908396947 END
START -0.428562097168 -11.293449231 6.90248338623 250.129770992 -54.0992366412 8.45801526718 END
START 0.177170922852 -9.5720182373 12.3277443481 250.129770992 -59.320610687 3.78625954198 END
START -1.22583125 -9.4283661377 1.64481654053 250.129770992 -63.3893129771 -3.41984732824 END
START 2.79163913574 -9.19852277832 8.80347950439 250.129770992 -59.9160305344 6.68702290076 END
START -1.21146604004 -4.10366164551 11.2431709961 250.129770992 -54.1297709924 3.06106870229 END
START -3.43567938232 -12.7203934204 6.71094725342 250.129770992 -57.893129771 2.29770992366 END
START 7.91044228516 -15.7777889404 6.28238515625 250.129770992 -66.3740458015 11.8702290076 END
START 2.17393510742 -12.9693903931 7.24006582031 250.129770992 -79.9618320611 10.320610687 END
START -0.502782348633 -11.6046954468 6.79713851318 250.129770992 -76.0 2.60305343511 END
START 1.60890351563 -6.75164868164 6.7181298584 250.129770992 -71.7404580153 9.43511450382 END
START -1.95366855469 -3.9719805542 7.82185682373 250.129770992 -67.572519084 2.0 END
START 2.19069451904 -9.58877764893 4.78600911865 250.129770992 -64.7480916031 4.58015267176 END
START -4.15633408203 -7.06528909912 10.3525279785 250.129770992 -64.3358778626 -1.70992366412 END
START -4.01028778076 -16.8120840576 6.39730683594 250.129770992 -81.9770992366 4.48091603053 END
START 0.955286462402 -8.16183345947 4.83389315186 250.129770992 -69.9923664122 4.41984732824 END
START 2.56658417969 -10.673351001 7.49624539795 250.129770992 -79.9007633588 2.25954198473 END
START 0.519541760254 -7.59919606934 5.1858407959 250.129770992 -82.6259541985 -1.54961832061 END
START 7.77157858887 -8.73883605957 5.72693037109 250.129770992 -80.9083969466 3.71755725191 END
START 4.52982954102 -0.723048901367 11.1474029297 250.129770992 -82.2671755725 11.0916030534 END
START -0.0215478149414 -10.0843773926 2.61686241455 250.129770992 -86.2213740458 1.75572519084 END
START -4.29280357666 -0.198718737793 9.49540378418 250.129770992 -77.465648855 -0.770992366412 END
START 2.55461317139 -11.3963999023 7.47230338135 250.129770992 -87.8320610687 0.114503816794 END
START -0.682347473145 -1.32878192139 7.41723674316 250.129770992 -79.3664122137 9.06106870229 END
START 0.122104284668 -2.24576115723 7.49145699463 250.129770992 -94.4580152672 9.70229007634 END
START 4.95839163818 -10.5153336914 4.92247861328 250.129770992 -83.4732824427 4.54198473282 END
START -1.18752402344 -7.90325968018 12.27267771 250.129770992 -77.9541984733 5.45038167939 END
START 0.77332713623 -4.60644399414 10.3812583984 250.129770992 -82.8015267176 10.641221374 END
START -1.5083470459 -4.04859500732 4.19703551025 250.129770992 -77.6183206107 0.0916030534351 END
START 2.83952316895 -13.9174942505 11.6023012451 250.129770992 -77.572519084 7.99236641221 END
START 3.12203896484 -4.85304676514 10.6853220093 250.129770992 -76.893129771 2.18320610687 END
START -3.90733710937 -11.1019130981 9.7946789917 250.129770992 -64.4122137405 -1.21374045802 END
START -1.51313544922 -8.71010563965 6.64630380859 250.129770992 -56.9847328244 5.73282442748 END
START 3.3470939209 -12.2295820801 10.793061084 250.129770992 -66.2824427481 10.1526717557 END
START -2.39420166016 -8.74601866455 6.42124885254 250.129770992 -64.0763358779 3.87786259542 END
START -1.48201082764 -16.0579105347 11.4921679687 250.129770992 -52.6335877863 2.60305343511 END
START 2.45405670166 -10.4219598267 8.15704505615 250.129770992 -57.2366412214 3.51145038168 END
START -4.30956298828 -10.9391073853 6.74686027832 250.129770992 -56.4122137405 11.1450381679 END
START -0.00957680664062 -9.38766470947 8.76517227783 250.129770992 -54.7480916031 -2.54961832061 END
START -0.248996972656 -8.68855782471 10.0508585693 250.129770992 -61.8473282443 7.25954198473 END
START -2.91374342041 -8.51617530518 7.108384729 250.129770992 -60.3358778626 6.09160305344 END
START 2.44447989502 -11.5951186401 6.34463439941 250.129770992 -64.9389312977 0.580152671756 END
START -1.62087452393 -11.772289563 6.72052406006 250.129770992 -56.641221374 7.06870229008 END
START 6.36857641602 -7.12274993896 12.1936690552 250.129770992 -58.7480916031 -0.541984732824 END
START -7.57525405273 -8.16662186279 5.94240852051 250.129770992 -60.3358778626 0.251908396947 END
START -1.32638771973 -10.8648871338 7.92959589844 250.129770992 -56.1679389313 4.07633587786 END
START -0.565031591797 -13.8384855957 8.15943925781 250.129770992 -63.1679389313 8.64122137405 END
START 11.5137157837 -11.2000753662 8.47547387695 250.129770992 -60.4809160305 5.03053435115 END
START -0.526724365234 -8.71728824463 3.3590649292 250.129770992 -62.8778625954 2.86259541985 END
START -0.881066210937 -6.16985767822 6.61996759033 250.129770992 -65.0534351145 0.549618320611 END
START -0.579396801758 -5.97353314209 6.72052406006 250.129770992 -74.1908396947 1.78625954198 END
START 5.44202037354 -9.79946739502 6.97430943604 250.129770992 -73.0916030534 6.6106870229 END
START 0.746990917969 -15.442600708 2.17154090576 250.129770992 -75.3282442748 10.8854961832 END
START 0.0550666381836 -11.6238490601 5.87537087402 250.129770992 -71.8854961832 -2.52671755725 END
START 2.91613762207 -6.45476767578 3.92170231934 250.129770992 -70.3664122137 -1.08396946565 END
START 5.17865819092 -13.5176625732 5.44920297852 250.129770992 -74.5114503817 8.06870229008 END
START 0.835576379395 -14.9206647461 3.12922156982 250.129770992 -74.4580152672 6.69465648855 END
START -0.445321508789 -12.9023527466 5.19541760254 250.129770992 -80.0152671756 9.30534351145 END
START 4.62799180908 -11.1306435181 7.601590271 250.129770992 -76.2824427481 -2.47328244275 END
START -0.641646044922 -8.70292303467 9.01177504883 250.129770992 -78.2366412214 -1.41221374046 END
START 7.53694682617 -14.5447750854 12.765883252 250.129770992 -76.4885496183 9.60305343511 END
START 0.15322890625 -11.6884925049 4.05817181396 250.129770992 -89.0610687023 12.4580152672 END
START 3.85945307617 -15.8065193604 4.36702382812 250.129770992 -76.2748091603 7.93893129771 END
START 2.18351191406 -9.58877764893 2.61925661621 250.129770992 -100.450381679 12.7480916031 END
START -4.21618912354 -14.963760376 6.08366641846 250.129770992 -98.2061068702 5.96946564885 END
START 0.928950244141 -16.1345249878 10.905588562 250.129770992 -92.213740458 -4.74809160305 END
START -2.84431157227 -15.6054064209 7.12993254395 250.129770992 -99.2290076336 11.2442748092 END
START 0.45250411377 -16.8599680908 7.66623371582 250.129770992 -97.5419847328 10.4961832061 END
START -0.332794030762 -14.5998417236 6.26801994629 250.129770992 -98.7709923664 8.28244274809 END
START 7.00543405762 -11.3533042725 5.71735356445 250.129770992 -98.9770992366 4.7786259542 END
START -1.35272393799 -9.36611689453 7.42202514648 250.129770992 -94.7099236641 -2.64885496183 END
START 4.96557424316 -6.93360800781 3.90733710937 250.129770992 -84.0763358779 6.7786259542 END
START 3.40934316406 -4.10126744385 2.98796367187 250.129770992 -90.8015267176 3.70992366412 END
START 3.52665904541 -11.3269680542 0.684741674805 250.129770992 -90.1603053435 4.32824427481 END
START -4.51785853271 -13.0603700562 8.54969412842 250.129770992 -104.778625954 6.45801526718 END
START -2.72938989258 -15.1840269287 1.93451494141 250.129770992 -105.72519084 -1.18320610687 END
START 4.74530769043 -6.97909783936 9.39245311279 250.129770992 -105.106870229 15.4427480916 END
START 3.36864173584 -12.7132108154 8.64546219482 250.129770992 -106.038167939 7.70992366412 END
START 0.641646044922 -14.597447522 6.33505759277 250.129770992 -104.404580153 -2.80152671756 END
START 1.13724578857 -11.2671130127 3.89776030273 250.129770992 -104.549618321 -0.381679389313 END
START -7.45075556641 -9.08838950195 9.11711992188 250.129770992 -104.923664122 -1.26717557252 END
START 2.7581203125 -3.30639249268 9.02853446045 250.129770992 -104.236641221 2.26717557252 END
START -0.0502782348633 -11.7962315796 5.37258852539 250.129770992 -104.740458015 15.1297709924 END
START -3.14837518311 -11.0492406616 9.70130512695 250.129770992 -104.251908397 -0.625954198473 END
START 5.96635053711 -3.83551105957 6.60799658203 250.129770992 -110.129770992 9.59541984733 END
START -0.227449157715 -10.2807019287 12.8185556885 250.129770992 -102.122137405 6.70992366412 END
START -7.26400783691 -9.95030209961 8.00860455322 250.129770992 -104.41221374 -2.19083969466 END
START 1.02232410889 -12.9598135864 7.56328304443 250.129770992 -112.763358779 15.106870229 END
START -4.07253702393 -9.22246479492 13.0124860229 250.129770992 -103.65648855 1.4427480916 END
START 3.96958635254 -11.532869397 5.5760956665 250.129770992 -104.633587786 13.5190839695 END
START 2.36068283691 -4.75727869873 9.37329949951 250.129770992 -104.259541985 4.12213740458 END
START 0.529118566895 -13.745111731 9.74440075684 250.129770992 -104.167938931 4.4427480916 END
START -0.964863269043 -4.39814844971 3.83790526123 250.129770992 -95.0992366412 12.7099236641 END
START 3.44765039062 3.79480963135 13.2495119873 250.129770992 -77.0610687023 12.9236641221 END
START 3.71101257324 -11.8321446045 7.92241329346 250.129770992 -83.2748091603 -0.572519083969 END
START 1.60650931396 -9.58159504395 9.57441243896 250.129770992 -74.7633587786 -3.62595419847 END
START 0.45968671875 -10.5009684814 12.1481792236 250.129770992 -72.679389313 -0.984732824427 END
START 0.553060583496 -7.18978758545 7.33583388672 250.129770992 -64.893129771 8.8320610687 END
START 1.69988317871 -9.8665050415 10.8098204956 250.129770992 -62.5190839695 1.25954198473 END
START 5.57130726318 -9.24401260986 12.2247936768 250.129770992 -54.1679389313 0.87786259542 END
START 4.63996281738 -8.38449421387 6.47870969238 250.129770992 -46.6259541985 2.87786259542 END
START -1.00556469727 -12.2631009033 7.80749161377 250.129770992 -41.0305343511 -3.56488549618 END
START 3.50032282715 -9.03092866211 7.92480749512 250.129770992 -43.4351145038 9.60305343511 END