START -10.5057568848 -6.24168372803 5.72214196777 250.129770992 -59.0229007634 -2.53435114504 END
START 2.05183082275 -6.89769498291 11.3054202393 250.129770992 -65.0152671756 5.74045801527 END
START 0.203507141113 -4.67348164062 5.39174213867 250.129770992 -71.9923664122 2.96946564885 END
START 6.46673868408 -12.6581441772 6.94797321777 250.129770992 -61.465648855 5.16030534351 END
START 4.96078583984 -3.68467635498 6.09084902344 250.129770992 -76.2061068702 0.0687022900763 END
START 5.62158549805 -11.4897737671 5.72693037109 250.129770992 -71.9694656489 2.65648854962 END
START 4.38378323975 -8.39167681885 9.85932243652 250.129770992 -71.9770992366 14.9389312977 END
START -5.94959112549 -7.93677850342 5.97113894043 250.129770992 -75.4885496183 6.80916030534 END
START -2.61446821289 -3.24414324951 4.91290180664 250.129770992 -74.5190839695 10.5877862595 END
START -2.12365687256 -15.3611978516 6.50504591064 250.129770992 -83.7938931298 -2.84732824427 END
START -4.85304676514 -8.96867941895 10.2878845337 250.129770992 -83.5954198473 10.2748091603 END
START -4.76206710205 -1.26413847656 15.6221658325 250.129770992 -95.7786259542 1.98473282443 END
START 5.96156213379 -6.28477935791 5.45159718018 250.129770992 -102.480916031 -0.770992366412 END
START 0.0335188232422 -8.82981572266 8.70531723633 250.129770992 -103.961832061 6.8320610687 END
START -4.14436307373 -5.40371314697 1.73579620361 250.129770992 -97.6564885496 8.60305343511 END
START -0.421379492187 -5.36301171875 11.0636058716 250.129770992 -96.8778625954 15.6488549618 END
START 0.435744702148 -10.3237975586 6.44519086914 250.129770992 -101.396946565 12.2290076336 END
START -4.86501777344 -7.89847127686 5.53539423828 250.129770992 -102.045801527 2.12213740458 END
START -2.26012636719 -5.26006104736 7.69017573242 250.129770992 -104.221374046 2.78625954198 END
START 1.56101948242 -7.06289489746 5.5401826416 250.129770992 -103.977099237 12.6488549618 END
START -0.627280834961 -9.5480762207 7.52497581787 250.129770992 -105.480916031 5.51145038168 END
START -2.95444484863 -11.1545855347 4.15872828369 250.129770992 -104.366412214 -1.58015267176 END
START -0.0622492431641 -12.3804167847 6.31829818115 250.129770992 -105.27480916 4.40458015267 END
START 2.00394678955 -9.20809958496 6.56968935547 250.129770992 -104.251908397 -3.25954198473 END
START -1.95845695801 -10.3980178101 3.27047946777 250.129770992 -98.0687022901 9.45038167939 END
START 0.426167895508 -8.05888278809 5.33667550049 250.129770992 -90.9541984733 4.89312977099 END
START -0.335188232422 -16.3978871704 10.8936175537 250.129770992 -89.9847328244 4.36641221374 END
START 0.667982263184 -11.6094838501 4.77643231201 250.129770992 -80.6335877863 16.679389313 END
START 2.50194073486 -11.2527478027 5.91128389893 250.129770992 -75.6717557252 2.26717557252 END
START 1.45806881104 -5.91846650391 10.5057568848 250.129770992 -60.8320610687 4.12213740458 END
START -0.383072265625 -7.76200178223 7.77397279053 250.129770992 -54.2061068702 3.70992366412 END
START 2.05422502441 -17.0586868286 6.39491263428 250.129770992 -45.3282442748 13.2442748092 END
START 2.65756384277 -9.75158336182 8.81066210937 250.129770992 -51.641221374 -2.72519083969 END
START -3.0047230835 -14.8009546631 9.4642791626 250.129770992 -40.1755725191 -0.923664122137 END
START -2.10450325928 -11.1952869629 9.8784760498 250.129770992 -37.2595419847 3.02290076336 END
START -1.30005150146 -16.069881543 10.793061084 250.129770992 -41.106870229 13.7633587786 END
START -3.02627089844 -8.84178673096 6.03099398193 250.129770992 -44.7099236641 12.320610687 END
START -0.287304199219 -12.3133791382 8.36294639893 250.129770992 -48.0229007634 4.67938931298 END
START -4.06535441895 -11.6813098999 5.39892474365 250.129770992 -53.2595419847 10.2061068702 END
START 7.20415279541 -10.2807019287 11.5807534302 250.129770992 -61.6717557252 -2.96946564885 END
START 0.126892687988 -15.9549598633 6.54814154053 250.129770992 -57.2595419847 2.96183206107 END
START -1.96085115967 -12.1266314087 5.01345827637 250.129770992 -56.2519083969 10.0610687023 END
START -1.66636435547 -12.1745154419 9.69651672363 250.129770992 -58.3969465649 4.11450381679 END
START -3.62721551514 -10.6134959595 5.88494768066 250.129770992 -54.8167938931 1.70992366412 END
START 1.2018892334 -11.3604868774 8.6287027832 250.129770992 -70.6488549618 2.5572519084 END
START 1.07978494873 -12.9430541748 6.49786330566 250.129770992 -62.893129771 10.1755725191 END
START 0.469263525391 -3.12203896484 4.41490786133 250.129770992 -67.3816793893 9.16030534351 END
START 6.54335313721 -9.69412252197 8.83220992432 250.129770992 -59.5419847328 12.7404580153 END
START 5.21696541748 -8.46110866699 2.50433493652 250.129770992 -63.1297709924 1.89312977099 END
START 1.76931502686 -7.53934102783 8.78432589111 250.129770992 -67.534351145 7.11450381679 END
START -0.574608398438 -6.39491263428 7.07965430908 250.129770992 -73.6946564885 6.78625954198 END
START 4.58010777588 -5.18823499756 9.39484731445 250.129770992 -69.0229007634 3.87022900763 END
START 1.24019645996 -4.58010777588 4.26886156006 250.129770992 -72.8625954198 6.04580152672 END
START -0.964863269043 -4.89614239502 7.15387456055 250.129770992 -76.8702290076 5.53435114504 END
START -2.78924493408 -12.8951701416 6.12197364502 250.129770992 -87.3664122137 3.92366412214 END
START 3.25611425781 -11.4371013306 7.1203557373 250.129770992 -83.641221374 7.77099236641 END
START 4.76924970703 -11.405976709 4.79558592529 250.129770992 -78.893129771 8.73282442748 END
START 2.24815535889 -5.76763179932 8.27914934082 250.129770992 -79.8625954198 5.96183206107 END
START -0.526724365234 -11.4466781372 8.73404765625 250.129770992 -90.2748091603 5.60305343511 END
START -7.1203557373 -10.9510783936 7.28794985352 250.129770992 -90.0229007634 10.1145038168 END
START 3.94564433594 -4.40533105469 5.72693037109 250.129770992 -94.5877862595 0.190839694656 END
START -0.691924279785 -5.87297667236 5.38216533203 250.129770992 -104.824427481 9.25954198473 END
START 5.68383474121 -8.98065042725 9.53371101074 250.129770992 -107.335877863 3.64122137405 END
START -5.99986936035 -12.363657373 6.22731851807 250.129770992 -105.145038168 3.90076335878 END
START 4.87698878174 -11.8632692261 5.88734188232 250.129770992 -104.27480916 -3.10687022901 END
START 4.04141240234 -6.21534750977 9.95987890625 250.129770992 -104.488549618 5.96183206107 END
START 1.46525141602 -10.651803186 7.51300480957 250.129770992 -117.160305344 7.1679389313 END
START 5.47553919678 -11.2814782227 6.07408961182 250.129770992 -111.72519084 5.54198473282 END
START 3.6296097168 -8.76277807617 7.0006456543 250.129770992 -119.824427481 8.24427480916 END
START 0.0167594116211 -1.39103116455 7.29273825684 250.129770992 -125.465648855 0.0916030534351 END
START 3.2992098877 -9.83538041992 7.72848295898 250.129770992 -136.335877863 7.75572519084 END
START -2.27209737549 -11.1689507446 4.43166727295 250.129770992 -137.58778626 -0.63358778626 END
START -2.80839854736 -11.9207300659 6.29196196289 250.129770992 -127.908396947 7.8320610687 END
START 2.83234056396 -4.73333668213 7.3071034668 250.129770992 -130.122137405 6.98473282443 END
START 4.91290180664 -0.438138903809 6.34463439941 250.129770992 -135.740458015 1.27480916031 END
START 2.55700737305 -2.59292039795 8.2264769043 250.129770992 -149.419847328 6.07633587786 END
START 0.418985290527 -7.10599052734 10.1777512573 250.129770992 -129.167938931 -1.32824427481 END
START -2.43729729004 -17.7170922852 6.11957944336 250.129770992 -110.236641221 -3.02290076336 END
START 2.59052619629 -7.56088884277 7.601590271 250.129770992 -113.015267176 -0.351145038168 END
START 3.78044442139 -10.3429511719 7.04134708252 250.129770992 -104.740458015 -1.34351145038 END
START 4.38617744141 -14.0156565186 13.2255699707 250.129770992 -104.053435115 10.6259541985 END
START -1.21146604004 -1.83156427002 10.299855542 250.129770992 -96.1526717557 -3.42748091603 END
START -0.624886633301 -10.6996872192 5.95437952881 250.129770992 -93.0534351145 -2.7786259542 END
START 3.51708223877 -1.55862528076 7.24485422363 250.129770992 -76.9312977099 3.40458015267 END
START -0.665588061523 -7.25921943359 6.44279666748 250.129770992 -71.9618320611 3.21374045802 END
START -3.3830069458 -11.3556984741 11.906364856 250.129770992 -56.7709923664 1.02290076336 END
START -2.28885678711 -4.537012146 11.2958434326 250.129770992 -62.9541984733 0.389312977099 END
START -0.189141931152 -12.5432224976 12.0883241821 250.129770992 -45.8625954198 -0.717557251908 END
START 1.57777889404 -7.74524237061 12.0955067871 250.129770992 -43.1221374046 3.02290076336 END
START 3.3949779541 -7.93917270508 10.9175595703 250.129770992 -40.8320610687 14.3740458015 END
START 0.284909997559 -6.83783994141 5.65749852295 250.129770992 -36.8702290076 3.41984732824 END
START 8.60236656494 -10.7044756226 10.5273046997 250.129770992 -39.7557251908 4.76335877863 END
START 1.96085115967 -0.588973608398 6.61278498535 250.129770992 -36.1908396947 9.12213740458 END
START 2.74375510254 -5.15711037598 8.9112185791 250.129770992 -17.8778625954 4.87786259542 END