START 1.93451494141 -5.33667550049 10.2112700806 250.129770992 -49.8091603053 0.549618320611 END
START 0.567425793457 -5.35822331543 5.5282116333 250.129770992 -38.5496183206 15.0534351145 END
START 1.85790048828 -13.0292454346 13.1465613159 250.129770992 -36.2290076336 1.48091603053 END
START 9.27513723145 -9.5720182373 10.905588562 250.129770992 -34.9770992366 1.31297709924 END
START -2.35589443359 -12.6437789673 9.56483563232 250.129770992 -25.358778626 3.41984732824 END
START -4.37899483643 -10.9319247803 6.6822168335 250.129770992 -31.4503816794 -0.587786259542 END
START -0.730231506348 -8.92079538574 7.2951324585 250.129770992 -29.9312977099 10.6259541985 END
START 1.94409174805 -8.55927093506 7.9798741333 250.129770992 -38.4809160305 -0.0152671755725 END
START -1.67833536377 -15.8567975952 7.12274993896 250.129770992 -34.4427480916 5.24427480916 END
START -1.17555301514 -10.3094323486 7.71651195068 250.129770992 -48.4885496183 4.90076335878 END
START 2.98078106689 -13.7475059326 9.01177504883 250.129770992 -35.5267175573 2.9465648855 END
START 3.7253777832 -8.08521900635 5.35822331543 250.129770992 -37.1755725191 9.34351145038 END
START 2.55221896973 -7.09880792236 8.46589707031 250.129770992 -35.0305343511 8.48091603053 END
START 0.00718260498047 -7.19697019043 9.00459244385 250.129770992 -33.0534351145 7.51145038168 END
START 5.45877978516 -17.2023389282 4.80995113525 250.129770992 -38.6641221374 5.65648854962 END
START -3.16992299805 -12.363657373 6.98388624268 250.129770992 -33.9541984733 13.0763358779 END
START 8.22168850098 -8.66940421143 3.40934316406 250.129770992 -43.5267175573 0.809160305344 END
START 6.60799658203 -10.0987426025 1.98239897461 250.129770992 -34.5190839695 3.42748091603 END
START 2.53545955811 -4.75009609375 5.96635053711 250.129770992 -38.9618320611 10.0839694656 END
START 0.543483776855 -10.0939541992 4.9392380249 250.129770992 -22.1374045802 1.69465648855 END
START 9.72524714355 -9.42597193604 0.505176550293 250.129770992 -35.2748091603 3.61832061069 END
START -3.97437475586 -14.575899707 1.4604630127 250.129770992 -36.2213740458 14.1221374046 END
START 3.9719805542 -14.575899707 8.81784471436 250.129770992 -47.1908396947 3.90839694656 END
START -1.48201082764 -7.73805976562 6.71094725342 250.129770992 -43.5572519084 5.68702290076 END
START 1.57777889404 -12.3445037598 7.3310454834 250.129770992 -48.8396946565 10.427480916 END
START -2.34152922363 -10.5512467163 8.10676682129 250.129770992 -45.9236641221 -2.20610687023 END
START 3.40216055908 -10.8313683105 6.91206019287 250.129770992 -50.5190839695 8.36641221374 END
START 0.660799658203 -15.9046816284 6.13873305664 250.129770992 -53.893129771 7.42748091603 END
START -3.9480385376 -6.01184036865 2.02310040283 250.129770992 -54.8320610687 0.511450381679 END
START 0.517147558594 -10.4578728516 6.55771834717 250.129770992 -62.0534351145 1.68702290076 END
START 5.20499440918 -11.3437274658 11.9877677124 250.129770992 -48.5114503817 0.541984732824 END
START 2.78924493408 -9.56244143066 7.94156690674 250.129770992 -55.213740458 -3.31297709924 END
START -3.67031114502 -8.14986245117 6.80432111816 250.129770992 -58.3129770992 0.0839694656489 END
START 4.93444962158 -9.55765302734 5.4444145752 250.129770992 -67.9236641221 3.57251908397 END
START 1.68312376709 -13.4075292969 9.06205328369 250.129770992 -60.6641221374 2.86259541985 END
START -1.76931502686 -6.70137044678 10.4506902466 250.129770992 -69.8702290076 2.79389312977 END
START -5.47553919678 -11.0013566284 7.73805976562 250.129770992 -68.4732824427 10.2900763359 END
START -6.08606062012 -5.70059415283 7.967903125 250.129770992 -76.641221374 7.76335877863 END
START 0.684741674805 -7.01740506592 6.22492431641 250.129770992 -70.8625954198 6.64885496183 END
START -7.66862791748 -8.60715496826 6.50504591064 250.129770992 -77.679389313 6.67938931298 END
START -2.37265384521 -14.8655981079 4.99430466309 250.129770992 -79.2213740458 5.52671755725 END
START 0.339976635742 -6.82586893311 5.91367810059 250.129770992 -79.8854961832 -0.923664122137 END
START 0.196324536133 -8.37970581055 6.37336481934 250.129770992 -79.1984732824 4.58778625954 END
START -1.18034141846 -14.2718360962 8.08521900635 250.129770992 -92.8854961832 7.08396946565 END
START -3.77565601807 -3.95043273926 12.0835357788 250.129770992 -73.4580152672 7.03816793893 END
START 1.38863696289 -18.4473237915 8.94952580566 250.129770992 -95.3435114504 2.70992366412 END
START -3.23696064453 -5.38695373535 5.96874473877 250.129770992 -99.358778626 7.0 END
START -4.80995113525 2.41096107178 3.57693728027 250.129770992 -96.572519084 7.60305343511 END
START 9.11472572021 -5.99268675537 13.0124860229 250.129770992 -98.2671755725 -2.27480916031 END
START 1.31681091309 -13.476961145 6.57447775879 250.129770992 -103.282442748 -4.03053435115 END
START -4.18745870361 -8.13310303955 7.40526573486 250.129770992 -105.419847328 -3.12977099237 END
START 3.80917484131 -1.82198746338 5.84424625244 250.129770992 -104.114503817 -1.28244274809 END
START -5.61679709473 -11.3628810791 6.0932432251 250.129770992 -100.954198473 0.534351145038 END
START -4.59207878418 -14.0228391235 13.0124860229 250.129770992 -103.580152672 5.63358778626 END
START 10.3836526001 -13.6397668579 9.4283661377 250.129770992 -91.465648855 5.49618320611 END
START 5.78917961426 -10.4746322632 13.7977841675 250.129770992 -86.2290076336 7.32061068702 END
START 6.31590397949 -8.80587370605 7.49863959961 250.129770992 -77.9770992366 11.6564885496 END
START 4.47715710449 -12.7060282104 8.27196673584 250.129770992 -71.5419847328 2.77099236641 END
START 1.48679923096 -3.61285030518 15.4593601196 250.129770992 -78.6564885496 5.21374045802 END
START 8.22168850098 -13.1465613159 14.6357547485 250.129770992 -70.2442748092 13.0229007634 END
START -4.67827004395 -12.3540805664 12.2295820801 250.129770992 -56.465648855 9.11450381679 END
START 5.56651885986 -7.81467421875 9.2655604248 250.129770992 -59.8244274809 2.09160305344 END
START 3.81635744629 -11.9494604858 12.9167179565 250.129770992 -58.5954198473 8.12977099237 END
START 5.269637854 -15.3444384399 9.51934580078 250.129770992 -63.2213740458 8.18320610687 END
START -5.06613071289 -1.16358200684 9.89044705811 250.129770992 -55.5267175573 8.67938931298 END
START -5.762843396 -7.89368287354 10.5943423462 250.129770992 -57.4503816794 1.34351145038 END
START 7.02937607422 -1.61129771729 13.4434423218 250.129770992 -60.9236641221 3.75572519084 END
START 0.0694318481445 -11.3868230957 8.28872614746 250.129770992 -55.534351145 -1.58778625954 END
START -1.97042796631 -5.26245524902 7.79312640381 250.129770992 -57.641221374 2.74809160305 END
START -5.56173045654 -10.2807019287 5.82748684082 250.129770992 -44.1679389313 18.4961832061 END
START -0.404620080566 -8.25520732422 7.96311472168 250.129770992 -57.5190839695 17.2213740458 END
START 3.07415493164 -8.22887110596 8.23126530762 250.129770992 -50.9160305344 0.389312977099 END
START 4.00310517578 -5.84903465576 7.54652363281 250.129770992 -61.6259541985 7.93893129771 END
START -1.27132108154 -7.12753834229 11.0109334351 250.129770992 -57.1832061069 11.679389313 END
START 5.74847818604 -14.7674358398 5.86100566406 250.129770992 -60.5801526718 9.41984732824 END
START 2.06619603271 -10.6063133545 5.12119735107 250.129770992 -55.679389313 5.51145038168 END
START -1.10372696533 -10.6182843628 9.59356605225 250.129770992 -71.0839694656 3.02290076336 END
START -0.122104284668 -7.77397279053 5.46117398682 250.129770992 -62.8625954198 1.7786259542 END
START 1.78368023682 -10.4530844482 1.73100780029 250.129770992 -82.7404580153 9.49618320611 END
START 2.26730897217 -10.6446205811 6.53377633057 250.129770992 -77.7175572519 18.3053435115 END
START 1.26653267822 -1.98479317627 7.65426270752 250.129770992 -77.6870229008 11.6183206107 END
START 0.481234533691 -10.9845972168 10.7403886475 250.129770992 -85.1984732824 8.73282442748 END
START 3.6296097168 -8.47307967529 5.02542928467 250.129770992 -75.3893129771 8.74809160305 END
START -0.701501086426 -6.05493599854 4.290409375 250.129770992 -82.2442748092 11.0916030534 END
START -0.347159240723 -10.9223479736 5.77960280762 250.129770992 -90.3740458015 -1.02290076336 END
START -0.0383072265625 -1.99676418457 8.13549724121 250.129770992 -81.7404580153 5.29770992366 END
START 5.19062919922 -10.2280294922 5.94240852051 250.129770992 -85.2213740458 5.90076335878 END
START -0.536301171875 -9.06684168701 6.36618221436 250.129770992 -83.3816793893 11.0152671756 END
START 6.87375296631 -9.90960067139 8.52335791016 250.129770992 -93.7938931298 5.38167938931 END
START 1.87944830322 -6.1530982666 7.85058724365 250.129770992 -86.0916030534 5.59541984733 END
START 5.96874473877 -7.3190744751 9.1458503418 250.129770992 -82.8854961832 2.31297709924 END
START 7.62313808594 -13.2064163574 9.17697496338 250.129770992 -87.6488549618 1.80916030534 END
START -1.05105452881 -7.83382783203 4.70700046387 250.129770992 -84.8091603053 -2.91603053435 END
START 4.87459458008 -1.93930334473 7.79073220215 250.129770992 -89.4427480916 -5.31297709924 END
START 1.18034141846 -9.31823286133 7.57285985107 250.129770992 -90.6259541985 10.9694656489 END
START 5.14513936768 -5.32709869385 5.7867854126 250.129770992 -104.007633588 3.35877862595 END
START 5.36301171875 -7.28794985352 7.37653531494 250.129770992 -103.900763359 9.25190839695 END
START 3.74453139648 -10.778695874 7.95832631836 250.129770992 -104.717557252 6.31297709924 END
START 4.97036264648 -7.95353791504 9.06444748535 250.129770992 -103.977099237 -1.93129770992 END
START 1.5801730957 -8.25281312256 7.41723674316 250.129770992 -104.20610687 7.96183206107 END
START 6.02620557861 -7.20654699707 8.28393774414 250.129770992 -102.984732824 10.5419847328 END
START -2.60728560791 -3.2992098877 8.35576379395 250.129770992 -103.603053435 -3.93893129771 END
START 3.63679232178 -5.14274516602 10.1609918457 250.129770992 -103.045801527 2.6106870229 END
START 6.7899559082 -1.86029468994 8.31506236572 250.129770992 -104.580152672 3.0 END
START -3.04303031006 -0.612915625 5.8586114624 250.129770992 -104.549618321 9.28244274809 END
START 5.07810172119 -13.5344219849 7.56328304443 250.129770992 -104.007633588 4.25954198473 END
START 2.83952316895 -2.55461317139 7.54891783447 250.129770992 -101.351145038 4.79389312977 END
START 3.61045610352 -5.62637390137 8.16422766113 250.129770992 -105.145038168 0.0 END
START 4.81952794189 -2.95923325195 10.42674823 250.129770992 -104.145038168 2.01526717557 END
START -3.30639249268 -11.9255184692 13.3189438354 250.129770992 -94.1679389313 -0.75572519084 END
START 1.95366855469 -7.57046564941 7.90325968018 250.129770992 -77.2061068702 -3.48854961832 END
START 5.59764348145 -10.5057568848 12.0811415771 250.129770992 -84.2519083969 -4.30534351145 END
START 0.237025964355 -3.89536610107 10.8217915039 250.129770992 -79.1297709924 10.4732824427 END
START -1.8267758667 -9.14824454346 6.28717355957 250.129770992 -66.8244274809 3.06870229008 END
START 0.948103857422 -4.83868155518 12.3277443481 250.129770992 -56.9312977099 4.53435114504 END
START 4.27125576172 -9.27513723145 9.93593688965 250.129770992 -67.0076335878 8.40458015267 END
START -5.14513936768 -6.34942280273 8.47068547363 250.129770992 -66.9923664122 6.00763358779 END
START 2.00634099121 -11.3580926758 7.02219346924 250.129770992 -56.0229007634 14.2900763359 END
START 1.2976572998 -12.2798603149 9.90002386475 250.129770992 -61.7938931298 2.51145038168 END
START 5.67186373291 -2.77966812744 8.44674345703 250.129770992 -62.2748091603 3.67938931298 END
START -0.0335188232422 -0.189141931152 7.78594379883 250.129770992 -59.2671755725 10.9312977099 END
START -1.59453830566 -11.4035825073 7.55370623779 250.129770992 -57.6870229008 3.19847328244 END
START -1.22104284668 -9.78989058838 8.09719001465 250.129770992 -61.8396946565 1.71755725191 END
START 3.56257207031 -9.09796630859 11.4682259521 250.129770992 -50.0763358779 11.8396946565 END
START -0.782903942871 -10.7667248657 8.8154505127 250.129770992 -52.9236641221 7.75572519084 END
START -3.70622416992 -8.37731160889 3.57454307861 250.129770992 -54.7786259542 2.57251908397 END
START 7.96311472168 -12.7036340088 13.6086422363 250.129770992 -48.6488549618 7.69465648855 END
START -0.859518395996 -10.0053687378 3.89297189941 250.129770992 -48.9389312977 12.1221374046 END
START 3.06218392334 -16.5080204468 7.28794985352 250.129770992 -54.2595419847 6.69465648855 END
START 2.44208569336 -10.4530844482 6.39730683594 250.129770992 -35.8167938931 -2.17557251908 END
START 3.49314022217 -2.35110603027 10.2112700806 250.129770992 -39.6717557252 -1.26717557252 END