START -4.82192214355 -4.23294853516 7.44357296143 250.129770992 -63.1450381679 9.8320610687 END
START 2.32476981201 -11.3413332642 7.15866296387 250.129770992 -60.9312977099 5.74809160305 END
START 0.181959326172 -9.38048210449 11.5855418335 250.129770992 -66.9312977099 5.1679389313 END
START 4.10845004883 -13.0388222412 14.1545202148 250.129770992 -42.5114503817 7.81679389313 END
START -0.854729992676 -8.97346782227 2.23618435059 250.129770992 -59.6641221374 4.4427480916 END
START -2.26012636719 -6.99346304932 6.87135876465 250.129770992 -58.8625954198 -1.48854961832 END
START -0.572214196777 -7.87692346191 5.93283171387 250.129770992 -58.2748091603 8.06106870229 END
START 3.42370837402 -12.0236807373 7.86255825195 250.129770992 -57.5648854962 0.145038167939 END
START 7.56088884277 -11.4849853638 6.86657036133 250.129770992 -56.5267175573 -2.48854961832 END
START 1.28808049316 -10.0628295776 8.20014068604 250.129770992 -59.3053435115 4.35114503817 END
START -0.897825622559 -10.5033626831 5.97592734375 250.129770992 -53.9923664122 -2.7786259542 END
START 3.30878669434 -8.20014068604 6.19619389648 250.129770992 -55.5038167939 -2.6641221374 END
START -4.99909306641 -8.49941589355 10.0436759644 250.129770992 -75.4732824427 2.28244274809 END
START -2.73657249756 -11.2216231812 4.52264693604 250.129770992 -52.8702290076 4.93129770992 END
START -6.0812722168 -11.659762085 8.53054051514 250.129770992 -67.4885496183 -2.35114503817 END
START 5.21457121582 -15.1145950806 3.86424147949 250.129770992 -75.7938931298 -3.41984732824 END
START 1.97042796631 -8.55927093506 12.5863181274 250.129770992 -64.7938931298 0.885496183206 END
START 5.2097828125 -11.9422778809 2.66953485107 250.129770992 -65.0534351145 3.93893129771 END
START -0.962469067383 -3.3949779541 5.67665213623 250.129770992 -61.534351145 11.3816793893 END
START 2.01112939453 -13.9246768555 7.88171186523 250.129770992 -65.5496183206 0.160305343511 END
START -0.45729251709 -12.2367646851 3.94085593262 250.129770992 -67.8396946565 1.73282442748 END
START 0.337582434082 -12.1793038452 6.70376464844 250.129770992 -81.5801526718 6.54198473282 END
START 0.00239420166016 -8.31745656738 5.35582911377 250.129770992 -61.7328244275 -2.56488549618 END
START -2.96402165527 -6.64151540527 5.68622894287 250.129770992 -58.6717557252 0.106870229008 END
START -7.87213505859 -15.95017146 9.58638344727 250.129770992 -56.893129771 2.75572519084 END
START 0.205901342773 -4.10845004883 6.79713851318 250.129770992 -72.1221374046 5.65648854962 END
START 1.52989486084 -9.27992563477 12.2463414917 250.129770992 -68.8778625954 3.59541984733 END
START 2.95205064697 -11.2072579712 9.19134017334 250.129770992 -68.5572519084 8.13740458015 END
START -6.21295330811 -13.0292454346 11.8632692261 250.129770992 -73.4427480916 7.13740458015 END
START 6.71334145508 -9.01416925049 5.77960280762 250.129770992 -66.1221374046 9.49618320611 END
START 2.64559283447 -12.8233440918 4.9272670166 250.129770992 -75.5877862595 12.641221374 END
START 0.447715710449 -14.7578590332 2.01591779785 250.129770992 -82.5496183206 2.78625954198 END
START -2.20984813232 -6.90727178955 12.3660515747 250.129770992 -70.7557251908 1.93893129771 END
START -3.21541282959 -9.75397756348 8.67658681641 250.129770992 -87.8167938931 10.1832061069 END
START -11.4801969604 -5.1978118042 8.37012900391 250.129770992 -71.5496183206 8.93893129771 END
START -4.14915147705 -16.3380321289 6.65588061523 250.129770992 -80.6259541985 0.0534351145038 END
START 5.42526096191 -1.68312376709 7.76918438721 250.129770992 -81.9541984733 4.40458015267 END
START -0.0430956298828 -3.57693728027 8.99501563721 250.129770992 -80.9847328244 -3.09160305344 END
START 9.2176763916 -11.3676694824 0.632069238281 250.129770992 -82.7022900763 4.2213740458 END
START -1.32638771973 -11.8441156128 10.4291424316 250.129770992 -77.1297709924 12.4351145038 END
START -5.00388146973 -8.90164177246 11.3796404907 250.129770992 -79.9465648855 6.48091603053 END
START -3.11725056152 4.93684382324 6.61278498535 250.129770992 -61.4351145038 4.6641221374 END
START 0.735019909668 -16.5798464966 3.42849677734 250.129770992 -75.9847328244 7.87022900763 END
START 9.38287630615 -10.9415015869 11.6669446899 250.129770992 -71.8702290076 11.5572519084 END
START 0.229843359375 -11.9925561157 9.32780966797 250.129770992 -86.9618320611 5.63358778626 END
START -0.866701000977 -9.27274302979 5.60003768311 250.129770992 -95.0839694656 4.79389312977 END
START 0.0861912597656 -9.90481226807 9.68215151367 250.129770992 -93.5572519084 5.92366412214 END
START 4.01028778076 -17.2502229614 13.2782424072 250.129770992 -91.0 1.64122137405 END
START -2.67192905273 -13.0292454346 5.01345827637 250.129770992 -78.0992366412 -2.9465648855 END
START -1.31441671143 -5.31991608887 14.1640970215 250.129770992 -77.4122137405 0.442748091603 END
START 3.16274039307 -9.84016882324 8.62391437988 250.129770992 -67.2519083969 5.3358778626 END
START -2.19069451904 -12.4857616577 8.99022723389 250.129770992 -64.4503816794 14.9007633588 END
START 1.24498486328 -14.5160446655 9.17936916504 250.129770992 -69.1526717557 11.8854961832 END
START -2.73178409424 -10.2543657104 10.9845972168 250.129770992 -74.572519084 3.72519083969 END
START 1.63523973389 -13.005303418 16.5463276733 250.129770992 -61.2519083969 -2.90839694656 END
START -0.646434448242 -7.76679018555 6.60320817871 250.129770992 -62.2366412214 7.3358778626 END
START -0.507570751953 -13.977349292 9.40442412109 250.129770992 -67.9770992366 9.74809160305 END
START 1.64481654053 -9.29429084473 9.5720182373 250.129770992 -69.1755725191 -1.17557251908 END
START -1.32878192139 -5.62397969971 4.81234533691 250.129770992 -67.9694656489 14.5267175573 END
START -2.35589443359 -9.60553706055 7.88889447021 250.129770992 -59.3893129771 11.8473282443 END
START 1.10133276367 -9.02135185547 7.14669195557 250.129770992 -64.3435114504 3.36641221374 END
START 8.80826790771 -10.0149455444 6.07648381348 250.129770992 -69.0152671756 -3.85496183206 END
START 1.04626612549 -12.4259066162 10.0724063843 250.129770992 -68.7328244275 6.51145038168 END
START -2.5115175415 -13.8145435791 7.32625708008 250.129770992 -51.3511450382 16.7251908397 END
START -1.33357032471 -9.93354268799 6.34463439941 250.129770992 -57.4122137405 2.64122137405 END
START 3.45962139893 -16.414646582 7.7093293457 250.129770992 -63.5801526718 5.84732824427 END
START -0.0718260498047 -17.0251680054 10.8720697388 250.129770992 -49.3740458015 4.88549618321 END
START 8.65743320312 -15.1481139038 4.77643231201 250.129770992 -56.1908396947 -1.6641221374 END
START 1.01753570557 -9.82819781494 7.00303985596 250.129770992 -56.6564885496 7.28244274809 END
START -3.3590649292 -8.58321295166 4.46758029785 250.129770992 -63.9160305344 -3.53435114504 END
START 0.0526724365234 -7.29992086182 8.92558378906 250.129770992 -72.0 9.52671755725 END
START -0.0359130249023 -7.57285985107 9.70609353027 250.129770992 -70.2061068702 7.32824427481 END
START 0.486022937012 -10.658985791 6.00226356201 250.129770992 -64.3969465649 2.16030534351 END
START -6.68939943848 -8.8513635376 6.38294162598 250.129770992 -64.6488549618 -3.64122137405 END
START -3.33033450928 -13.6134306396 16.3260611206 250.129770992 -84.3358778626 0.893129770992 END
START 4.8554409668 -12.5982891357 3.39737215576 250.129770992 -80.1832061069 0.480916030534 END
START -1.98239897461 -13.3045786255 11.7435591431 250.129770992 -78.1603053435 6.16030534351 END
START 3.76129080811 -6.51701691895 5.88734188232 250.129770992 -80.106870229 6.61832061069 END
START 1.8148048584 -4.56334836426 12.4953384644 250.129770992 -79.641221374 3.18320610687 END
START 2.12365687256 -8.5568767334 7.53215842285 250.129770992 -68.0 -3.77099236641 END
START -0.100556469727 -11.0540290649 5.97592734375 250.129770992 -70.8702290076 7.20610687023 END
START 4.82671054687 -9.39005891113 7.82903942871 250.129770992 -78.7938931298 8.1679389313 END
START 2.97120426025 -9.29189664307 10.8265799072 250.129770992 -86.0305343511 0.984732824427 END
START 2.30322199707 -9.60793126221 8.0397291748 250.129770992 -108.0 8.2213740458 END
START 4.16351668701 -3.88100089111 8.57603034668 250.129770992 -100.755725191 2.11450381679 END
START -3.87381828613 -8.0397291748 5.59046087646 250.129770992 -97.3740458015 14.3435114504 END
START 4.15872828369 -7.3430164917 6.24407792969 250.129770992 -96.9236641221 1.32061068702 END
START -0.514753356934 -10.4554786499 11.6023012451 250.129770992 -105.335877863 3.07633587786 END
START -3.25850845947 -8.29112034912 7.98705673828 250.129770992 -104.41221374 16.7251908397 END
START 6.96952103271 -6.83065733643 6.79713851318 250.129770992 -110.396946565 4.83969465649 END
START -1.52510645752 -8.33661018066 8.72207664795 250.129770992 -106.496183206 1.34351145038 END
START 6.99825145264 -3.32794030762 3.90254870605 250.129770992 -129.671755725 -1.03816793893 END
START -5.25048424072 -5.63355650635 3.95522114258 250.129770992 -126.427480916 1.90839694656 END
START 5.16429298096 -7.82185682373 9.33259807129 250.129770992 -138.083969466 6.14503816794 END
START -1.81241065674 -9.91438907471 10.3980178101 250.129770992 -127.06870229 3.57251908397 END
START 2.94247384033 -7.19457598877 7.6973583374 250.129770992 -125.34351145 7.28244274809 END
START 2.0973206543 -2.63841022949 6.37336481934 250.129770992 -122.480916031 6.17557251908 END
START 2.33913502197 -8.28154354248 8.21211169434 250.129770992 -135.732824427 8.3893129771 END
START -2.88980140381 -11.3748520874 6.71573565674 250.129770992 -129.740458015 0.259541984733 END
START -1.06302553711 -4.60404979248 8.01099875488 250.129770992 -140.091603053 9.74045801527 END
START 5.88734188232 -5.88734188232 8.90164177246 250.129770992 -126.099236641 5.51145038168 END
START -3.05021291504 -3.95043273926 9.65581529541 250.129770992 -114.305343511 -0.969465648855 END
START -1.65918175049 -5.73650717773 8.77235488281 250.129770992 -109.847328244 3.12977099237 END
START 1.74058460693 -11.6669446899 9.38048210449 250.129770992 -107.221374046 5.80916030534 END
START 10.187328064 -3.20823022461 8.99980404053 250.129770992 -103.473282443 5.74809160305 END
START -5.73171877441 -4.69024105225 13.4051350952 250.129770992 -96.2824427481 9.10687022901 END
START 2.5115175415 -10.2759135254 7.75003077393 250.129770992 -89.9160305344 9.19083969466 END
START 1.96563956299 -8.28872614746 10.524910498 250.129770992 -78.2748091603 11.8167938931 END
START 4.61841500244 -6.64630380859 13.49850896 250.129770992 -71.7557251908 0.198473282443 END
START 5.516240625 -12.4761848511 5.43723197021 250.129770992 -69.7480916031 -1.13740458015 END
START 7.3789295166 -7.75003077393 10.9989624268 250.129770992 -57.1603053435 2.12213740458 END
START 1.69509477539 -9.60793126221 8.68137521973 250.129770992 -46.2900763359 10.3053435115 END
START 4.72615407715 -13.7858131592 11.5041389771 250.129770992 -43.5038167939 1.0534351145 END
START 5.77720860596 -15.3611978516 9.04289967041 250.129770992 -39.0839694656 7.29770992366 END
START 0.280121594238 -7.34062229004 9.01656345215 250.129770992 -31.6106870229 6.50381679389 END
START 0.380678063965 -6.58405456543 8.2863319458 250.129770992 -28.465648855 3.42748091603 END