START 0.811634362793 -8.65025059814 7.91044228516 250.129770992 -81.0916030534 5.99236641221 END
START -1.47961662598 -11.2120463745 11.6884925049 250.129770992 -102.832061069 -0.748091603053 END
START -3.18428820801 -7.52018741455 12.4235124146 250.129770992 -103.778625954 -4.21374045802 END
START 3.1244331665 -12.5264630859 9.74200655518 250.129770992 -100.633587786 6.35877862595 END
START 5.40131894531 -9.48582697754 8.52575211182 250.129770992 -93.1145038168 -2.02290076336 END
START 1.62087452393 -9.04529387207 11.9518546875 250.129770992 -104.854961832 6.15267175573 END
START -3.81635744629 -14.1162129883 7.37414111328 250.129770992 -104.259541985 5.70992366412 END
START -1.62805712891 -12.1625444336 6.12676204834 250.129770992 -98.0839694656 11.3358778626 END
START 6.53377633057 -12.3899935913 6.32308658447 250.129770992 -104.511450382 7.97709923664 END
START 2.53785375977 -10.8553103271 8.78672009277 250.129770992 -104.404580153 6.96183206107 END
START -1.35032973633 -15.9693250732 11.2838724243 250.129770992 -104.79389313 8.79389312977 END
START 0.45250411377 -6.46673868408 9.65102689209 250.129770992 -98.8549618321 6.71755725191 END
START 0.323217224121 -10.3764699951 6.61757338867 250.129770992 -102.984732824 1.69465648855 END
START 5.52342322998 -11.2671130127 6.46673868408 250.129770992 -88.0381679389 -3.29770992366 END
START 1.06302553711 -11.8058083862 10.0939541992 250.129770992 -92.8244274809 0.0992366412214 END
START 6.77080229492 -13.962984082 7.22091220703 250.129770992 -88.3893129771 -0.190839694656 END
START 2.03028300781 -1.15639940186 5.32231029053 250.129770992 -92.5572519084 -0.450381679389 END
START 1.69509477539 -9.90960067139 3.79480963135 250.129770992 -77.893129771 -4.58778625954 END
START 4.20900651855 -14.8009546631 10.9798088135 250.129770992 -73.8778625954 1.01526717557 END
START 4.8554409668 -8.95192000732 8.27196673584 250.129770992 -64.9465648855 4.46564885496 END
START 0.371101257324 -5.79396801758 7.40526573486 250.129770992 -65.4427480916 -3.48854961832 END
START 0.749385119629 -13.2902134155 5.92086070557 250.129770992 -60.0381679389 2.3358778626 END
START -3.07894333496 -11.5615998169 10.046070166 250.129770992 -60.0992366412 3.19083969466 END
START -4.44603248291 -11.6190606567 13.0579758545 250.129770992 -58.641221374 8.65648854962 END
START -4.21140072021 -2.94247384033 10.9391073853 250.129770992 -56.8320610687 -1.46564885496 END
START -2.41814367676 -9.79707319336 8.09240161133 250.129770992 -57.5954198473 3.37404580153 END
START 0.205901342773 -9.94790789795 7.55849464111 250.129770992 -50.5114503817 3.56488549618 END
START -1.97761057129 -13.4362597168 5.18105239258 250.129770992 -68.0534351145 4.41984732824 END
START 0.196324536133 -10.2280294922 7.95353791504 250.129770992 -51.6106870229 -0.458015267176 END
START -2.81318695068 -10.8648871338 6.22731851807 250.129770992 -57.7099236641 17.0381679389 END
START 3.55778366699 -7.52258161621 9.33499227295 250.129770992 -59.0305343511 -3.62595419847 END
START 5.73171877441 -7.44357296143 9.47864437256 250.129770992 -56.6183206107 -3.25954198473 END
START 4.47236870117 -7.87213505859 11.5496288086 250.129770992 -58.679389313 3.34351145038 END
START 3.56017786865 -16.6397015381 4.89614239502 250.129770992 -54.6946564885 -0.87786259542 END
START 5.77960280762 -3.3590649292 10.8600987305 250.129770992 -53.572519084 1.3358778626 END
START 0.648828649902 -12.1745154419 0.541089575195 250.129770992 -56.4122137405 -1.32061068702 END
START 0.835576379395 -12.1433908203 7.19218178711 250.129770992 -59.6717557252 7.0534351145 END
START 10.6948988159 -9.54089361572 7.6734163208 250.129770992 -66.1374045802 3.47328244275 END
START -2.31998140869 -11.3772462891 7.97269152832 250.129770992 -56.8854961832 12.3969465649 END
START 0.189141931152 -9.35893428955 3.59848509521 250.129770992 -57.2595419847 4.45038167939 END
START -3.25850845947 -8.81784471436 5.17865819092 250.129770992 -58.6717557252 8.0 END
START 2.13802208252 -7.87692346191 4.11563265381 250.129770992 -67.8854961832 4.79389312977 END
START -1.2378022583 -14.8943285278 4.49391651611 250.129770992 -63.4885496183 7.1679389313 END
START -1.472434021 -9.24880101318 2.44926829834 250.129770992 -66.7404580153 4.45038167939 END
START 5.04937130127 -17.2406461548 3.63200391846 250.129770992 -73.641221374 7.31297709924 END
START 1.76452662354 -12.1266314087 11.2838724243 250.129770992 -72.7022900763 4.58015267176 END
START -1.04387192383 -10.3429511719 6.54335313721 250.129770992 -83.8091603053 5.87022900763 END
START 4.14915147705 -9.60074865723 6.4475850708 250.129770992 -78.6870229008 11.4580152672 END
START -3.0885201416 -8.05409438477 4.02465299072 250.129770992 -77.1374045802 14.679389313 END
START 5.69819995117 -2.0973206543 4.87220037842 250.129770992 -81.7938931298 -0.931297709924 END
START 6.05254179687 -14.709975 11.6549736816 250.129770992 -90.8320610687 -2.4427480916 END
START -4.26167895508 -4.44363828125 6.16746347656 250.129770992 -101.106870229 4.41984732824 END
START 0.744596716309 -7.49145699463 0.0981622680664 250.129770992 -104.93129771 2.82442748092 END
START -2.40856687012 -13.6158248413 7.4268135498 250.129770992 -104.389312977 3.24427480916 END
START 1.46764561768 -6.14830986328 11.5472346069 250.129770992 -105.473282443 -1.83969465649 END
START -0.644040246582 -3.37582434082 8.73404765625 250.129770992 -109.824427481 6.34351145038 END
START 3.95761534424 -9.90960067139 4.30956298828 250.129770992 -107.519083969 -1.77099236641 END
START -0.967257470703 -9.11711992188 5.70298835449 250.129770992 -112.946564885 7.15267175573 END
START 1.838746875 -12.2607067017 4.51067592773 250.129770992 -114.496183206 6.17557251908 END
START -0.241814367676 -9.82101520996 5.54257684326 250.129770992 -122.404580153 6.58778625954 END
START 3.27766207275 -4.47715710449 4.9512090332 250.129770992 -115.503816794 10.2366412214 END
START -1.92493813477 -10.3309801636 5.76763179932 250.129770992 -104.938931298 17.0610687023 END
START -4.59926138916 -4.97754525146 8.38210001221 250.129770992 -112.870229008 4.67175572519 END
START -2.14999309082 -8.91600698242 5.01106407471 250.129770992 -119.175572519 8.41984732824 END
START 0.641646044922 -6.07887801514 7.59680186768 250.129770992 -108.175572519 15.6183206107 END
START 1.05105452881 -7.50103380127 12.6629325806 250.129770992 -104.282442748 1.69465648855 END
START -1.44130939941 -5.32470449219 10.7906668823 250.129770992 -107.030534351 3.80916030534 END
START 4.48673391113 -9.23922420654 9.97663831787 250.129770992 -103.748091603 4.91603053435 END
START 5.82509263916 -4.54658895264 8.74362446289 250.129770992 -102.702290076 -1.16030534351 END
START -0.495599743652 -2.79882174072 6.95755002441 250.129770992 -93.7175572519 0.0381679389313 END
START 2.75333190918 -4.41730206299 7.87931766357 250.129770992 -104.007633588 -1.6641221374 END
START 0.636857641602 -6.62475599365 10.2495773071 250.129770992 -98.679389313 7.14503816794 END
START 1.81241065674 -6.11479104004 12.1218430054 250.129770992 -99.4580152672 16.641221374 END
START 1.87705410156 -8.26717833252 6.99825145264 250.129770992 -70.4351145038 -4.67938931298 END
START -0.579396801758 -11.659762085 6.34224019775 250.129770992 -66.9312977099 2.59541984733 END
START -2.9927520752 -13.8145435791 7.58722506104 250.129770992 -59.6106870229 16.4961832061 END
START 0.46686932373 -4.51785853271 12.7060282104 250.129770992 -44.6488549618 6.59541984733 END
START 1.70945998535 -8.36534060059 14.7506764282 250.129770992 -31.8167938931 3.32061068702 END
START 2.89219560547 -9.85932243652 6.51222851562 250.129770992 -34.2442748092 13.1221374046 END
START 0.77093293457 -8.88967076416 12.9933324097 250.129770992 -42.3969465649 4.51908396947 END
START 0.210689746094 -10.4842090698 16.1441017944 250.129770992 -37.6259541985 3.77099236641 END
START 7.05331809082 -6.22731851807 12.7946136719 250.129770992 -39.106870229 2.3358778626 END