START -0.76853873291 -14.1425492065 8.55927093506 250.129770992 -47.427480916 4.87022900763 END
START -1.61369191895 -7.92959589844 8.06127698975 250.129770992 -49.4961832061 6.47328244275 END
START 5.7867854126 -9.45470235596 6.59841977539 250.129770992 -43.0 9.26717557252 END
START -1.11330377197 -10.2519715088 10.2352120972 250.129770992 -45.6641221374 5.84732824427 END
START -1.22583125 -9.23683000488 4.63756861572 250.129770992 -39.3129770992 10.0687022901 END
START -0.861912597656 -4.0318355957 7.0245876709 250.129770992 -53.5419847328 7.95419847328 END
START 0.284909997559 -8.05648858643 7.91044228516 250.129770992 -53.0839694656 6.34351145038 END
START -3.13879837646 -11.4155535156 9.10036051025 250.129770992 -53.4351145038 1.4427480916 END
START -1.17076461182 -9.30147344971 4.92966121826 250.129770992 -55.9236641221 6.14503816794 END
START -1.96803376465 -4.78361491699 7.76200178223 250.129770992 -71.5572519084 11.572519084 END
START -1.76452662354 -2.66235224609 4.00310517578 250.129770992 -60.7633587786 10.4885496183 END
START -2.40617266846 -7.91523068848 6.55292994385 250.129770992 -64.2977099237 8.09160305344 END
START 2.03985981445 -4.47236870117 6.96473262939 250.129770992 -75.0992366412 0.0152671755725 END
START 7.85298144531 -11.2072579712 8.9591026123 250.129770992 -75.3664122137 6.41221374046 END
START -3.50989963379 -6.8019269165 7.3909005249 250.129770992 -81.1908396947 0.87786259542 END
START -2.59052619629 -11.7411649414 12.6437789673 250.129770992 -85.8854961832 1.38167938931 END
START -0.0407014282227 -11.3892172974 7.31668027344 250.129770992 -93.7633587786 -0.0839694656489 END
START -2.34152922363 -10.6637741943 7.90086547852 250.129770992 -79.358778626 12.9236641221 END
START -2.97838686523 -16.7713826294 1.71903679199 250.129770992 -67.8015267176 -2.18320610687 END
START -0.663193859863 -3.29202728271 4.52025273438 250.129770992 -78.8854961832 5.35877862595 END
START -2.16675250244 -13.2135989624 6.742071875 250.129770992 -79.2290076336 4.68702290076 END
START 6.27999095459 -5.33428129883 6.22492431641 250.129770992 -88.4351145038 7.6641221374 END
START 0.907402429199 -12.1840922485 5.75566079102 250.129770992 -92.9770992366 -1.63358778626 END
START -0.548272180176 -14.0659347534 11.137826123 250.129770992 -89.4351145038 13.8702290076 END
START 7.65905111084 -10.7116582275 7.33343968506 250.129770992 -94.2290076336 7.27480916031 END
START 1.7788918335 -10.1298672241 10.6901104126 250.129770992 -87.1297709924 14.2748091603 END
START 2.58334359131 -11.5975128418 8.02057556152 250.129770992 -92.2061068702 2.10687022901 END
START 0.0119710083008 -17.3100780029 8.74123026123 250.129770992 -82.9160305344 2.80152671756 END
START 3.46440980225 -12.6533557739 14.6668793701 250.129770992 -90.8854961832 -5.7786259542 END
START 1.69030637207 -4.71657727051 7.13232674561 250.129770992 -95.1832061069 2.10687022901 END
START 4.53461794434 -12.7036340088 11.3652752808 250.129770992 -92.0381679389 -3.79389312977 END
START 1.65918175049 -8.78672009277 6.62715019531 250.129770992 -84.7633587786 2.03816793893 END
START 0.347159240723 -10.6541973877 7.9439611084 250.129770992 -75.0152671756 -3.14503816794 END
START 3.94564433594 -8.84896933594 9.12430252686 250.129770992 -74.3740458015 11.427480916 END
START -3.31596929932 -2.1092916626 10.2160584839 250.129770992 -66.4122137405 -0.0534351145038 END
START -3.25372005615 -12.1050835937 9.71567033691 250.129770992 -72.5419847328 5.98473282443 END
START 0.804451757813 -11.5208983887 9.39484731445 250.129770992 -68.8854961832 5.87022900763 END
START 1.84832368164 -5.52342322998 6.20577070312 250.129770992 -63.8549618321 -0.75572519084 END
START 0.895431420898 -8.80587370605 9.59596025391 250.129770992 -60.2519083969 -3.35114503817 END
START -4.03422979736 -7.65426270752 9.98382092285 250.129770992 -59.3969465649 8.19083969466 END
START -4.51546433105 -8.87051715088 6.86417615967 250.129770992 -53.9236641221 -1.83969465649 END
START -2.7102362793 -7.05331809082 8.27914934082 250.129770992 -52.5190839695 2.90839694656 END
START -2.04464821777 -10.3597105835 7.80509741211 250.129770992 -68.9236641221 -0.969465648855 END
START -3.62242711182 -7.57764825439 5.14513936768 250.129770992 -54.0992366412 5.72519083969 END
START 5.88015927734 -9.59117185059 6.09563742676 250.129770992 -52.2977099237 3.70992366412 END
START -5.98550415039 -4.48912811279 6.96473262939 250.129770992 -52.2061068702 1.0534351145 END
START -1.55383687744 -9.67975731201 4.30716878662 250.129770992 -56.8473282443 7.40458015267 END
START -0.239420166016 -7.25682523193 5.91367810059 250.129770992 -58.1450381679 -1.03816793893 END
START -2.07816704102 -12.8472861084 4.08450803223 250.129770992 -61.9236641221 4.96946564885 END
START -2.38941325684 -11.1785275513 3.36145913086 250.129770992 -62.213740458 14.9770992366 END
START 1.85550628662 -8.48026228027 3.58411988525 250.129770992 -72.8702290076 19.2366412214 END
START -0.390254870605 -17.5303445557 4.9392380249 250.129770992 -74.3664122137 0.793893129771 END
START 1.56341368408 -6.53138212891 9.48582697754 250.129770992 -70.2595419847 8.87786259542 END
START 7.3190744751 -9.88805285645 5.2337248291 250.129770992 -79.9160305344 7.01526717557 END
START 5.47075079346 -11.166556543 5.08289012451 250.129770992 -87.4961832061 -0.259541984733 END
START 6.0812722168 -10.7356002441 3.62242711182 250.129770992 -71.3740458015 9.47328244275 END
START -0.600944616699 -13.1274077026 10.0029745361 250.129770992 -77.0534351145 -0.748091603053 END
START -2.03985981445 -10.4746322632 6.51462271729 250.129770992 -71.3435114504 11.9694656489 END
START -2.48039291992 -10.6829278076 9.71567033691 250.129770992 -80.5114503817 0.488549618321 END
START 3.47877501221 -7.76918438721 4.98951625977 250.129770992 -78.0381679389 -4.64122137405 END
START 0.811634362793 -8.26957253418 9.51455739746 250.129770992 -71.3053435115 2.10687022901 END
START -0.682347473145 -12.8664397217 7.24485422363 250.129770992 -75.893129771 -2.61832061069 END
START 3.76368500977 -7.90565388184 0.45729251709 250.129770992 -63.9618320611 -1.21374045802 END
START -4.51067592773 -19.0099611816 10.3597105835 250.129770992 -66.6564885496 -3.0 END
START 7.06528909912 -6.56011254883 5.12837995605 250.129770992 -74.572519084 -0.725190839695 END
START 1.29526309814 -14.2143752563 5.82748684082 250.129770992 -67.2519083969 3.11450381679 END
START 7.55370623779 -8.02057556152 8.42040723877 250.129770992 -70.2748091603 9.62595419847 END
START 0.885854614258 -7.78594379883 12.9646019897 250.129770992 -74.427480916 0.00763358778626 END
START 0.735019909668 -12.2319762817 11.3892172974 250.129770992 -71.6641221374 2.54198473282 END
START 6.96473262939 -6.21295330811 8.04930598145 250.129770992 -96.1755725191 0.396946564885 END
START -1.26892687988 -9.98382092285 7.65905111084 250.129770992 -94.9694656489 -0.709923664122 END
START 0.284909997559 -8.30548555908 1.75494981689 250.129770992 -95.5114503817 -2.24427480916 END
START -0.114921679688 -10.6063133545 6.32787498779 250.129770992 -104.618320611 -4.1679389313 END
START 0.988805285645 -11.6070896484 7.79312640381 250.129770992 -102.404580153 6.21374045802 END
START -4.63517441406 -9.57441243896 7.51539901123 250.129770992 -104.190839695 3.87786259542 END
START 2.43250888672 -0.931344445801 13.5009031616 250.129770992 -104.358778626 9.3358778626 END
START -0.0909796630859 -12.018892334 12.2487356934 250.129770992 -101.847328244 2.13740458015 END
START -0.215478149414 -9.63426748047 7.71411774902 250.129770992 -104.076335878 0.335877862595 END
START 5.05176550293 -9.34456907959 5.17147558594 250.129770992 -103.13740458 4.88549618321 END
START -2.96402165527 -12.1433908203 7.8960770752 250.129770992 -113.854961832 1.59541984733 END
START 0.588973608398 -10.285490332 8.42758984375 250.129770992 -120.175572519 3.74809160305 END
START 3.68228215332 -10.1442324341 8.44913765869 250.129770992 -106.091603053 -1.89312977099 END
START -1.838746875 -9.8425630249 6.66785162354 250.129770992 -123.122137405 4.97709923664 END
START 5.03740029297 -7.88889447021 9.02374605713 250.129770992 -122.664122137 9.52671755725 END
START 2.06140762939 -4.86980617676 6.40448944092 250.129770992 -107.564885496 12.9770992366 END
START -2.4995465332 -11.6358200684 6.02859978027 250.129770992 -100.038167939 -2.61832061069 END
START 7.43160195312 -6.21774171143 5.50187541504 250.129770992 -103.885496183 -4.64885496183 END
START -1.23061965332 -8.37731160889 9.08599530029 250.129770992 -106.717557252 6.2213740458 END
START -1.31920511475 -7.75003077393 10.4985742798 250.129770992 -111.41221374 7.61832061069 END
START -4.23773693848 -4.92247861328 7.95114371338 250.129770992 -104.755725191 -1.24427480916 END
START 0.169988317871 -8.73883605957 14.3316911377 250.129770992 -94.9389312977 -2.14503816794 END
START -3.56975467529 -4.70939466553 7.01501086426 250.129770992 -91.3969465649 -0.442748091603 END
START -1.29526309814 -4.80516273193 8.08282480469 250.129770992 -99.4122137405 3.08396946565 END
START -2.42532628174 -10.8840407471 8.96389101563 250.129770992 -90.3664122137 8.03816793893 END
START -2.37025964355 -10.7427828491 5.91846650391 250.129770992 -82.7480916031 0.839694656489 END
START 6.89530078125 -8.09240161133 4.80755693359 250.129770992 -71.4961832061 8.37404580153 END
START 3.04781871338 -4.55137735596 14.1808564331 250.129770992 -65.6183206107 5.26717557252 END
START 1.4844050293 0.162805712891 8.10437261963 250.129770992 -55.4503816794 9.19083969466 END
START -5.36780012207 -11.4634375488 14.3628157593 250.129770992 -50.3969465649 15.1603053435 END