START 3.81396324463 -8.31745656738 12.0883241821 250.129770992 -96.9312977099 0.229007633588 END
START 1.67594116211 -1.22583125 7.69017573242 250.129770992 -89.0992366412 7.90839694656 END
START 0.227449157715 -10.4171714233 8.77714328613 250.129770992 -94.2595419847 7.29007633588 END
START 0.440533105469 -10.0364933594 8.22168850098 250.129770992 -87.1908396947 1.92366412214 END
START 1.95366855469 -13.1441671143 8.47307967529 250.129770992 -104.770992366 1.57251908397 END
START 5.73890137939 -11.9303068726 8.20014068604 250.129770992 -104.671755725 5.0534351145 END
START -5.47075079346 -9.1817633667 7.19457598877 250.129770992 -96.5954198473 3.3893129771 END
START -0.703895288086 -9.40681832275 6.32787498779 250.129770992 -95.8549618321 3.14503816794 END
START 0.165199914551 -6.23210692139 10.0053687378 250.129770992 -104.083969466 19.4427480916 END
START -0.15083470459 -10.7260234375 5.85382305908 250.129770992 -104.335877863 9.87786259542 END
START -1.76452662354 -11.0731826782 5.47075079346 250.129770992 -104.114503817 13.2977099237 END
START -0.727837304687 -9.97424411621 11.2527478027 250.129770992 -96.0381679389 11.8702290076 END
START -0.349553442383 -12.7946136719 14.4370360107 250.129770992 -90.7786259542 -2.98473282443 END
START -3.82114584961 -9.19852277832 12.998120813 250.129770992 -82.7328244275 3.62595419847 END
START 7.44357296143 -2.48996972656 4.48912811279 250.129770992 -86.1755725191 11.0763358779 END
START 10.0556469727 -5.49469281006 6.90487758789 250.129770992 -78.8625954198 0.145038167939 END
START -4.30956298828 -15.6101948242 5.86579406738 250.129770992 -78.0534351145 8.80152671756 END
START 3.0526071167 -10.6613799927 6.18661708984 250.129770992 -73.1603053435 -2.7786259542 END
START 6.98388624268 -10.4147772217 11.7291939331 250.129770992 -60.786259542 1.38167938931 END
START 0.711077893066 -14.5447750854 7.9798741333 250.129770992 -60.0152671756 12.4427480916 END
START 1.98239897461 0.442927307129 7.2831614502 250.129770992 -68.3893129771 4.90076335878 END
START -4.58250197754 -12.2870429199 10.6039191528 250.129770992 -76.9618320611 4.67175572519 END
START -2.04464821777 -6.22013591309 11.3748520874 250.129770992 -54.9160305344 5.41221374046 END
START 5.84185205078 -11.6358200684 10.1083194092 250.129770992 -62.3969465649 0.259541984733 END
START -3.2992098877 -10.2567599121 5.90410129395 250.129770992 -63.213740458 -3.10687022901 END
START -4.0557776123 -11.4155535156 8.74362446289 250.129770992 -51.4198473282 9.8320610687 END
START -2.49475812988 -17.049110022 6.99106884766 250.129770992 -58.2519083969 -1.11450381679 END
START 3.77086761475 -11.2886608276 10.9343189819 250.129770992 -54.6717557252 7.8320610687 END
START -5.01106407471 -7.16105716553 7.82425102539 250.129770992 -57.0992366412 0.137404580153 END
START 1.01035310059 -3.63679232178 6.91445439453 250.129770992 -57.2519083969 2.47328244275 END
START -1.24259066162 -9.85692823486 3.59130249023 250.129770992 -58.1145038168 8.45038167939 END
START -1.45088620605 -13.6708914795 7.38611212158 250.129770992 -62.7404580153 4.0 END
START -4.56813676758 -3.42849677734 6.05254179687 250.129770992 -55.7709923664 -3.80916030534 END
START -3.22020123291 -4.63517441406 5.34625230713 250.129770992 -53.213740458 13.358778626 END
START -9.10514891357 -8.46829127197 3.9121255127 250.129770992 -65.3129770992 11.1297709924 END
START 0.825999572754 -3.82354005127 8.47068547363 250.129770992 -59.9618320611 15.4198473282 END
START 3.6296097168 -5.84185205078 9.68454571533 250.129770992 -71.8091603053 4.77099236641 END
START 2.47081611328 -7.38371791992 2.52109434814 250.129770992 -77.4503816794 0.458015267176 END
START -3.57454307861 -10.2016932739 9.85932243652 250.129770992 -66.7786259542 1.93893129771 END
START 0.514753356934 -14.0659347534 5.87776507568 250.129770992 -68.3511450382 8.64885496183 END
START 4.35265861816 -9.90720646973 4.62559760742 250.129770992 -67.9312977099 1.35877862595 END
START 2.19069451904 -7.79552060547 7.38850632324 250.129770992 -86.8244274809 15.9618320611 END
START -1.5083470459 -13.2926076172 4.31913979492 250.129770992 -73.6030534351 9.73282442748 END
START 1.52989486084 -7.04134708252 6.07408961182 250.129770992 -78.0 4.00763358779 END
START 2.64559283447 -4.25210214844 4.09408483887 250.129770992 -82.534351145 4.8320610687 END
START 3.3470939209 -14.5328040771 2.06140762939 250.129770992 -95.8625954198 13.5801526718 END
START 1.08457335205 -9.50737479248 6.48589229736 250.129770992 -88.9083969466 10.6030534351 END
START 2.23857855225 -12.490550061 3.90973131104 250.129770992 -86.2290076336 6.68702290076 END
START 9.71806453857 -12.145785022 3.61524450684 250.129770992 -92.7251908397 6.70992366412 END
START 1.88184250488 -11.4035825073 5.35104071045 250.129770992 -89.3129770992 -2.81679389313 END
START 2.32237561035 -12.7108166138 1.65199914551 250.129770992 -99.465648855 4.06106870229 END
START -4.03422979736 -12.8185556885 2.45405670166 250.129770992 -96.2442748092 15.1832061069 END
START 3.54102425537 -9.59117185059 4.8674119751 250.129770992 -103.992366412 5.01526717557 END
START -0.591367810059 -6.28477935791 4.28562097168 250.129770992 -104.34351145 13.0534351145 END
START -0.181959326172 -14.4178823975 11.8321446045 250.129770992 -104.099236641 -3.65648854962 END
START 2.20266552734 -11.6813098999 7.50582220459 250.129770992 -104.816793893 5.81679389313 END
START 10.1490208374 -14.0779057617 12.2056400635 250.129770992 -112.595419847 4.58778625954 END
START 6.79474431152 -10.1825396606 9.79228479004 250.129770992 -105.129770992 6.99236641221 END
START 2.30322199707 -6.26083734131 6.54335313721 250.129770992 -104.610687023 4.93893129771 END
START 3.08133753662 -12.4522428345 7.49863959961 250.129770992 -102.618320611 -1.41984732824 END
START 6.3637880127 -10.6206785645 3.93127912598 250.129770992 -105.114503817 -3.09923664122 END
START 6.82586893311 -11.0109334351 6.40448944092 250.129770992 -105.694656489 3.49618320611 END
START -0.9193734375 -11.7196171265 4.9152960083 250.129770992 -106.954198473 8.45038167939 END
START 1.41976158447 -5.21935961914 5.53539423828 250.129770992 -113.900763359 5.99236641221 END
START 5.07331331787 -11.1713449463 6.65348641357 250.129770992 -123.854961832 0.847328244275 END
START 4.02465299072 -11.3772462891 9.68215151367 250.129770992 -130.198473282 -4.96183206107 END
START 6.44040246582 -11.4514665405 9.40202991943 250.129770992 -127.259541985 10.4122137405 END
START 4.71418306885 -9.90241806641 8.66461580811 250.129770992 -120.610687023 -1.15267175573 END
START 6.85220515137 -3.98155736084 6.22253011475 250.129770992 -106.503816794 -1.3358778626 END
START 5.61440289307 -3.90494290771 7.3071034668 250.129770992 -103.541984733 0.603053435115 END
START -2.71981308594 -6.66545742187 8.0157871582 250.129770992 -118.06870229 6.32824427481 END
START -6.46195028076 -7.56328304443 9.33259807129 250.129770992 -104.572519084 -1.42748091603 END
START 7.72848295898 -9.90960067139 7.44596716309 250.129770992 -104.312977099 1.47328244275 END
START -2.31519300537 -5.82030423584 10.4219598267 250.129770992 -104.977099237 6.68702290076 END
START -0.256179577637 -5.77002600098 8.59997236328 250.129770992 -104.549618321 1.06870229008 END
START 9.53131680908 -8.11634362793 7.46990917969 250.129770992 -103.954198473 4.48854961832 END
START 0.193930334473 -10.0053687378 6.63193859863 250.129770992 -98.8473282443 5.14503816794 END
START 0.751779321289 -9.70130512695 13.5104799683 250.129770992 -104.427480916 -1.41984732824 END
START 1.03429511719 -11.6142722534 7.88171186523 250.129770992 -81.3893129771 10.6030534351 END
START 3.45483299561 -9.90002386475 5.66468112793 250.129770992 -79.9770992366 5.97709923664 END
START 2.77487972412 -7.82425102539 5.97353314209 250.129770992 -76.5801526718 4.62595419847 END
START 0.876277807617 -7.43160195312 4.2185833252 250.129770992 -74.7480916031 -3.29770992366 END
START 2.42293208008 -12.3277443481 6.64869801025 250.129770992 -80.1297709924 4.73282442748 END
START -4.77643231201 -2.89698400879 6.61517918701 250.129770992 -74.6564885496 2.06870229008 END
START 9.8425630249 -11.025298645 8.19535228271 250.129770992 -76.9923664122 -1.31297709924 END
START -2.34871182861 -10.5704003296 6.55292994385 250.129770992 -62.9312977099 8.19083969466 END
START -2.47799871826 -9.21288798828 6.00465776367 250.129770992 -67.1221374046 -0.587786259542 END
START 2.65277543945 -13.9462246704 4.62799180908 250.129770992 -62.4122137405 7.58778625954 END
START -3.73256038818 -10.4459018433 8.5329347168 250.129770992 -66.2442748092 -4.47328244275 END
START -5.1618987793 -7.86734665527 8.6167317749 250.129770992 -64.4809160305 0.12213740458 END