START 9.70848773193 -5.65271011963 11.0612116699 250.129770992 -72.2671755725 3.54961832061 END
START 1.43412679443 -8.67658681641 2.66714064941 250.129770992 -73.5267175573 -0.954198473282 END
START -1.6041151123 -13.7714479492 6.55292994385 250.129770992 -77.4351145038 6.74045801527 END
START 5.08049592285 -11.9303068726 12.1745154419 250.129770992 -69.2442748092 7.73282442748 END
START 7.10120212402 -3.924096521 6.96712683105 250.129770992 -86.3435114504 6.45038167939 END
START 2.60010300293 -12.7970078735 7.51539901123 250.129770992 -77.6335877863 9.39694656489 END
START -6.01423457031 -12.5025210693 9.84495722656 250.129770992 -66.2519083969 -1.54198473282 END
START 2.44926829834 -12.9119295532 9.62708487549 250.129770992 -57.6106870229 6.22900763359 END
START 8.2983029541 -11.8752402344 7.80749161377 250.129770992 -66.6335877863 2.0 END
START -4.0198645874 -9.94790789795 8.18577547607 250.129770992 -78.8396946565 9.07633587786 END
START -1.99676418457 -16.1536786011 5.26006104736 250.129770992 -66.6870229008 5.87786259542 END
START -2.08295544434 -7.53455262451 10.5919481445 250.129770992 -78.7251908397 8.76335877863 END
START -4.75009609375 -6.95036741943 8.9112185791 250.129770992 -85.9236641221 3.08396946565 END
START 2.90416661377 -6.45237347412 9.07881269531 250.129770992 -85.641221374 6.68702290076 END
START -1.12288057861 -10.3190091553 7.57764825439 250.129770992 -82.0610687023 -0.412213740458 END
START -1.25456166992 -11.2503536011 10.3405569702 250.129770992 -85.4503816794 4.04580152672 END
START -1.72621939697 -8.77953748779 6.42124885254 250.129770992 -70.8091603053 13.3511450382 END
START -3.93127912598 -12.152967627 8.76038387451 250.129770992 -85.9923664122 1.32824427481 END
START 2.0973206543 -9.82580361328 10.7403886475 250.129770992 -82.5648854962 7.12977099237 END
START 7.97508572998 -9.00219824219 9.63187327881 250.129770992 -80.7175572519 0.190839694656 END
START -7.94874951172 -8.0157871582 6.1171852417 250.129770992 -80.2977099237 2.49618320611 END
START 1.25216746826 -3.61045610352 10.8409451172 250.129770992 -77.8244274809 16.0610687023 END
START 0.296881005859 -7.43399615479 7.01740506592 250.129770992 -73.3740458015 6.84732824427 END
START 4.45800349121 -12.0859299805 7.09401951904 250.129770992 -81.1832061069 10.2900763359 END
START 1.19949503174 -14.9757313843 10.8768581421 250.129770992 -84.9007633588 4.47328244275 END
START -1.35272393799 -12.9382657715 7.3549875 250.129770992 -77.7633587786 -1.53435114504 END
START 5.09964953613 -4.6327802124 9.60314285889 250.129770992 -84.0763358779 -1.29770992366 END
START 7.3669585083 -9.31105025635 6.70376464844 250.129770992 -85.4122137405 4.96183206107 END
START 3.93367332764 -7.19936439209 4.41969626465 250.129770992 -101.259541985 7.63358778626 END
START -1.7669208252 -12.5480109009 6.78516750488 250.129770992 -85.1145038168 -0.36641221374 END
START -1.72143099365 -12.9454483765 6.61517918701 250.129770992 -91.2290076336 10.0534351145 END
START 7.16584556885 -14.3460563477 7.35977590332 250.129770992 -95.5190839695 -1.70992366412 END
START -1.70227738037 -8.92558378906 8.40843623047 250.129770992 -79.3893129771 -2.12977099237 END
START 4.31913979492 -13.5703350098 0.92655604248 250.129770992 -76.534351145 -3.75572519084 END
START 6.1770402832 -10.5775829346 5.1858407959 250.129770992 -57.1526717557 -4.12977099237 END
START 3.24893165283 -14.2862013062 1.8626888916 250.129770992 -64.1297709924 15.320610687 END
START 3.39258375244 -11.1881043579 12.9215063599 250.129770992 -76.3282442748 4.35877862595 END
START 4.97754525146 -16.4577422119 3.9959225708 250.129770992 -62.7786259542 4.42748091603 END
START 0.323217224121 -11.152191333 6.48828649902 250.129770992 -55.0610687023 7.5572519084 END
START 4.68545264893 -10.2256352905 5.5641246582 250.129770992 -62.2671755725 4.43511450382 END
START 7.0365586792 -9.44991395264 9.53849941406 250.129770992 -60.1908396947 -3.41984732824 END
START -1.80043964844 -10.532093103 8.34139858398 250.129770992 -65.7557251908 3.9465648855 END
START 3.53384165039 -11.8249619995 3.08133753662 250.129770992 -62.5267175573 3.71755725191 END
START 1.07499654541 -15.9070758301 1.1899182251 250.129770992 -66.7175572519 0.664122137405 END
START 1.74297880859 -11.0061450317 5.8107274292 250.129770992 -75.2824427481 12.0152671756 END
START -3.49792862549 -3.03105930176 6.988674646 250.129770992 -79.6030534351 14.0916030534 END
START -2.27927998047 -2.44447989502 4.84107575684 250.129770992 -85.2442748092 7.38167938931 END
START 0.691924279785 -7.86974085693 2.67432325439 250.129770992 -92.3129770992 7.62595419847 END
START 4.60404979248 -12.0476227539 7.86974085693 250.129770992 -87.4351145038 17.4122137405 END
START 10.419565625 -12.6030775391 7.03416447754 250.129770992 -103.969465649 14.2748091603 END
START 2.04464821777 -9.27034882812 11.8824228394 250.129770992 -105.106870229 17.2442748092 END
START 0.0407014282227 -13.970166687 19.246987146 250.129770992 -99.6946564885 4.38167938931 END
START 1.09893856201 -5.5401826416 8.40125362549 250.129770992 -94.9160305344 0.671755725191 END
START -0.701501086426 -7.55131203613 7.78354959717 250.129770992 -102.984732824 2.41221374046 END
START -2.97120426025 -13.5918828247 5.08049592285 250.129770992 -100.465648855 8.24427480916 END
START 2.94726224365 -12.3995703979 11.8225677979 250.129770992 -96.4580152672 18.6641221374 END
START -2.1571756958 -10.7403886475 10.6278611694 250.129770992 -99.6870229008 5.11450381679 END
START -0.220266552734 -17.8918690063 6.36139381104 250.129770992 -104.297709924 -1.57251908397 END
START -1.46285721436 -2.7341782959 5.03979449463 250.129770992 -103.770992366 12.6335877863 END
START 2.34631762695 -10.3237975586 8.31745656738 250.129770992 -97.6259541985 2.64885496183 END
START 0.426167895508 -11.0803652832 7.80030900879 250.129770992 -79.4732824427 -3.23664122137 END
START -3.3351229126 -9.67257470703 13.0436106445 250.129770992 -81.427480916 4.57251908397 END
START -0.373495458984 -8.19056387939 6.73488927002 250.129770992 -82.1908396947 19.1221374046 END
START 2.72938989258 -5.49469281006 9.52652840576 250.129770992 -85.106870229 3.14503816794 END
START -0.0957680664062 -3.52905324707 8.48744488525 250.129770992 -85.8625954198 7.14503816794 END
START 0.679953271484 -11.5735708252 9.31583865967 250.129770992 -81.5114503817 7.6641221374 END
START -5.99747515869 -7.4028715332 12.1649386353 250.129770992 -92.6183206107 6.60305343511 END
START -1.79325704346 -8.29590875244 8.60715496826 250.129770992 -78.8015267176 5.00763358779 END
START -1.52989486084 -5.56891306152 4.41490786133 250.129770992 -82.213740458 8.99236641221 END
START -0.205901342773 -10.1035310059 4.3382934082 250.129770992 -73.9389312977 -2.64885496183 END
START -3.87621248779 -9.64623848877 8.53772312012 250.129770992 -67.9160305344 3.68702290076 END
START -3.01908829346 -5.99268675537 9.43315454102 250.129770992 -53.4732824427 1.98473282443 END
START 2.85149417725 -9.2535894165 14.844050293 250.129770992 -68.4580152672 13.3511450382 END
START -0.141257897949 -8.63109698486 5.54257684326 250.129770992 -69.427480916 8.83969465649 END
START -8.71968244629 -7.13232674561 11.3580926758 250.129770992 -73.8320610687 7.0534351145 END
START 9.69891092529 -9.1578213501 12.0093155273 250.129770992 -95.5114503817 7.81679389313 END
START -0.387860668945 -3.7014357666 4.63038601074 250.129770992 -95.9923664122 10.9923664122 END
START 3.61285030518 -7.23288321533 5.99747515869 250.129770992 -84.7480916031 4.58778625954 END
START 3.90733710937 -14.4298534058 9.45470235596 250.129770992 -96.6641221374 9.31297709924 END
START -0.507570751953 -4.08929643555 4.51546433105 250.129770992 -76.8778625954 4.65648854962 END
START 0.368707055664 -9.54568201904 5.06134230957 250.129770992 -68.2366412214 13.7022900763 END
START 2.48996972656 -6.11957944336 8.30787976074 250.129770992 -67.0381679389 -0.160305343511 END
START -1.10133276367 -9.07402429199 7.77397279053 250.129770992 -71.106870229 4.41984732824 END
START -0.656011254883 -11.8010199829 5.33667550049 250.129770992 -84.9160305344 7.48854961832 END
START 4.37420643311 -9.68933411865 8.77235488281 250.129770992 -84.1145038168 6.43511450382 END
START 0.61770402832 -13.7882073608 8.42758984375 250.129770992 -78.9236641221 9.91603053435 END
START 12.5216746826 0.500388146973 4.2305543335 250.129770992 -64.4885496183 -2.29770992366 END
START -4.57771357422 -8.51378110352 9.72764134521 250.129770992 -57.6641221374 9.89312977099 END
START 9.10275471191 -8.66222160645 3.47159240723 250.129770992 -65.8396946565 14.6564885496 END
START 16.2183220459 -4.73333668213 13.0555816528 250.129770992 -48.8778625954 6.39694656489 END
START 9.56244143066 -13.2638771973 6.69897624512 250.129770992 -46.4885496183 11.358778626 END
START 3.85945307617 -2.45645090332 7.77876119385 250.129770992 -47.5648854962 -4.06106870229 END