START 3.30878669434 -12.519280481 2.88980140381 250.129770992 -75.0763358779 4.09160305344 END
START 0.268150585937 -9.41639512939 10.2040874756 250.129770992 -80.8625954198 0.274809160305 END
START -2.03267720947 -11.6214548584 10.0269165527 250.129770992 -92.2442748092 10.9160305344 END
START 0.948103857422 -11.9135474609 8.85615194092 250.129770992 -85.6717557252 6.70229007634 END
START -3.63439812012 -7.48906279297 5.74129558105 250.129770992 -76.4961832061 1.85496183206 END
START -5.32709869385 -9.98382092285 10.9079827637 250.129770992 -85.9541984733 11.0152671756 END
START 3.36385333252 -7.3789295166 13.3835872803 250.129770992 -79.0916030534 4.90076335878 END
START -3.91691391602 -14.4130939941 4.06296021729 250.129770992 -86.8473282443 7.42748091603 END
START -1.89620771484 -10.3860468018 4.49152231445 250.129770992 -90.5114503817 18.320610687 END
START -0.744596716309 -10.6685625977 10.1825396606 250.129770992 -86.6717557252 -3.3358778626 END
START -0.612915625 -4.36702382812 10.187328064 250.129770992 -79.2213740458 13.4122137405 END
START -3.6894647583 -4.27125576172 5.90410129395 250.129770992 -94.0229007634 5.57251908397 END
START 2.84191737061 -5.80833322754 8.12831463623 250.129770992 -100.030534351 11.8854961832 END
START -4.81473953857 2.31998140869 12.3205617432 250.129770992 -105.099236641 2.24427480916 END
START -3.39737215576 -13.3476742554 4.24491954346 250.129770992 -104.366412214 4.74045801527 END
START -1.8626888916 -11.7100403198 8.41083043213 250.129770992 -105.290076336 6.29007633588 END
START -0.682347473145 -11.1043072998 8.74362446289 250.129770992 -92.9465648855 10.8854961832 END
START 4.73333668213 -3.59130249023 5.41807835693 250.129770992 -104.305343511 18.0381679389 END
START -2.01591779785 -5.65749852295 13.5056915649 250.129770992 -105.282442748 6.73282442748 END
START -2.60010300293 -9.06684168701 3.77565601807 250.129770992 -103.328244275 3.12213740458 END
START 0.684741674805 -7.33343968506 4.9631800415 250.129770992 -104.648854962 -1.84732824427 END
START -0.474051928711 -2.64319863281 9.1338793335 250.129770992 -104.427480916 8.8320610687 END
START 2.06619603271 -9.12430252686 10.8313683105 250.129770992 -100.091603053 4.12977099237 END
START -2.72699569092 -9.69412252197 7.46272657471 250.129770992 -97.4351145038 4.6641221374 END
START -4.44842668457 -10.3716815918 8.73644185791 250.129770992 -104.732824427 10.0076335878 END
START -5.03979449463 -11.9805851074 7.85058724365 250.129770992 -103.984732824 -1.25190839695 END
START -0.682347473145 -9.17458076172 9.39484731445 250.129770992 -96.786259542 13.6030534351 END
START -4.41490786133 -7.03177027588 6.11239683838 250.129770992 -104.190839695 1.06106870229 END
START 7.12993254395 -6.50983431396 9.28710823975 250.129770992 -96.3282442748 6.74809160305 END
START 3.0047230835 -13.3907698853 7.08923111572 250.129770992 -90.5801526718 11.0305343511 END
START -0.964863269043 -10.9917798218 8.34858118896 250.129770992 -94.0839694656 9.58015267176 END
START 1.99676418457 -11.145008728 7.09162531738 250.129770992 -94.9389312977 7.3893129771 END
START 9.93593688965 -8.58560715332 2.99993468018 250.129770992 -77.9007633588 10.9083969466 END
START 5.1978118042 -11.8800286377 8.5688477417 250.129770992 -70.8396946565 10.3740458015 END
START -6.04057078857 -13.4578075317 12.251129895 250.129770992 -76.0229007634 6.51145038168 END
START -1.5682020874 -16.8336318726 11.4658317505 250.129770992 -66.6946564885 9.71755725191 END
START -0.210689746094 -5.68862314453 8.13070883789 250.129770992 -76.5954198473 -3.03816793893 END
START 7.18021077881 -10.180145459 7.91044228516 250.129770992 -76.7251908397 5.19083969466 END
START 1.55383687744 -4.34547601318 8.35097539062 250.129770992 -85.0534351145 8.22900763359 END
START 2.74136090088 -13.4889321533 3.79241542969 250.129770992 -75.4198473282 5.28244274809 END
START 4.46279189453 -11.4442839355 10.0915599976 250.129770992 -62.427480916 -1.37404580153 END
START 1.15639940186 -10.6757452026 6.53617053223 250.129770992 -73.1679389313 -4.96183206107 END
START 9.5720182373 -5.37737692871 8.46110866699 250.129770992 -74.6946564885 7.47328244275 END
START 4.53940634766 -6.495469104 5.31273348389 250.129770992 -73.7251908397 12.0687022901 END
START -1.60650931396 -11.7435591431 7.53694682617 250.129770992 -76.213740458 -2.65648854962 END
START 6.79235010986 -11.9638256958 6.31590397949 250.129770992 -73.0763358779 4.71755725191 END
START 1.65199914551 -10.5488525146 5.09964953613 250.129770992 -76.6870229008 4.34351145038 END
START 10.8960117554 -16.2566292725 7.24724842529 250.129770992 -74.6183206107 4.87022900763 END
START 3.48356341553 -14.5615344971 5.22414802246 250.129770992 -72.0992366412 0.175572519084 END
START -7.29034405518 -8.86572874756 5.94959112549 250.129770992 -76.8473282443 7.84732824427 END
START 7.108384729 -12.6988456055 7.65426270752 250.129770992 -79.9465648855 5.64122137405 END
START 0.366312854004 -4.50828172607 5.59524927979 250.129770992 -89.0305343511 12.213740458 END
START 0.275333190918 -9.77791958008 12.8616513184 250.129770992 -90.9618320611 0.580152671756 END
START 3.96719215088 -10.0843773926 8.39407102051 250.129770992 -107.015267176 5.22900763359 END
START -2.95923325195 -5.10922634277 5.762843396 250.129770992 -103.236641221 9.0 END
START 0.837970581055 -9.13148513184 9.25837781982 250.129770992 -97.8854961832 4.99236641221 END
START -5.70298835449 -5.12598575439 7.88650026855 250.129770992 -91.2366412214 -2.45038167939 END
START 0.280121594238 -9.80425579834 10.3621047852 250.129770992 -80.3435114504 15.0152671756 END
START 0.46686932373 -6.09084902344 12.3995703979 250.129770992 -97.0763358779 6.36641221374 END
START -3.91691391602 -6.4116720459 6.65827481689 250.129770992 -81.1603053435 10.6259541985 END
START -1.39103116455 -2.7222072876 4.84107575684 250.129770992 -86.6641221374 19.1755725191 END
START -2.21224233398 -7.92480749512 8.17619866943 250.129770992 -77.1145038168 8.8320610687 END
START 3.46440980225 -3.68467635498 7.88410606689 250.129770992 -85.6183206107 7.2213740458 END
START 3.22020123291 -1.03190091553 9.90002386475 250.129770992 -82.7709923664 -1.14503816794 END
START 9.39005891113 -7.6375032959 10.9103769653 250.129770992 -81.2519083969 1.84732824427 END
START 1.32638771973 -11.7028577148 2.10210905762 250.129770992 -83.0229007634 10.2442748092 END
START 3.62721551514 -5.16908138428 4.94642062988 250.129770992 -86.7709923664 7.64122137405 END
START -4.31195718994 -10.4650554565 7.22330640869 250.129770992 -77.2213740458 5.99236641221 END
START -0.577002600098 -4.290409375 6.84502254639 250.129770992 -84.9236641221 5.47328244275 END
START 3.42610257568 -11.8536924194 3.84269366455 250.129770992 -71.3282442748 8.34351145038 END
START 3.63679232178 -8.78911429443 13.9510130737 250.129770992 -81.1526717557 0.679389312977 END
START 1.82438166504 -9.18894597168 12.7802484619 250.129770992 -85.6641221374 2.35114503817 END
START -2.32237561035 -11.6573678833 4.59926138916 250.129770992 -91.0381679389 -0.954198473282 END
START -1.39103116455 -8.78193168945 6.91924279785 250.129770992 -77.0534351145 9.5572519084 END
START 2.88022459717 -6.78277330322 5.94719692383 250.129770992 -82.2366412214 -1.00763358779 END
START 0.780509741211 -4.98712205811 5.87297667236 250.129770992 -83.106870229 10.5038167939 END
START 1.31441671143 -11.772289563 8.59757816162 250.129770992 -93.2977099237 17.1755725191 END
START -1.52989486084 -8.33900438232 7.46751497803 250.129770992 -96.2061068702 3.52671755725 END
START 1.00795889893 -5.39413634033 7.66383951416 250.129770992 -100.328244275 -0.702290076336 END
START -0.0430956298828 -7.98226833496 4.48912811279 250.129770992 -105.610687023 4.54198473282 END
START 6.28956776123 -11.137826123 12.1984574585 250.129770992 -99.0305343511 8.62595419847 END
START 2.49475812988 -5.27921466064 9.99339772949 250.129770992 -103.702290076 12.3740458015 END
START 3.26090266113 -10.8529161255 5.77960280762 250.129770992 -101.610687023 3.73282442748 END
START 4.92966121826 -8.13070883789 11.2000753662 250.129770992 -103.854961832 6.4427480916 END
START 7.1203557373 -13.7858131592 13.4195003052 250.129770992 -92.320610687 9.56488549618 END
START 11.5783592285 -3.30399829102 5.36061751709 250.129770992 -99.1374045802 12.3740458015 END
START 8.99262143555 -6.51222851562 11.1090957031 250.129770992 -70.0381679389 -3.78625954198 END
START 8.93276639404 -12.2559182983 2.24576115723 250.129770992 -71.213740458 11.4809160305 END
START 10.1298672241 -11.3269680542 11.3221796509 250.129770992 -70.786259542 -0.0381679389313 END
START 4.39336004639 -7.81228001709 0.442927307129 250.129770992 -59.9389312977 4.58015267176 END
START 9.79946739502 -8.93037219238 10.3453453735 250.129770992 -54.6717557252 16.1374045802 END
START 16.6373073364 -10.7451770508 8.13549724121 250.129770992 -49.7786259542 -0.541984732824 END
START 6.07408961182 -8.31506236572 6.495469104 250.129770992 -42.8473282443 11.3893129771 END
START 9.90241806641 -10.771513269 12.3468979614 250.129770992 -42.893129771 3.91603053435 END
START -1.00317049561 -7.32625708008 5.89691868896 250.129770992 -32.5267175573 14.0076335878 END