START 3.75171400146 -1.86747729492 3.23456644287 250.129770992 -77.2748091603 5.32061068702 END
START -0.560243188477 -13.4673843384 7.11317313232 250.129770992 -62.9312977099 -3.30534351145 END
START -2.13802208252 -16.2326872559 4.34308181152 250.129770992 -48.5877862595 15.9160305344 END
START 1.38863696289 -7.45793817139 7.28076724854 250.129770992 -58.6870229008 5.2213740458 END
START -6.59363137207 -3.74692559814 8.98304462891 250.129770992 -61.0687022901 9.95419847328 END
START -1.41736738281 -7.86495245361 11.6358200684 250.129770992 -67.6335877863 19.4580152672 END
START -0.636857641602 -10.9008001587 8.37491740723 250.129770992 -76.8244274809 4.06870229008 END
START -3.84029946289 -9.56483563232 8.81784471436 250.129770992 -64.6717557252 0.81679389313 END
START -1.50355864258 3.99831677246 5.63116230469 250.129770992 -71.5877862595 1.64885496183 END
START -1.08936175537 -8.48983908691 13.5152683716 250.129770992 -65.1374045802 8.32061068702 END
START 3.65115753174 -8.04212337646 8.88248815918 250.129770992 -60.7251908397 14.0381679389 END
START -1.01992990723 -9.84974562988 6.01184036865 250.129770992 -69.4198473282 8.35877862595 END
START -3.16513459473 -7.15387456055 4.69502945557 250.129770992 -81.5801526718 4.65648854962 END
START -0.711077893066 -9.41878933105 4.99909306641 250.129770992 -82.3129770992 9.24427480916 END
START -3.03345350342 -10.9989624268 5.47793339844 250.129770992 -91.7709923664 0.160305343511 END
START -1.08217915039 -10.5943423462 9.84735142822 250.129770992 -97.5572519084 10.3435114504 END
START 6.38533582764 -7.59440766602 5.44202037354 250.129770992 -71.893129771 6.4427480916 END
START -2.01352359619 -8.76996068115 6.03817658691 250.129770992 -86.0992366412 5.24427480916 END
START -0.15562310791 -15.2247283569 3.76847341309 250.129770992 -79.7557251908 8.95419847328 END
START -2.04704241943 -9.74200655518 8.09000740967 250.129770992 -75.465648855 -3.87022900763 END
START 4.2425253418 -1.93930334473 11.8249619995 250.129770992 -64.8244274809 2.07633587786 END
START -3.17231719971 -6.41885465088 7.7332713623 250.129770992 -81.2366412214 13.4122137405 END
START 0.0359130249023 -7.76200178223 9.39724151611 250.129770992 -81.3740458015 11.8473282443 END
START 3.55538946533 -8.97586202393 7.6255322876 250.129770992 -75.7480916031 10.9694656489 END
START 4.75488449707 -5.66468112793 8.91840118408 250.129770992 -70.9083969466 7.24427480916 END
START 2.07816704102 -11.4514665405 8.62152017822 250.129770992 -70.8778625954 2.20610687023 END
START -1.10133276367 -10.067617981 10.5727945312 250.129770992 -72.1908396947 5.95419847328 END
START 0.718260498047 -8.05170018311 8.76517227783 250.129770992 -77.9541984733 -0.801526717557 END
START 5.64552751465 -7.01501086426 4.19703551025 250.129770992 -79.8473282443 11.572519084 END
START 2.60249720459 -6.83065733643 8.00860455322 250.129770992 -82.9465648855 11.1374045802 END
START 6.16028087158 -9.14824454346 10.6063133545 250.129770992 -70.534351145 9.43511450382 END
START 0.134075292969 -12.2056400635 6.63912120361 250.129770992 -81.6946564885 -0.328244274809 END
START 0.0933738647461 -14.5208330688 7.64229169922 250.129770992 -58.0305343511 -1.4427480916 END
START 7.3669585083 -14.844050293 3.79002122803 250.129770992 -72.1603053435 7.15267175573 END
START 1.99197578125 -9.69172832031 4.93444962158 250.129770992 -53.0458015267 5.7786259542 END
START 7.82903942871 -10.6326495728 2.71741888428 250.129770992 -48.8625954198 -2.91603053435 END
START 6.38054742432 -9.20091697998 4.65432802734 250.129770992 -55.9618320611 4.58778625954 END
START 6.84981094971 -4.58729038086 2.02549460449 250.129770992 -61.8778625954 3.37404580153 END
START 1.35990654297 -5.98550415039 4.62320340576 250.129770992 -57.6183206107 13.2366412214 END
START 6.95755002441 -11.9135474609 6.79235010986 250.129770992 -58.6641221374 4.27480916031 END
START 5.34625230713 -11.5424462036 6.12676204834 250.129770992 -65.9541984733 6.29770992366 END
START 3.3949779541 -12.9262947632 7.40526573486 250.129770992 -69.1526717557 -5.52671755725 END
START 2.85628258057 -8.24802471924 -1.1899182251 250.129770992 -76.7251908397 13.3358778626 END
START 8.28393774414 -12.5336456909 5.33428129883 250.129770992 -67.679389313 11.358778626 END
START -2.65516964111 -6.21534750977 4.10845004883 250.129770992 -84.3435114504 1.12213740458 END
START 2.00634099121 -11.2958434326 3.04781871338 250.129770992 -90.9160305344 10.0534351145 END
START -3.84029946289 -5.77002600098 8.41561883545 250.129770992 -102.854961832 -2.86259541985 END
START -0.239420166016 -5.58567247314 7.51539901123 250.129770992 -102.923664122 5.45038167939 END
START 1.59932670898 -13.0819178711 5.46117398682 250.129770992 -100.198473282 7.93893129771 END
START 1.57059628906 -6.95994422607 5.21935961914 250.129770992 -105.480916031 16.0763358779 END
START 1.12288057861 -8.28872614746 4.3502644165 250.129770992 -100.305343511 -3.58778625954 END
START 6.33505759277 -7.96550892334 10.8457335205 250.129770992 -104.129770992 7.1679389313 END
START -0.950498059082 -11.65257948 12.5958949341 250.129770992 -104.496183206 3.06870229008 END
START -3.78283862305 -10.7643306641 9.95748470459 250.129770992 -104.236641221 11.6488549618 END
START -2.12365687256 -7.9798741333 8.02296976318 250.129770992 -104.20610687 8.41221374046 END
START -1.42694418945 -4.70221206055 -1.59453830566 250.129770992 -104.190839695 4.10687022901 END
START -3.22498963623 -6.51222851562 8.2983029541 250.129770992 -103.992366412 10.1374045802 END
START 1.44370360107 -16.7306812012 6.87135876465 250.129770992 -104.175572519 9.86259541985 END
START -0.526724365234 -8.87291135254 7.05331809082 250.129770992 -103.015267176 7.41984732824 END
START -0.208295544434 -8.81066210937 8.11155522461 250.129770992 -95.0458015267 0.687022900763 END
START 1.35751234131 -5.38455953369 8.02536396484 250.129770992 -92.7633587786 12.9389312977 END
START -1.02950671387 -8.50659849854 7.86974085693 250.129770992 -88.0229007634 5.08396946565 END
START -2.40856687012 -6.91206019287 11.9590372925 250.129770992 -79.7938931298 6.26717557252 END
START 0.179565124512 -8.41561883545 6.22253011475 250.129770992 -80.3053435115 3.38167938931 END
START 4.13478626709 -11.1857101562 8.37012900391 250.129770992 -75.7251908397 8.51145038168 END
START 1.32638771973 -5.98789835205 5.80593902588 250.129770992 -99.1984732824 16.213740458 END
START 1.5322890625 -9.80186159668 2.82515795898 250.129770992 -89.6183206107 9.3358778626 END
START 1.13724578857 -1.82198746338 4.70460626221 250.129770992 -94.8244274809 7.15267175573 END
START 0.840364782715 -12.0452285522 9.61032546387 250.129770992 -80.4809160305 13.1832061069 END
START 1.04147772217 -6.66545742187 10.6230727661 250.129770992 -69.2366412214 -2.91603053435 END
START 0.624886633301 -9.31105025635 11.0971246948 250.129770992 -64.9618320611 8.64122137405 END
START 0.428562097168 -7.11556733398 7.59440766602 250.129770992 -70.3816793893 11.2213740458 END
START -7.7332713623 -6.84741674805 9.08360109863 250.129770992 -82.465648855 10.1832061069 END
START 1.92254393311 -10.180145459 5.46356818848 250.129770992 -98.9465648855 3.22900763359 END
START -0.514753356934 -5.19302340088 9.72285294189 250.129770992 -91.8320610687 8.06870229008 END
START -3.19625921631 -1.38863696289 8.82263311768 250.129770992 -99.641221374 10.9770992366 END
START -2.73657249756 -14.5567460937 5.80833322754 250.129770992 -105.175572519 1.65648854962 END
START 4.2305543335 -11.2000753662 7.89128867187 250.129770992 -105.465648855 -3.09160305344 END
START -5.74608398437 -8.53772312012 5.1379567627 250.129770992 -96.4732824427 0.480916030534 END
START 1.55144267578 -9.61032546387 7.3669585083 250.129770992 -92.679389313 1.74809160305 END
START -4.48194550781 -2.4396914917 10.3716815918 250.129770992 -98.0076335878 3.5572519084 END
START 5.07091911621 -8.76756647949 7.72848295898 250.129770992 -99.106870229 -0.290076335878 END
START 3.18907661133 -11.025298645 5.76763179932 250.129770992 -95.5801526718 3.03053435115 END
START 0.667982263184 -9.01895765381 9.93593688965 250.129770992 -98.6488549618 3.61832061069 END
START 6.28956776123 -11.5951186401 9.67975731201 250.129770992 -89.9160305344 10.1755725191 END
START 8.77714328613 -10.2807019287 8.23126530762 250.129770992 -82.0763358779 16.2290076336 END
START 11.4586491455 -10.3237975586 8.99262143555 250.129770992 -82.7251908397 4.58015267176 END