START 6.15070406494 -10.1370498291 5.47314499512 250.129770992 -68.0458015267 12.6030534351 END
START 2.22181914063 -6.83783994141 6.39730683594 250.129770992 -52.8167938931 3.11450381679 END
START 3.47877501221 -8.48505068359 5.52102902832 250.129770992 -69.2290076336 0.473282442748 END
START 3.79480963135 -6.07408961182 7.76439598389 250.129770992 -69.1755725191 4.67175572519 END
START 6.30153876953 -3.27047946777 6.78516750488 250.129770992 -71.3358778626 4.0 END
START 3.30639249268 -10.2615483154 2.99993468018 250.129770992 -74.1297709924 4.60305343511 END
START 6.12436784668 -15.1840269287 6.86417615967 250.129770992 -73.0076335878 5.51908396947 END
START 3.83072265625 -13.7283523193 2.95444484863 250.129770992 -67.9389312977 3.64885496183 END
START 6.90487758789 -9.95987890625 7.76439598389 250.129770992 -74.6030534351 -1.30534351145 END
START 5.03740029297 -11.5424462036 7.0844427124 250.129770992 -77.9541984733 2.87022900763 END
START 4.2544963501 -9.63905588379 6.62236179199 250.129770992 -70.7251908397 13.3740458015 END
START 3.05500131836 -17.2023389282 11.3461216675 250.129770992 -73.8320610687 9.51145038168 END
START -1.67115275879 -17.1903679199 9.16500395508 250.129770992 -83.8473282443 -3.75572519084 END
START 5.49948121338 -15.2845833984 9.88565865479 250.129770992 -72.3664122137 3.78625954198 END
START 1.17315881348 -8.73644185791 0.936132849121 250.129770992 -70.1679389313 -0.404580152672 END
START 5.8346694458 -12.6629325806 3.96958635254 250.129770992 -80.0534351145 14.9389312977 END
START -0.598550415039 -10.8792523438 6.84262834473 250.129770992 -78.534351145 9.32061068702 END
START 0.706289489746 -16.8982753174 4.69502945557 250.129770992 -67.4045801527 2.00763358779 END
START 0.268150585937 -13.5128741699 8.80108530273 250.129770992 -70.427480916 -4.62595419847 END
START -2.28406838379 -12.1888806519 7.0605006958 250.129770992 -68.1450381679 3.62595419847 END
START 8.48983908691 -8.57124194336 5.30555087891 250.129770992 -69.6183206107 0.69465648855 END
START -5.43244356689 -4.83389315186 5.74847818604 250.129770992 -71.1145038168 -0.320610687023 END
START -3.1364041748 -8.56405933838 8.08521900635 250.129770992 -66.6183206107 2.45801526718 END
START -0.0814028564453 -9.84495722656 9.05487067871 250.129770992 -68.9007633588 1.24427480916 END
START 0.864306799316 -11.6765214966 5.92804331055 250.129770992 -61.213740458 11.6335877863 END
START 2.18351191406 -10.7092640259 7.22809481201 250.129770992 -71.893129771 -3.61832061069 END
START 2.73178409424 -10.3860468018 2.10689746094 250.129770992 -64.213740458 -2.30534351145 END
START -1.17555301514 -10.0652237793 9.13627353516 250.129770992 -51.3358778626 7.82442748092 END
START -0.225054956055 -9.61511386719 7.98945093994 250.129770992 -60.0992366412 3.95419847328 END
START 2.24815535889 -8.60236656494 8.11394942627 250.129770992 -50.213740458 12.4961832061 END
START 1.02471831055 -5.31752188721 11.8489040161 250.129770992 -45.2290076336 11.3969465649 END
START 0.596156213379 -10.7140524292 8.67658681641 250.129770992 -37.5190839695 0.488549618321 END
START 0.694318481445 -19.2014973145 8.74123026123 250.129770992 -47.0687022901 9.93129770992 END
START 4.96078583984 -9.04768807373 8.42998404541 250.129770992 -47.3969465649 10.2824427481 END
START -3.30639249268 -12.1769096436 12.8353151001 250.129770992 -53.0381679389 8.18320610687 END
START -1.24498486328 -10.7954552856 4.94402642822 250.129770992 -51.0381679389 7.3358778626 END
START 1.90099611816 -9.82340941162 2.66714064941 250.129770992 -57.9541984733 6.60305343511 END
START 2.34392342529 -14.6333605469 12.1146604004 250.129770992 -59.7328244275 9.34351145038 END
START -2.05183082275 1.46764561768 12.5216746826 250.129770992 -51.3358778626 -2.07633587786 END
START 0.165199914551 -12.0021329224 5.22654222412 250.129770992 -43.0534351145 4.29770992366 END
START -1.55383687744 -10.8361567139 7.09162531738 250.129770992 -39.641221374 12.4732824427 END
START -4.72375987549 -13.6541320679 7.97747993164 250.129770992 -30.4580152672 8.68702290076 END
START -0.579396801758 -8.69574042969 5.72932457275 250.129770992 -42.8854961832 -3.48854961832 END
START 11.3149970459 -12.5288572876 12.5599819092 250.129770992 -40.3664122137 11.679389313 END
START -1.26413847656 -8.20492908936 6.1890112915 250.129770992 -47.8625954198 4.48091603053 END
START 3.39258375244 -15.8807396118 4.78840332031 250.129770992 -59.7480916031 4.46564885496 END
START 2.17632930908 -7.75003077393 4.13239206543 250.129770992 -60.9236641221 5.04580152672 END
START 1.33117612305 -11.0971246948 7.24724842529 250.129770992 -64.8854961832 9.71755725191 END
START 0.720654699707 -7.83143363037 7.94156690674 250.129770992 -71.7404580153 11.5038167939 END
START 1.20667763672 -10.5991307495 8.71010563965 250.129770992 -52.0076335878 7.71755725191 END
START -3.37343013916 -14.8727807129 7.34541069336 250.129770992 -56.7938931298 5.90839694656 END
START 1.35511813965 -9.04529387207 5.70538255615 250.129770992 -57.3969465649 6.3893129771 END
START 9.14106193848 -13.9174942505 10.8170031006 250.129770992 -69.9847328244 7.59541984733 END
START 4.79798012695 -5.32231029053 5.7867854126 250.129770992 -79.9541984733 11.7251908397 END
START 4.40293685303 -19.4002160522 12.5025210693 250.129770992 -82.1221374046 5.36641221374 END
START 8.40604202881 -11.6430026733 5.72693037109 250.129770992 -80.641221374 3.01526717557 END
START 12.4642138428 -10.2902787354 5.80115062256 250.129770992 -90.8854961832 12.3435114504 END
START 0.950498059082 -19.2948711792 6.74925447998 250.129770992 -84.1984732824 14.6335877863 END
START -1.43652099609 -12.4115414062 5.54497104492 250.129770992 -105.381679389 10.1297709924 END
START -3.72777198486 -6.24407792969 5.66228692627 250.129770992 -93.3435114504 6.47328244275 END
START 5.1978118042 -8.29112034912 5.97113894043 250.129770992 -92.9618320611 5.41984732824 END
START 4.3382934082 -15.5647049927 1.40060797119 250.129770992 -105.351145038 6.74809160305 END
START 3.16274039307 -13.8217261841 12.2798603149 250.129770992 -107.099236641 15.5419847328 END
START 8.78672009277 -6.16267507324 5.05894810791 250.129770992 -104.488549618 1.30534351145 END
START 2.77727392578 -9.37329949951 6.88093557129 250.129770992 -103.641221374 8.48091603053 END
START 7.66623371582 -6.20577070312 6.91924279785 250.129770992 -114.396946565 10.1755725191 END
START 1.93690914307 -10.8816465454 8.43477244873 250.129770992 -117.236641221 2.08396946565 END
START 0.775721337891 -12.3947819946 8.87291135254 250.129770992 -110.404580153 11.4122137405 END
START 3.73256038818 -4.56334836426 11.2096521729 250.129770992 -114.816793893 5.54961832061 END
START 0.730231506348 -10.8624929321 6.4236430542 250.129770992 -116.786259542 4.09160305344 END
START 4.14436307373 -6.19619389648 10.0652237793 250.129770992 -130.541984733 3.87786259542 END
START 3.14358677979 -3.99113416748 8.00860455322 250.129770992 -119.961832061 10.2519083969 END
START 0.0622492431641 -4.12281525879 8.12592043457 250.129770992 -122.519083969 3.67938931298 END
START -1.5801730957 -6.09803162842 11.2024695679 250.129770992 -118.458015267 -3.37404580153 END
START 7.60398447266 -11.3580926758 6.46434448242 250.129770992 -104.229007634 5.75572519084 END
START -1.34075292969 -8.3222449707 13.1752917358 250.129770992 -104.183206107 -3.09160305344 END
START 6.34463439941 -5.94959112549 12.1745154419 250.129770992 -103.801526718 1.25954198473 END
START 11.4873795654 -8.71489404297 13.3380974487 250.129770992 -104.458015267 5.97709923664 END
START 1.06541973877 -17.6859676636 7.58483085937 250.129770992 -104.664122137 5.64885496183 END
START 2.42293208008 -11.0779710815 10.6278611694 250.129770992 -104.374045802 5.09160305344 END
START 12.9239005615 -12.0356517456 13.0316396362 250.129770992 -96.0916030534 3.80916030534 END
START 7.34062229004 -13.8025725708 10.7140524292 250.129770992 -90.7328244275 10.0687022901 END
START 2.72938989258 -10.8720697388 8.69095202637 250.129770992 -87.320610687 4.56488549618 END
START -2.40138426514 -11.4371013306 4.31674559326 250.129770992 -85.7938931298 5.60305343511 END
START 4.48912811279 -8.99022723389 6.64630380859 250.129770992 -72.2290076336 -1.81679389313 END
START -1.61848032227 -9.95509050293 5.40850155029 250.129770992 -66.9160305344 -3.88549618321 END
START -0.328005627441 -6.67264002686 7.16584556885 250.129770992 -66.3358778626 2.03053435115 END
START 1.7788918335 -12.1936690552 7.25921943359 250.129770992 -64.3511450382 7.61832061069 END
START 5.29597407227 -7.11317313232 3.81156904297 250.129770992 -50.9541984733 10.7328244275 END
START 0.981622680664 -6.23928952637 7.53455262451 250.129770992 -56.7633587786 11.5877862595 END
START 0.0167594116211 -4.23534273682 5.97353314209 250.129770992 -51.9312977099 -3.19083969466 END
START 7.78354959717 -16.294936499 8.64785639648 250.129770992 -45.2519083969 18.4961832061 END
START -2.61925661621 -10.5871597412 5.50905802002 250.129770992 -44.4427480916 7.99236641221 END
START 2.44926829834 -12.6533557739 8.2264769043 250.129770992 -50.679389313 -5.1679389313 END
START -1.63284553223 -5.56173045654 5.4444145752 250.129770992 -53.7938931298 11.9007633588 END
START 0.349553442383 -9.7348239502 4.79079752197 250.129770992 -46.7328244275 7.45038167939 END
START 2.30082779541 -9.38766470947 8.99022723389 250.129770992 -34.1374045802 10.8320610687 END
START -2.38701905518 -5.53778843994 2.04225401611 250.129770992 -37.3358778626 9.80152671756 END
START 8.37731160889 -7.06289489746 8.09958421631 250.129770992 -35.2290076336 -1.97709923664 END
START -0.292092602539 -8.94234320068 3.21780703125 250.129770992 -45.4885496183 2.84732824427 END
START 9.24640681152 -11.1402203247 5.11401474609 250.129770992 -44.7633587786 7.20610687023 END
START 8.09958421631 -1.19710083008 10.2256352905 250.129770992 -45.0458015267 3.39694656489 END
START 2.96881005859 -9.96227310791 6.48110389404 250.129770992 -45.2671755725 -1.10687022901 END
START 9.02614025879 -3.96719215088 3.50271702881 250.129770992 -43.8778625954 -2.51145038168 END
START 6.44997927246 -9.52892260742 6.44279666748 250.129770992 -21.4732824427 -2.32824427481 END
START -1.05584293213 -14.2622592896 11.9518546875 250.129770992 0.374045801527 9.28244274809 END
START 7.44357296143 -12.1745154419 5.03021768799 250.129770992 0.63358778626 9.6106870229 END
START -0.940921252441 -10.8074262939 7.49145699463 250.129770992 -9.64885496183 10.2442748092 END
START 1.72861359863 -11.159373938 4.17548769531 250.129770992 -32.5114503817 3.19847328244 END
START 3.09809694824 -4.28562097168 4.69024105225 250.129770992 -47.1221374046 8.77099236641 END
START 5.78917961426 -13.8743986206 6.28717355957 250.129770992 -48.7404580153 5.47328244275 END
START -0.337582434082 -14.3699983643 0.509964953613 250.129770992 -52.9083969466 4.69465648855 END
START 4.23773693848 -10.9989624268 5.40371314697 250.129770992 -57.5572519084 15.5190839695 END
START 9.94311949463 -4.14196887207 14.9470009644 250.129770992 -62.5954198473 -1.96183206107 END
START 1.8626888916 -3.52187064209 9.36611689453 250.129770992 -66.9465648855 2.76335877863 END
START 7.17542237549 -13.4649901367 8.59997236328 250.129770992 -78.0534351145 9.74045801527 END
START -1.55144267578 -12.7395470337 6.46913288574 250.129770992 -78.3740458015 6.95419847328 END
START -6.27759675293 -11.9877677124 7.0365586792 250.129770992 -86.3511450382 2.19083969466 END
START -3.27047946777 -9.26316622314 5.31991608887 250.129770992 -76.7175572519 11.3740458015 END
START 11.1785275513 -6.73488927002 5.03500609131 250.129770992 -82.9770992366 6.11450381679 END
START -2.23139594727 -7.17063397217 9.7348239502 250.129770992 -93.5190839695 4.45038167939 END
START 3.67988795166 -5.91846650391 7.20415279541 250.129770992 -82.7938931298 -0.0763358778626 END
START 3.41413156738 -5.05415970459 2.23379014893 250.129770992 -88.2290076336 15.8702290076 END
START 4.52025273438 -9.61990227051 7.29273825684 250.129770992 -85.2290076336 9.80152671756 END
START 4.89614239502 -10.9917798218 9.27274302979 250.129770992 -88.8396946565 -4.81679389313 END
START 2.47799871826 -11.877634436 9.98382092285 250.129770992 -76.8854961832 25.0152671756 END
START 7.75960758057 -9.49779798584 8.73404765625 250.129770992 -64.9847328244 13.7557251908 END
START 4.8913539917 -8.96867941895 10.3453453735 250.129770992 -57.7557251908 1.23664122137 END
START -2.59770880127 -3.98155736084 8.64306799316 250.129770992 -51.9236641221 -3.75572519084 END