START 2.67192905273 -9.98860932617 5.53300003662 250.129770992 -76.2595419847 -1.76335877863 END
START -2.00634099121 -8.8513635376 10.6087075562 250.129770992 -89.3282442748 3.15267175573 END
START -1.98239897461 -6.36857641602 8.34139858398 250.129770992 -79.9618320611 18.5038167939 END
START -2.4037784668 -9.1817633667 7.25682523193 250.129770992 -61.9847328244 4.29007633588 END
START 0.842758984375 -7.59919606934 12.1002951904 250.129770992 -73.3893129771 14.1450381679 END
START -0.550666381836 -4.43166727295 9.71806453857 250.129770992 -74.0992366412 14.1450381679 END
START 3.62721551514 -11.5687824219 10.3429511719 250.129770992 -67.2900763359 -3.04580152672 END
START 5.12598575439 -10.3118265503 5.4922986084 250.129770992 -66.5801526718 7.48854961832 END
START 0.665588061523 -7.6375032959 9.76594857178 250.129770992 -69.6717557252 4.45801526718 END
START -0.0478840332031 -10.0317049561 10.2136642822 250.129770992 -81.4503816794 -0.114503816794 END
START -2.56658417969 -8.5688477417 6.27520255127 250.129770992 -75.9007633588 6.31297709924 END
START 0.481234533691 -11.5879360352 6.74686027832 250.129770992 -64.7251908397 15.1221374046 END
START 2.29603939209 -3.81635744629 8.84418093262 250.129770992 -65.2442748092 6.96946564885 END
START -2.85388837891 -10.7116582275 6.26323154297 250.129770992 -63.4961832061 3.9465648855 END
START -1.18512982178 -8.75798967285 7.93438430176 250.129770992 -78.5419847328 4.57251908397 END
START -7.58483085937 -8.09719001465 6.65827481689 250.129770992 -74.4122137405 10.465648855 END
START -1.96803376465 -7.9559321167 3.3710359375 250.129770992 -71.0610687023 3.46564885496 END
START 7.32865128174 -7.3190744751 5.97113894043 250.129770992 -79.5648854962 4.97709923664 END
START -0.955286462402 -9.38287630615 11.4083709106 250.129770992 -56.8091603053 10.0305343511 END
START -2.04464821777 -14.8416560913 6.35899960937 250.129770992 -63.3969465649 5.31297709924 END
START -0.478840332031 -9.39245311279 4.31674559326 250.129770992 -55.3893129771 9.63358778626 END
START -1.39103116455 -10.2807019287 12.5097036743 250.129770992 -61.9770992366 11.5038167939 END
START 4.08929643555 -3.14598098145 5.77242020264 250.129770992 -65.1374045802 2.43511450382 END
START -0.864306799316 -7.12993254395 9.66299790039 250.129770992 -59.8702290076 1.48091603053 END
START 8.14986245117 -13.603853833 9.99818613281 250.129770992 -71.465648855 9.52671755725 END
START 2.39899006348 -8.72925925293 8.04212337646 250.129770992 -71.9923664122 11.7633587786 END
START 3.62721551514 -14.8799633179 5.27442625732 250.129770992 -68.106870229 7.0534351145 END
START 6.48828649902 -11.4299187256 5.62397969971 250.129770992 -65.7557251908 10.0763358779 END
START 4.9512090332 -9.70369932861 4.61362659912 250.129770992 -75.7633587786 6.12213740458 END
START 2.35350023193 -10.8122146973 11.0779710815 250.129770992 -69.5267175573 0.221374045802 END
START 7.58483085937 -8.99740983887 8.42519564209 250.129770992 -70.3969465649 7.39694656489 END
START 4.96796844482 -8.04212337646 4.05817181396 250.129770992 -77.5496183206 5.62595419847 END
START 10.5919481445 -6.21534750977 4.89614239502 250.129770992 -71.6946564885 5.09160305344 END
START 1.2856862915 -10.7547538574 6.59363137207 250.129770992 -68.2824427481 13.534351145 END
START 6.3637880127 -10.3214033569 6.4116720459 250.129770992 -69.2900763359 4.86259541985 END
START 4.01747038574 -10.9678378052 6.08845482178 250.129770992 -64.1832061069 -1.41984732824 END
START 7.35019909668 -12.4115414062 2.66235224609 250.129770992 -62.8320610687 4.47328244275 END
START -2.57855518799 -7.88410606689 4.32392819824 250.129770992 -76.9083969466 5.24427480916 END
START 2.18351191406 -13.1657149292 7.66623371582 250.129770992 -68.7633587786 9.46564885496 END
START -1.26653267822 -5.68383474121 7.19936439209 250.129770992 -64.9847328244 0.442748091603 END
START 0.363918652344 -10.9582609985 4.3263223999 250.129770992 -78.3053435115 5.56488549618 END
START -1.78607443848 -17.5806227905 8.76517227783 250.129770992 -81.5419847328 4.09160305344 END
START 8.36534060059 -9.15303294678 5.56173045654 250.129770992 -94.9160305344 1.82442748092 END
START 0.426167895508 -12.2056400635 8.22887110596 250.129770992 -101.404580153 -3.90076335878 END
START 6.72770666504 -3.07415493164 7.25682523193 250.129770992 -101.473282443 7.78625954198 END
START -2.76290871582 -6.51701691895 6.52898792725 250.129770992 -104.93129771 11.4732824427 END
START -1.48919343262 -10.2064816772 10.314220752 250.129770992 -104.198473282 3.46564885496 END
START 7.42202514648 -11.5352635986 7.18978758545 250.129770992 -104.702290076 6.63358778626 END
START 3.30878669434 -12.5743471191 6.66066901855 250.129770992 -104.541984733 7.0534351145 END
START 5.96635053711 -9.35654008789 3.05739552002 250.129770992 -104.129770992 -3.6106870229 END
START 4.56334836426 -10.8122146973 5.87776507568 250.129770992 -98.3664122137 5.09160305344 END
START 1.02471831055 -4.48912811279 12.6701151855 250.129770992 -104.419847328 11.5419847328 END
START -7.89368287354 -12.6940572021 4.83628735352 250.129770992 -104.526717557 -1.96946564885 END
START 4.37660063477 -8.19535228271 5.84185205078 250.129770992 -104.091603053 7.71755725191 END
START -2.95205064697 -9.21288798828 8.25760152588 250.129770992 -104.832061069 4.16030534351 END
START -1.56341368408 -11.2144405762 6.29435616455 250.129770992 -101.847328244 0.610687022901 END
START 0.14604630127 -12.4594254395 9.39724151611 250.129770992 -105.465648855 -0.801526717557 END
START -0.162805712891 -10.8409451172 6.50265170898 250.129770992 -103.86259542 0.977099236641 END
START -1.48679923096 -10.0221281494 7.57046564941 250.129770992 -97.4427480916 7.95419847328 END
START 0.371101257324 -15.0068560059 6.18661708984 250.129770992 -98.572519084 -2.06870229008 END
START 0.500388146973 -6.47631549072 11.4299187256 250.129770992 -99.3358778626 -2.31297709924 END
START -2.54264216309 -5.94240852051 9.95509050293 250.129770992 -104.969465649 21.6488549618 END
START 1.40539637451 -7.29034405518 6.73728347168 250.129770992 -104.618320611 3.15267175573 END
START -1.07260234375 -4.12760366211 6.34463439941 250.129770992 -100.664122137 -5.70229007634 END
START 3.67988795166 -9.54568201904 4.2305543335 250.129770992 -83.6641221374 9.47328244275 END
START 2.82515795898 -8.82502731934 8.9112185791 250.129770992 -82.2519083969 -3.76335877863 END
START -2.04943662109 -7.20654699707 7.87931766357 250.129770992 -76.8015267176 -0.24427480916 END
START -2.80361014404 -9.5001921875 9.58398924561 250.129770992 -86.7938931298 -3.2213740458 END
START 2.01591779785 -6.47392128906 3.73974299316 250.129770992 -74.6564885496 12.0076335878 END
START 1.8267758667 -11.8297504028 7.36456430664 250.129770992 -82.7404580153 9.21374045802 END
START -3.87142408447 -11.7770779663 8.36294639893 250.129770992 -87.3435114504 14.2061068702 END
START -1.56580788574 -7.87692346191 7.96550892334 250.129770992 -78.6183206107 5.74045801527 END
START -0.830787976074 -8.89445916748 6.47392128906 250.129770992 -85.3740458015 11.679389313 END
START 5.71256516113 -4.98472785645 4.69263525391 250.129770992 -89.8778625954 -1.04580152672 END
START 1.44609780273 -5.40371314697 8.54969412842 250.129770992 -77.7251908397 10.9465648855 END
START -0.428562097168 -7.01740506592 5.75805499268 250.129770992 -67.4809160305 -2.03816793893 END
START 2.04943662109 -5.00388146973 7.76679018555 250.129770992 -71.2442748092 -3.69465648855 END
START 0.634463439941 -7.13950935059 5.81551583252 250.129770992 -83.3511450382 6.50381679389 END
START 4.84586416016 -2.46123930664 4.85065256348 250.129770992 -87.7786259542 7.25954198473 END
START 8.56405933838 -5.97832154541 6.41406624756 250.129770992 -99.3282442748 19.4427480916 END
START 4.23294853516 -4.2305543335 5.27442625732 250.129770992 -84.0534351145 5.13740458015 END
START 5.43004936523 -10.9726262085 5.40371314697 250.129770992 -75.2442748092 7.14503816794 END
START 5.80833322754 -11.1019130981 4.22816013184 250.129770992 -62.4122137405 11.8015267176 END
START 13.8959464355 -4.08450803223 8.75080706787 250.129770992 -50.9694656489 18.641221374 END
START 3.02387669678 -12.3085907349 9.86411083984 250.129770992 -46.0152671756 -3.24427480916 END
START 1.07978494873 -9.99579193115 4.81952794189 250.129770992 -43.8625954198 12.3435114504 END
START 8.64306799316 -7.56567724609 7.24964262695 250.129770992 -44.4122137405 8.69465648855 END