START 4.58010777588 -12.1816980469 5.64792171631 250.129770992 -82.6183206107 1.01526717557 END
START 3.37582434082 -9.23204160156 7.92241329346 250.129770992 -97.8702290076 6.52671755725 END
START 2.73657249756 -11.4778027588 6.26083734131 250.129770992 -74.4809160305 5.25954198473 END
START -2.1691467041 -11.1857101562 5.56173045654 250.129770992 -77.572519084 1.93129770992 END
START 3.77805021973 -12.5815297241 5.13077415771 250.129770992 -79.0916030534 5.60305343511 END
START 6.79474431152 -10.2950671387 10.3094323486 250.129770992 -79.6717557252 2.77099236641 END
START -1.00556469727 -14.6740619751 6.26083734131 250.129770992 -76.5267175573 0.687022900763 END
START -4.57053096924 -10.6901104126 9.560047229 250.129770992 -79.4503816794 -1.92366412214 END
START -0.294486804199 -10.2256352905 10.0700121826 250.129770992 -71.1374045802 4.78625954198 END
START 3.13879837646 -8.74601866455 7.11317313232 250.129770992 -59.1603053435 3.36641221374 END
START -1.20667763672 -5.40371314697 4.75009609375 250.129770992 -65.3053435115 0.198473282443 END
START -2.23618435059 -7.70693514404 7.74763657227 250.129770992 -58.0916030534 1.96183206107 END
START -6.68461103516 -9.33020386963 3.86424147949 250.129770992 -62.7175572519 -1.60305343511 END
START 1.37906015625 -9.31344445801 11.2096521729 250.129770992 -60.213740458 -1.88549618321 END
START -2.04943662109 -14.7458880249 10.6996872192 250.129770992 -57.6946564885 9.31297709924 END
START -0.577002600098 -2.22421334229 11.1904985596 250.129770992 -76.9007633588 -1.75572519084 END
START -0.962469067383 -5.06613071289 6.56968935547 250.129770992 -66.0305343511 22.7404580153 END
START 3.88339509277 -7.9319901001 4.99430466309 250.129770992 -70.8778625954 6.67175572519 END
START 0.191536132812 -8.43716665039 6.59363137207 250.129770992 -77.3664122137 0.12213740458 END
START -1.85550628662 -12.4498486328 9.1458503418 250.129770992 -60.7328244275 9.5572519084 END
START 0.241814367676 -9.92875428467 4.89614239502 250.129770992 -58.641221374 5.79389312977 END
START 5.03021768799 -16.0387569214 7.74763657227 250.129770992 -53.7557251908 7.38167938931 END
START 2.84909997559 -8.47547387695 3.14837518311 250.129770992 -59.3282442748 3.65648854962 END
START -2.085349646 -12.1745154419 12.5839239258 250.129770992 -61.4580152672 9.06106870229 END
START 1.88423670654 -5.71256516113 11.0229044434 250.129770992 -58.9236641221 1.2213740458 END
START 3.86424147949 -10.6326495728 7.57046564941 250.129770992 -63.8015267176 3.09160305344 END
START -1.87705410156 -10.1897222656 12.27267771 250.129770992 -67.7022900763 -0.916030534351 END
START 0.751779321289 -7.24006582031 10.7332060425 250.129770992 -68.7557251908 -0.572519083969 END
START 9.05726488037 -8.27675513916 3.84748206787 250.129770992 -55.641221374 -2.93893129771 END
START -0.548272180176 -12.27267771 6.15070406494 250.129770992 -54.8167938931 0.824427480916 END
START -5.99029255371 -13.7618711426 6.65109221191 250.129770992 -59.8702290076 3.04580152672 END
START 4.25689055176 -11.3078144409 5.11640894775 250.129770992 -66.1221374046 1.59541984733 END
START 3.67749375 -12.871228125 11.9087590576 250.129770992 -61.2748091603 3.45038167939 END
START 2.31279880371 -13.2135989624 6.66066901855 250.129770992 -64.0992366412 6.73282442748 END
START 2.07098443604 -14.6716677734 4.89614239502 250.129770992 -72.9541984733 -0.786259541985 END
START 3.3710359375 -11.8704518311 9.30626185303 250.129770992 -64.7480916031 -2.25954198473 END
START 0.46686932373 -13.5775176147 0.995987890625 250.129770992 -62.3816793893 5.78625954198 END
START 3.58890828857 -11.9566430908 13.4266829102 250.129770992 -60.4885496183 8.8320610687 END
START 1.56101948242 -11.2000753662 3.47159240723 250.129770992 -59.786259542 8.85496183206 END
START 3.84269366455 -7.89128867187 12.6557499756 250.129770992 -66.8091603053 4.28244274809 END
START 7.3071034668 -7.49863959961 11.8752402344 250.129770992 -76.1603053435 6.39694656489 END
START 1.65678754883 -11.0444522583 4.39814844971 250.129770992 -68.2442748092 5.83969465649 END
START -1.00077629395 -17.3866924561 7.11796153564 250.129770992 -88.7633587786 3.77099236641 END
START 6.54335313721 -9.2057053833 5.5760956665 250.129770992 -85.7786259542 6.51908396947 END
START 3.66073433838 -19.0339031982 5.54975944824 250.129770992 -79.5419847328 9.64885496183 END
START 9.48582697754 -8.61433757324 10.7427828491 250.129770992 -79.1679389313 5.73282442748 END
START -0.890643017578 -14.4154881958 7.93917270508 250.129770992 -95.4427480916 13.7938931298 END
START 5.84903465576 -11.1737391479 2.67671745605 250.129770992 -90.0610687023 13.3969465649 END
START 2.79642753906 -8.58560715332 8.42519564209 250.129770992 -81.9694656489 12.4122137405 END
START -3.12203896484 -5.96156213379 5.33428129883 250.129770992 -90.3816793893 2.35114503817 END
START -0.181959326172 -12.2702835083 9.23683000488 250.129770992 -102.221374046 2.17557251908 END
START -1.70706578369 -10.9582609985 5.66468112793 250.129770992 -90.1908396947 4.0 END
START 3.14598098145 -11.8034141846 9.02614025879 250.129770992 -103.977099237 18.0381679389 END
START 7.75721337891 -10.3668931885 8.83220992432 250.129770992 -104.709923664 7.31297709924 END
START -3.16513459473 -8.2504189209 7.97747993164 250.129770992 -105.129770992 -3.2213740458 END
START -2.64080443115 -8.74362446289 6.24407792969 250.129770992 -104.083969466 3.96946564885 END
START 5.48990440674 -9.80904420166 5.12837995605 250.129770992 -104.061068702 9.14503816794 END
START 4.58968458252 -9.23922420654 6.0573302002 250.129770992 -103.625954198 4.45038167939 END
START -0.447715710449 -6.46913288574 7.21612380371 250.129770992 -104.419847328 3.70992366412 END
START -0.428562097168 -12.1721212402 6.02381137695 250.129770992 -104.816793893 -0.671755725191 END
START 1.90578452148 -8.15943925781 6.74686027832 250.129770992 -104.465648855 13.1984732824 END
START 2.94486804199 -8.39167681885 9.65102689209 250.129770992 -109.694656489 4.40458015267 END
START -1.82438166504 -18.4592947998 6.02381137695 250.129770992 -113.572519084 2.64885496183 END
START -2.95444484863 -8.42998404541 14.1808564331 250.129770992 -104.618320611 9.43511450382 END
START 3.27287366943 -10.0484643677 10.1538092407 250.129770992 -110.763358779 -1.41984732824 END
START -3.10527955322 -13.6972276978 8.93755479736 250.129770992 -104.526717557 9.07633587786 END
START -1.35032973633 -17.0658694336 12.3421095581 250.129770992 -84.8320610687 10.4503816794 END
START -1.55383687744 -15.217545752 8.15704505615 250.129770992 -85.0992366412 -2.48091603053 END
START 0.557848986816 -6.7779848999 5.8346694458 250.129770992 -70.7099236641 -3.19083969466 END
START -3.55299526367 -11.5161099854 5.57848986816 250.129770992 -73.0687022901 0.18320610687 END
START -3.26329686279 -11.750741748 4.92008441162 250.129770992 -64.893129771 7.85496183206 END
START 4.75967290039 -3.6296097168 5.57130726318 250.129770992 -70.1526717557 8.9465648855 END
START 6.73967767334 -6.68700523682 8.74123026123 250.129770992 -56.5419847328 3.78625954198 END
START 4.34068760986 -9.57920084229 8.80108530273 250.129770992 -55.0916030534 1.24427480916 END
START -3.36624753418 -8.85615194092 8.04930598145 250.129770992 -54.2824427481 10.9618320611 END
START 5.65031591797 -12.2798603149 7.17063397217 250.129770992 -64.1908396947 8.47328244275 END
START 0.809240161133 -11.0827594849 9.95269630127 250.129770992 -58.8015267176 9.71755725191 END
START 2.82755216064 -3.96479794922 7.59680186768 250.129770992 -71.8244274809 2.22900763359 END
START -4.61362659912 -5.35343491211 7.49863959961 250.129770992 -65.7251908397 0.427480916031 END
START -1.76931502686 -8.28393774414 6.26562574463 250.129770992 -58.8396946565 3.8320610687 END
START -0.126892687988 -5.4444145752 2.78924493408 250.129770992 -56.358778626 3.25954198473 END
START 2.14281048584 -4.9631800415 10.1633860474 250.129770992 -56.893129771 2.87022900763 END
START -0.292092602539 -5.72693037109 11.906364856 250.129770992 -66.5190839695 11.786259542 END
START -1.94169754639 -15.92144104 9.16021555176 250.129770992 -78.7557251908 2.62595419847 END
START 2.60489140625 -13.7475059326 6.02859978027 250.129770992 -88.6488549618 4.88549618321 END
START 1.80522805176 -11.9829793091 5.38455953369 250.129770992 -86.5496183206 -0.442748091603 END
START -4.64714542236 -6.99346304932 -0.861912597656 250.129770992 -68.2061068702 1.0 END
START 3.76607921143 -12.1266314087 7.68059892578 250.129770992 -47.2824427481 7.39694656489 END
START 2.55221896973 -1.62566292725 12.9574193848 250.129770992 -59.3358778626 2.19083969466 END
START -1.54665427246 -7.20415279541 6.05014759521 250.129770992 -57.2290076336 -3.49618320611 END
START -5.65989272461 -9.69651672363 8.76038387451 250.129770992 -67.8473282443 0.992366412214 END
START 9.43076033936 -4.34068760986 8.94473740234 250.129770992 -81.6259541985 5.67938931298 END
START 2.63122762451 -8.41083043213 7.39329472656 250.129770992 -71.2061068702 0.0610687022901 END
START 1.7908628418 -14.4178823975 12.6342021606 250.129770992 -61.2213740458 4.96946564885 END
START 1.90817872314 -6.54095893555 6.36857641602 250.129770992 -37.6030534351 -3.35114503817 END
START 7.53455262451 -15.0858646606 8.98304462891 250.129770992 -46.465648855 3.06106870229 END
START 1.90339031982 -8.93276639404 6.16746347656 250.129770992 -43.572519084 10.5190839695 END
START 8.76038387451 -9.53371101074 7.84579884033 250.129770992 -56.0763358779 5.58778625954 END
START -3.24414324951 -3.12682736816 7.9319901001 250.129770992 -57.9618320611 5.56488549618 END
START 6.82347473145 -8.92558378906 1.67115275879 250.129770992 -63.1984732824 10.4045801527 END
START 6.98628044434 -11.2886608276 7.66383951416 250.129770992 -71.2748091603 -4.07633587786 END
START 4.66390483398 -9.01656345215 6.0693012085 250.129770992 -64.6488549618 2.09923664122 END
START 4.72615407715 -8.3461869873 7.7332713623 250.129770992 -65.2442748092 -1.22900763359 END
START 3.7493197998 -16.3859161621 7.95832631836 250.129770992 -67.7938931298 7.79389312977 END