START -5.56173045654 -8.38688841553 8.05409438477 250.129770992 -65.2213740458 2.81679389313 END
START -2.89698400879 -6.27999095459 9.73961235352 250.129770992 -60.7099236641 7.79389312977 END
START 2.51870014648 -9.86889924316 11.2216231812 250.129770992 -69.0229007634 11.3816793893 END
START 2.60967980957 -8.90403597412 6.62954439697 250.129770992 -70.6259541985 -0.0992366412214 END
START 3.53144744873 -19.5271087402 5.48511600342 250.129770992 -67.5038167939 1.79389312977 END
START -1.39103116455 -6.21774171143 13.6349784546 250.129770992 -65.9465648855 -0.328244274809 END
START -5.60722028809 -9.31344445801 4.77164390869 250.129770992 -61.7633587786 -0.603053435115 END
START -1.43891519775 -9.30626185303 4.10605584717 250.129770992 -64.4427480916 12.534351145 END
START -5.86339986572 -5.10443793945 9.54568201904 250.129770992 -63.4885496183 0.625954198473 END
START -4.57771357422 -12.5288572876 2.81079274902 250.129770992 -63.3969465649 10.8244274809 END
START -1.07978494873 -8.6167317749 8.59039555664 250.129770992 -66.2442748092 -0.0763358778626 END
START 2.04704241943 -10.9869914185 10.1322614258 250.129770992 -65.1755725191 -1.06870229008 END
START 8.10197841797 -11.4466781372 6.78037910156 250.129770992 -69.4122137405 3.1679389313 END
START -0.30166940918 -10.2328178955 5.33188709717 250.129770992 -73.7022900763 11.2442748092 END
START -1.17555301514 -7.65665690918 8.04930598145 250.129770992 -63.3129770992 1.75572519084 END
START -6.17225187988 -6.43800826416 2.61207401123 250.129770992 -72.7328244275 12.0076335878 END
START -0.883460412598 -12.7491238403 8.03733497314 250.129770992 -69.2519083969 6.17557251908 END
START -1.54665427246 -7.09880792236 6.52898792725 250.129770992 -67.9160305344 12.5190839695 END
START -1.33596452637 -14.0802999634 5.06852491455 250.129770992 -67.6335877863 -0.854961832061 END
START -1.98958157959 -12.8616513184 6.04775339355 250.129770992 -65.2213740458 -2.40458015267 END
START -2.16196409912 -8.12831463623 9.83298621826 250.129770992 -68.6488549618 15.1679389313 END
START -0.708683691406 -13.9581956787 9.45949075928 250.129770992 -66.213740458 -1.58778625954 END
START -2.67911165771 -12.3373211548 7.6494743042 250.129770992 -68.0 8.37404580153 END
START -3.68228215332 -12.4690022461 8.09479581299 250.129770992 -73.8702290076 0.763358778626 END
START -0.0119710083008 -11.5711766235 1.83156427002 250.129770992 -78.3053435115 10.0610687023 END
START -0.488417138672 -12.6437789673 6.44040246582 250.129770992 -70.3740458015 10.0 END
START -1.63763393555 -8.19535228271 13.4817495483 250.129770992 -84.8396946565 -1.29770992366 END
START -1.45806881104 -10.5608235229 7.93438430176 250.129770992 -67.534351145 10.4961832061 END
START -5.75805499268 -12.4019645996 3.07176072998 250.129770992 -81.2595419847 3.96183206107 END
START 6.91924279785 -11.039663855 4.15154567871 250.129770992 -98.9236641221 6.28244274809 END
START -8.38928261719 -2.88501300049 9.89523546143 250.129770992 -83.6717557252 4.04580152672 END
START -0.972045874023 -8.14746824951 8.25520732422 250.129770992 -81.9847328244 -2.93893129771 END
START -2.72460148926 -8.55208833008 9.2655604248 250.129770992 -79.893129771 11.6564885496 END
START -1.50116444092 -5.50187541504 6.86896456299 250.129770992 -84.8167938931 -4.1679389313 END
START 3.09570274658 -7.98705673828 4.45082088623 250.129770992 -84.5267175573 8.73282442748 END
START -3.86663568115 -10.067617981 5.32709869385 250.129770992 -87.1832061069 -3.46564885496 END
START 4.61841500244 -7.45075556641 9.7707369751 250.129770992 -85.9770992366 9.48854961832 END
START 12.265495105 -5.78439121094 8.15704505615 250.129770992 -84.0992366412 -1.74809160305 END
START -0.110133276367 -12.617442749 11.1689507446 250.129770992 -88.5267175573 6.43511450382 END
START 5.93043751221 -10.4866032715 10.3309801636 250.129770992 -87.3816793893 3.28244274809 END
START 0.0383072265625 -9.39724151611 10.1825396606 250.129770992 -79.6030534351 1.75572519084 END
START 8.89206496582 -10.0412817627 5.24090743408 250.129770992 -77.0076335878 7.12977099237 END
START 4.57531937256 -5.30794508057 5.84185205078 250.129770992 -76.213740458 0.610687022901 END
START 0.421379492187 -13.1968395508 2.94965644531 250.129770992 -67.427480916 3.12213740458 END
START 6.30153876953 -12.6677209839 6.17943448486 250.129770992 -70.4427480916 10.0610687023 END
START 6.32787498779 -9.37090529785 12.0595937622 250.129770992 -77.0305343511 9.12213740458 END
START 5.78439121094 -9.12430252686 5.73171877441 250.129770992 -64.3816793893 -0.610687022901 END
START 3.11006795654 -10.3453453735 11.2048637695 250.129770992 -67.6641221374 4.90839694656 END
START 10.1705686523 -9.37329949951 3.89536610107 250.129770992 -63.8778625954 1.51145038168 END
START 4.56813676758 -5.65271011963 7.4028715332 250.129770992 -67.8702290076 11.7938931298 END
START 2.55700737305 -17.0467158203 5.8107274292 250.129770992 -65.5801526718 5.16030534351 END
START 4.07014282227 -12.4785790527 4.71897147217 250.129770992 -70.213740458 11.7022900763 END
START -0.165199914551 -10.7284176392 5.5042696167 250.129770992 -62.1145038168 -1.85496183206 END
START 3.0885201416 -11.8896054443 4.20900651855 250.129770992 -61.3282442748 12.0381679389 END
START 6.45476767578 -2.19548292236 9.36132849121 250.129770992 -59.5877862595 3.31297709924 END
START -3.83790526123 -8.19774648437 9.48343277588 250.129770992 -66.2290076336 -1.07633587786 END
START -0.651222851562 -18.2893064819 5.87297667236 250.129770992 -71.320610687 5.64122137405 END
START 4.55137735596 -12.1266314087 2.92810863037 250.129770992 -70.7251908397 13.0763358779 END
START 1.05105452881 -13.5080857666 6.75883128662 250.129770992 -68.8778625954 6.86259541985 END
START 2.98078106689 -9.98142672119 8.9351605957 250.129770992 -73.0992366412 4.58778625954 END
START 4.42448466797 -9.34696328125 11.5352635986 250.129770992 -71.9083969466 5.54198473282 END
START -1.8267758667 -6.42124885254 7.62074388428 250.129770992 -66.6106870229 -0.526717557252 END
START 4.67108743896 -11.039663855 9.05008227539 250.129770992 -63.8473282443 1.49618320611 END
START 3.53623585205 -9.96706151123 6.28717355957 250.129770992 -73.9236641221 16.0763358779 END
START 4.91290180664 -7.90086547852 4.8314989502 250.129770992 -78.358778626 -0.320610687023 END
START 1.74297880859 -18.0762225342 11.7746837646 250.129770992 -82.9465648855 11.5267175573 END
START -3.52905324707 -11.6573678833 5.26724365234 250.129770992 -78.1984732824 7.12213740458 END
START 2.75093770752 -7.89368287354 4.00071097412 250.129770992 -79.1679389313 -2.53435114504 END
START -4.41969626465 -2.49475812988 12.2271878784 250.129770992 -87.0992366412 6.92366412214 END
START -2.20984813232 -6.57926616211 11.0061450317 250.129770992 -84.427480916 -1.52671755725 END
START 2.76530291748 -16.2422640625 8.36773480225 250.129770992 -80.2290076336 -0.465648854962 END
START -0.253785375977 -13.491326355 12.8329208984 250.129770992 -87.1832061069 8.28244274809 END
START 0.00957680664062 -4.2185833252 12.3540805664 250.129770992 -101.854961832 6.68702290076 END
START 3.95043273926 -11.7124345215 2.20266552734 250.129770992 -83.213740458 3.5572519084 END
START 1.2018892334 -10.5296989014 0.995987890625 250.129770992 -83.6870229008 4.08396946565 END
START 1.56580788574 -7.15148035889 12.4115414062 250.129770992 -86.9007633588 10.465648855 END
START 7.41963094482 -9.2655604248 6.47631549072 250.129770992 -87.1297709924 4.57251908397 END
START 7.08204851074 -10.651803186 7.53455262451 250.129770992 -91.6106870229 5.19847328244 END
START -1.04387192383 -9.95030209961 13.5439987915 250.129770992 -82.679389313 5.86259541985 END
START 4.65193382568 -5.8586114624 13.4410481201 250.129770992 -75.3511450382 4.90076335878 END
START 0.861912597656 -7.52497581787 10.9989624268 250.129770992 -79.1603053435 6.6641221374 END
START -0.0359130249023 -10.5177278931 7.56567724609 250.129770992 -70.2748091603 10.2824427481 END
START 5.72693037109 -8.58800135498 9.67736311035 250.129770992 -69.3282442748 1.48854961832 END
START 0.818816967773 -8.86812294922 4.16591088867 250.129770992 -72.7022900763 9.76335877863 END
START 0.136469494629 -12.8520745117 8.80587370605 250.129770992 -75.4732824427 18.5496183206 END
START -0.00718260498047 -13.2638771973 5.87537087402 250.129770992 -78.9389312977 5.0 END
START 6.375759021 -1.74297880859 5.96395633545 250.129770992 -85.3053435115 4.26717557252 END
START 3.86184727783 -7.19218178711 10.1849338623 250.129770992 -79.5114503817 5.64122137405 END
START 4.2185833252 -3.78044442139 5.29836827393 250.129770992 -79.0229007634 8.86259541985 END
START 0.220266552734 -16.7522290161 6.32787498779 250.129770992 -84.5877862595 0.923664122137 END
START -0.802057556152 -8.90882437744 10.1059252075 250.129770992 -104.259541985 3.23664122137 END
START -3.62003291016 -7.14669195557 5.75326658936 250.129770992 -105.839694656 -0.648854961832 END
START -1.07739074707 -10.0580411743 4.35265861816 250.129770992 -107.015267176 7.98473282443 END
START 2.89219560547 -10.0987426025 11.5759650269 250.129770992 -101.312977099 7.22900763359 END
START 0.536301171875 -12.0308633423 5.13556256104 250.129770992 -104.13740458 5.03053435115 END
START 3.90973131104 -3.84987626953 4.15872828369 250.129770992 -102.770992366 7.12977099237 END
START 0.972045874023 -8.52335791016 7.21851800537 250.129770992 -102.389312977 13.7938931298 END
START 6.22731851807 -12.2367646851 8.90643017578 250.129770992 -105.992366412 7.11450381679 END
START 6.86178195801 -9.32302126465 12.3516863647 250.129770992 -101.06870229 -1.27480916031 END
START -1.67115275879 -8.71249984131 9.71567033691 250.129770992 -89.4351145038 12.8015267176 END
START 6.25126053467 -13.5583640015 3.23696064453 250.129770992 -93.3435114504 5.08396946565 END
START 4.00071097412 -9.95509050293 6.8138979248 250.129770992 -79.3893129771 7.13740458015 END
START 9.87368764648 -9.2535894165 7.23048901367 250.129770992 -74.7099236641 6.10687022901 END
START -0.0718260498047 -9.77552537842 6.81629212646 250.129770992 -75.4045801527 -2.0 END
START 6.53617053223 -10.6230727661 5.44920297852 250.129770992 -71.9083969466 -3.84732824427 END
START 8.5449057251 -17.2047331299 8.04451757812 250.129770992 -62.0458015267 2.80152671756 END
START 2.33434661865 -13.1944453491 9.55286462402 250.129770992 -56.2595419847 1.12977099237 END
START 6.95994422607 -7.64708010254 13.1226192993 250.129770992 -64.0152671756 1.59541984733 END
START -0.00718260498047 -0.392649072266 5.18823499756 250.129770992 -65.6717557252 3.6106870229 END