START -4.28801517334 -6.01184036865 9.01895765381 250.129770992 -103.358778626 3.41221374046 END
START -3.41652576904 -8.91361278076 7.91044228516 250.129770992 -91.7328244275 14.9923664122 END
START 0.550666381836 -9.05965908203 3.88100089111 250.129770992 -106.832061069 8.52671755725 END
START -1.45328040771 -11.5232925903 9.23204160156 250.129770992 -90.1908396947 2.06106870229 END
START -2.00873519287 -7.41963094482 9.21528218994 250.129770992 -97.1755725191 0.946564885496 END
START -0.703895288086 -6.495469104 9.13627353516 250.129770992 -82.6564885496 -0.259541984733 END
START -5.29357987061 -12.8185556885 11.3533042725 250.129770992 -88.1221374046 5.88549618321 END
START -3.79241542969 -14.4226708008 3.40934316406 250.129770992 -84.9007633588 6.41984732824 END
START -3.17949980469 -7.9918451416 9.69412252197 250.129770992 -71.9465648855 8.04580152672 END
START 2.95683905029 -18.0331269043 10.1274730225 250.129770992 -79.5877862595 7.70992366412 END
START -1.1540052002 -11.1545855347 7.32625708008 250.129770992 -79.0839694656 9.97709923664 END
START -1.30723410645 -8.19295808105 8.76038387451 250.129770992 -76.5648854962 0.160305343511 END
START -9.19134017334 -12.5384340942 5.61679709473 250.129770992 -74.5572519084 2.26717557252 END
START 4.53461794434 -4.28562097168 9.54328781738 250.129770992 -72.8244274809 0.190839694656 END
START 2.24097275391 -3.09091434326 7.88410606689 250.129770992 -79.358778626 5.24427480916 END
START 8.11394942627 -10.5584293213 6.39730683594 250.129770992 -77.0992366412 5.41984732824 END
START -6.93360800781 -7.96550892334 11.3413332642 250.129770992 -77.7328244275 2.79389312977 END
START 1.01992990723 -14.2526824829 8.39885942383 250.129770992 -79.9618320611 12.9236641221 END
START -1.60890351563 -10.1250788208 12.3421095581 250.129770992 -79.3129770992 2.32824427481 END
START 7.72848295898 -10.5368815063 11.6190606567 250.129770992 -83.3511450382 5.77099236641 END
START 2.98556947021 -8.94952580566 8.60715496826 250.129770992 -83.0229007634 4.08396946565 END
START 3.98634576416 -6.61039078369 7.69496413574 250.129770992 -85.0305343511 -5.6641221374 END
START 3.06697232666 -6.66306322021 6.46673868408 250.129770992 -74.9465648855 -2.38167938931 END
START 2.09013804932 -10.5560351196 8.89445916748 250.129770992 -90.8167938931 6.97709923664 END
START 2.26970317383 -5.87297667236 7.87692346191 250.129770992 -79.4427480916 3.70229007634 END
START 4.10845004883 -11.1306435181 3.3710359375 250.129770992 -81.2442748092 -0.717557251908 END
START 6.49307490234 -8.02296976318 7.20175859375 250.129770992 -85.6641221374 9.17557251908 END
START -0.0359130249023 -13.117830896 4.15633408203 250.129770992 -78.9694656489 10.8320610687 END
START 3.81635744629 -9.03811126709 6.58405456543 250.129770992 -75.3816793893 13.320610687 END
START 2.71981308594 -13.4051350952 7.60877287598 250.129770992 -70.5877862595 11.6030534351 END
START 4.27125576172 -11.1282493164 7.18499918213 250.129770992 -71.5572519084 0.923664122137 END
START 2.8060043457 -14.3197201294 6.61517918701 250.129770992 -63.2442748092 6.9465648855 END
START 5.98071574707 -3.39737215576 10.6996872192 250.129770992 -72.4580152672 13.2366412214 END
START 7.97029732666 -11.7052519165 4.55377155762 250.129770992 -86.5572519084 7.75572519084 END
START 1.91296712646 -8.99501563721 6.04057078857 250.129770992 -78.7709923664 9.29007633588 END
START -1.43891519775 -4.82910474854 7.33583388672 250.129770992 -81.7404580153 9.34351145038 END
START 1.60890351563 -11.4155535156 3.30160408936 250.129770992 -84.0839694656 18.4503816794 END
START 7.05810649414 -2.42532628174 7.74524237061 250.129770992 -78.465648855 -2.3358778626 END
START -2.13802208252 -11.7244055298 3.47638081055 250.129770992 -83.5419847328 11.9236641221 END
START 5.69101734619 -7.6135612793 6.84502254639 250.129770992 -94.1679389313 5.35114503817 END
START -2.66235224609 -10.3261917603 7.68299312744 250.129770992 -88.3282442748 5.98473282443 END
START 1.72382519531 -8.48983908691 -1.84353527832 250.129770992 -97.9465648855 3.95419847328 END
START 3.70622416992 -6.04775339355 14.6477257568 250.129770992 -105.778625954 10.4427480916 END
START -1.29286889648 -12.1050835937 11.0348754517 250.129770992 -93.0152671756 8.27480916031 END
START 1.53707746582 -5.34625230713 8.36294639893 250.129770992 -93.2748091603 6.86259541985 END
START 5.53060583496 -9.07163009033 9.07402429199 250.129770992 -86.1832061069 7.52671755725 END
START 7.41244833984 -7.96072052002 8.40843623047 250.129770992 -95.8625954198 17.0534351145 END
START -4.3382934082 -2.70784207764 4.59926138916 250.129770992 -86.534351145 17.2748091603 END
START 5.8226984375 -9.77552537842 5.11162054443 250.129770992 -90.8320610687 19.2519083969 END
START -0.75896192627 -9.95987890625 6.62475599365 250.129770992 -86.0916030534 -0.145038167939 END
START 10.3932294067 -3.28245047607 10.8816465454 250.129770992 -84.5877862595 12.0305343511 END
START -2.93529123535 -6.19619389648 9.64145008545 250.129770992 -85.8091603053 6.12977099237 END
START -8.84657513428 -10.6063133545 14.9015111328 250.129770992 -91.7251908397 6.0534351145 END
START -1.01992990723 -9.48343277588 8.75320126953 250.129770992 -95.3893129771 5.96183206107 END
START -5.7748144043 -3.6296097168 5.47793339844 250.129770992 -92.4122137405 7.79389312977 END
START -3.96719215088 -5.96635053711 4.54658895264 250.129770992 -84.7633587786 -0.259541984733 END
START 0.0263362182617 -13.9893203003 7.78115539551 250.129770992 -92.7099236641 0.709923664122 END
START -6.15549246826 -8.88967076416 7.59680186768 250.129770992 -88.2900763359 -1.31297709924 END
START 10.4219598267 -11.3437274658 7.97269152832 250.129770992 -82.1755725191 18.427480916 END
START -6.18422288818 -9.28231983643 10.4650554565 250.129770992 -91.5648854962 10.893129771 END
START 2.19787712402 -4.5968671875 10.9223479736 250.129770992 -76.7404580153 4.36641221374 END
START 7.26640203857 -2.35828863525 9.06444748535 250.129770992 -72.572519084 4.51908396947 END
START -4.97275684814 -9.44512554932 6.20577070312 250.129770992 -81.3129770992 2.39694656489 END
START -3.17710560303 -9.07402429199 9.91199487305 250.129770992 -85.106870229 -3.2213740458 END
START 0.404620080566 -8.46110866699 5.72214196777 250.129770992 -98.6106870229 14.6259541985 END
START 1.6041151123 -8.68616362305 7.29752666016 250.129770992 -77.3740458015 10.1297709924 END
START 3.72058937988 -8.42758984375 8.05888278809 250.129770992 -78.5267175573 7.76335877863 END
START -9.48343277588 -10.9295305786 10.9031943604 250.129770992 -78.0992366412 11.9083969466 END
START 0.91697923584 -12.5073094727 7.62792648926 250.129770992 -78.1145038168 -1.12213740458 END
START 3.50271702881 -12.5360398926 3.3830069458 250.129770992 -73.6335877863 7.86259541985 END
START -1.03668931885 -5.96395633545 5.79396801758 250.129770992 -67.0610687023 3.97709923664 END
START -2.15238729248 -5.67186373291 6.56011254883 250.129770992 -78.7480916031 5.19847328244 END
START -3.52905324707 -5.07091911621 13.7355349243 250.129770992 -74.0916030534 0.12213740458 END
START 2.47799871826 -1.96085115967 11.9829793091 250.129770992 -73.9770992366 11.2748091603 END
START 0.907402429199 -7.49385119629 3.79959803467 250.129770992 -77.2061068702 1.92366412214 END
START 1.01753570557 -8.64785639648 10.5033626831 250.129770992 -73.427480916 -2.85496183206 END
START -1.63523973389 -8.08761320801 7.81467421875 250.129770992 -72.7557251908 14.3358778626 END
START 6.39730683594 -15.0140386108 7.69975253906 250.129770992 -75.9312977099 3.71755725191 END
START 3.11725056152 -15.6365310425 6.83305153809 250.129770992 -79.2442748092 -1.11450381679 END
START -1.71424838867 -9.68693991699 7.52976422119 250.129770992 -76.1603053435 1.50381679389 END
START 6.22492431641 -10.2639425171 5.32470449219 250.129770992 -92.4885496183 2.51145038168 END
START 8.76517227783 -3.15316358643 9.37569370117 250.129770992 -81.3282442748 -1.67938931298 END
START 3.42610257568 -11.6477910767 8.32703337402 250.129770992 -82.0076335878 0.503816793893 END
START 4.58729038086 -11.4849853638 7.51061060791 250.129770992 -70.6717557252 5.87786259542 END
START 4.16591088867 -6.86417615967 6.66306322021 250.129770992 -71.4732824427 13.4198473282 END
START 8.76996068115 -7.16823977051 8.39885942383 250.129770992 -64.2748091603 7.23664122137 END
START 5.30794508057 -12.6820861938 6.25844313965 250.129770992 -66.6488549618 8.32824427481 END
START 2.88740720215 -8.81305631104 7.06768330078 250.129770992 -64.427480916 -2.8320610687 END
START 2.82276375732 -6.97430943604 9.34696328125 250.129770992 -72.0916030534 5.00763358779 END
START 9.93354268799 -6.4715270874 8.71249984131 250.129770992 -63.2366412214 6.58778625954 END
START 2.37265384521 -11.0037508301 4.47715710449 250.129770992 -63.0687022901 13.0 END