START 4.54419475098 -9.89284125977 7.4268135498 250.129770992 -81.0305343511 6.29770992366 END
START -0.373495458984 -4.51785853271 6.49786330566 250.129770992 -68.9770992366 16.8244274809 END
START 3.03105930176 -10.7284176392 10.3405569702 250.129770992 -70.0381679389 9.12213740458 END
START -6.49786330566 -7.03416447754 4.19942971191 250.129770992 -67.9160305344 9.43511450382 END
START -1.86508309326 -14.9589719727 2.98796367187 250.129770992 -82.0229007634 4.51145038168 END
START -3.13879837646 -10.0412817627 11.9925561157 250.129770992 -77.6641221374 9.26717557252 END
START -7.4268135498 -9.37090529785 9.67975731201 250.129770992 -69.7557251908 3.19847328244 END
START 1.79325704346 -3.89297189941 6.67982263184 250.129770992 -75.5267175573 8.71755725191 END
START -5.42526096191 -9.18655177002 7.46512077637 250.129770992 -81.6106870229 12.1679389313 END
START -1.17076461182 -9.72524714355 8.00142194824 250.129770992 -78.9541984733 -1.26717557252 END
START 4.71657727051 -8.70052883301 7.53455262451 250.129770992 -81.9770992366 6.69465648855 END
START -3.36145913086 -7.67581052246 5.95677373047 250.129770992 -84.5496183206 -3.38167938931 END
START -0.440533105469 -7.30231506348 7.05331809082 250.129770992 -78.1145038168 11.8702290076 END
START -1.30244570312 -11.631031665 13.9534072754 250.129770992 -79.8091603053 5.47328244275 END
START -3.61045610352 -9.77313117676 8.23365950928 250.129770992 -70.8396946565 10.0534351145 END
START -0.031124621582 -15.7083570923 2.43250888672 250.129770992 -80.0610687023 3.03053435115 END
START -8.35576379395 -13.6301900513 9.44512554932 250.129770992 -68.8854961832 10.8778625954 END
START 0.641646044922 -13.3380974487 8.31266816406 250.129770992 -72.106870229 5.10687022901 END
START -0.696712683105 -14.4849200439 7.57764825439 250.129770992 -81.6183206107 1.31297709924 END
START -2.28885678711 -9.64623848877 7.14669195557 250.129770992 -75.0458015267 5.41984732824 END
START -2.60967980957 -9.67736311035 13.0100918213 250.129770992 -64.9847328244 3.83969465649 END
START -3.84748206787 -8.12592043457 6.93600220947 250.129770992 -59.4580152672 0.152671755725 END
START 1.2856862915 -14.3173259277 8.6526447998 250.129770992 -54.8015267176 15.0610687023 END
START 0.0143652099609 -14.8392618896 10.4674496582 250.129770992 -55.7251908397 1.64885496183 END
START 5.10683214111 -7.42441934814 8.59757816162 250.129770992 -54.7709923664 -1.18320610687 END
START 0.383072265625 -8.17141026611 10.4459018433 250.129770992 -66.8778625954 1.72519083969 END
START 1.8626888916 -10.4937858765 6.98388624268 250.129770992 -57.1145038168 14.5801526718 END
START 8.70292303467 -9.96706151123 5.02303508301 250.129770992 -68.0381679389 4.87022900763 END
START 3.924096521 -9.8545340332 8.88967076416 250.129770992 -69.5572519084 14.1679389313 END
START 5.45877978516 -7.9559321167 9.94311949463 250.129770992 -71.7175572519 7.67938931298 END
START 3.08612593994 -10.9654436035 7.17542237549 250.129770992 -52.2748091603 9.10687022901 END
START 5.42526096191 -14.5878707153 8.31506236572 250.129770992 -61.465648855 10.1908396947 END
START 8.2863319458 -10.046070166 5.10443793945 250.129770992 -67.3053435115 4.35114503817 END
START 0.447715710449 -10.7236292358 3.93846173096 250.129770992 -70.6030534351 9.64122137405 END
START 5.95437952881 -11.8345388062 7.71651195068 250.129770992 -70.0305343511 12.9007633588 END
START 6.99825145264 -11.4562549438 8.71010563965 250.129770992 -63.0076335878 3.18320610687 END
START 4.58968458252 -9.89284125977 9.58159504395 250.129770992 -82.5572519084 6.71755725191 END
START 4.11802685547 -3.67031114502 3.16513459473 250.129770992 -75.0610687023 4.99236641221 END
START -2.44208569336 -10.8720697388 6.51222851562 250.129770992 -73.1297709924 3.08396946565 END
START 2.72699569092 -10.5129394897 4.30956298828 250.129770992 -79.3969465649 7.34351145038 END
START 0.62009822998 -6.66785162354 8.31266816406 250.129770992 -74.5267175573 6.37404580153 END
START -3.84748206787 -11.5592056152 6.44040246582 250.129770992 -93.4045801527 -2.3893129771 END
START 5.71017095947 -14.7650416382 7.24964262695 250.129770992 -95.534351145 10.1908396947 END
START 1.76452662354 -5.00627567139 6.34942280273 250.129770992 -91.0305343511 2.3358778626 END
START 2.44926829834 -10.6901104126 4.01268198242 250.129770992 -87.7786259542 2.25954198473 END
START -3.49792862549 -15.6939918823 6.65109221191 250.129770992 -75.1832061069 2.07633587786 END
START -2.39659586182 -9.62947907715 6.81629212646 250.129770992 -87.0381679389 1.0534351145 END
START 4.38378323975 -10.3764699951 3.45004459229 250.129770992 -80.8778625954 12.2366412214 END
START 4.19703551025 -17.1400896851 4.93205541992 250.129770992 -96.1755725191 1.16030534351 END
START 3.1364041748 -10.1107136108 14.6884271851 250.129770992 -82.1526717557 2.03053435115 END
START 9.67736311035 -9.93593688965 8.80347950439 250.129770992 -89.0687022901 9.75572519084 END
START -4.9392380249 -9.33738647461 6.30153876953 250.129770992 -95.0763358779 -3.16030534351 END
START -0.897825622559 -9.49540378418 10.3357685669 250.129770992 -91.8167938931 2.54198473282 END
START 0.0430956298828 -5.27682045898 4.75009609375 250.129770992 -83.5419847328 3.1679389313 END
START 1.78846864014 -6.97430943604 8.14746824951 250.129770992 -74.7099236641 7.74809160305 END
START -6.27280834961 -9.85932243652 10.285490332 250.129770992 -82.6564885496 -2.59541984733 END
START -2.4875755249 -5.36301171875 9.37569370117 250.129770992 -77.9541984733 7.1679389313 END
START -4.72136567383 -10.3932294067 12.519280481 250.129770992 -83.893129771 7.12977099237 END
START -2.01831199951 -8.65025059814 12.4306950195 250.129770992 -88.7786259542 0.801526717557 END
START -5.41568415527 -14.5926591187 9.48343277588 250.129770992 -102.351145038 10.9160305344 END
START -8.31266816406 -11.2623246094 13.5583640015 250.129770992 -98.1603053435 -1.51145038168 END
START -0.703895288086 -1.13963999023 6.16267507324 250.129770992 -84.3358778626 10.3511450382 END
START -1.42454998779 -9.73242974854 7.13472094727 250.129770992 -95.3435114504 3.6641221374 END
START 0.438138903809 -17.7410343018 4.23534273682 250.129770992 -87.5877862595 7.69465648855 END
START 4.0078935791 -10.1250788208 6.02381137695 250.129770992 -78.3435114504 4.09160305344 END
START 1.90339031982 -9.24880101318 7.69256993408 250.129770992 -84.9465648855 3.39694656489 END
START -4.58968458252 -13.5128741699 6.87135876465 250.129770992 -74.1526717557 0.847328244275 END
START -0.433350500488 -11.0636058716 5.60482608643 250.129770992 -77.0152671756 9.06870229008 END
START -0.514753356934 -4.3382934082 13.2758482056 250.129770992 -79.3435114504 6.57251908397 END
START 5.32470449219 -3.85945307617 4.46039769287 250.129770992 -78.7404580153 -1.90839694656 END
START -4.043806604 -14.4801316406 5.11162054443 250.129770992 -69.2900763359 -0.916030534351 END
START -0.77093293457 -10.532093103 8.38210001221 250.129770992 -75.1297709924 17.1832061069 END
START 1.35751234131 -7.64708010254 7.4028715332 250.129770992 -69.7328244275 -0.0152671755725 END
START 0.500388146973 -4.40533105469 8.98783303223 250.129770992 -73.9160305344 11.3435114504 END
START 0.0143652099609 -14.5304098755 5.51384642334 250.129770992 -78.7251908397 5.63358778626 END
START 4.77643231201 -12.0739589722 9.53849941406 250.129770992 -75.2977099237 2.87022900763 END
START 3.69185895996 -7.12753834229 4.84107575684 250.129770992 -68.3969465649 6.51908396947 END
START 0.548272180176 -7.70454094238 7.50821640625 250.129770992 -63.5496183206 0.992366412214 END
START -3.3351229126 -3.18907661133 4.45800349121 250.129770992 -74.9694656489 5.58778625954 END
START -3.04303031006 -10.4099888184 -1.69509477539 250.129770992 -74.9694656489 1.51908396947 END
START 8.06367119141 -6.1052142334 9.32062706299 250.129770992 -79.8091603053 4.7786259542 END
START -0.749385119629 -12.6150485474 6.27759675293 250.129770992 -79.8473282443 4.48854961832 END
START 0.62009822998 -2.30801040039 7.04613548584 250.129770992 -78.9847328244 11.6717557252 END
START 0.598550415039 -9.54089361572 7.77876119385 250.129770992 -95.465648855 9.12213740458 END
START 4.24970794678 -7.46512077637 6.85699355469 250.129770992 -80.3893129771 14.4427480916 END
START 8.29351455078 -6.11479104004 9.75397756348 250.129770992 -73.2061068702 14.2748091603 END
START -0.0670376464844 -6.25126053467 10.3932294067 250.129770992 -83.0916030534 8.41221374046 END
START 0.818816967773 -7.52976422119 10.3046439453 250.129770992 -69.1755725191 3.51908396947 END
START -2.17632930908 -11.779472168 4.91290180664 250.129770992 -70.0687022901 12.2595419847 END