START -1.60172091064 -12.4737906494 8.63349118652 250.129770992 -74.2748091603 7.56488549618 END
START -0.342370837402 -10.6230727661 9.14345614014 250.129770992 -91.7251908397 0.412213740458 END
START -0.873883605957 -8.71728824463 5.11640894775 250.129770992 -71.2900763359 9.96946564885 END
START 5.78439121094 -12.8041904785 4.92247861328 250.129770992 -74.4885496183 0.740458015267 END
START 3.88818349609 -8.53532891846 9.4642791626 250.129770992 -86.465648855 4.27480916031 END
START 3.77086761475 -4.91769020996 5.11162054443 250.129770992 -71.3740458015 5.54961832061 END
START 1.87944830322 -11.9350952759 8.37970581055 250.129770992 -80.0839694656 9.97709923664 END
START 0.847547387695 -10.7523596558 8.57124194336 250.129770992 -75.6259541985 -3.02290076336 END
START 0.902614025879 -8.16422766113 9.18415756836 250.129770992 -87.7480916031 10.5954198473 END
START 5.03740029297 -10.4794206665 6.51462271729 250.129770992 -61.6870229008 -1.99236641221 END
START -3.14837518311 -15.3133138184 7.50103380127 250.129770992 -66.4809160305 2.81679389313 END
START 2.26730897217 -7.16105716553 6.40209523926 250.129770992 -59.0229007634 -4.06870229008 END
START 2.98796367187 -7.34541069336 8.02536396484 250.129770992 -56.1755725191 3.80916030534 END
START -0.411802685547 -6.71573565674 6.78277330322 250.129770992 -62.5267175573 1.36641221374 END
START 0.708683691406 -6.86417615967 4.5250411377 250.129770992 -60.6030534351 3.37404580153 END
START 2.31758720703 -13.132196106 6.17464608154 250.129770992 -65.3893129771 2.02290076336 END
START 1.95845695801 -5.74368978271 6.58405456543 250.129770992 -65.6259541985 -4.00763358779 END
START 7.52976422119 -1.01514150391 6.25126053467 250.129770992 -59.7709923664 2.9465648855 END
START -1.39103116455 -12.2367646851 1.33117612305 250.129770992 -62.6259541985 6.62595419847 END
START 1.38624276123 -2.00394678955 12.0931125854 250.129770992 -61.3053435115 6.70992366412 END
START 3.15795198975 -9.75397756348 11.3054202393 250.129770992 -47.106870229 7.42748091603 END
START -2.81079274902 -8.35097539062 6.20337650146 250.129770992 -50.8854961832 13.1908396947 END
START -6.30153876953 -10.8409451172 8.46829127197 250.129770992 -54.9923664122 4.35877862595 END
START -5.8346694458 -3.29681568604 8.12113203125 250.129770992 -64.2977099237 -1.79389312977 END
START -7.62313808594 -2.57616098633 14.0204449219 250.129770992 -62.6641221374 10.572519084 END
START -1.75734401855 -15.4785137329 7.72369455566 250.129770992 -70.5496183206 16.1984732824 END
START -0.665588061523 -9.70130512695 5.78917961426 250.129770992 -58.2824427481 5.59541984733 END
START 0.380678063965 -11.4801969604 5.32949289551 250.129770992 -54.5877862595 9.16030534351 END
START 1.93690914307 -11.9638256958 5.69341154785 250.129770992 -62.7938931298 6.49618320611 END
START 0.220266552734 -7.24246002197 6.1770402832 250.129770992 -62.3740458015 12.9312977099 END
START -0.31124621582 -10.2256352905 6.65348641357 250.129770992 -57.8473282443 12.9618320611 END
START -1.69030637207 -10.4722380615 9.30626185303 250.129770992 -55.5114503817 5.1679389313 END
START 0.402225878906 -9.65102689209 5.27921466064 250.129770992 -61.2977099237 6.12213740458 END
START 2.37504804687 -12.9933324097 4.49631071777 250.129770992 -60.4885496183 7.24427480916 END
START 7.08204851074 -13.843273999 11.6549736816 250.129770992 -61.9923664122 3.02290076336 END
START 3.37582434082 -8.86572874756 9.61271966553 250.129770992 -59.9541984733 3.32061068702 END
START 9.71327613525 -5.18823499756 9.65581529541 250.129770992 -54.0992366412 3.17557251908 END
START 5.91846650391 -12.7491238403 5.78199700928 250.129770992 -59.1526717557 9.20610687023 END
START 5.52581743164 -11.8704518311 12.3971761963 250.129770992 -63.3511450382 9.85496183206 END
START 6.98628044434 -5.31273348389 11.0420580566 250.129770992 -69.5954198473 -2.39694656489 END
START 4.43166727295 -7.43160195312 11.8465098145 250.129770992 -66.8015267176 19.4580152672 END
START 6.77080229492 -13.1393787109 1.18752402344 250.129770992 -61.6488549618 5.98473282443 END
START 3.71819517822 -11.0444522583 -0.169988317871 250.129770992 -74.5267175573 5.08396946565 END
START 6.79235010986 -12.3109849365 7.11796153564 250.129770992 -71.8473282443 15.3969465649 END
START -2.70784207764 -11.7387707397 8.96628521729 250.129770992 -66.8320610687 5.47328244275 END
START 8.25520732422 -10.1921164673 6.59841977539 250.129770992 -79.572519084 8.87786259542 END
START 6.90727178955 -13.2135989624 4.04620080566 250.129770992 -80.8625954198 5.41984732824 END
START 6.19140549316 -8.2025348877 10.8624929321 250.129770992 -84.5114503817 6.59541984733 END
START -2.09492645264 -8.98065042725 7.67581052246 250.129770992 -82.106870229 -5.67938931298 END
START -0.646434448242 -12.0069213257 12.9167179565 250.129770992 -86.7786259542 8.19083969466 END
START 11.3724578857 -6.64630380859 8.0397291748 250.129770992 -101.633587786 3.15267175573 END
START 10.0005803345 -13.230358374 5.5401826416 250.129770992 -106.007633588 5.47328244275 END
START 5.2217538208 -13.1968395508 5.39653054199 250.129770992 -100.786259542 12.0152671756 END
START 0.677559069824 -12.5456166992 6.96712683105 250.129770992 -105.366412214 10.8015267176 END
START -0.780509741211 -10.0580411743 -0.593762011719 250.129770992 -105.27480916 4.14503816794 END
START 2.79163913574 -6.27759675293 13.4410481201 250.129770992 -103.022900763 14.9770992366 END
START 6.40209523926 -9.25837781982 8.67898101807 250.129770992 -104.320610687 1.85496183206 END
START 5.97353314209 -2.36068283691 4.20182391357 250.129770992 -104.65648855 12.5954198473 END
START 5.70059415283 -7.02698187256 7.65186850586 250.129770992 -104.763358779 8.68702290076 END
START -2.42532628174 -7.89128867187 6.40927784424 250.129770992 -104.65648855 19.2442748092 END
START 6.6702458252 -13.8935522339 6.86657036133 250.129770992 -112.183206107 6.07633587786 END
START -4.09647904053 -9.62469067383 7.63032069092 250.129770992 -117.282442748 5.02290076336 END
START 1.30005150146 -6.02141717529 10.8481277222 250.129770992 -122.717557252 -0.488549618321 END
START 4.83868155518 -12.5863181274 6.94797321777 250.129770992 -124.167938931 10.213740458 END
START -0.569819995117 -10.7763016724 4.71897147217 250.129770992 -124.389312977 10.4732824427 END
START -3.45004459229 -19.4720421021 7.72608875732 250.129770992 -113.916030534 13.534351145 END
START 2.39420166016 -4.92247861328 5.62397969971 250.129770992 -104.213740458 7.74809160305 END
START -1.55144267578 -6.86896456299 6.27999095459 250.129770992 -104.267175573 17.1145038168 END
START -4.28801517334 -11.1857101562 6.93600220947 250.129770992 -104.404580153 12.0381679389 END
START -0.165199914551 -4.8674119751 11.6166664551 250.129770992 -105.503816794 5.80152671756 END
START -0.533906970215 -11.4035825073 9.16739815674 250.129770992 -88.6564885496 11.0534351145 END
START -4.3143513916 -10.172962854 7.25443103027 250.129770992 -104.022900763 3.87786259542 END
START 9.52652840576 -9.64145008545 7.39568892822 250.129770992 -77.5419847328 15.3511450382 END
START 6.93360800781 -8.05170018311 8.88967076416 250.129770992 -70.4809160305 7.11450381679 END
START -1.13245738525 -8.93276639404 9.32780966797 250.129770992 -70.7251908397 6.90076335878 END
START -1.35032973633 -12.0093155273 7.95353791504 250.129770992 -63.9694656489 7.25190839695 END
START -0.107739074707 -13.7810247559 8.44674345703 250.129770992 -65.2366412214 10.1374045802 END
START 3.98155736084 -13.6158248413 10.9582609985 250.129770992 -64.3129770992 3.07633587786 END
START 5.81551583252 -8.16901606445 8.28154354248 250.129770992 -63.3816793893 0.503816793893 END
START 2.80361014404 -8.86094034424 6.30393297119 250.129770992 -72.8244274809 8.59541984733 END
START 0.138863696289 -8.67658681641 6.62954439697 250.129770992 -69.1679389313 3.16030534351 END
START 6.63433280029 -6.52898792725 6.76361968994 250.129770992 -63.7709923664 5.08396946565 END
START 1.2497732666 -7.28076724854 6.63672700195 250.129770992 -79.5419847328 8.40458015267 END
START 6.53856473389 -8.60954916992 9.92157167969 250.129770992 -75.1908396947 4.93129770992 END
START 7.88410606689 -10.4363250366 3.67749375 250.129770992 -79.5419847328 6.54198473282 END
START -0.337582434082 -8.42519564209 8.69574042969 250.129770992 -73.3969465649 16.7480916031 END
START 0.244208569336 -11.384428894 7.45314976807 250.129770992 -59.7251908397 -0.580152671756 END
START -1.65439334717 -7.80030900879 7.6494743042 250.129770992 -64.5267175573 5.27480916031 END
START -0.342370837402 -5.28400306396 13.730746521 250.129770992 -63.9770992366 -0.671755725191 END
START 0.816422766113 -10.8457335205 8.60715496826 250.129770992 -68.7938931298 8.98473282443 END
START 0.447715710449 -3.77805021973 6.31590397949 250.129770992 -62.7099236641 5.35114503817 END
START 1.85790048828 -9.4882211792 9.09796630859 250.129770992 -70.465648855 13.8091603053 END
START 7.86974085693 -7.82185682373 2.10689746094 250.129770992 -72.1755725191 5.39694656489 END
START -1.69988317871 -9.44273134766 4.9152960083 250.129770992 -77.1908396947 4.84732824427 END
START 0.0167594116211 -9.91438907471 7.17063397217 250.129770992 -71.7709923664 4.64122137405 END
START 0.30885201416 -3.21062442627 5.37977113037 250.129770992 -76.2519083969 3.32061068702 END
START 2.16675250244 -7.43878455811 8.27914934082 250.129770992 -74.3053435115 -2.69465648855 END
START -2.12844527588 -10.3429511719 14.7387054199 250.129770992 -77.9007633588 10.1679389313 END
START 5.74368978271 -9.85932243652 6.27999095459 250.129770992 -68.0458015267 -2.37404580153 END
START 3.88100089111 -9.48343277588 8.62152017822 250.129770992 -62.0305343511 2.35877862595 END
START 0.0383072265625 -9.87368764648 3.55538946533 250.129770992 -53.8396946565 9.2213740458 END
START 7.27119044189 -13.7546885376 7.83861623535 250.129770992 -53.2290076336 9.13740458015 END
START 4.5609541626 -7.78354959717 6.85459935303 250.129770992 -56.0458015267 8.45801526718 END
START 2.88740720215 -6.33505759277 7.78833800049 250.129770992 -71.6870229008 -1.49618320611 END
START 0.553060583496 -3.7134067749 5.27203205566 250.129770992 -72.2977099237 -2.32061068702 END
START 2.86825358887 -8.28872614746 5.63595070801 250.129770992 -64.1755725191 2.19847328244 END
START 5.84424625244 -7.49145699463 6.65827481689 250.129770992 -68.7099236641 13.8396946565 END
START 5.8945244873 -4.52743533936 4.95839163818 250.129770992 -49.9541984733 11.8396946565 END
START 5.97353314209 -3.76368500977 6.67264002686 250.129770992 -62.8167938931 0.541984732824 END
START 8.50659849854 -9.27034882812 8.93755479736 250.129770992 -71.8778625954 -1.70229007634 END
START 16.2374756592 -12.7970078735 7.21133540039 250.129770992 -66.7480916031 -0.404580152672 END
START 0.725443103027 -11.5280809937 8.00142194824 250.129770992 -59.9694656489 -0.0992366412214 END
START 10.3525279785 -11.2575362061 9.13866773682 250.129770992 -64.0305343511 7.17557251908 END
START 4.50588752441 -14.4825258423 7.59440766602 250.129770992 -48.5114503817 1.25954198473 END
START 11.1234609131 -10.3477395752 8.30548555908 250.129770992 -47.6717557252 -3.53435114504 END
START -1.74537301025 -11.1354319214 10.1370498291 250.129770992 -63.9847328244 9.3893129771 END
START 5.01824667969 -8.01818135986 11.0588174683 250.129770992 -67.3129770992 17.8625954198 END
START 3.82832845459 -13.3333090454 8.58800135498 250.129770992 -69.2595419847 -0.458015267176 END
START 4.73094248047 -14.7267344116 5.8346694458 250.129770992 -69.0 -1.59541984733 END
START -0.521935961914 -7.01979926758 6.59841977539 250.129770992 -56.679389313 1.73282442748 END