START 1.1659762085 -11.532869397 7.25921943359 250.129770992 -90.8015267176 18.0916030534 END
START -1.05105452881 -9.01416925049 10.0891657959 250.129770992 -91.5267175573 12.6946564885 END
START -1.7908628418 -7.03177027588 13.3357032471 250.129770992 -83.4045801527 4.40458015267 END
START -1.31441671143 -11.159373938 7.83861623535 250.129770992 -87.4198473282 14.3969465649 END
START -0.265756384277 -4.59207878418 5.8346694458 250.129770992 -89.0381679389 17.2671755725 END
START -1.43652099609 -6.97909783936 11.4179477173 250.129770992 -91.7557251908 5.76335877863 END
START -3.25372005615 -9.5361052124 4.47715710449 250.129770992 -85.6946564885 -0.511450381679 END
START 6.76361968994 -16.4792900269 7.87931766357 250.129770992 -92.6106870229 13.2442748092 END
START 5.37258852539 -9.42357773437 3.81156904297 250.129770992 -75.0992366412 -4.74045801527 END
START -1.14442839355 -8.5329347168 10.5177278931 250.129770992 -80.0305343511 12.8854961832 END
START 2.18830031738 -11.9303068726 11.2192289795 250.129770992 -82.5572519084 5.30534351145 END
START -2.04464821777 -12.2798603149 8.50420429687 250.129770992 -81.4580152672 -2.06870229008 END
START 6.75164868164 -6.99825145264 6.06211860352 250.129770992 -81.6717557252 8.78625954198 END
START -3.28963308105 -6.0932432251 9.26316622314 250.129770992 -88.6335877863 8.61832061069 END
START 1.61369191895 -10.2400005005 10.5368815063 250.129770992 -82.0534351145 3.65648854962 END
START -7.51061060791 -12.0979009888 7.54173522949 250.129770992 -86.4351145038 4.62595419847 END
START -2.56658417969 -6.03338818359 8.87769975586 250.129770992 -77.5954198473 0.106870229008 END
START 10.1226846191 -9.01177504883 6.55532414551 250.129770992 -84.358778626 5.45801526718 END
START 18.5526686646 -12.998120813 8.38928261719 250.129770992 -91.1221374046 3.06870229008 END
START 0.46447512207 -6.15549246826 7.0605006958 250.129770992 -67.2213740458 3.72519083969 END
START -3.67270534668 -13.611036438 7.47469758301 250.129770992 -74.679389313 8.13740458015 END
START 1.74058460693 -11.271901416 2.98556947021 250.129770992 -76.6870229008 3.99236641221 END
START 11.63821427 -11.1833159546 5.4444145752 250.129770992 -64.9923664122 13.7404580153 END
START 7.50821640625 -5.4683565918 3.31357509766 250.129770992 -79.8778625954 4.87786259542 END
START 5.37019432373 -10.3237975586 8.80826790771 250.129770992 -76.6488549618 7.45038167939 END
START -3.18907661133 -12.744335437 5.74608398437 250.129770992 -77.1450381679 13.5877862595 END
START 0.778115539551 -10.1131078125 8.6526447998 250.129770992 -83.8015267176 10.9770992366 END
START 12.7060282104 -15.5599165894 4.06296021729 250.129770992 -89.641221374 7.67938931298 END
START -1.13724578857 -7.02698187256 6.32548078613 250.129770992 -84.320610687 0.992366412214 END
START 8.36055219727 -10.060435376 7.90325968018 250.129770992 -82.4961832061 3.87022900763 END
START 1.8507178833 -7.36217010498 6.89051237793 250.129770992 -85.679389313 6.87022900763 END
START 2.57137258301 -2.89698400879 4.46518609619 250.129770992 -72.5419847328 12.9923664122 END
START -2.55221896973 -5.72453616943 6.78516750488 250.129770992 -67.8396946565 15.8625954198 END
START 7.9319901001 -9.18894597168 7.75960758057 250.129770992 -63.8473282443 6.08396946565 END
START 4.48194550781 -7.90565388184 8.46589707031 250.129770992 -63.0152671756 9.29770992366 END
START 2.35828863525 -1.72382519531 6.83305153809 250.129770992 -74.9770992366 0.30534351145 END
START 1.27850368652 -6.04057078857 5.57848986816 250.129770992 -61.1603053435 -0.961832061069 END
START -4.73812508545 -13.5320277832 8.48505068359 250.129770992 -79.6335877863 4.62595419847 END
START 2.38223065186 -5.63116230469 5.06134230957 250.129770992 -98.4809160305 5.86259541985 END
START -6.1171852417 -13.132196106 5.21217701416 250.129770992 -106.297709924 12.5648854962 END
START 8.12352623291 -10.5488525146 12.1002951904 250.129770992 -90.4351145038 6.32061068702 END
START -3.91451971436 -1.51074124756 6.50504591064 250.129770992 -104.442748092 5.85496183206 END
START 0.586579406738 -9.28231983643 4.59207878418 250.129770992 -104.564885496 4.29007633588 END
START 1.04147772217 3.02387669678 11.5807534302 250.129770992 -99.7251908397 12.3969465649 END
START -3.82832845459 -10.1083194092 9.72524714355 250.129770992 -100.503816794 0.770992366412 END
START 5.09007272949 -3.92170231934 5.29597407227 250.129770992 -87.2290076336 9.88549618321 END
START 4.98472785645 -6.2009822998 6.47870969238 250.129770992 -83.7938931298 6.95419847328 END
START -2.49236392822 -9.54568201904 10.2950671387 250.129770992 -80.0687022901 4.28244274809 END
START 3.69904156494 -7.80988581543 7.12993254395 250.129770992 -76.9007633588 -4.38167938931 END
START -10.3261917603 -3.77326181641 11.9422778809 250.129770992 -74.5419847328 8.6106870229 END
START -1.65678754883 -5.516240625 8.59997236328 250.129770992 -77.1679389313 5.1679389313 END
START 1.86987149658 -11.511321582 2.03746561279 250.129770992 -78.7251908397 1.50381679389 END
START -5.13077415771 -6.70855305176 8.73883605957 250.129770992 -94.2748091603 12.2366412214 END
START -1.34793553467 -2.16435830078 3.98634576416 250.129770992 -77.3511450382 10.9007633588 END
START 0.76614453125 -9.71806453857 3.74453139648 250.129770992 -79.4198473282 -2.58015267176 END
START -2.78685073242 -4.56813676758 4.3622354248 250.129770992 -76.9312977099 2.90076335878 END
START 2.75333190918 -9.63666168213 6.29435616455 250.129770992 -88.7557251908 5.2213740458 END
START -6.07887801514 -4.80276853027 7.88889447021 250.129770992 -83.1984732824 9.15267175573 END
START 4.04620080566 -9.99339772949 4.16591088867 250.129770992 -78.4809160305 3.0534351145 END
START 3.96479794922 -10.1202904175 0.782903942871 250.129770992 -72.7480916031 0.778625954198 END
START -4.29998618164 -3.90015450439 7.46990917969 250.129770992 -79.0076335878 9.3358778626 END
START 5.00866987305 -8.72686505127 8.06127698975 250.129770992 -93.0992366412 14.786259542 END
START -8.03254656982 -4.98233365479 6.30632717285 250.129770992 -86.6641221374 -2.41221374046 END
START 1.49877023926 -10.1849338623 7.87692346191 250.129770992 -86.8244274809 4.63358778626 END
START -0.806845959473 -4.21379492187 1.39103116455 250.129770992 -90.6870229008 1.04580152672 END
START 3.21541282959 -12.1050835937 5.82988104248 250.129770992 -78.0610687023 13.6946564885 END
START 3.53623585205 -8.19295808105 10.5273046997 250.129770992 -70.1832061069 10.4732824427 END
START 2.28167418213 -11.0588174683 9.50498059082 250.129770992 -72.3969465649 4.51145038168 END
START 9.64145008545 -9.69651672363 7.55370623779 250.129770992 -73.4503816794 -1.12977099237 END
START 7.76918438721 -9.22246479492 9.89762966309 250.129770992 -62.5572519084 7.38167938931 END
START 1.80522805176 -14.8464444946 9.06205328369 250.129770992 -65.0458015267 3.23664122137 END
START 5.05894810791 -13.4578075317 7.23288321533 250.129770992 -81.1450381679 12.7404580153 END
START 5.06373651123 -7.95353791504 7.10599052734 250.129770992 -73.2366412214 6.39694656489 END
START -0.46208092041 -9.76116016846 10.8577045288 250.129770992 -74.5954198473 10.9160305344 END
START 7.13232674561 -12.4091472046 7.52737001953 250.129770992 -80.0305343511 5.5572519084 END
START 1.51074124756 -9.09317790527 5.49469281006 250.129770992 -84.534351145 5.3893129771 END
START 6.33505759277 -8.61194337158 4.13718046875 250.129770992 -94.0381679389 -2.25190839695 END
START -8.63588538818 -10.158597644 11.5017447754 250.129770992 -89.9007633588 6.13740458015 END
START -0.280121594238 -8.66222160645 4.70460626221 250.129770992 -92.1526717557 8.23664122137 END
START -1.68551796875 -5.78199700928 11.2695072144 250.129770992 -84.8473282443 -3.39694656489 END
START -2.06140762939 -6.0693012085 4.96078583984 250.129770992 -96.9007633588 1.59541984733 END
START 0.361524450684 -11.5903302368 5.34864650879 250.129770992 -82.4122137405 -0.0381679389313 END
START -0.447715710449 -10.0101571411 9.76116016846 250.129770992 -93.4351145038 11.4351145038 END