START 1.38624276123 -11.3245738525 5.78917961426 250.129770992 -50.8549618321 6.41221374046 END
START -2.54743056641 -9.91199487305 7.32865128174 250.129770992 -51.3893129771 14.465648855 END
START 0.936132849121 -8.38449421387 8.80587370605 250.129770992 -64.7404580153 4.01526717557 END
START 0.703895288086 -4.50828172607 4.86262357178 250.129770992 -52.4198473282 -0.778625954198 END
START -6.35181700439 -10.4028062134 12.145785022 250.129770992 -52.9236641221 4.37404580153 END
START -0.222660754395 -10.7595422607 9.86171663818 250.129770992 -54.8549618321 -3.36641221374 END
START -8.48265648193 -10.158597644 6.87854136963 250.129770992 -63.0992366412 4.82442748092 END
START 2.44687409668 -8.89445916748 8.78432589111 250.129770992 -59.3358778626 8.24427480916 END
START 2.58813199463 -8.09240161133 4.59447298584 250.129770992 -71.106870229 -2.72519083969 END
START -1.66397015381 -6.42603725586 5.68862314453 250.129770992 -71.7786259542 18.2061068702 END
START -2.70305367432 -3.49314022217 6.6702458252 250.129770992 -73.2213740458 5.00763358779 END
START 3.70622416992 -12.6605383789 12.8424977051 250.129770992 -87.106870229 0.190839694656 END
START 3.90015450439 -12.4283008179 7.46751497803 250.129770992 -89.7480916031 6.14503816794 END
START -2.26970317383 -10.8600987305 7.45554396973 250.129770992 -90.9083969466 7.82442748092 END
START -3.16992299805 -11.5663882202 6.42603725586 250.129770992 -92.9694656489 4.96183206107 END
START -5.52342322998 -10.2591541138 2.68390006104 250.129770992 -86.2519083969 8.35877862595 END
START -1.49398183594 -9.66060369873 6.29914456787 250.129770992 -105.839694656 2.73282442748 END
START -2.19787712402 -9.96945571289 8.17141026611 250.129770992 -90.6106870229 9.6641221374 END
START -3.0166940918 -6.99346304932 5.76763179932 250.129770992 -97.572519084 12.0534351145 END
START 6.16267507324 -12.2247936768 11.4155535156 250.129770992 -98.6488549618 3.86259541985 END
START -0.579396801758 -7.24246002197 6.43800826416 250.129770992 -106.129770992 6.68702290076 END
START 10.7427828491 -11.8489040161 12.4019645996 250.129770992 -104.977099237 14.0610687023 END
START -0.141257897949 -0.241814367676 5.74608398437 250.129770992 -104.099236641 4.57251908397 END
START 1.89620771484 -10.3429511719 7.72369455566 250.129770992 -94.9160305344 2.49618320611 END
START 1.35032973633 -5.32949289551 11.7483475464 250.129770992 -104.595419847 3.08396946565 END
START 8.60715496826 -13.596671228 7.66862791748 250.129770992 -90.0534351145 1.2213740458 END
START 11.6406084717 -13.6397668579 11.8393272095 250.129770992 -89.9923664122 1.32824427481 END
START 4.2664673584 -9.49779798584 3.25611425781 250.129770992 -86.4732824427 -1.3358778626 END
START 5.57848986816 -9.81383260498 5.09486113281 250.129770992 -82.4885496183 4.12213740458 END
START -0.390254870605 -9.27992563477 6.66306322021 250.129770992 -78.2977099237 6.71755725191 END
START 1.88902510986 -9.21528218994 3.82832845459 250.129770992 -74.9923664122 5.32061068702 END
START 2.63601602783 -15.7083570923 2.58334359131 250.129770992 -75.9694656489 13.1908396947 END
START 9.85932243652 -12.011709729 7.04613548584 250.129770992 -83.9083969466 9.67938931298 END
START 2.87064779053 -9.1817633667 8.04451757812 250.129770992 -79.5954198473 4.53435114504 END
START 7.3310454834 -11.3389390625 7.57285985107 250.129770992 -79.4961832061 8.45038167939 END
START -1.42933839111 -14.456189624 3.74692559814 250.129770992 -77.3816793893 10.4122137405 END
START 6.34702860107 -10.046070166 6.51222851562 250.129770992 -82.2366412214 4.52671755725 END
START 2.03507141113 -7.21133540039 8.10197841797 250.129770992 -73.1908396947 -3.58778625954 END
START 8.10197841797 -8.2983029541 10.046070166 250.129770992 -76.5801526718 -2.25954198473 END
START 5.06852491455 -12.2056400635 6.81150372314 250.129770992 -77.2519083969 5.06106870229 END
START -1.30244570312 -7.84819304199 8.68137521973 250.129770992 -86.8320610687 3.91603053435 END
START 8.68376942139 -11.6717330933 3.58651408691 250.129770992 -80.7404580153 9.67175572519 END
START 6.99346304932 -5.41328995361 5.14753356934 250.129770992 -93.3358778626 1.70229007634 END
START 4.47715710449 -7.19218178711 9.04289967041 250.129770992 -82.9465648855 14.427480916 END
START -2.78445653076 -11.5041389771 7.49624539795 250.129770992 -84.9160305344 10.3969465649 END
START -3.74213719482 -5.59285507812 11.4873795654 250.129770992 -91.8549618321 11.9312977099 END
START -0.974440075684 -18.9596829468 12.4737906494 250.129770992 -96.2977099237 -4.15267175573 END
START -1.34075292969 -9.57441243896 10.6853220093 250.129770992 -94.3511450382 -3.80916030534 END
START -5.30555087891 -7.39808312988 7.69496413574 250.129770992 -96.0381679389 8.3358778626 END
START 3.73974299316 -10.0317049561 7.02937607422 250.129770992 -90.7709923664 13.1755725191 END
START 0.581791003418 -8.40843623047 8.51138690186 250.129770992 -105.908396947 -2.41984732824 END
START 3.81875164795 -5.8466404541 7.87213505859 250.129770992 -96.9007633588 -1.97709923664 END
START 5.65271011963 -11.1617681396 2.47321031494 250.129770992 -98.8015267176 3.10687022901 END
START 0.270544787598 -10.8170031006 9.56244143066 250.129770992 -93.572519084 -2.28244274809 END
START 4.22097752686 -8.2264769043 10.9941740234 250.129770992 -98.2977099237 -1.90076335878 END
START -3.0526071167 -7.42202514648 14.6453315552 250.129770992 -95.3664122137 6.8320610687 END
START -0.553060583496 -9.50976899414 9.5001921875 250.129770992 -91.5572519084 9.9465648855 END
START 0.804451757813 -7.74763657227 9.43554874268 250.129770992 -91.3358778626 1.25190839695 END
START 0.91458503418 -9.35654008789 11.4993505737 250.129770992 -93.1145038168 4.48854961832 END
START 3.68707055664 -7.0126166626 5.73411297607 250.129770992 -87.4351145038 1.90839694656 END
START -0.526724365234 -9.03571706543 8.30787976074 250.129770992 -87.4885496183 10.4503816794 END
START 3.90494290771 -15.1816327271 10.6996872192 250.129770992 -86.427480916 17.1603053435 END
START -5.54497104492 -10.2280294922 6.8138979248 250.129770992 -78.8778625954 4.46564885496 END
START 6.82108052979 -9.58638344727 6.41885465088 250.129770992 -87.8167938931 13.0610687023 END
START -0.474051928711 -13.3404916504 8.45392606201 250.129770992 -77.9541984733 4.47328244275 END
START 4.18985290527 -3.46201560059 0.445321508789 250.129770992 -74.8625954198 11.6641221374 END
START -3.19147081299 -9.36611689453 9.1338793335 250.129770992 -84.9083969466 6.54198473282 END
START 4.08929643555 -4.86262357178 6.72291826172 250.129770992 -86.8091603053 1.29007633588 END
START -1.55144267578 -9.31583865967 5.48990440674 250.129770992 -80.4427480916 -2.18320610687 END
START 2.08295544434 -8.19535228271 12.2990139282 250.129770992 -69.8244274809 22.0534351145 END
START 0.993593688965 -10.0771947876 11.0300870483 250.129770992 -76.9770992366 5.4427480916 END
START 0.0263362182617 -5.81791003418 7.0964137207 250.129770992 -97.3053435115 13.9770992366 END
START 4.8434699585 -8.11873782959 6.01902297363 250.129770992 -82.8015267176 5.70229007634 END
START 5.00148726807 -10.0269165527 8.0038161499 250.129770992 -80.7633587786 4.51145038168 END
START 1.70945998535 -8.26957253418 8.95192000732 250.129770992 -89.6030534351 4.03816793893 END
START -0.701501086426 -6.42124885254 8.13789144287 250.129770992 -89.9694656489 2.92366412214 END
START 9.08360109863 -8.66940421143 7.65186850586 250.129770992 -84.8854961832 12.5038167939 END
START -1.69509477539 -4.55137735596 6.91684859619 250.129770992 -78.3282442748 11.1297709924 END
START 3.06218392334 -13.1010714844 6.46434448242 250.129770992 -84.6183206107 3.29007633588 END
START 10.0077629395 -12.1122661987 6.62954439697 250.129770992 -83.8167938931 9.7786259542 END
START -0.967257470703 -8.33182177734 9.00938084717 250.129770992 -82.572519084 4.1679389313 END
START 6.92403120117 -8.82023891602 6.15070406494 250.129770992 -83.679389313 11.6335877863 END
START 6.28956776123 -13.0292454346 6.19858809814 250.129770992 -82.1297709924 1.54198473282 END
START 7.46512077637 -8.83220992432 6.68700523682 250.129770992 -75.8473282443 10.6183206107 END
START 13.0938888794 -7.76200178223 8.16901606445 250.129770992 -85.7022900763 4.96183206107 END
START 0.900219824219 -9.63187327881 6.70855305176 250.129770992 -77.5190839695 0.679389312977 END
START 3.05500131836 -11.7076461182 8.77474908447 250.129770992 -82.0534351145 9.11450381679 END
START 1.81719906006 -4.35744702148 7.19697019043 250.129770992 -68.5954198473 15.9160305344 END
START 2.05661922607 -11.5903302368 12.1577560303 250.129770992 -81.320610687 -1.78625954198 END
START -4.75967290039 -8.06127698975 8.34858118896 250.129770992 -77.6259541985 9.63358778626 END
START 17.2717707764 -11.9303068726 6.28238515625 250.129770992 -77.2900763359 2.14503816794 END