START 8.28872614746 -11.391611499 10.3381627686 250.129770992 -66.9389312977 5.99236641221 END
START 2.34871182861 -8.76756647949 6.14591566162 250.129770992 -63.8320610687 7.2213740458 END
START -4.72136567383 -10.158597644 8.87051715088 250.129770992 -43.465648855 10.5038167939 END
START -3.36145913086 -8.88488236084 9.00219824219 250.129770992 -51.427480916 3.74809160305 END
START 4.01028778076 -11.8943938477 4.08690223389 250.129770992 -64.7938931298 10.9312977099 END
START 4.99669886475 -11.8417214111 12.5073094727 250.129770992 -63.3816793893 -0.946564885496 END
START 0.514753356934 -13.5703350098 6.06690700684 250.129770992 -71.8625954198 6.35114503817 END
START 1.39821376953 -7.37653531494 11.3317564575 250.129770992 -66.6259541985 4.81679389313 END
START -2.27449157715 -7.0006456543 14.2814129028 250.129770992 -62.3511450382 4.40458015267 END
START 1.12766898193 -10.1777512573 6.68461103516 250.129770992 -57.9541984733 -3.67938931298 END
START -1.8148048584 -6.61039078369 8.02296976318 250.129770992 -79.2595419847 7.68702290076 END
START -3.39258375244 -7.82425102539 5.27203205566 250.129770992 -79.7404580153 12.893129771 END
START -0.0598550415039 -18.4138049683 5.51384642334 250.129770992 -80.534351145 4.41984732824 END
START -5.18344659424 -5.68144053955 8.6526447998 250.129770992 -78.9694656489 5.52671755725 END
START -7.27358464355 -9.05487067871 9.21288798828 250.129770992 -92.6870229008 7.19083969466 END
START -4.13957467041 -10.9941740234 7.56807144775 250.129770992 -74.0534351145 5.06106870229 END
START 4.97993945312 -7.82664522705 7.28076724854 250.129770992 -86.4885496183 12.6030534351 END
START -3.01429989014 -17.0036201904 7.47948598633 250.129770992 -87.320610687 3.10687022901 END
START -1.18512982178 -14.2718360962 10.7451770508 250.129770992 -75.7328244275 3.90839694656 END
START -2.7461493042 -6.4116720459 11.4107651123 250.129770992 -84.2595419847 12.1526717557 END
START 2.73178409424 -8.57842454834 5.74368978271 250.129770992 -94.3816793893 5.58778625954 END
START 4.52264693604 -10.673351001 7.48666859131 250.129770992 -78.679389313 -2.8320610687 END
START 5.78199700928 -9.42118353271 4.02944139404 250.129770992 -91.465648855 10.3893129771 END
START -3.55060106201 -10.9845972168 10.4842090698 250.129770992 -72.4503816794 1.03053435115 END
START 6.1411272583 -9.37329949951 6.40927784424 250.129770992 -75.0458015267 8.80152671756 END
START 4.99191046143 -6.0693012085 8.25520732422 250.129770992 -75.3816793893 5.10687022901 END
START 6.45716187744 -5.4563855835 7.44836136475 250.129770992 -76.6030534351 0.63358778626 END
START -4.09887324219 -1.15879360352 5.36780012207 250.129770992 -73.893129771 -0.0534351145038 END
START 1.31681091309 -13.2758482056 5.98071574707 250.129770992 -71.8549618321 -3.38167938931 END
START 5.03021768799 -11.5280809937 9.69172832031 250.129770992 -66.9007633588 8.85496183206 END
START 3.04542451172 -13.9414362671 8.5209637085 250.129770992 -63.0610687023 4.4427480916 END
START 4.92966121826 -10.3788641968 6.4475850708 250.129770992 -66.4809160305 5.5572519084 END
START -2.24097275391 -12.0907183838 6.53856473389 250.129770992 -70.4732824427 5.8320610687 END
START 0.782903942871 -9.55047042236 10.7140524292 250.129770992 -72.2900763359 -1.7786259542 END
START 8.14267984619 -6.95755002441 5.94719692383 250.129770992 -63.6030534351 2.2213740458 END
START 4.16830509033 -9.72764134521 8.20492908936 250.129770992 -68.3435114504 5.85496183206 END
START -4.91050760498 -12.2535240967 9.02853446045 250.129770992 -71.7938931298 8.69465648855 END
START 2.87304199219 -9.60314285889 13.7834189575 250.129770992 -80.1297709924 4.59541984733 END
START 0.960074865723 -10.0317049561 5.80593902588 250.129770992 -87.1755725191 6.76335877863 END
START 0.754173522949 -7.52737001953 8.03015236816 250.129770992 -92.9770992366 9.51145038168 END
START 1.80522805176 -10.0652237793 5.55694205322 250.129770992 -86.7709923664 -0.351145038168 END
START 9.44512554932 -11.293449231 5.33906970215 250.129770992 -90.3053435115 8.34351145038 END
START 4.73812508545 -11.2383825928 4.14915147705 250.129770992 -81.2595419847 -2.03816793893 END
START 5.03021768799 -12.8281324951 2.22900174561 250.129770992 -88.8702290076 9.35877862595 END
START -2.15238729248 -10.3118265503 12.4618196411 250.129770992 -93.0152671756 5.8320610687 END
START 4.59207878418 -10.8122146973 11.7387707397 250.129770992 -100.045801527 7.32061068702 END
START 3.00951148682 -12.018892334 3.74213719482 250.129770992 -96.427480916 1.48091603053 END
START 1.84114107666 -5.06852491455 4.13957467041 250.129770992 -91.3816793893 -0.0610687022901 END
START -1.05823713379 -8.97107362061 7.88889447021 250.129770992 -98.5496183206 8.52671755725 END
START 0.399831677246 -6.60560238037 6.50265170898 250.129770992 -95.3664122137 8.41984732824 END
START -0.426167895508 -12.265495105 7.37414111328 250.129770992 -98.2824427481 11.6641221374 END
START -2.82276375732 -6.95036741943 13.7690537476 250.129770992 -92.358778626 8.09160305344 END
START 3.47398660889 -4.81234533691 7.35019909668 250.129770992 -98.4045801527 16.5648854962 END
START 3.37343013916 -9.59596025391 7.09401951904 250.129770992 -91.4045801527 4.70229007634 END
START 1.81959326172 -9.11472572021 11.0707884766 250.129770992 -95.7709923664 -3.88549618321 END
START 0.76135612793 -8.41801303711 13.8528508057 250.129770992 -94.7175572519 2.07633587786 END
START -2.83952316895 -8.51617530518 9.67496890869 250.129770992 -89.0229007634 4.95419847328 END
START -2.76290871582 -6.29196196289 10.2016932739 250.129770992 -99.4503816794 -3.06870229008 END
START -0.672770666504 -6.78756170654 11.4418897339 250.129770992 -100.221374046 4.38167938931 END
START 0.45729251709 -10.2232410889 10.4099888184 250.129770992 -99.3282442748 6.93893129771 END
START 6.17943448486 -7.29034405518 7.90086547852 250.129770992 -80.7251908397 3.90076335878 END
START -1.55144267578 -8.27914934082 8.75798967285 250.129770992 -84.1603053435 5.86259541985 END
START 1.4844050293 -8.57603034668 16.54153927 250.129770992 -76.6183206107 1.20610687023 END
START -1.8267758667 -5.03979449463 6.88332977295 250.129770992 -75.893129771 18.0458015267 END
START 3.82593425293 -10.3022497437 10.9558667969 250.129770992 -83.0229007634 -1.99236641221 END
START 7.63989749756 -9.66060369873 7.721300354 250.129770992 -95.6183206107 9.90839694656 END
START 4.11802685547 -5.16668718262 11.3628810791 250.129770992 -83.4198473282 0.870229007634 END
START 0.119710083008 -10.7116582275 8.80108530273 250.129770992 -88.9160305344 11.427480916 END
START 3.3830069458 -5.71735356445 7.10599052734 250.129770992 -87.2061068702 11.5954198473 END
START 3.7253777832 -6.988674646 7.86734665527 250.129770992 -81.0916030534 5.84732824427 END
START 0.225054956055 -2.48039291992 8.99740983887 250.129770992 -90.9541984733 10.0 END
START -0.857124194336 -8.94473740234 8.74841286621 250.129770992 -77.4198473282 6.06870229008 END
START 1.51792385254 -9.10754311523 9.15303294678 250.129770992 -90.9541984733 10.9847328244 END
START 1.99197578125 -3.46680400391 7.48666859131 250.129770992 -88.9160305344 3.12213740458 END
START -2.46123930664 -10.0125513428 10.2471831055 250.129770992 -86.3129770992 12.1908396947 END
START 4.08929643555 -15.5263977661 6.35660540771 250.129770992 -86.3664122137 2.43511450382 END
START -0.598550415039 -8.10437261963 2.84670577393 250.129770992 -84.3511450382 1.82442748092 END
START 0.699106884766 -8.77953748779 7.40526573486 250.129770992 -86.0763358779 -1.27480916031 END
START -3.69425316162 -7.601590271 12.0548053589 250.129770992 -85.6335877863 3.68702290076 END
START -2.43011468506 -9.67496890869 7.09162531738 250.129770992 -95.679389313 4.62595419847 END
START 5.12837995605 -8.5927897583 8.5927897583 250.129770992 -74.0610687023 -1.71755725191 END
START 2.66474644775 -8.02536396484 7.52737001953 250.129770992 -86.358778626 4.42748091603 END
START 2.37744224854 -10.6637741943 6.80432111816 250.129770992 -92.4732824427 19.0534351145 END
START -0.272938989258 -10.9774146118 6.32548078613 250.129770992 -89.7557251908 12.6259541985 END
START 6.79713851318 -7.79312640381 5.70538255615 250.129770992 -79.1984732824 3.87022900763 END
START 0.203507141113 -13.0771294678 11.7770779663 250.129770992 -79.8167938931 -1.08396946565 END
START 7.83382783203 -8.52575211182 10.1609918457 250.129770992 -70.9770992366 1.70992366412 END
START 7.99423934326 -7.94874951172 8.5927897583 250.129770992 -77.7786259542 7.3358778626 END
START 10.3166149536 -10.9534725952 3.32075770264 250.129770992 -76.5496183206 5.41984732824 END
START 8.09479581299 -9.23443580322 4.52025273438 250.129770992 -68.2442748092 9.76335877863 END
START 14.4514012207 -8.66701000977 6.88811817627 250.129770992 -66.679389313 4.87022900763 END