START 3.97916315918 -9.03571706543 10.1992990723 250.129770992 -67.2213740458 5.43511450382 END
START -7.18021077881 -7.58004245605 5.16668718262 250.129770992 -66.6870229008 4.64885496183 END
START -6.22492431641 -11.3269680542 11.8728460327 250.129770992 -75.6183206107 7.60305343511 END
START -6.03338818359 -11.1497971313 10.2280294922 250.129770992 -71.2213740458 2.31297709924 END
START 0.91458503418 -12.5480109009 10.5416699097 250.129770992 -69.534351145 9.10687022901 END
START -4.0318355957 -9.66299790039 8.12831463623 250.129770992 -69.3435114504 12.1145038168 END
START -0.821211169434 -13.1705033325 8.59039555664 250.129770992 -80.8396946565 -1.41221374046 END
START -2.70065947266 -7.92241329346 8.28393774414 250.129770992 -69.3893129771 13.465648855 END
START 4.0198645874 -2.23618435059 5.35822331543 250.129770992 -77.0534351145 -1.45038167939 END
START -2.74854350586 -8.33661018066 6.01423457031 250.129770992 -64.0763358779 6.4427480916 END
START -0.380678063965 -8.51856950684 7.00543405762 250.129770992 -71.0763358779 9.14503816794 END
START -1.99436998291 -9.84735142822 7.49145699463 250.129770992 -79.5648854962 7.06106870229 END
START 4.66629903564 -9.24880101318 7.21133540039 250.129770992 -83.7480916031 5.31297709924 END
START 0.936132849121 -3.76129080811 9.02853446045 250.129770992 -77.4809160305 8.09923664122 END
START -7.52976422119 -7.93677850342 6.1770402832 250.129770992 -87.3969465649 6.86259541985 END
START -0.16041151123 -12.5408282959 9.23443580322 250.129770992 -89.427480916 3.83969465649 END
START 4.86262357178 -11.0205102417 8.33900438232 250.129770992 -93.106870229 2.92366412214 END
START 2.7700913208 -11.264718811 2.72699569092 250.129770992 -96.1603053435 1.45038167939 END
START -2.19548292236 -9.02853446045 6.95276162109 250.129770992 -90.4580152672 3.52671755725 END
START -2.99993468018 -4.36462962646 3.84269366455 250.129770992 -85.0839694656 -1.35877862595 END
START -1.48201082764 -13.3692220703 4.22576593018 250.129770992 -87.2442748092 9.2213740458 END
START 1.21864864502 -5.40131894531 2.60010300293 250.129770992 -85.641221374 3.87786259542 END
START 1.14682259521 -12.5982891357 8.39646522217 250.129770992 -91.9923664122 0.259541984733 END
START -2.52588275146 -6.26083734131 6.54574733887 250.129770992 -85.0610687023 6.51908396947 END
START 4.75727869873 -5.02542928467 8.06127698975 250.129770992 -81.3816793893 12.7328244275 END
START 3.20823022461 -3.73974299316 4.95839163818 250.129770992 -80.6335877863 5.70992366412 END
START 8.62630858154 -9.29668504639 4.29280357666 250.129770992 -73.6183206107 13.4198473282 END
START 7.83622203369 -12.6413847656 6.21295330811 250.129770992 -78.3129770992 10.5648854962 END
START 13.1537439209 -6.73249506836 9.07641849365 250.129770992 -80.3664122137 3.96183206107 END
START 2.33434661865 -6.05014759521 7.83382783203 250.129770992 -76.8244274809 9.3358778626 END
START 0.964863269043 -10.8337625122 7.79552060547 250.129770992 -73.0381679389 11.5114503817 END
START -0.833182177734 -17.1089650635 3.22020123291 250.129770992 -82.3893129771 8.64122137405 END
START 5.44680877686 -15.3444384399 5.13077415771 250.129770992 -89.9694656489 1.17557251908 END
START 9.65102689209 -11.264718811 7.69256993408 250.129770992 -80.8396946565 -0.63358778626 END
START 2.81079274902 -13.005303418 7.87931766357 250.129770992 -71.1908396947 2.16030534351 END
START 1.55383687744 -7.29752666016 3.6894647583 250.129770992 -76.893129771 5.32061068702 END
START 0.213083947754 -7.06528909912 8.23365950928 250.129770992 -72.572519084 7.45801526718 END
START -2.58813199463 -6.81629212646 6.08845482178 250.129770992 -90.2977099237 14.4351145038 END
START 5.95437952881 -13.8696102173 6.7540428833 250.129770992 -74.8702290076 8.15267175573 END
START -1.01514150391 -12.3684457764 8.35336959229 250.129770992 -108.167938931 8.70229007634 END
START -5.30794508057 -12.3492921631 6.41885465088 250.129770992 -106.755725191 2.61832061069 END
START 3.75650240479 -13.6972276978 10.8577045288 250.129770992 -104.633587786 3.6106870229 END
START 1.37427175293 -9.14824454346 11.1737391479 250.129770992 -99.3129770992 11.0763358779 END
START 2.98078106689 -10.4746322632 7.15148035889 250.129770992 -91.5954198473 21.0916030534 END
START 0.193930334473 -16.7282869995 7.96311472168 250.129770992 -102.511450382 0.106870229008 END
START 10.6350437744 -11.7100403198 6.90248338623 250.129770992 -106.870229008 6.64885496183 END
START 6.43800826416 -9.87608184814 8.09958421631 250.129770992 -103.13740458 16.4198473282 END
START -1.13963999023 -7.108384729 7.6255322876 250.129770992 -94.8015267176 0.740458015267 END
START 2.46842191162 -5.29357987061 8.48744488525 250.129770992 -104.175572519 -3.27480916031 END
START -2.00873519287 -10.3549221802 11.0037508301 250.129770992 -107.221374046 1.74045801527 END
START -1.75255561523 -8.99022723389 10.1538092407 250.129770992 -104.244274809 6.67175572519 END
START 1.80043964844 -9.193734375 6.69179364014 250.129770992 -104.557251908 5.67938931298 END
START -3.71580097656 -11.0803652832 12.0380459473 250.129770992 -104.770992366 12.1526717557 END
START 5.68862314453 -8.03015236816 13.0196686279 250.129770992 -103.763358779 5.96946564885 END
START -2.03267720947 -7.67581052246 7.45793817139 250.129770992 -100.786259542 5.61832061069 END
START 2.14281048584 -10.4482960449 6.48589229736 250.129770992 -90.3435114504 2.10687022901 END
START -4.36941802979 -11.0731826782 7.53455262451 250.129770992 -96.4885496183 0.0610687022901 END
START -0.229843359375 -7.97269152832 14.2071926514 250.129770992 -88.6717557252 10.2519083969 END
START -1.75016141357 -8.03015236816 10.6350437744 250.129770992 -79.8091603053 -1.64885496183 END
START -3.2992098877 -7.3190744751 9.58159504395 250.129770992 -75.4885496183 14.2366412214 END
START 0.804451757813 -6.52180532227 7.2951324585 250.129770992 -79.3282442748 -0.0229007633588 END
START -3.29202728271 -9.1458503418 8.73404765625 250.129770992 -84.4351145038 -3.6106870229 END
START 1.60650931396 -5.78917961426 7.52258161621 250.129770992 -80.4198473282 4.58778625954 END
START -7.26879624023 -3.10527955322 5.23611903076 250.129770992 -76.2900763359 10.5419847328 END
START 3.71101257324 -8.45632026367 5.92325490723 250.129770992 -83.4809160305 7.39694656489 END
START 4.90811340332 -10.4171714233 10.9798088135 250.129770992 -87.6870229008 5.49618320611 END
START -1.99915838623 -6.66545742187 10.5991307495 250.129770992 -88.7557251908 14.4961832061 END
START -1.66397015381 -7.92480749512 11.0851536865 250.129770992 -78.0992366412 17.4732824427 END
START -5.5042696167 -2.24336695557 7.08683691406 250.129770992 -76.6564885496 3.08396946565 END
START -0.450109912109 -9.17936916504 4.16591088867 250.129770992 -83.0534351145 9.62595419847 END
START 0.61530982666 -7.57046564941 9.90960067139 250.129770992 -96.2519083969 14.3435114504 END
START -0.114921679688 -9.440337146 9.02135185547 250.129770992 -98.3740458015 13.641221374 END
START 4.2305543335 -8.86572874756 8.75080706787 250.129770992 -97.1603053435 3.51908396947 END
START -4.72854827881 -15.2821891968 5.88015927734 250.129770992 -89.0152671756 13.2290076336 END
START 4.64953962402 -2.28885678711 13.1345903076 250.129770992 -86.4809160305 6.4427480916 END
START 0.945709655762 -6.21295330811 9.45949075928 250.129770992 -96.1145038168 10.6335877863 END
START -0.407014282227 -9.68215151367 9.49779798584 250.129770992 -89.7938931298 -2.32824427481 END
START 1.92014973145 -7.2831614502 4.36462962646 250.129770992 -94.5267175573 10.3282442748 END
START -0.395043273926 -11.1617681396 3.17949980469 250.129770992 -77.9312977099 7.42748091603 END
START 3.42610257568 -2.67432325439 10.7595422607 250.129770992 -68.0687022901 -1.01526717557 END
START 5.41089575195 -13.4386539185 1.33835872803 250.129770992 -77.2671755725 9.64885496183 END
START 2.4756045166 -7.63510909424 7.11077893066 250.129770992 -75.4580152672 20.6030534351 END
START -0.246602770996 -13.0914946777 8.63109698486 250.129770992 -69.4885496183 5.18320610687 END
START 0.227449157715 -8.01099875488 6.55771834717 250.129770992 -66.7480916031 2.64122137405 END