START 2.29603939209 -9.80665 7.13711514893 250.129770992 -63.572519084 6.59541984733 END
START -1.18034141846 -8.91600698242 5.22414802246 250.129770992 -52.0687022901 11.8244274809 END
START 0.744596716309 -6.31590397949 8.44674345703 250.129770992 -50.3816793893 16.8015267176 END
START 0.538695373535 -12.2942255249 7.32146867676 250.129770992 -39.8473282443 7.03816793893 END
START 2.85867678223 -10.1202904175 7.57046564941 250.129770992 -49.9160305344 9.3893129771 END
START -3.21541282959 -9.70609353027 7.23288321533 250.129770992 -53.4427480916 10.5572519084 END
START 3.30878669434 -8.32463917236 11.0372696533 250.129770992 -45.0305343511 13.4732824427 END
START -3.32794030762 -11.8273562012 6.24886633301 250.129770992 -50.9083969466 6.80916030534 END
START -0.837970581055 -10.1490208374 10.4602670532 250.129770992 -52.8244274809 8.01526717557 END
START 1.30723410645 -1.32878192139 8.30309135742 250.129770992 -56.9923664122 12.5801526718 END
START -1.82438166504 -5.80833322754 11.0612116699 250.129770992 -63.3816793893 9.64885496183 END
START 1.62566292725 -12.011709729 7.26161363525 250.129770992 -53.3435114504 -1.3358778626 END
START 9.97663831787 -13.984531897 9.49540378418 250.129770992 -69.213740458 9.42748091603 END
START 5.31512768555 -11.159373938 5.55454785156 250.129770992 -65.3358778626 2.57251908397 END
START 7.84579884033 -7.87931766357 9.20091697998 250.129770992 -66.5648854962 2.49618320611 END
START -0.600944616699 -9.05965908203 4.64235701904 250.129770992 -61.5190839695 1.06106870229 END
START 3.22259543457 -10.42674823 5.38695373535 250.129770992 -56.7404580153 0.984732824427 END
START 1.99915838623 -9.59596025391 6.60081397705 250.129770992 -62.5877862595 2.60305343511 END
START 1.56580788574 -7.53455262451 10.4291424316 250.129770992 -50.8015267176 12.3053435115 END
START -4.81952794189 -10.1226846191 6.57208355713 250.129770992 -51.7938931298 11.4427480916 END
START 2.49715233154 -11.391611499 5.39174213867 250.129770992 -66.9923664122 15.3129770992 END
START -5.11880314941 -5.93283171387 5.85621726074 250.129770992 -65.5801526718 4.45801526718 END
START 1.1659762085 -8.75080706787 5.58327827148 250.129770992 -54.2900763359 17.358778626 END
START -8.74841286621 -12.8831991333 7.27119044189 250.129770992 -72.7022900763 4.67938931298 END
START 2.28646258545 -10.6996872192 4.3502644165 250.129770992 -71.1450381679 0.145038167939 END
START -3.6415807251 -3.15316358643 4.47955130615 250.129770992 -68.427480916 11.2671755725 END
START 5.54975944824 -10.1274730225 3.57454307861 250.129770992 -69.786259542 6.6641221374 END
START -3.23935484619 -8.53532891846 5.78917961426 250.129770992 -71.7480916031 10.9083969466 END
START -0.102950671387 -10.8098204956 7.20415279541 250.129770992 -85.3511450382 11.534351145 END
START -3.52187064209 -10.4818148682 10.9558667969 250.129770992 -83.572519084 17.2977099237 END
START 3.63200391846 -13.8528508057 7.66623371582 250.129770992 -78.1145038168 1.65648854962 END
START -7.38611212158 -15.8831338135 9.68933411865 250.129770992 -79.0229007634 10.0458015267 END
START -1.58496149902 -8.52335791016 2.85149417725 250.129770992 -67.106870229 10.6946564885 END
START -0.0263362182617 -12.0164981323 10.3166149536 250.129770992 -55.2671755725 4.59541984733 END
START -0.296881005859 -10.3860468018 8.39646522217 250.129770992 -56.6106870229 -0.664122137405 END
START 5.16668718262 -13.7187755127 5.7508723877 250.129770992 -64.8702290076 8.14503816794 END
START -2.3798364502 -5.34385810547 7.55610043945 250.129770992 -73.8625954198 13.7251908397 END
START -1.01992990723 -12.8353151001 7.99902774658 250.129770992 -59.6335877863 5.0534351145 END
START 7.02937607422 -7.84579884033 6.60799658203 250.129770992 -71.5114503817 3.7786259542 END
START 9.80425579834 -11.4873795654 9.80425579834 250.129770992 -64.3664122137 -2.0 END
START 5.48272180176 -3.59609089355 6.12676204834 250.129770992 -56.2977099237 2.12977099237 END
START 5.2816088623 -10.0628295776 7.47948598633 250.129770992 -67.5267175573 -1.37404580153 END
START -1.95606275635 -7.0605006958 4.51785853271 250.129770992 -66.4427480916 8.79389312977 END
START 8.51378110352 -12.5743471191 9.93593688965 250.129770992 -67.9160305344 -3.32061068702 END
START 2.03028300781 -14.5926591187 8.5209637085 250.129770992 -60.0687022901 7.95419847328 END
START 0.30406361084 -16.1034003662 3.73016618652 250.129770992 -67.4427480916 2.35877862595 END
START 2.87304199219 -15.3683804565 5.24809003906 250.129770992 -70.2290076336 11.4351145038 END
START -4.33589920654 -11.511321582 5.70059415283 250.129770992 -71.0687022901 15.0229007634 END
START 5.42765516357 -5.98310994873 5.34864650879 250.129770992 -66.358778626 13.9465648855 END
START -2.30801040039 -10.7643306641 6.34942280273 250.129770992 -76.5648854962 5.47328244275 END
START 11.0516348633 -8.947131604 8.41561883545 250.129770992 -79.5877862595 11.2748091603 END
START -5.8346694458 -12.6413847656 10.1107136108 250.129770992 -89.0687022901 17.320610687 END
START 1.31202250977 -19.6133 7.87692346191 250.129770992 -81.572519084 3.3358778626 END
START -4.51785853271 -11.7267997314 4.82910474854 250.129770992 -81.3282442748 10.0305343511 END
START -1.62566292725 -11.8728460327 8.47068547363 250.129770992 -92.9236641221 -2.28244274809 END
START 3.47877501221 -8.73644185791 9.63905588379 250.129770992 -79.572519084 2.46564885496 END
START 2.43490308838 -19.5055609253 2.49475812988 250.129770992 -93.6106870229 6.50381679389 END
START -3.50750543213 -3.0406361084 5.60243188477 250.129770992 -104.312977099 2.41984732824 END
START 5.46117398682 -8.37012900391 9.95030209961 250.129770992 -104.549618321 5.19083969466 END
START 5.10683214111 -2.12844527588 4.5848961792 250.129770992 -104.351145038 6.00763358779 END
START 0.265756384277 -10.7188408325 9.5001921875 250.129770992 -104.213740458 8.14503816794 END
START -2.89698400879 -9.22485899658 5.54257684326 250.129770992 -103.595419847 10.0 END
START 3.00711728516 -10.2304236938 3.73016618652 250.129770992 -104.633587786 4.29007633588 END
START 4.83628735352 -11.2359883911 3.85945307617 250.129770992 -105.58778626 7.26717557252 END
START 4.51307012939 -9.2057053833 10.5560351196 250.129770992 -94.5038167939 4.41984732824 END
START 1.33835872803 -10.2352120972 9.04050546875 250.129770992 -102.496183206 3.72519083969 END
START 3.21301862793 -8.56166513672 9.29429084473 250.129770992 -102.366412214 -3.51145038168 END
START 2.90416661377 -9.30626185303 11.9853735107 250.129770992 -104.106870229 3.74809160305 END
START 4.9152960083 -16.2159278442 8.71249984131 250.129770992 -104.251908397 13.7709923664 END
START -1.28808049316 -12.018892334 9.39484731445 250.129770992 -95.3358778626 6.91603053435 END
START -1.66397015381 -9.4283661377 9.01656345215 250.129770992 -104.473282443 14.9770992366 END
START 4.81234533691 -9.45709655762 8.94473740234 250.129770992 -103.251908397 12.6106870229 END
START -1.8507178833 -1.58256729736 3.47638081055 250.129770992 -104.580152672 -0.511450381679 END
START -3.49792862549 0.169988317871 6.72531246338 250.129770992 -104.27480916 15.5190839695 END
START 6.24168372803 -3.53144744873 7.92480749512 250.129770992 -104.465648855 11.2671755725 END
START 12.4163298096 -7.18739338379 9.00459244385 250.129770992 -102.923664122 -2.74045801527 END
START -2.05901342773 -7.98466253662 13.1489555176 250.129770992 -99.1603053435 9.85496183206 END
START -4.78600911865 -11.2168347778 8.59039555664 250.129770992 -87.786259542 -5.34351145038 END
START 1.30483990479 -5.51384642334 8.26717833252 250.129770992 -92.4427480916 14.9618320611 END
START -8.32942757568 -5.09725533447 5.09007272949 250.129770992 -74.1450381679 8.97709923664 END
START 3.76607921143 -8.8753055542 5.71256516113 250.129770992 -79.6259541985 3.12213740458 END
START -1.41976158447 -12.4881558594 11.1067015015 250.129770992 -72.5954198473 11.6641221374 END
START -2.1452046875 -11.2072579712 12.5480109009 250.129770992 -74.4961832061 6.87022900763 END
START -4.61602080078 -9.87368764648 7.42920775146 250.129770992 -72.786259542 -0.145038167939 END
START -4.05817181396 -12.1840922485 3.70382996826 250.129770992 -68.6641221374 0.709923664122 END
START 1.18273562012 -12.4713964478 3.55778366699 250.129770992 -74.9007633588 9.64122137405 END
START 8.00621035156 -3.75171400146 10.2615483154 250.129770992 -63.6335877863 1.70229007634 END
START -3.4069489624 -13.4027408936 6.41885465088 250.129770992 -79.1679389313 11.3435114504 END
START 1.62087452393 -4.93444962158 6.11479104004 250.129770992 -68.5877862595 2.39694656489 END
START -4.61123239746 -12.8281324951 6.50983431396 250.129770992 -62.5267175573 -2.45801526718 END
START -3.98155736084 -1.16358200684 7.12753834229 250.129770992 -68.3740458015 8.30534351145 END
START 0.076614453125 -9.23204160156 6.88572397461 250.129770992 -56.679389313 4.7786259542 END
START 2.39659586182 -11.6645504883 11.4993505737 250.129770992 -66.3816793893 9.93129770992 END
START -4.71657727051 -10.3261917603 9.92875428467 250.129770992 -80.213740458 9.27480916031 END
START 8.99022723389 -9.41160672607 3.17471140137 250.129770992 -68.9923664122 12.8320610687 END
START 2.89937821045 -14.5375924805 4.98472785645 250.129770992 -60.9236641221 0.145038167939 END
START 4.71657727051 -6.495469104 4.50828172607 250.129770992 -54.8625954198 5.34351145038 END
START 2.63601602783 -9.02135185547 7.57525405273 250.129770992 -65.8702290076 11.2900763359 END
START 6.46195028076 -10.9295305786 3.9719805542 250.129770992 -45.8396946565 4.92366412214 END
START 6.39251843262 -9.56244143066 9.55047042236 250.129770992 -49.8473282443 2.51908396947 END
START 6.71094725342 -7.20894119873 8.09479581299 250.129770992 -46.0839694656 1.96183206107 END
START 0.105344873047 -11.5807534302 6.87854136963 250.129770992 -38.9694656489 8.56488549618 END
START 11.1090957031 -11.518504187 6.7181298584 250.129770992 -44.9541984733 15.2900763359 END
START 9.21049378662 -15.5718875977 10.0580411743 250.129770992 -33.8854961832 12.2366412214 END
START -1.472434021 -8.11873782959 6.00465776367 250.129770992 -42.1832061069 2.3358778626 END
START 5.50905802002 -12.6437789673 6.54095893555 250.129770992 -46.9923664122 3.47328244275 END
START 10.158597644 -4.84107575684 8.03254656982 250.129770992 -41.3664122137 2.29007633588 END
START 5.63355650635 -7.29752666016 7.77157858887 250.129770992 -38.8549618321 9.43511450382 END