START -2.68390006104 -7.14908615723 7.6853873291 250.129770992 -90.8625954198 8.48091603053 END
START 3.1124621582 -5.52342322998 10.2280294922 250.129770992 -76.3129770992 0.541984732824 END
START -0.423773693848 -6.99825145264 9.79946739502 250.129770992 -79.3969465649 5.80916030534 END
START 4.96796844482 -9.19612857666 13.6972276978 250.129770992 -79.9694656489 9.70229007634 END
START -0.706289489746 -11.6238490601 6.93360800781 250.129770992 -73.5572519084 4.36641221374 END
START -2.94726224365 -8.34858118896 14.477737439 250.129770992 -79.6717557252 8.11450381679 END
START -0.203507141113 -10.0197339478 3.3470939209 250.129770992 -67.9160305344 0.36641221374 END
START 1.96085115967 -11.2479593994 7.53215842285 250.129770992 -66.4885496183 6.90076335878 END
START -1.97521636963 -10.7834842773 11.6980693115 250.129770992 -58.1297709924 4.20610687023 END
START 0.179565124512 -11.8082025879 8.62152017822 250.129770992 -76.7786259542 -3.30534351145 END
START -2.98317526855 -12.7156050171 10.4075946167 250.129770992 -75.3511450382 1.31297709924 END
START -2.34152922363 -11.2958434326 8.17619866943 250.129770992 -74.7404580153 -0.167938931298 END
START 1.8626888916 -11.4778027588 9.94311949463 250.129770992 -61.679389313 1.06106870229 END
START 2.34871182861 -8.58081875 7.47948598633 250.129770992 -67.9389312977 0.862595419847 END
START 0.378283862305 -12.7347586304 6.22013591309 250.129770992 -81.1908396947 5.54961832061 END
START 5.77720860596 -15.6125890259 8.15704505615 250.129770992 -77.320610687 -1.28244274809 END
START 1.79565124512 -6.40448944092 13.6972276978 250.129770992 -73.9312977099 -3.54198473282 END
START -2.79882174072 -12.7275760254 10.2016932739 250.129770992 -87.0839694656 9.84732824427 END
START -0.0574608398438 -6.6822168335 9.15063874512 250.129770992 -80.7557251908 4.12977099237 END
START -2.0973206543 -15.4138702881 6.3637880127 250.129770992 -96.4732824427 2.16030534351 END
START 9.19612857666 -10.2376062988 8.57603034668 250.129770992 -71.1908396947 6.15267175573 END
START 5.31273348389 -13.0172744263 7.50821640625 250.129770992 -78.7175572519 -3.09160305344 END
START 9.13627353516 -14.6429373535 6.34463439941 250.129770992 -74.1374045802 3.00763358779 END
START 1.69988317871 -11.2120463745 6.64151540527 250.129770992 -80.893129771 -0.63358778626 END
START 2.36068283691 -10.307038147 6.988674646 250.129770992 -77.7938931298 5.42748091603 END
START 0.323217224121 -5.92804331055 7.721300354 250.129770992 -76.4198473282 2.41984732824 END
START 0.114921679688 -10.3644989868 6.73967767334 250.129770992 -81.4427480916 0.87786259542 END
START -0.691924279785 -10.7691190674 12.5073094727 250.129770992 -77.1221374046 4.32061068702 END
START 3.44046778564 -10.41238302 6.53138212891 250.129770992 -80.358778626 3.09923664122 END
START -5.30794508057 -8.41801303711 12.1601502319 250.129770992 -67.0687022901 5.74809160305 END
START 3.03105930176 -8.84657513428 7.32146867676 250.129770992 -74.7251908397 9.1679389313 END
START 0.0885854614258 -10.1442324341 7.79791480713 250.129770992 -79.9847328244 5.8320610687 END
START -4.40772525635 0.442927307129 6.43321986084 250.129770992 -80.9007633588 9.74809160305 END
START 7.36456430664 -2.92332022705 7.00303985596 250.129770992 -82.1297709924 -1.37404580153 END
START 1.45567460937 -17.2310693481 -0.351947644043 250.129770992 -93.6564885496 -3.62595419847 END
START 2.23857855225 -7.22091220703 7.12993254395 250.129770992 -100.259541985 4.68702290076 END
START -0.778115539551 -14.8033488647 10.4315366333 250.129770992 -97.7328244275 5.06106870229 END
START -3.15316358643 -11.0157218384 8.17380446777 250.129770992 -98.6870229008 -1.14503816794 END
START 3.9360675293 -12.2295820801 6.98149204102 250.129770992 -81.4045801527 -2.02290076336 END
START -0.0742202514648 -10.3477395752 7.55131203613 250.129770992 -85.3893129771 -3.6641221374 END
START 6.19619389648 -7.4028715332 9.09557210693 250.129770992 -77.6030534351 5.2213740458 END
START 7.54891783447 -13.5296335815 5.29597407227 250.129770992 -81.5496183206 2.62595419847 END
START 1.39821376953 -9.20091697998 4.99430466309 250.129770992 -79.9770992366 8.67175572519 END
START 6.03578238525 -16.3739451538 3.82354005127 250.129770992 -74.6030534351 0.679389312977 END
START 9.47146176758 -7.91044228516 5.31033928223 250.129770992 -76.7786259542 -1.31297709924 END
START 7.88171186523 -9.1458503418 12.7610948486 250.129770992 -78.9770992366 4.52671755725 END
START 8.99740983887 -8.19535228271 4.58729038086 250.129770992 -78.2748091603 8.51145038168 END
START 10.0005803345 -9.25598361816 6.26562574463 250.129770992 -74.2442748092 -5.63358778626 END
START 6.83065733643 -9.55765302734 5.4563855835 250.129770992 -71.0992366412 -0.93893129771 END
START 2.63362182617 -5.30315667725 7.08683691406 250.129770992 -71.0992366412 6.51908396947 END
START 4.60165559082 -14.0802999634 5.68383474121 250.129770992 -68.7480916031 3.90076335878 END
START 2.46842191162 -12.5168862793 9.02374605713 250.129770992 -75.3053435115 5.98473282443 END
START -0.629675036621 -7.69496413574 11.01811604 250.129770992 -67.9312977099 -1.10687022901 END
START -1.57777889404 -5.53060583496 7.71890615234 250.129770992 -68.534351145 4.46564885496 END
START 1.19231242676 -14.1449434082 3.72298358154 250.129770992 -73.3435114504 5.31297709924 END
START 0.742202514648 -5.69580574951 6.91924279785 250.129770992 -74.3129770992 11.9007633588 END
START 4.65432802734 -5.60482608643 0.742202514648 250.129770992 -73.0534351145 11.7175572519 END
START 0.265756384277 -13.4195003052 1.26653267822 250.129770992 -77.2442748092 -1.39694656489 END
START 3.20104761963 -9.38287630615 3.20823022461 250.129770992 -74.0458015267 10.7633587786 END
START 1.07739074707 -10.2280294922 9.79946739502 250.129770992 -71.9083969466 4.75572519084 END
START 4.46039769287 -3.82354005127 5.66707532959 250.129770992 -69.9465648855 4.14503816794 END
START 1.30244570312 -10.1322614258 11.0540290649 250.129770992 -76.0 4.93893129771 END
START 4.15154567871 -11.9590372925 2.04943662109 250.129770992 -85.0610687023 3.74809160305 END
START -2.47321031494 -10.524910498 8.5089927002 250.129770992 -78.534351145 -0.12213740458 END
START -2.08295544434 -7.57764825439 2.47321031494 250.129770992 -76.4427480916 2.48854961832 END
START 3.3231519043 -9.28231983643 7.80988581543 250.129770992 -78.1450381679 -2.70992366412 END
START 7.9080480835 -8.14507404785 5.70298835449 250.129770992 -79.9694656489 -3.90076335878 END
START -5.78917961426 -11.6621562866 10.9989624268 250.129770992 -89.5496183206 1.18320610687 END
START 5.5401826416 -2.11886846924 4.63756861572 250.129770992 -100.259541985 5.45038167939 END
START 5.46117398682 -4.98712205811 7.20175859375 250.129770992 -86.9847328244 6.54961832061 END
START -0.102950671387 -10.7499654541 11.3748520874 250.129770992 -82.8015267176 4.61832061069 END
START 4.26886156006 -10.158597644 11.0492406616 250.129770992 -82.4503816794 -0.679389312977 END
START -2.17393510742 -11.7387707397 12.0955067871 250.129770992 -89.1679389313 5.90076335878 END
START 1.61129771729 -6.69897624512 10.0508585693 250.129770992 -84.3282442748 7.59541984733 END
START 3.26569106445 -6.28477935791 8.83699832764 250.129770992 -82.4961832061 5.37404580153 END
START 2.04704241943 -1.17076461182 8.33182177734 250.129770992 -82.6488549618 1.52671755725 END
START -8.12592043457 -5.68622894287 12.4953384644 250.129770992 -94.8778625954 12.6870229008 END
START -1.18512982178 -12.6054717407 12.3061965332 250.129770992 -83.1679389313 10.0916030534 END
START 1.86747729492 -9.58638344727 11.6645504883 250.129770992 -82.9694656489 8.21374045802 END
START 0.186747729492 -10.2328178955 7.57764825439 250.129770992 -77.6488549618 11.1221374046 END
START -5.18105239258 -0.809240161133 5.16908138428 250.129770992 -78.2900763359 9.32824427481 END
START 1.05344873047 -11.5951186401 8.86812294922 250.129770992 -75.6183206107 -0.221374045802 END
START -0.186747729492 -8.92079538574 12.9741787964 250.129770992 -76.5572519084 -2.26717557252 END
START 0.624886633301 -15.9525656616 5.25527264404 250.129770992 -76.9541984733 5.18320610687 END
START 3.9839515625 -11.1043072998 8.71968244629 250.129770992 -69.9389312977 4.49618320611 END
START -0.612915625 -9.18415756836 3.86902988281 250.129770992 -78.0381679389 5.19083969466 END
START 1.72143099365 -13.0460048462 7.91523068848 250.129770992 -76.8625954198 7.93129770992 END
START 5.00148726807 -11.3054202393 10.2663367187 250.129770992 -86.5419847328 10.3358778626 END
START -2.03028300781 -1.71424838867 10.2471831055 250.129770992 -77.4580152672 6.35114503817 END
START -2.42053787842 -14.336479541 9.1697923584 250.129770992 -72.3435114504 1.03816793893 END
START 0.0670376464844 -2.28167418213 9.36132849121 250.129770992 -79.0076335878 10.534351145 END
START 1.00317049561 -11.4251303223 7.87452926025 250.129770992 -69.893129771 -1.27480916031 END
START 4.13718046875 -15.3707746582 13.0819178711 250.129770992 -69.0534351145 -0.381679389313 END
START -2.16435830078 -4.656722229 7.45314976807 250.129770992 -81.4732824427 -0.412213740458 END
START 2.47799871826 -10.8936175537 11.4849853638 250.129770992 -86.2290076336 -0.595419847328 END
START 0.131681091309 -3.62482131348 7.9439611084 250.129770992 -86.0 3.68702290076 END
START 0.830787976074 -12.6749035889 6.80432111816 250.129770992 -88.3282442748 13.6564885496 END
START -2.05901342773 -3.4428619873 4.6327802124 250.129770992 -86.4961832061 7.43511450382 END
START 5.70059415283 -8.71489404297 6.93360800781 250.129770992 -105.870229008 4.19847328244 END
START 5.02303508301 -5.45159718018 8.02536396484 250.129770992 -94.4045801527 -1.3893129771 END
START -9.61750806885 -9.59596025391 6.01902297363 250.129770992 -97.9389312977 3.58778625954 END
START 1.45567460937 -5.14274516602 7.25682523193 250.129770992 -104.679389313 -4.40458015267 END
START 7.31428607178 -12.0643821655 6.86896456299 250.129770992 -95.4961832061 7.80916030534 END
START -2.28646258545 -3.79002122803 5.74847818604 250.129770992 -89.6106870229 6.45801526718 END
START 14.3221143311 -11.6717330933 9.90241806641 250.129770992 -81.3511450382 2.82442748092 END
START -1.2737152832 -8.47307967529 8.22168850098 250.129770992 -82.2519083969 7.02290076336 END
START 5.54975944824 -7.37653531494 8.31985076904 250.129770992 -74.3435114504 9.09160305344 END
START 1.51552965088 -8.78432589111 7.70693514404 250.129770992 -91.2290076336 8.3893129771 END
START 9.05487067871 -9.97663831787 5.8945244873 250.129770992 -80.5114503817 6.77099236641 END
START 6.32787498779 -5.57848986816 6.67503422852 250.129770992 -85.8396946565 6.69465648855 END
START 7.85058724365 0.46686932373 2.05422502441 250.129770992 -71.3053435115 7.64885496183 END
START 9.54568201904 -11.2264115845 6.93600220947 250.129770992 -85.6641221374 6.28244274809 END
START 3.87381828613 -11.2431709961 7.0844427124 250.129770992 -69.893129771 8.91603053435 END
START 6.40448944092 -10.9486841919 4.72136567383 250.129770992 -70.213740458 13.2595419847 END
START 5.72932457275 -11.8177793945 10.7667248657 250.129770992 -63.0610687023 4.85496183206 END
START 10.7523596558 -10.1538092407 6.86417615967 250.129770992 -60.6946564885 5.16030534351 END
START 6.38054742432 -4.37899483643 5.74608398437 250.129770992 -58.6641221374 5.59541984733 END
START 6.36618221436 -9.78749638672 7.07965430908 250.129770992 -62.2977099237 14.1374045802 END
START 4.72854827881 -11.631031665 9.15542714844 250.129770992 -60.1832061069 14.9541984733 END
START 8.11394942627 -9.93593688965 5.762843396 250.129770992 -66.4503816794 3.95419847328 END
START 14.5639286987 -1.74058460693 14.1305781982 250.129770992 -55.0152671756 17.7633587786 END