START 5.77002600098 -6.36618221436 15.195997937 250.129770992 -73.1297709924 13.0534351145 END
START -1.41736738281 -10.8744639404 4.51307012939 250.129770992 -70.8320610687 -1.87786259542 END
START 9.8305920166 -10.4506902466 9.43076033936 250.129770992 -67.7099236641 4.20610687023 END
START -3.08373173828 -11.6334258667 8.12831463623 250.129770992 -68.679389313 13.2290076336 END
START 6.26083734131 -6.38533582764 11.6645504883 250.129770992 -85.6870229008 2.73282442748 END
START 4.6327802124 -8.89685336914 10.4435076416 250.129770992 -90.8702290076 6.74809160305 END
START 0.962469067383 -6.23210692139 11.8177793945 250.129770992 -84.0610687023 6.86259541985 END
START 0.478840332031 -16.6277305298 8.9351605957 250.129770992 -71.7557251908 7.45038167939 END
START 0.15801730957 -13.0843120728 10.0053687378 250.129770992 -69.2213740458 16.3969465649 END
START -2.61446821289 -15.7179338989 7.0964137207 250.129770992 -80.5954198473 11.6183206107 END
START 3.58411988525 -8.83220992432 12.7994020752 250.129770992 -66.1755725191 6.87022900763 END
START 0.114921679688 -7.79791480713 10.3333743652 250.129770992 -66.106870229 5.12213740458 END
START -5.74847818604 -9.49300958252 13.2973960205 250.129770992 -79.0992366412 9.70229007634 END
START 2.26491477051 -17.1281186768 10.8768581421 250.129770992 -70.7480916031 7.90076335878 END
START 6.87375296631 -14.9517893677 2.65038123779 250.129770992 -66.9694656489 15.0152671756 END
START 2.35828863525 -14.6213895386 7.15626876221 250.129770992 -78.4885496183 -1.67938931298 END
START 1.78607443848 -13.5224509766 13.991714502 250.129770992 -69.572519084 5.26717557252 END
START -11.2168347778 -8.71249984131 8.82502731934 250.129770992 -86.2519083969 2.27480916031 END
START -7.9559321167 -9.05487067871 6.61996759033 250.129770992 -87.9007633588 -0.274809160305 END
START 2.36068283691 -14.4921026489 12.0141039307 250.129770992 -98.427480916 0.412213740458 END
START -0.61052142334 -4.9392380249 0.325611425781 250.129770992 -92.5572519084 5.17557251908 END
START -3.60806190186 -10.8098204956 9.68454571533 250.129770992 -98.3740458015 9.48854961832 END
START 3.10767375488 -8.38449421387 10.6063133545 250.129770992 -80.6564885496 8.97709923664 END
START 2.48278712158 -10.7978494873 9.22725319824 250.129770992 -94.9923664122 3.83969465649 END
START -1.96324536133 -9.59117185059 8.50181009521 250.129770992 -82.4580152672 5.06106870229 END
START -4.20421811523 -4.57771357422 6.64151540527 250.129770992 -98.9847328244 10.4198473282 END
START -4.8793829834 -11.2503536011 11.1545855347 250.129770992 -99.2900763359 8.39694656489 END
START -0.0191536132812 -8.99740983887 8.51138690186 250.129770992 -97.9083969466 6.82442748092 END
START -3.73495458984 -13.2255699707 4.80995113525 250.129770992 -102.320610687 4.0534351145 END
START -1.98239897461 -12.0715647705 8.43956085205 250.129770992 -97.0458015267 13.1679389313 END
START -4.58010777588 -1.22583125 9.42357773437 250.129770992 -104.152671756 9.93129770992 END
START -1.07499654541 -8.14028564453 6.09084902344 250.129770992 -104.488549618 12.7251908397 END
START -3.0166940918 -8.17141026611 7.31668027344 250.129770992 -102.053435115 3.70992366412 END
START -1.98239897461 -9.65820949707 5.38455953369 250.129770992 -101.832061069 17.4198473282 END
START 0.550666381836 -1.8746598999 5.93522591553 250.129770992 -93.9236641221 13.6870229008 END
START 10.6757452026 -8.86094034424 2.26970317383 250.129770992 -92.7328244275 10.1908396947 END
START 1.44370360107 -12.5767413208 9.97424411621 250.129770992 -99.213740458 0.0610687022901 END
START 4.49870491943 -9.5720182373 4.85783516846 250.129770992 -70.9083969466 9.63358778626 END
START 11.1306435181 -10.5081510864 6.13394465332 250.129770992 -76.9007633588 12.6335877863 END
START 3.68467635498 -13.7283523193 7.80988581543 250.129770992 -86.1908396947 9.12213740458 END
START 7.82185682373 -11.6813098999 3.0286651001 250.129770992 -91.9160305344 5.58778625954 END
START -1.37666595459 -6.93600220947 7.83143363037 250.129770992 -91.4809160305 21.3969465649 END
START 6.29435616455 -10.0628295776 9.48343277588 250.129770992 -96.679389313 2.96183206107 END
START 0.545877978516 -7.13950935059 6.0932432251 250.129770992 -85.465648855 7.80916030534 END
START 1.81241065674 -7.65905111084 4.8434699585 250.129770992 -107.198473282 1.96183206107 END
START 3.27287366943 -4.75967290039 4.90093079834 250.129770992 -104.022900763 14.2366412214 END
START 7.43399615479 -10.7882726807 0.624886633301 250.129770992 -96.1297709924 -1.93129770992 END
START 9.7827079834 -11.9590372925 7.51300480957 250.129770992 -104.221374046 10.3740458015 END
START 6.57447775879 -6.28238515625 7.0245876709 250.129770992 -104.625954198 2.03816793893 END
START 4.58010777588 -12.3014081299 4.90571920166 250.129770992 -104.106870229 13.5496183206 END
START -7.30470926514 -7.8960770752 5.04937130127 250.129770992 -104.038167939 15.0610687023 END
START 7.06768330078 -7.65186850586 8.16183345947 250.129770992 -98.1603053435 12.7022900763 END
START 7.53934102783 -10.1250788208 5.32231029053 250.129770992 -93.6030534351 4.37404580153 END
START -0.162805712891 -6.42603725586 15.6030122192 250.129770992 -86.2519083969 7.25954198473 END
START 1.92972653809 -7.88650026855 3.85945307617 250.129770992 -103.160305344 1.86259541985 END
START 6.4595560791 -9.17697496338 10.2759135254 250.129770992 -91.2900763359 3.78625954198 END
START 8.63349118652 -11.9710083008 5.37019432373 250.129770992 -97.1755725191 11.5572519084 END
START 3.11725056152 -3.34948812256 7.9918451416 250.129770992 -103.977099237 1.45038167939 END
START 1.7788918335 -1.85790048828 5.30555087891 250.129770992 -104.335877863 0.427480916031 END
START 9.55765302734 -12.9526309814 5.38455953369 250.129770992 -96.7022900763 0.00763358778626 END
START 0.76375032959 -11.1474029297 11.8369330078 250.129770992 -105.007633588 6.77099236641 END
START -2.5115175415 -12.7754600586 8.18338127441 250.129770992 -103.885496183 12.5496183206 END
START -1.37906015625 -5.91128389893 9.06205328369 250.129770992 -104.259541985 6.72519083969 END
START 0.529118566895 -10.5871597412 12.7108166138 250.129770992 -104.511450382 -0.564885496183 END
START 3.76368500977 -12.2607067017 5.16429298096 250.129770992 -107.312977099 7.58015267176 END
START 0.100556469727 -14.7626474365 5.93522591553 250.129770992 -94.9847328244 0.236641221374 END
START 1.26653267822 -3.63439812012 12.138602417 250.129770992 -91.2213740458 3.95419847328 END
START -2.22660754395 -8.13789144287 8.14028564453 250.129770992 -82.2213740458 6.99236641221 END
START -0.438138903809 -4.41969626465 11.884817041 250.129770992 -92.8167938931 10.7938931298 END
START -0.636857641602 -7.56567724609 5.05655390625 250.129770992 -70.4351145038 12.6564885496 END
START -4.45800349121 -4.51785853271 7.08923111572 250.129770992 -81.0839694656 7.16030534351 END
START 1.21864864502 -9.91678327637 9.96227310791 250.129770992 -82.7938931298 1.47328244275 END
START 2.11168586426 -9.67496890869 7.86255825195 250.129770992 -85.3511450382 4.96183206107 END
START 2.77487972412 -7.72848295898 9.193734375 250.129770992 -71.4198473282 2.80152671756 END
START -2.23379014893 -2.05183082275 6.83783994141 250.129770992 -76.0916030534 2.00763358779 END
START 2.97359846191 -10.2400005005 9.48343277588 250.129770992 -72.0839694656 0.687022900763 END
START -0.447715710449 -11.5639940186 8.44434925537 250.129770992 -72.1603053435 -3.85496183206 END
START -4.04141240234 -5.73171877441 7.32386287842 250.129770992 -80.3053435115 4.28244274809 END
START 2.95205064697 -9.21288798828 4.3143513916 250.129770992 -90.427480916 3.12213740458 END
START -4.76685550537 -8.16901606445 9.94551369629 250.129770992 -84.3435114504 2.64122137405 END
START -3.20823022461 -8.5568767334 11.0444522583 250.129770992 -87.641221374 2.00763358779 END
START -1.95366855469 0.241814367676 5.83706364746 250.129770992 -83.7175572519 6.41221374046 END
START -0.76135612793 -15.3947166748 4.08929643555 250.129770992 -88.6183206107 7.32061068702 END
START 4.19224710693 -9.78989058838 9.1578213501 250.129770992 -96.572519084 5.3893129771 END
START 4.8913539917 -15.942988855 9.5121631958 250.129770992 -98.7251908397 6.26717557252 END
START -0.981622680664 -8.01099875488 11.9566430908 250.129770992 -93.3816793893 7.09160305344 END
START 6.78756170654 -12.1362082153 5.50905802002 250.129770992 -97.7099236641 6.42748091603 END
START 1.92014973145 -9.76355437012 9.7467949585 250.129770992 -99.5267175573 1.35114503817 END
START 1.45567460937 -11.9901619141 6.21055910645 250.129770992 -103.709923664 5.98473282443 END
START 2.39420166016 -10.1418382324 8.8393925293 250.129770992 -90.1908396947 3.11450381679 END
START -1.24737906494 -12.2367646851 11.0707884766 250.129770992 -68.4427480916 3.04580152672 END
START 12.5456166992 -0.335188232422 6.74446607666 250.129770992 -67.0534351145 -3.39694656489 END
START 4.70221206055 -8.77474908447 0.543483776855 250.129770992 -68.0076335878 4.61832061069 END
START 10.1992990723 -11.8010199829 8.44434925537 250.129770992 -65.1908396947 14.0916030534 END
START 8.35336959229 -7.14190355225 9.33738647461 250.129770992 -54.2519083969 8.02290076336 END
START 11.8824228394 -14.8033488647 6.57687196045 250.129770992 -56.9007633588 4.78625954198 END
START 2.11168586426 -12.6725093872 10.405200415 250.129770992 -48.2519083969 8.90076335878 END
START 2.23139594727 -7.21372960205 7.24964262695 250.129770992 -37.9007633588 2.8320610687 END